1440170 1754
1440180 1755
1440190 1755
1440200 1757
1440210 1758
1440220 1758
1440230 1757
1440240 1754
1440250 1754
1440260 1752
1440270 1750
1440280 1750
1440290 1748
1440300 1746
1440310 1746
1440320 1744
1440330 1741
1440340 1739
1440350 1739
1440360 1740
1440370 1739
1440380 1739
1440390 1738
1440400 1736
1440410 1736
1440420 1736
1440430 1736
1440440 1736
1440450 1732
1440460 1728
1440470 1728
1440480 1719
1440490 1710
1440500 1701
1440510 1701
1440520 1695
1440530 1689
1440540 1689
1440550 1682
1440560 1677
1440570 1677
1440580 1671
1440590 1668
1440600 1668
1440610 1665
1440620 1654
1440630 1654
1440640 1643
1440650 1634
1440660 1626
1440670 1626
1440680 1616
1440690 1610
1440700 1610
1440710 1606
1440720 1601
1440730 1601
1440740 1597
1440750 1592
1440760 1592
1440770 1578
1440780 1565
1440790 1565
1440800 1558
1440810 1550
1440820 1539
1440830 1539
1440840 1527
1440850 1510
1440860 1510
1440870 1496
1440880 1477
1440890 1477
1440900 1457
1440910 1445
1440920 1445
1440930 1433
1440940 1423
1440950 1423
1440960 1414
1440970 1402
1440980 1394
1440990 1394
1441000 1387
1441010 1381
1441020 1381
1441030 1376
1441040 1370
1441050 1370
1441060 1364
1441070 1360
1441080 1360
1441090 1356
1441100 1349
1441110 1349
1441120 1347
1441130 1350
1441140 1357
1441150 1357
1441160 1364
1441170 1371
1441180 1371
1441190 1381
1441200 1388
1441210 1388
1441220 1395
1441230 1404
1441240 1404
1441250 1416
1441260 1425
1441270 1432
1441280 1432
1441290 1439
1441300 1445
1441310 1445
1441320 1449
1441330 1456
1441340 1456
1441350 1463
1441360 1478
1441370 1478
1441380 1494
1441390 1506
1441400 1510
1441410 1522
1441420 1534
1441430 1543
1441440 1543
1441450 1554
1441460 1566
1441470 1566
1441480 1576
1441490 1586
1441500 1586
1441510 1598
1441520 1610
1441530 1610
1441540 1614
1441550 1617
1441560 1617
1441570 1615
1441580 1618
1441590 1627
1441600 1627
1441610 1637
1441620 1644
1441630 1644
1441640 1648
1441650 1655
1441660 1655
1441670 1661
1441680 1666
1441690 1666
1441700 1671
1441710 1674
1441720 1674
1441730 1679
1441740 1681
1441750 1686
1441760 1686
1441770 1695
1441780 1704
1441790 1704
1441800 1711
1441810 1716
1441820 1716
1441830 1720
1441840 1724
1441850 1724
1441860 1729
1441870 1735
1441880 1735
1441890 1741
1441900 1750
1441910 1761
1441920 1761
1441930 1769
1441940 1778
1441950 1778
1441960 1788
1441970 1792
1441980 1792
1441990 1794
1442000 1795
1442010 1795
1442020 1796
1442030 1799
1442040 1799
1442050 1800
1442060 1802
1442070 1801
1442080 1801
1442090 1798
1442100 1799
1442110 1799
1442120 1807
1442130 1810
1442140 1810
1442150 1809
1442160 1804
1442170 1804
1442180 1809
1442190 1818
1442200 1818
1442210 1821
1442220 1827
1442230 1831
1442240 1831
1442250 1829
1442260 1822
1442270 1822
1442280 1812
1442290 1806
1442300 1806
1442310 1804
1442320 1804
1442330 1804
1442340 1809
1442350 1821
1442360 1832
1442370 1832
1442380 1838
1442390 1839
1442400 1839
1442410 1839
1442420 1840
1442430 1840
1442440 1838
1442450 1834
1442460 1834
1442470 1832
1442480 1831
1442490 1831
1442500 1837
1442510 1842
1442520 1844
1442530 1844
1442540 1848
1442550 1853
1442560 1853
1442570 1855
1442580 1857
1442590 1857
1442600 1856
1442610 1854
1442620 1854
1442630 1852
1442640 1851
1442650 1851
1442660 1851
1442670 1849
1442680 1845
1442690 1845
1442700 1838
1442710 1835
1442720 1835
1442730 1828
1442740 1825
1442750 1825
1442760 1827
1442770 1830
1442780 1830
1442790 1831
1442800 1832
1442810 1832
1442820 1829
1442830 1825
1442840 1824
1442850 1824
1442860 1820
1442870 1817
1442880 1817
1442890 1814
1442900 1809
1442910 1809
1442920 1799
1442930 1791
1442940 1791
1442950 1791
1442960 1788
1442970 1788
1442980 1787
1442990 1783
1443000 1780
1443010 1780
1443020 1774
1443030 1766
1443040 1766
1443050 1763
1443060 1761
1443070 1761
1443080 1756
1443090 1751
1443100 1751
1443110 1748
1443120 1744
1443130 1744
1443140 1741
1443150 1737
1443160 1734
1443170 1734
1443180 1734
1443190 1731
1443200 1731
1443210 1722
1443220 1727
1443230 1727
1443240 1729
1443250 1720
1443260 1720
1443270 1702
1443280 1686
1443290 1686
1443300 1677
1443310 1671
1443320 1671
1443330 1671
1443340 1673
1443350 1672
1443360 1672
1443370 1664
1443380 1652
1443390 1652
1443400 1643
1443410 1639
1443420 1639
1443430 1637
1443440 1639
1443450 1640
1443460 1640
1443470 1638
1443480 1632
1443490 1632
1443500 1627
1443510 1619
1443520 1619
1443530 1611
1443540 1606
1443550 1606
1443560 1602
1443570 1597
1443580 1597
1443590 1594
1443600 1589
1443610 1585
1443620 1585
1443630 1582
1443640 1579
1443650 1579
1443660 1577
1443670 1574
1443680 1574
1443690 1573
1443700 1572
1443710 1572
1443720 1571
1443730 1569
1443740 1569
1443750 1567
1443760 1564
1443770 1563
1443780 1563
1443790 1562
1443800 1562
1443810 1562
1443820 1560
1443830 1558
1443840 1558
1443850 1555
1443860 1553
1443870 1553
1443880 1550
1443890 1546
1443900 1546
1443910 1545
1443920 1546
1443930 1543
1443940 1543
1443950 1539
1443960 1536
1443970 1536
1443980 1533
1443990 1530
1444000 1530
1444010 1527
1444020 1524
1444030 1524
1444040 1521
1444050 1518
1444060 1518
1444070 1514
1444080 1513
1444090 1510
1444100 1510
1444110 1508
1444120 1506
1444130 1506
1444140 1504
1444150 1503
1444160 1503
1444170 1501
1444180 1498
1444190 1498
1444200 1496
1444210 1493
1444220 1493
1444230 1490
1444240 1488
1444250 1486
1444260 1486
1444270 1483
1444280 1481
1444290 1481
1444300 1479
1444310 1477
1444320 1477
1444330 1476
1444340 1475
1444350 1475
1444360 1473
1444370 1472
1444380 1472
1444390 1471
1444400 1469
1444410 1467
1444420 1472
1444430 1470
1444440 1469
1444450 1469
1444460 1470
1444470 1468
1444480 1468
1444490 1464
1444500 1458
1444510 1458
1444520 1453
1444530 1448
1444540 1445
1444550 1445
1444560 1442
1444570 1439
1444580 1439
1444590 1439
1444600 1437
1444610 1437
1444620 1436
1444630 1435
1444640 1435
1444650 1432
1444660 1431
1444670 1431
1444680 1429
1444690 1427
1444700 1423
1444710 1423
1444720 1421
1444730 1418
1444740 1418
1444750 1416
1444760 1413
1444770 1413
1444780 1411
1444790 1412
1444800 1412
1444810 1411
1444820 1409
1444830 1409
1444840 1408
1444850 1407
1444860 1409
1444870 1409
1444880 1410
1444890 1413
1444900 1413
1444910 1417
1444920 1421
1444930 1421
1444940 1422
1444950 1422
1444960 1422
1444970 1421
1444980 1419
1444990 1419
1445000 1416
1445010 1415
1445020 1415
1445030 1415
1445040 1415
1445050 1416
1445060 1416
1445070 1418
1445080 1419
1445090 1419
1445100 1419
1445110 1420
1445120 1420
1445130 1420
1445140 1420
1445150 1420
1445160 1418
1445170 1416
1445180 1416
1445190 1416
1445200 1415
1445210 1417
1445220 1417
1445230 1419
1445240 1418
1445250 1418
1445260 1418
1445270 1419
1445280 1419
1445290 1420
1445300 1423
1445310 1423
1445320 1424
1445330 1424
1445340 1425
1445350 1425
1445360 1425
1445370 1425
1445380 1425
1445390 1426
1445400 1430
1445410 1430
1445420 1433
1445430 1437
1445440 1437
1445450 1442
1445460 1446
1445470 1446
1445480 1450
1445490 1452
1445500 1455
1445510 1455
1445520 1459
1445530 1462
1445540 1462
1445550 1466
1445560 1469
1445570 1469
1445580 1471
1445590 1472
1445600 1472
1445610 1472
1445620 1471
1445630 1471
1445640 1471
1445650 1472
1445660 1472
1445670 1472
1445680 1474
1445690 1479
1445700 1479
1445710 1483
1445720 1486
1445730 1486
1445740 1490
1445750 1494
1445760 1494
1445770 1496
1445780 1498
1445790 1505
1445800 1505
1445810 1511
1445820 1515
1445830 1515
1445840 1518
1445850 1522
1445860 1522
1445870 1524
1445880 1523
1445890 1523
1445900 1521
1445910 1524
1445920 1524
1445930 1530
1445940 1531
1445950 1528
1445960 1528
1445970 1525
1445980 1531
1445990 1531
1446000 1533
1446010 1533
1446020 1533
1446030 1537
1446040 1546
1446050 1546
1446060 1554
1446070 1558
1446080 1558
1446090 1558
1446100 1557
1446110 1558
1446120 1558
1446130 1558
1446140 1558
1446150 1558
1446160 1556
1446170 1555
1446180 1555
1446190 1559
1446200 1559
1446210 1559
1446220 1555
1446230 1556
1446240 1556
1446250 1560
1446260 1560
1446270 1557
1446280 1557
1446290 1550
1446300 1549
1446310 1549
1446320 1558
1446330 1566
1446340 1566
1446350 1573
1446360 1578
1446370 1578
1446380 1579
1446390 1578
1446400 1578
1446410 1580
1446420 1582
1446430 1583
1446440 1583
1446450 1584
1446460 1587
1446470 1587
1446480 1590
1446490 1592
1446500 1592
1446510 1592
1446520 1593
1446530 1593
1446540 1593
1446550 1594
1446560 1594
1446570 1596
1446580 1599
1446590 1601
1446600 1601
1446610 1602
1446620 1605
1446630 1605
1446640 1607
1446650 1608
1446660 1608
1446670 1607
1446680 1604
1446690 1604
1446700 1600
1446710 1598
1446720 1598
1446730 1598
1446740 1598
1446750 1597
1446760 1597
1446770 1596
1446780 1596
1446790 1596
1446800 1598
1446810 1602
1446820 1602
1446830 1608
1446840 1615
1446850 1615
1446860 1621
1446870 1623
1446880 1623
1446890 1623
1446900 1624
1446910 1623
1446920 1623
1446930 1622
1446940 1621
1446950 1621
1446960 1622
1446970 1623
1446980 1623
1446990 1622
1447000 1618
1447010 1618
1447020 1616
1447030 1613
1447040 1612
1447050 1612
1447060 1611
1447070 1610
1447080 1610
1447090 1607
1447100 1605
1447110 1605
1447120 1602
1447130 1600
1447140 1600
1447150 1596
1447160 1595
1447170 1595
1447180 1593
1447190 1589
1447200 1586
1447210 1586
1447220 1584
1447230 1582
1447240 1582
1447250 1578
1447260 1576
1447270 1576
1447280 1573
1447290 1571
1447300 1571
1447310 1569
1447320 1566
1447330 1566
1447340 1563
1447350 1561
1447360 1557
1447370 1557
1447380 1553
1447390 1552
1447400 1552
1447410 1548
1447420 1546
1447430 1546
1447440 1544
1447450 1542
1447460 1542
1447470 1539
1447480 1535
1447490 1535
1447500 1533
1447510 1530
1447520 1530
1447530 1530
1447540 1529
1447550 1527
1447560 1527
1447570 1525
1447580 1523
1447590 1523
1447600 1520
1447610 1516
1447620 1516
1447630 1512
1447640 1508
1447650 1508
1447660 1505
1447670 1503
1447680 1507
1447690 1507
1447700 1505
1447710 1501
1447720 1501
1447730 1497
1447740 1494
1447750 1494
1447760 1496
1447770 1502
1447780 1502
1447790 1508
1447800 1515
1447810 1521
1447820 1521
1447830 1523
1447840 1525
1447850 1525
1447860 1528
1447870 1530
1447880 1530
1447890 1524
1447900 1523
1447910 1523
1447920 1527
1447930 1531
1447940 1531
1447950 1535
1447960 1540
1447970 1546
1447980 1546
1447990 1549
1448000 1552
1448010 1552
1448020 1555
1448030 1558
1448040 1558
1448050 1562
1448060 1565
1448070 1565
1448080 1569
1448090 1572
1448100 1572
1448110 1577
1448120 1581
1448130 1586
1448140 1586
1448150 1589
1448160 1592
1448170 1592
1448180 1594
1448190 1598
1448200 1598
1448210 1602
1448220 1607
1448230 1607
1448240 1615
1448250 1621
1448260 1621
1448270 1625
1448280 1625
1448290 1625
1448300 1625
1448310 1625
1448320 1628
1448330 1628
1448340 1628
1448350 1631
1448360 1631
1448370 1632
1448380 1632
1448390 1632
1448400 1632
1448410 1631
1448420 1631
1448430 1630
1448440 1628
1448450 1632
1448460 1632
1448470 1638
1448480 1645
1448490 1645
1448500 1651
1448510 1655
1448520 1655
1448530 1659
1448540 1663
1448550 1663
1448560 1667
1448570 1672
1448580 1672
1448590 1675
1448600 1679
1448610 1684
1448620 1684
1448630 1689
1448640 1694
1448650 1694
1448660 1698
1448670 1702
1448680 1702
1448690 1705
1448700 1709
1448710 1709
1448720 1716
1448730 1723
1448740 1723
1448750 1731
1448760 1738
1448770 1741
1448780 1741
1448790 1745
1448800 1748
1448810 1748
1448820 1752
1448830 1756
1448840 1756
1448850 1759
1448860 1763
1448870 1763
1448880 1766
1448890 1770
1448900 1774
1448910 1774
1448920 1778
1448930 1782
1448940 1782
1448950 1786
1448960 1790
1448970 1790
1448980 1795
1448990 1799
1449000 1799
1449010 1802
1449020 1806
1449030 1806
1449040 1810
1449050 1814
1449060 1818
1449070 1818
1449080 1822
1449090 1825
1449100 1825
1449110 1829
1449120 1832
1449130 1832
1449140 1836
1449150 1841
1449160 1841
1449170 1845
1449180 1848
1449190 1848
1449200 1852
1449210 1856
1449220 1861
1449230 1861
1449240 1866
1449250 1871
1449260 1871
1449270 1877
1449280 1882
1449290 1882
1449300 1884
1449310 1887
1449320 1887
1449330 1895
1449340 1903
1449350 1903
1449360 1912
1449370 1919
1449380 1927
1449390 1927
1449400 1932
1449410 1936
1449420 1936
1449430 1941
1449440 1947
1449450 1947
1449460 1955
1449470 1966
1449480 1966
1449490 1974
1449500 1980
1449510 1980
1449520 1989
1449530 1999
1449540 2008
1449550 2008
1449560 2019
1449570 2033
1449580 2033
1449590 2044
1449600 2054
1449610 2054
1449620 2058
1449630 2052
1449640 2052
1449650 2043
1449660 2032
1449670 2032
1449680 2023
1449690 2015
1449700 2008
1449710 2008
1449720 2003
1449730 1997
1449740 1997
1449750 1992
1449760 1987
1449770 1987
1449780 1982
1449790 1980
1449800 1980
1449810 1979
1449820 1977
1449830 1977
1449840 1976
1449850 1975
1449860 1973
1449870 1973
1449880 1971
1449890 1966
1449900 1966
1449910 1961
1449920 1958
1449930 1958
1449940 1958
1449950 1959
1449960 1959
1449970 1959
1449980 1960
1449990 1961
1450000 1961
1450010 1963
1450020 1962
1450030 1962
1450040 1961
1450050 1959
1450060 1959
1450070 1958
1450080 1956
1450090 1956
1450100 1955
1450110 1952
1450120 1952
1450130 1950
1450140 1949
1450150 1948
1450160 1948
1450170 1945
1450180 1940
1450190 1940
1450200 1936
1450210 1931
1450220 1931
1450230 1925
1450240 1919
1450250 1919
1450260 1913
1450270 1907
1450280 1907
1450290 1903
1450300 1901
1450310 1897
1450320 1897
1450330 1892
1450340 1888
1450350 1888
1450360 1882
1450370 1878
1450380 1878
1450390 1874
1450400 1870
1450410 1870
1450420 1866
1450430 1861
1450440 1861
1450450 1854
1450460 1841
1450470 1828
1450480 1828
1450490 1819
1450500 1811
1450510 1811
1450520 1804
1450530 1799
1450540 1799
1450550 1794
1450560 1790
1450570 1790
1450580 1785
1450590 1781
1450600 1781
1450610 1776
1450620 1770
1450630 1765
1450640 1765
1450650 1758
1450660 1752
1450670 1752
1450680 1747
1450690 1742
1450700 1742
1450710 1738
1450720 1734
1450730 1734
1450740 1732
1450750 1730
1450760 1730
1450770 1727
1450780 1723
1450790 1718
1450800 1718
1450810 1713
1450820 1709
1450830 1709
1450840 1704
1450850 1699
1450860 1699
1450870 1696
1450880 1693
1450890 1693
1450900 1688
1450910 1682
1450920 1682
1450930 1675
1450940 1667
1450950 1657
1450960 1657
1450970 1647
1450980 1635
1450990 1635
1451000 1626
1451010 1618
1451020 1618
1451030 1610
1451040 1604
1451050 1604
1451060 1599
1451070 1595
1451080 1590
1451090 1590
1451100 1584
1451110 1578
1451120 1578
1451130 1572
1451140 1564
1451150 1564
1451160 1557
1451170 1549
1451180 1549
1451190 1544
1451200 1538
1451210 1538
1451220 1530
1451230 1521
1451240 1512
1451250 1512
1451260 1500
1451270 1491
1451280 1491
1451290 1483
1451300 1474
1451310 1474
1451320 1463
1451330 1451
1451340 1451
1451350 1435
1451360 1421
1451370 1421
1451380 1413
1451390 1408
1451400 1406
1451410 1406
1451420 1406
1451430 1413
1451440 1413
1451450 1418
1451460 1418
1451470 1418
1451480 1417
1451490 1414
1451500 1414
1451510 1409
1451520 1402
1451530 1402
1451540 1398
1451550 1393
1451560 1387
1451570 1387
1451580 1384
1451590 1380
1451600 1380
1451610 1376
1451620 1374
1451630 1374
1451640 1372
1451650 1377
1451660 1377
1451670 1382
1451680 1384
1451690 1384
1451700 1383
1451710 1384
1451720 1392
1451730 1392
1451740 1399
1451750 1401
1451760 1401
1451770 1402
1451780 1401
1451790 1401
1451800 1401
1451810 1400
1451820 1400
1451830 1400
1451840 1402
1451850 1402
1451860 1402
1451870 1402
1451880 1403
1451890 1403
1451900 1404
1451910 1405
1451920 1405
1451930 1405
1451940 1405
1451950 1405
1451960 1406
1451970 1405
1451980 1405
1451990 1402
1452000 1393
1452010 1393
1452020 1391
1452030 1395
1452040 1396
1452050 1396
1452060 1399
1452070 1400
1452080 1400
1452090 1398
1452100 1397
1452110 1397
1452120 1396
1452130 1400
1452140 1400
1452150 1403
1452160 1402
1452170 1401
1452180 1401
1452190 1400
1452200 1400
1452210 1400
1452220 1400
1452230 1401
1452240 1401
1452250 1404
1452260 1408
1452270 1408
1452280 1411
1452290 1413
1452300 1413
1452310 1416
1452320 1421
1452330 1427
1452340 1427
1452350 1432
1452360 1436
1452370 1436
1452380 1438
1452390 1442
1452400 1442
1452410 1446
1452420 1450
1452430 1450
1452440 1454
1452450 1458
1452460 1458
1452470 1463
1452480 1467
1452490 1472
1452500 1472
1452510 1476
1452520 1480
1452530 1480
1452540 1486
1452550 1491
1452560 1491
1452570 1496
1452580 1500
1452590 1500
1452600 1504
1452610 1508
1452620 1508
1452630 1513
1452640 1516
1452650 1520
1452660 1520
1452670 1523
1452680 1525
1452690 1525
1452700 1526
1452710 1527
1452720 1527
1452730 1529
1452740 1530
1452750 1530
1452760 1532
1452770 1534
1452780 1534
1452790 1537
1452800 1540
1452810 1542
1452820 1542
1452830 1544
1452840 1545
1452850 1545
1452860 1547
1452870 1547
1452880 1547
1452890 1549
1452900 1553
1452910 1553
1452920 1557
1452930 1563
1452940 1563
1452950 1569
1452960 1575
1452970 1580
1452980 1580
1452990 1585
1453000 1587
1453010 1587
1453020 1590
1453030 1593
1453040 1593
1453050 1596
1453060 1601
1453070 1601
1453080 1606
1453090 1612
1453100 1612
1453110 1617
1453120 1622
1453130 1627
1453140 1627
1453150 1631
1453160 1636
1453170 1636
1453180 1640
1453190 1644
1453200 1644
1453210 1649
1453220 1654
1453230 1654
1453240 1659
1453250 1664
1453260 1671
1453270 1671
1453280 1680
1453290 1691
1453300 1691
1453310 1700
1453320 1707
1453330 1707
1453340 1714
1453350 1724
1453360 1724
1453370 1731
1453380 1734
1453390 1734
1453400 1738
1453410 1746
1453420 1756
1453430 1756
1453440 1762
1453450 1766
1453460 1766
1453470 1769
1453480 1765
1453490 1765
1453500 1761
1453510 1757
1453520 1757
1453530 1751
1453540 1743
1453550 1743
1453560 1732
1453570 1722
1453580 1718
1453590 1718
1453600 1717
1453610 1715
1453620 1715
1453630 1705
1453640 1699
1453650 1699
1453660 1697
1453670 1695
1453680 1695
1453690 1692
1453700 1688
1453710 1688
1453720 1687
1453730 1685
1453740 1684
1453750 1684
1453760 1681
1453770 1678
1453780 1678
1453790 1676
1453800 1674
1453810 1674
1453820 1671
1453830 1667
1453840 1667
1453850 1663
1453860 1660
1453870 1660
1453880 1657
1453890 1654
1453900 1650
1453910 1650
1453920 1646
1453930 1642
1453940 1642
1453950 1639
1453960 1638
1453970 1638
1453980 1641
1453990 1642
1454000 1642
1454010 1644
1454020 1646
1454030 1646
1454040 1649
1454050 1651
1454060 1653
1454070 1653
1454080 1658
1454090 1662
1454100 1662
1454110 1667
1454120 1672
1454130 1672
1454140 1676
1454150 1679
1454160 1679
1454170 1677
1454180 1680
1454190 1680
1454200 1689
1454210 1699
1454220 1708
1454230 1708
1454240 1719
1454250 1731
1454260 1731
1454270 1738
1454280 1738
1454290 1738
1454300 1737
1454310 1733
1454320 1733
1454330 1732
1454340 1741
1454350 1744
1454360 1744
1454370 1745
1454380 1749
1454390 1749
1454400 1753
1454410 1753
1454420 1753
1454430 1751
1454440 1750
1454450 1750
1454460 1750
1454470 1750
1454480 1750
1454490 1750
1454500 1753
1454510 1753
1454520 1753
1454530 1753
1454540 1755
1454550 1755
1454560 1758
1454570 1762
1454580 1762
1454590 1764
1454600 1766
1454610 1766
1454620 1767
1454630 1768
1454640 1768
1454650 1767
1454660 1765
1454670 1764
1454680 1764
1454690 1765
1454700 1767
1454710 1767
1454720 1769
1454730 1770
1454740 1770
1454750 1770
1454760 1770
1454770 1770
1454780 1769
1454790 1767
1454800 1767
1454810 1763
1454820 1761
1454830 1759
1454840 1759
1454850 1757
1454860 1755
1454870 1755
1454880 1751
1454890 1748
1454900 1748
1454910 1744
1454920 1741
1454930 1741
1454940 1739
1454950 1738
1454960 1738
1454970 1738
1454980 1739
1454990 1741
1455000 1741
1455010 1741
1455020 1740
1455030 1740
1455040 1738
1455050 1735
1455060 1735
1455070 1730
1455080 1726
1455090 1726
1455100 1722
1455110 1718
1455120 1718
1455130 1708
1455140 1700
1455150 1703
1455160 1703
1455170 1708
1455180 1711
1455190 1711
1455200 1712
1455210 1713
1455220 1713
1455230 1713
1455240 1713
1455250 1713
1455260 1713
1455270 1714
1455280 1714
1455290 1715
1455300 1714
1455310 1711
1455320 1711
1455330 1707
1455340 1710
1455350 1710
1455360 1714
1455370 1716
1455380 1716
1455390 1718
1455400 1718
1455410 1718
1455420 1716
1455430 1714
1455440 1710
1455450 1710
1455460 1706
1455470 1700
1455480 1700
1455490 1694
1455500 1688
1455510 1688
1455520 1682
1455530 1678
1455540 1678
1455550 1674
1455560 1671
1455570 1671
1455580 1668
1455590 1662
1455600 1660
1455610 1660
1455620 1661
1455630 1663
1455640 1663
1455650 1668
1455660 1668
1455670 1668
1455680 1668
1455690 1672
1455700 1672
1455710 1676
1455720 1679
1455730 1679
1455740 1683
1455750 1688
1455760 1693
1455770 1693
1455780 1695
1455790 1698
1455800 1698
1455810 1705
1455820 1710
1455830 1710
1455840 1714
1455850 1721
1455860 1721
1455870 1727
1455880 1734
1455890 1734
1455900 1740
1455910 1745
1455920 1751
1455930 1751
1455940 1757
1455950 1761
1455960 1761
1455970 1765
1455980 1769
1455990 1769
1456000 1772
1456010 1777
1456020 1777
1456030 1782
1456040 1783
1456050 1783
1456060 1783
1456070 1783
1456080 1783
1456090 1783
1456100 1781
1456110 1778
1456120 1778
1456130 1779
1456140 1781
1456150 1781
1456160 1780
1456170 1777
1456180 1777
1456190 1778
1456200 1776
1456210 1776
1456220 1765
1456230 1762
1456240 1760
1456250 1760
1456260 1761
1456270 1764
1456280 1764
1456290 1763
1456300 1761
1456310 1761
1456320 1761
1456330 1762
1456340 1762
1456350 1759
1456360 1761
1456370 1761
1456380 1765
1456390 1765
1456400 1766
1456410 1766
1456420 1766
1456430 1767
1456440 1767
1456450 1766
1456460 1762
1456470 1762
1456480 1757
1456490 1754
1456500 1754
1456510 1751
1456520 1746
1456530 1747
1456540 1747
1456550 1750
1456560 1755
1456570 1755
1456580 1758
1456590 1757
1456600 1757
1456610 1754
1456620 1749
1456630 1749
1456640 1745
1456650 1741
1456660 1741
1456670 1736
1456680 1730
1456690 1724
1456700 1724
1456710 1718
1456720 1713
1456730 1713
1456740 1709
1456750 1705
1456760 1705
1456770 1700
1456780 1697
1456790 1697
1456800 1693
1456810 1689
1456820 1689
1456830 1684
1456840 1680
1456850 1677
1456860 1677
1456870 1674
1456880 1672
1456890 1672
1456900 1670
1456910 1667
1456920 1667
1456930 1666
1456940 1665
1456950 1665
1456960 1664
1456970 1663
1456980 1663
1456990 1662
1457000 1661
1457010 1660
1457020 1660
1457030 1658
1457040 1655
1457050 1655
1457060 1652
1457070 1651
1457080 1651
1457090 1650
1457100 1650
1457110 1650
1457120 1648
1457130 1644
1457140 1644
1457150 1638
1457160 1634
1457170 1631
1457180 1631
1457190 1629
1457200 1627
1457210 1627
1457220 1624
1457230 1620
1457240 1620
1457250 1615
1457260 1608
1457270 1608
1457280 1602
1457290 1597
1457300 1597
1457310 1593
1457320 1587
1457330 1581
1457340 1581
1457350 1578
1457360 1571
1457370 1571
1457380 1564
1457390 1557
1457400 1557
1457410 1552
1457420 1547
1457430 1547
1457440 1541
1457450 1537
1457460 1537
1457470 1534
1457480 1531
1457490 1529
1457500 1529
1457510 1527
1457520 1526
1457530 1526
1457540 1524
1457550 1522
1457560 1522
1457570 1521
1457580 1522
1457590 1522
1457600 1523
1457610 1523
1457620 1522
1457630 1522
1457640 1520
1457650 1517
1457660 1517
1457670 1515
1457680 1511
1457690 1511
1457700 1507
1457710 1504
1457720 1504
1457730 1502
1457740 1503
1457750 1503
1457760 1503
1457770 1502
1457780 1501
1457790 1501
1457800 1501
1457810 1501
1457820 1501
1457830 1500
1457840 1499
1457850 1499
1457860 1499
1457870 1497
1457880 1497
1457890 1496
1457900 1495
1457910 1495
1457920 1493
1457930 1490
1457940 1488
1457950 1488
1457960 1486
1457970 1482
1457980 1482
1457990 1479
1458000 1476
1458010 1476
1458020 1472
1458030 1468
1458040 1468
1458050 1461
1458060 1453
1458070 1453
1458080 1451
1458090 1453
1458100 1459
1458110 1459
1458120 1465
1458130 1469
1458140 1469
1458150 1473
1458160 1478
1458170 1478
1458180 1482
1458190 1484
1458200 1484
1458210 1486
1458220 1489
1458230 1489
1458240 1491
1458250 1494
1458260 1498
1458270 1498
1458280 1502
1458290 1505
1458300 1505
1458310 1509
1458320 1513
1458330 1513
1458340 1518
1458350 1524
1458360 1524
1458370 1529
1458380 1535
1458390 1535
1458400 1542
1458410 1549
1458420 1555
1458430 1555
1458440 1560
1458450 1565
1458460 1565
1458470 1571
1458480 1576
1458490 1576
1458500 1581
1458510 1585
1458520 1585
1458530 1589
1458540 1593
1458550 1593
1458560 1597
1458570 1601
1458580 1605
1458590 1605
1458600 1610
1458610 1614
1458620 1614
1458630 1618
1458640 1623
1458650 1623
1458660 1628
1458670 1633
1458680 1633
1458690 1637
1458700 1640
1458710 1644
1458720 1644
1458730 1648
1458740 1652
1458750 1652
1458760 1654
1458770 1656
1458780 1656
1458790 1659
1458800 1664
1458810 1664
1458820 1670
1458830 1675
1458840 1675
1458850 1680
1458860 1687
1458870 1694
1458880 1694
1458890 1699
1458900 1703
1458910 1703
1458920 1706
1458930 1709
1458940 1709
1458950 1711
1458960 1714
1458970 1714
1458980 1716
1458990 1718
1459000 1718
1459010 1721
1459020 1725
1459030 1726
1459040 1726
1459050 1729
1459060 1731
1459070 1731
1459080 1733
1459090 1735
1459100 1735
1459110 1737
1459120 1739
1459130 1739
1459140 1741
1459150 1742
1459160 1742
1459170 1743
1459180 1745
1459190 1746
1459200 1746
1459210 1748
1459220 1750
1459230 1750
1459240 1754
1459250 1756
1459260 1756
1459270 1758
1459280 1758
1459290 1758
1459300 1759
1459310 1761
1459320 1761
1459330 1763
1459340 1764
1459350 1766
1459360 1766
1459370 1768
1459380 1770
1459390 1770
1459400 1771
1459410 1773
1459420 1773
1459430 1775
1459440 1777
1459450 1777
1459460 1779
1459470 1781
1459480 1781
1459490 1784
1459500 1787
1459510 1790
1459520 1790
1459530 1794
1459540 1799
1459550 1799
1459560 1804
1459570 1808
1459580 1808
1459590 1813
1459600 1819
1459610 1819
1459620 1825
1459630 1830
1459640 1830
1459650 1836
1459660 1843
1459670 1852
1459680 1852
1459690 1863
1459700 1872
1459710 1872
1459720 1880
1459730 1887
1459740 1887
1459750 1893
1459760 1899
1459770 1899
1459780 1902
1459790 1903
1459800 1903
1459810 1903
1459820 1902
1459830 1897
1459840 1897
1459850 1893
1459860 1889
1459870 1889
1459880 1885
1459890 1879
1459900 1879
1459910 1874
1459920 1866
1459930 1866
1459940 1858
1459950 1851
1459960 1846
1459970 1846
1459980 1838
1459990 1832
