1440000 1820
1440010 1820
1440020 1815
1440030 1807
1440040 1807
1440050 1801
1440060 1798
1440070 1798
1440080 1796
1440090 1791
1440100 1791
1440110 1786
1440120 1780
1440130 1780
1440140 1774
1440150 1768
1440160 1761
1440170 1761
1440180 1754
1440190 1748
1440200 1748
1440210 1743
1440220 1737
1440230 1737
1440240 1732
1440250 1727
1440260 1727
1440270 1718
1440280 1706
1440290 1706
1440300 1694
1440310 1684
1440320 1677
1440330 1677
1440340 1670
1440350 1663
1440360 1663
1440370 1656
1440380 1648
1440390 1648
1440400 1641
1440410 1634
1440420 1634
1440430 1627
1440440 1622
1440450 1622
1440460 1617
1440470 1610
1440480 1604
1440490 1604
1440500 1598
1440510 1591
1440520 1591
1440530 1585
1440540 1580
1440550 1580
1440560 1576
1440570 1572
1440580 1572
1440590 1569
1440600 1567
1440610 1567
1440620 1564
1440630 1557
1440640 1549
1440650 1549
1440660 1542
1440670 1537
1440680 1537
1440690 1531
1440700 1525
1440710 1525
1440720 1519
1440730 1517
1440740 1517
1440750 1514
1440760 1508
1440770 1500
1440780 1500
1440790 1494
1440800 1490
1440810 1490
1440820 1485
1440830 1481
1440840 1481
1440850 1473
1440860 1459
1440870 1459
1440880 1446
1440890 1435
1440900 1435
1440910 1427
1440920 1420
1440930 1413
1440940 1413
1440950 1405
1440960 1397
1440970 1397
1440980 1387
1440990 1377
1441000 1377
1441010 1372
1441020 1366
1441030 1362
1441040 1357
1441050 1352
1441060 1352
1441070 1347
1441080 1342
1441090 1338
1441100 1338
1441110 1335
1441120 1332
1441130 1332
1441140 1330
1441150 1327
1441160 1327
1441170 1323
1441180 1320
1441190 1320
1441200 1315
1441210 1311
1441220 1311
1441230 1306
1441240 1299
1441250 1291
1441260 1291
1441270 1286
1441280 1282
1441290 1282
1441300 1280
1441310 1277
1441320 1277
1441330 1274
1441340 1274
1441350 1274
1441360 1274
1441370 1270
1441380 1270
1441390 1266
1441400 1263
1441410 1261
1441420 1261
1441430 1259
1441440 1258
1441450 1258
1441460 1256
1441470 1255
1441480 1255
1441490 1254
1441500 1250
1441510 1250
1441520 1246
1441530 1243
1441540 1243
1441550 1241
1441560 1240
1441570 1239
1441580 1239
1441590 1238
1441600 1237
1441610 1237
1441620 1237
1441630 1236
1441640 1236
1441650 1237
1441660 1238
1441670 1238
1441680 1240
1441690 1243
1441700 1243
1441710 1245
1441720 1248
1441730 1249
1441740 1249
1441750 1251
1441760 1253
1441770 1253
1441780 1255
1441790 1255
1441800 1255
1441810 1257
1441820 1259
1441830 1259
1441840 1261
1441850 1262
1441860 1262
1441870 1264
1441880 1265
1441890 1266
1441900 1266
1441910 1268
1441920 1272
1441930 1272
1441940 1277
1441950 1282
1441960 1282
1441970 1286
1441980 1290
1441990 1290
1442000 1293
1442010 1295
1442020 1295
1442030 1298
1442040 1301
1442050 1306
1442060 1306
1442070 1309
1442080 1311
1442090 1311
1442100 1311
1442110 1309
1442120 1309
1442130 1307
1442140 1306
1442150 1306
1442160 1307
1442170 1308
1442180 1308
1442190 1308
1442200 1309
1442210 1310
1442220 1310
1442230 1311
1442240 1311
1442250 1311
1442260 1311
1442270 1311
1442280 1311
1442290 1311
1442300 1312
1442310 1312
1442320 1313
1442330 1315
1442340 1315
1442350 1315
1442360 1314
1442370 1314
1442380 1314
1442390 1317
1442400 1319
1442410 1319
1442420 1321
1442430 1322
1442440 1322
1442450 1322
1442460 1322
1442470 1322
1442480 1322
1442490 1321
1442500 1321
1442510 1321
1442520 1320
1442530 1318
1442540 1318
1442550 1317
1442560 1317
1442570 1317
1442580 1317
1442590 1316
1442600 1316
1442610 1315
1442620 1315
1442630 1315
1442640 1316
1442650 1316
1442660 1317
1442670 1317
1442680 1317
1442690 1316
1442700 1316
1442710 1315
1442720 1312
1442730 1312
1442740 1311
1442750 1311
1442760 1311
1442770 1309
1442780 1309
1442790 1309
1442800 1307
1442810 1306
1442820 1307
1442830 1307
1442840 1305
1442850 1304
1442860 1304
1442870 1304
1442880 1304
1442890 1304
1442900 1303
1442910 1303
1442920 1303
1442930 1303
1442940 1303
1442950 1303
1442960 1302
1442970 1300
1442980 1296
1442990 1296
1443000 1292
1443010 1290
1443020 1290
1443030 1288
1443040 1285
1443050 1285
1443060 1283
1443070 1280
1443080 1280
1443090 1278
1443100 1277
1443110 1277
1443120 1277
1443130 1276
1443140 1275
1443150 1275
1443160 1275
1443170 1275
1443180 1275
1443190 1275
1443200 1276
1443210 1276
1443220 1276
1443230 1275
1443240 1275
1443250 1273
1443260 1271
1443270 1271
1443280 1268
1443290 1267
1443300 1263
1443310 1263
1443320 1261
1443330 1260
1443340 1260
1443350 1259
1443360 1258
1443370 1258
1443380 1259
1443390 1260
1443400 1260
1443410 1261
1443420 1261
1443430 1262
1443440 1262
1443450 1265
1443460 1266
1443470 1266
1443480 1268
1443490 1269
1443500 1269
1443510 1271
1443520 1272
1443530 1272
1443540 1273
1443550 1273
1443560 1273
1443570 1274
1443580 1274
1443590 1274
1443600 1274
1443610 1273
1443620 1272
1443630 1272
1443640 1272
1443650 1273
1443660 1273
1443670 1275
1443680 1276
1443690 1276
1443700 1277
1443710 1277
1443720 1277
1443730 1277
1443740 1277
1443750 1277
1443760 1277
1443770 1278
1443780 1280
1443790 1280
1443800 1283
1443810 1287
1443820 1287
1443830 1291
1443840 1295
1443850 1295
1443860 1299
1443870 1302
1443880 1302
1443890 1307
1443900 1311
1443910 1313
1443920 1313
1443930 1316
1443940 1319
1443950 1319
1443960 1322
1443970 1324
1443980 1324
1443990 1326
1444000 1328
1444010 1328
1444020 1327
1444030 1329
1444040 1329
1444050 1332
1444060 1333
1444070 1335
1444080 1335
1444090 1337
1444100 1339
1444110 1339
1444120 1340
1444130 1341
1444140 1341
1444150 1341
1444160 1342
1444170 1342
1444180 1344
1444190 1346
1444200 1346
1444210 1348
1444220 1350
1444230 1350
1444240 1350
1444250 1346
1444260 1349
1444270 1349
1444280 1355
1444290 1360
1444300 1360
1444310 1365
1444320 1368
1444330 1368
1444340 1372
1444350 1374
1444360 1374
1444370 1376
1444380 1379
1444390 1382
1444400 1382
1444410 1385
1444420 1388
1444430 1388
1444440 1390
1444450 1394
1444460 1394
1444470 1398
1444480 1402
1444490 1402
1444500 1404
1444510 1408
1444520 1408
1444530 1410
1444540 1414
1444550 1417
1444560 1417
1444570 1422
1444580 1426
1444590 1426
1444600 1429
1444610 1432
1444620 1432
1444630 1436
1444640 1442
1444650 1442
1444660 1446
1444670 1452
1444680 1457
1444690 1457
1444700 1462
1444710 1466
1444720 1466
1444730 1472
1444740 1477
1444750 1477
1444760 1481
1444770 1484
1444780 1484
1444790 1486
1444800 1490
1444810 1490
1444820 1493
1444830 1496
1444840 1499
1444850 1499
1444860 1502
1444870 1503
1444880 1503
1444890 1505
1444900 1506
1444910 1506
1444920 1508
1444930 1510
1444940 1510
1444950 1512
1444960 1513
1444970 1513
1444980 1514
1444990 1516
1445000 1516
1445010 1516
1445020 1517
1445030 1517
1445040 1517
1445050 1519
1445060 1520
1445070 1520
1445080 1522
1445090 1523
1445100 1523
1445110 1525
1445120 1526
1445130 1526
1445140 1529
1445150 1529
1445160 1528
1445170 1528
1445180 1530
1445190 1530
1445200 1530
1445210 1530
1445220 1531
1445230 1531
1445240 1531
1445250 1530
1445260 1530
1445270 1528
1445280 1526
1445290 1526
1445300 1528
1445310 1530
1445320 1531
1445330 1531
1445340 1530
1445350 1531
1445360 1531
1445370 1532
1445380 1532
1445390 1532
1445400 1533
1445410 1533
1445420 1533
1445430 1534
1445440 1534
1445450 1534
1445460 1534
1445470 1533
1445480 1533
1445490 1533
1445500 1534
1445510 1528
1445520 1528
1445530 1520
1445540 1507
1445550 1507
1445560 1510
1445570 1521
1445580 1521
1445590 1528
1445600 1531
1445610 1531
1445620 1529
1445630 1528
1445640 1529
1445650 1529
1445660 1529
1445670 1530
1445680 1530
1445690 1532
1445700 1532
1445710 1532
1445720 1532
1445730 1532
1445740 1532
1445750 1531
1445760 1530
1445770 1530
1445780 1529
1445790 1529
1445800 1527
1445810 1527
1445820 1523
1445830 1525
1445840 1525
1445850 1525
1445860 1526
1445870 1526
1445880 1526
1445890 1524
1445900 1524
1445910 1524
1445920 1525
1445930 1525
1445940 1523
1445950 1522
1445960 1523
1445970 1523
1445980 1524
1445990 1524
1446000 1524
1446010 1520
1446020 1521
1446030 1521
1446040 1524
1446050 1525
1446060 1525
1446070 1526
1446080 1526
1446090 1527
1446100 1527
1446110 1531
1446120 1538
1446130 1538
1446140 1545
1446150 1552
1446160 1552
1446170 1559
1446180 1566
1446190 1566
1446200 1567
1446210 1566
1446220 1566
1446230 1566
1446240 1568
1446250 1565
1446260 1565
1446270 1563
1446280 1557
1446290 1557
1446300 1549
1446310 1543
1446320 1543
1446330 1538
1446340 1537
1446350 1537
1446360 1542
1446370 1545
1446380 1545
1446390 1548
1446400 1554
1446410 1552
1446420 1552
1446430 1547
1446440 1548
1446450 1548
1446460 1551
1446470 1549
1446480 1549
1446490 1549
1446500 1549
1446510 1549
1446520 1542
1446530 1536
1446540 1536
1446550 1539
1446560 1542
1446570 1546
1446580 1546
1446590 1552
1446600 1552
1446610 1552
1446620 1547
1446630 1541
1446640 1541
1446650 1536
1446660 1535
1446670 1535
1446680 1535
1446690 1534
1446700 1534
1446710 1533
1446720 1533
1446730 1531
1446740 1531
1446750 1524
1446760 1513
1446770 1513
1446780 1507
1446790 1499
1446800 1499
1446810 1499
1446820 1506
1446830 1506
1446840 1511
1446850 1513
1446860 1513
1446870 1514
1446880 1515
1446890 1517
1446900 1517
1446910 1520
1446920 1522
1446930 1522
1446940 1525
1446950 1529
1446960 1529
1446970 1531
1446980 1523
1446990 1523
1447000 1521
1447010 1529
1447020 1529
1447030 1534
1447040 1540
1447050 1547
1447060 1547
1447070 1553
1447080 1559
1447090 1559
1447100 1564
1447110 1568
1447120 1568
1447130 1574
1447140 1579
1447150 1579
1447160 1585
1447170 1590
1447180 1590
1447190 1596
1447200 1601
1447210 1606
1447220 1606
1447230 1612
1447240 1618
1447250 1614
1447260 1618
1447270 1622
1447280 1622
1447290 1626
1447300 1632
1447310 1632
1447320 1637
1447330 1642
1447340 1647
1447350 1647
1447360 1652
1447370 1655
1447380 1655
1447390 1656
1447400 1659
1447410 1659
1447420 1666
1447430 1673
1447440 1673
1447450 1678
1447460 1685
1447470 1685
1447480 1691
1447490 1697
1447500 1703
1447510 1703
1447520 1708
1447530 1714
1447540 1714
1447550 1719
1447560 1724
1447570 1724
1447580 1729
1447590 1734
1447600 1734
1447610 1740
1447620 1745
1447630 1745
1447640 1749
1447650 1751
1447660 1753
1447670 1753
1447680 1756
1447690 1759
1447700 1759
1447710 1762
1447720 1763
1447730 1763
1447740 1767
1447750 1771
1447760 1771
1447770 1776
1447780 1780
1447790 1780
1447800 1784
1447810 1789
1447820 1796
1447830 1796
1447840 1803
1447850 1810
1447860 1810
1447870 1819
1447880 1828
1447890 1828
1447900 1836
1447910 1844
1447920 1844
1447930 1850
1447940 1856
1447950 1856
1447960 1861
1447970 1865
1447980 1868
1447990 1868
1448000 1872
1448010 1875
1448020 1875
1448030 1879
1448040 1883
1448050 1883
1448060 1885
1448070 1888
1448080 1888
1448090 1893
1448100 1897
1448110 1897
1448120 1902
1448130 1907
1448140 1911
1448150 1911
1448160 1915
1448170 1917
1448180 1917
1448190 1920
1448200 1925
1448210 1925
1448220 1931
1448230 1937
1448240 1937
1448250 1944
1448260 1950
1448270 1950
1448280 1958
1448290 1969
1448300 1978
1448310 1978
1448320 1987
1448330 1995
1448340 1995
1448350 2003
1448360 2011
1448370 2011
1448380 2022
1448390 2032
1448400 2032
1448410 2043
1448420 2056
1448430 2056
1448440 2067
1448450 2076
1448460 2084
1448470 2084
1448480 2091
1448490 2099
1448500 2099
1448510 2104
1448520 2109
1448530 2109
1448540 2114
1448550 2120
1448560 2120
1448570 2126
1448580 2132
1448590 2138
1448600 2138
1448610 2142
1448620 2144
1448630 2144
1448640 2149
1448650 2153
1448660 2153
1448670 2156
1448680 2158
1448690 2158
1448700 2160
1448710 2161
1448720 2161
1448730 2165
1448740 2168
1448750 2171
1448760 2171
1448770 2174
1448780 2178
1448790 2178
1448800 2183
1448810 2187
1448820 2187
1448830 2192
1448840 2196
1448850 2196
1448860 2200
1448870 2198
1448880 2198
1448890 2194
1448900 2190
1448910 2185
1448920 2185
1448930 2177
1448940 2163
1448950 2163
1448960 2153
1448970 2143
1448980 2143
1448990 2133
1449000 2126
1449010 2126
1449020 2120
1449030 2113
1449040 2113
1449050 2105
1449060 2100
1449070 2099
1449080 2099
1449090 2090
1449100 2080
1449110 2080
1449120 2069
1449130 2060
1449140 2060
1449150 2051
1449160 2043
1449170 2043
1449180 2034
1449190 2026
1449200 2026
1449210 2019
1449220 2009
1449230 1998
1449240 1998
1449250 1988
1449260 1980
1449270 1980
1449280 1974
1449290 1967
1449300 1967
1449310 1964
1449320 1963
1449330 1963
1449340 1963
1449350 1960
1449360 1960
1449370 1961
1449380 1961
1449390 1958
1449400 1958
1449410 1956
1449420 1954
1449430 1954
1449440 1951
1449450 1948
1449460 1948
1449470 1946
1449480 1944
1449490 1944
1449500 1941
1449510 1938
1449520 1938
1449530 1939
1449540 1943
1449550 1946
1449560 1946
1449570 1951
1449580 1958
1449590 1958
1449600 1963
1449610 1965
1449620 1965
1449630 1968
1449640 1971
1449650 1971
1449660 1971
1449670 1972
1449680 1972
1449690 1976
1449700 1976
1449710 1977
1449720 1977
1449730 1977
1449740 1977
1449750 1977
1449760 1978
1449770 1974
1449780 1974
1449790 1966
1449800 1959
1449810 1959
1449820 1953
1449830 1949
1449840 1949
1449850 1946
1449860 1943
1449870 1940
1449880 1940
1449890 1937
1449900 1934
1449910 1934
1449920 1930
1449930 1926
1449940 1926
1449950 1923
1449960 1919
1449970 1919
1449980 1915
1449990 1911
1450000 1906
1450010 1906
1450020 1902
1450030 1899
1450040 1899
1450050 1896
1450060 1891
1450070 1891
1450080 1886
1450090 1883
1450100 1883
1450110 1879
1450120 1875
1450130 1875
1450140 1873
1450150 1870
1450160 1866
1450170 1866
1450180 1862
1450190 1858
1450200 1858
1450210 1853
1450220 1849
1450230 1849
1450240 1844
1450250 1841
1450260 1841
1450270 1837
1450280 1833
1450290 1833
1450300 1828
1450310 1823
1450320 1820
1450330 1820
1450340 1818
1450350 1815
1450360 1815
1450370 1814
1450380 1811
1450390 1811
1450400 1807
1450410 1803
1450420 1803
1450430 1799
1450440 1794
1450450 1794
1450460 1792
1450470 1789
1450480 1785
1450490 1785
1450500 1781
1450510 1775
1450520 1775
1450530 1769
1450540 1766
1450550 1766
1450560 1764
1450570 1761
1450580 1761
1450590 1756
1450600 1755
1450610 1755
1450620 1755
1450630 1754
1450640 1750
1450650 1750
1450660 1747
1450670 1743
1450680 1743
1450690 1737
1450700 1733
1450710 1733
1450720 1728
1450730 1723
1450740 1723
1450750 1718
1450760 1715
1450770 1715
1450780 1717
1450790 1712
1450800 1708
1450810 1708
1450820 1699
1450830 1693
1450840 1693
1450850 1687
1450860 1683
1450870 1683
1450880 1679
1450890 1676
1450900 1676
1450910 1672
1450920 1667
1450930 1667
1450940 1663
1450950 1659
1450960 1654
1450970 1654
1450980 1649
1450990 1645
1451000 1645
1451010 1640
1451020 1636
1451030 1636
1451040 1630
1451050 1623
1451060 1623
1451070 1617
1451080 1610
1451090 1610
1451100 1605
1451110 1600
1451120 1596
1451130 1596
1451140 1592
1451150 1588
1451160 1588
1451170 1584
1451180 1580
1451190 1580
1451200 1576
1451210 1572
1451220 1572
1451230 1567
1451240 1563
1451250 1559
1451260 1559
1451270 1554
1451280 1550
1451290 1550
1451300 1545
1451310 1541
1451320 1541
1451330 1537
1451340 1533
1451350 1533
1451360 1526
1451370 1517
1451380 1517
1451390 1510
1451400 1505
1451410 1496
1451420 1496
1451430 1490
1451440 1489
1451450 1489
1451460 1485
1451470 1480
1451480 1480
1451490 1474
1451500 1478
1451510 1478
1451520 1484
1451530 1485
1451540 1485
1451550 1480
1451560 1483
1451570 1485
1451580 1485
1451590 1485
1451600 1488
1451610 1488
1451620 1490
1451630 1492
1451640 1492
1451650 1494
1451660 1496
1451670 1496
1451680 1496
1451690 1499
1451700 1499
1451710 1503
1451720 1505
1451730 1505
1451740 1505
1451750 1505
1451760 1504
1451770 1504
1451780 1502
1451790 1498
1451800 1498
1451810 1489
1451820 1473
1451830 1473
1451840 1462
1451850 1451
1451860 1451
1451870 1441
1451880 1433
1451890 1425
1451900 1425
1451910 1416
1451920 1405
1451930 1405
1451940 1397
1451950 1397
1451960 1397
1451970 1396
1451980 1390
1451990 1390
1452000 1382
1452010 1374
1452020 1374
1452030 1365
1452040 1359
1452050 1353
1452060 1353
1452070 1341
1452080 1328
1452090 1328
1452100 1317
1452110 1307
1452120 1307
1452130 1298
1452140 1292
1452150 1292
1452160 1285
1452170 1279
1452180 1279
1452190 1273
1452200 1266
1452210 1260
1452220 1260
1452230 1254
1452240 1249
1452250 1249
1452260 1243
1452270 1237
1452280 1237
1452290 1230
1452300 1223
1452310 1223
1452320 1216
1452330 1209
1452340 1209
1452350 1202
1452360 1196
1452370 1193
1452380 1193
1452390 1191
1452400 1189
1452410 1189
1452420 1188
1452430 1187
1452440 1187
1452450 1188
1452460 1188
1452470 1188
1452480 1186
1452490 1185
1452500 1184
1452510 1184
1452520 1183
1452530 1185
1452540 1185
1452550 1188
1452560 1192
1452570 1192
1452580 1195
1452590 1200
1452600 1200
1452610 1207
1452620 1213
1452630 1213
1452640 1220
1452650 1227
1452660 1235
1452670 1235
1452680 1243
1452690 1250
1452700 1250
1452710 1258
1452720 1265
1452730 1265
1452740 1272
1452750 1278
1452760 1278
1452770 1285
1452780 1292
1452790 1292
1452800 1298
1452810 1305
1452820 1311
1452830 1311
1452840 1317
1452850 1322
1452860 1322
1452870 1327
1452880 1332
1452890 1332
1452900 1338
1452910 1348
1452920 1348
1452930 1367
1452940 1385
1452950 1385
1452960 1387
1452970 1395
1452980 1415
1452990 1415
1453000 1426
1453010 1441
1453020 1441
1453030 1452
1453040 1457
1453050 1457
1453060 1452
1453070 1446
1453080 1446
1453090 1442
1453100 1438
1453110 1438
1453120 1437
1453130 1437
1453140 1434
1453150 1434
1453160 1432
1453170 1430
1453180 1430
1453190 1428
1453200 1425
1453210 1425
1453220 1422
1453230 1418
1453240 1418
1453250 1418
1453260 1427
1453270 1427
1453280 1433
1453290 1435
1453300 1436
1453310 1436
1453320 1441
1453330 1447
1453340 1447
1453350 1451
1453360 1455
1453370 1455
1453380 1460
1453390 1465
1453400 1465
1453410 1472
1453420 1479
1453430 1479
1453440 1486
1453450 1490
1453460 1494
1453470 1494
1453480 1497
1453490 1497
1453500 1497
1453510 1500
1453520 1504
1453530 1504
1453540 1507
1453550 1510
1453560 1510
1453570 1511
1453580 1512
1453590 1512
1453600 1512
1453610 1511
1453620 1511
1453630 1511
1453640 1511
1453650 1510
1453660 1510
1453670 1508
1453680 1505
1453690 1505
1453700 1505
1453710 1507
1453720 1507
1453730 1510
1453740 1515
1453750 1515
1453760 1520
1453770 1522
1453780 1521
1453790 1521
1453800 1518
1453810 1518
1453820 1518
1453830 1521
1453840 1525
1453850 1525
1453860 1529
1453870 1534
1453880 1534
1453890 1538
1453900 1542
1453910 1546
1453920 1546
1453930 1551
1453940 1557
1453950 1557
1453960 1563
1453970 1568
1453980 1568
1453990 1576
1454000 1585
1454010 1585
1454020 1595
1454030 1604
1454040 1604
1454050 1615
1454060 1627
1454070 1637
1454080 1637
1454090 1642
1454100 1644
1454110 1644
1454120 1647
1454130 1654
1454140 1654
1454150 1660
1454160 1664
1454170 1664
1454180 1668
1454190 1672
1454200 1672
1454210 1676
1454220 1679
1454230 1678
1454240 1678
1454250 1680
1454260 1688
1454270 1688
1454280 1692
1454290 1695
1454300 1695
1454310 1700
1454320 1705
1454330 1705
1454340 1710
1454350 1714
1454360 1714
1454370 1718
1454380 1721
1454390 1725
1454400 1725
1454410 1727
1454420 1730
1454430 1730
1454440 1731
1454450 1730
1454460 1730
1454470 1730
1454480 1729
1454490 1729
1454500 1728
1454510 1727
1454520 1727
1454530 1727
1454540 1727
1454550 1726
1454560 1726
1454570 1725
1454580 1725
1454590 1725
1454600 1723
1454610 1720
1454620 1720
1454630 1717
1454640 1715
1454650 1715
1454660 1711
1454670 1708
1454680 1708
1454690 1705
1454700 1701
1454710 1697
1454720 1697
1454730 1692
1454740 1688
1454750 1688
1454760 1684
1454770 1682
1454780 1682
1454790 1681
1454800 1682
1454810 1682
1454820 1683
1454830 1682
1454840 1682
1454850 1679
1454860 1675
1454870 1676
1454880 1676
1454890 1675
1454900 1670
1454910 1670
1454920 1666
1454930 1664
1454940 1664
1454950 1663
1454960 1662
1454970 1662
1454980 1662
1454990 1662
1455000 1662
1455010 1662
1455020 1662
1455030 1661
1455040 1661
1455050 1662
1455060 1660
1455070 1660
1455080 1656
1455090 1654
1455100 1654
1455110 1656
1455120 1648
1455130 1648
1455140 1638
1455150 1631
1455160 1625
1455170 1625
1455180 1621
1455190 1616
1455200 1616
1455210 1611
1455220 1607
1455230 1607
1455240 1603
1455250 1595
1455260 1595
1455270 1587
1455280 1578
1455290 1578
1455300 1568
1455310 1554
1455320 1543
1455330 1543
1455340 1534
1455350 1525
1455360 1525
1455370 1518
1455380 1512
1455390 1512
1455400 1506
1455410 1500
1455420 1500
1455430 1496
1455440 1491
1455450 1491
1455460 1487
1455470 1483
1455480 1480
1455490 1480
1455500 1475
1455510 1468
1455520 1468
1455530 1461
1455540 1454
1455550 1454
1455560 1447
1455570 1441
1455580 1441
1455590 1435
1455600 1427
1455610 1427
1455620 1418
1455630 1412
1455640 1408
1455650 1408
1455660 1403
1455670 1396
1455680 1396
1455690 1394
1455700 1397
1455710 1397
1455720 1399
1455730 1403
1455740 1403
1455750 1406
1455760 1409
1455770 1409
1455780 1413
1455790 1417
1455800 1422
1455810 1422
1455820 1428
1455830 1431
1455840 1431
1455850 1435
1455860 1439
1455870 1439
1455880 1444
1455890 1449
1455900 1449
1455910 1455
1455920 1460
1455930 1460
1455940 1467
1455950 1473
1455960 1478
1455970 1478
1455980 1483
1455990 1489
1456000 1489
1456010 1494
1456020 1500
1456030 1500
1456040 1506
1456050 1513
1456060 1513
1456070 1520
1456080 1525
1456090 1525
1456100 1530
1456110 1535
1456120 1538
1456130 1538
1456140 1539
1456150 1534
1456160 1534
1456170 1527
1456180 1519
1456190 1519
1456200 1515
1456210 1511
1456220 1511
1456230 1508
1456240 1505
1456250 1505
1456260 1503
1456270 1501
1456280 1498
1456290 1498
1456300 1495
1456310 1494
1456320 1494
1456330 1495
1456340 1493
1456350 1493
1456360 1490
1456370 1487
1456380 1487
1456390 1486
1456400 1485
1456410 1483
1456420 1483
1456430 1480
1456440 1478
1456450 1478
1456460 1475
1456470 1472
1456480 1472
1456490 1472
1456500 1472
1456510 1472
1456520 1472
1456530 1472
1456540 1472
1456550 1470
1456560 1468
1456570 1465
1456580 1465
1456590 1463
1456600 1459
1456610 1459
1456620 1456
1456630 1457
1456640 1457
1456650 1456
1456660 1454
1456670 1454
1456680 1452
1456690 1449
1456700 1449
1456710 1447
1456720 1445
1456730 1443
1456740 1443
1456750 1437
1456760 1432
1456770 1432
1456780 1434
1456790 1434
1456800 1434
1456810 1432
1456820 1430
1456830 1430
1456840 1428
1456850 1425
1456860 1425
1456870 1423
1456880 1420
1456890 1417
1456900 1417
1456910 1414
1456920 1409
1456930 1409
1456940 1404
1456950 1398
1456960 1398
1456970 1392
1456980 1392
1456990 1392
1457000 1393
1457010 1393
1457020 1393
1457030 1391
1457040 1387
1457050 1382
1457060 1382
1457070 1378
1457080 1373
1457090 1373
1457100 1369
1457110 1365
1457120 1365
1457130 1361
1457140 1356
1457150 1356
1457160 1353
1457170 1349
1457180 1349
1457190 1346
1457200 1341
1457210 1336
1457220 1336
1457230 1332
1457240 1328
1457250 1328
1457260 1326
1457270 1324
1457280 1324
1457290 1323
1457300 1323
1457310 1323
1457320 1324
1457330 1325
1457340 1325
1457350 1325
1457360 1326
1457370 1327
1457380 1327
1457390 1329
1457400 1335
1457410 1335
1457420 1340
1457430 1343
1457440 1343
1457450 1344
1457460 1347
1457470 1347
1457480 1351
1457490 1355
1457500 1355
1457510 1359
1457520 1365
1457530 1371
1457540 1371
1457550 1378
1457560 1384
1457570 1384
1457580 1389
1457590 1396
1457600 1396
1457610 1402
1457620 1410
1457630 1410
1457640 1417
1457650 1422
1457660 1426
1457670 1426
1457680 1430
1457690 1434
1457700 1434
1457710 1440
1457720 1446
1457730 1446
1457740 1454
1457750 1462
1457760 1462
1457770 1470
1457780 1476
1457790 1476
1457800 1482
1457810 1487
1457820 1495
1457830 1495
1457840 1501
1457850 1508
1457860 1508
1457870 1516
1457880 1526
1457890 1526
1457900 1536
1457910 1544
1457920 1544
1457930 1552
1457940 1560
1457950 1560
1457960 1566
1457970 1570
1457980 1575
1457990 1575
1458000 1582
1458010 1591
1458020 1591
1458030 1598
1458040 1606
1458050 1606
1458060 1614
1458070 1624
1458080 1624
1458090 1635
1458100 1645
1458110 1645
1458120 1655
1458130 1666
1458140 1676
1458150 1676
1458160 1683
1458170 1689
1458180 1689
1458190 1694
1458200 1701
1458210 1701
1458220 1709
1458230 1717
1458240 1717
1458250 1726
1458260 1736
1458270 1736
1458280 1741
1458290 1748
1458300 1756
1458310 1756
1458320 1767
1458330 1774
1458340 1774
1458350 1781
1458360 1788
1458370 1788
1458380 1794
1458390 1800
1458400 1800
1458410 1806
1458420 1812
1458430 1812
1458440 1818
1458450 1824
1458460 1829
1458470 1829
1458480 1834
1458490 1839
1458500 1839
1458510 1844
1458520 1848
1458530 1848
1458540 1853
1458550 1859
1458560 1859
1458570 1864
1458580 1867
1458590 1867
1458600 1870
1458610 1872
1458620 1874
1458630 1874
1458640 1876
1458650 1878
1458660 1878
1458670 1881
1458680 1883
1458690 1883
1458700 1885
1458710 1886
1458720 1886
1458730 1887
1458740 1887
1458750 1887
1458760 1889
1458770 1890
1458780 1889
1458790 1889
1458800 1887
1458810 1883
1458820 1883
1458830 1878
1458840 1868
1458850 1868
1458860 1859
1458870 1849
1458880 1849
1458890 1840
1458900 1831
1458910 1831
1458920 1824
1458930 1817
1458940 1811
1458950 1811
1458960 1805
1458970 1799
1458980 1799
1458990 1793
1459000 1787
1459010 1787
1459020 1781
1459030 1776
1459040 1776
1459050 1771
1459060 1768
1459070 1767
1459080 1767
1459090 1767
1459100 1766
1459110 1766
1459120 1764
1459130 1765
1459140 1765
1459150 1768
1459160 1771
1459170 1771
1459180 1775
1459190 1778
1459200 1778
1459210 1780
1459220 1781
1459230 1782
1459240 1782
1459250 1782
1459260 1780
1459270 1784
1459280 1784
1459290 1783
1459300 1783
1459310 1781
1459320 1779
1459330 1779
1459340 1777
1459350 1775
1459360 1775
1459370 1774
1459380 1777
1459390 1780
1459400 1780
1459410 1784
1459420 1788
1459430 1788
1459440 1791
1459450 1793
1459460 1793
1459470 1794
1459480 1792
1459490 1792
1459500 1791
1459510 1790
1459520 1790
1459530 1792
1459540 1793
1459550 1796
1459560 1796
1459570 1798
1459580 1801
1459590 1801
1459600 1805
1459610 1810
1459620 1810
1459630 1815
1459640 1820
1459650 1820
1459660 1827
1459670 1834
1459680 1834
1459690 1839
1459700 1842
1459710 1847
1459720 1847
1459730 1850
1459740 1850
1459750 1850
1459760 1848
1459770 1844
1459780 1844
1459790 1841
1459800 1839
1459810 1839
1459820 1836
1459830 1833
1459840 1833
1459850 1829
1459860 1824
1459870 1816
1459880 1816
1459890 1811
1459900 1806
1459910 1806
1459920 1800
1459930 1795
1459940 1795
1459950 1787
1459960 1779
1459970 1779
1459980 1772
1459990 1764
