1440000 1801
1440010 1806
1440020 1810
1440030 1810
1440040 1812
1440050 1812
1440060 1812
1440070 1812
1440080 1813
1440090 1813
1440100 1814
1440110 1814
1440120 1814
1440130 1810
1440140 1805
1440150 1803
1440160 1803
1440170 1800
1440180 1797
1440190 1797
1440200 1796
1440210 1793
1440220 1793
1440230 1790
1440240 1786
1440250 1786
1440260 1778
1440270 1770
1440280 1770
1440290 1763
1440300 1756
1440310 1753
1440320 1753
1440330 1752
1440340 1751
1440350 1751
1440360 1750
1440370 1749
1440380 1749
1440390 1745
1440400 1739
1440410 1739
1440420 1733
1440430 1725
1440440 1725
1440450 1716
1440460 1709
1440470 1705
1440480 1705
1440490 1696
1440500 1687
1440510 1687
1440520 1680
1440530 1673
1440540 1673
1440550 1666
1440560 1661
1440570 1661
1440580 1656
1440590 1650
1440600 1650
1440610 1643
1440620 1636
1440630 1630
1440640 1630
1440650 1624
1440660 1617
1440670 1617
1440680 1610
1440690 1603
1440700 1603
1440710 1596
1440720 1589
1440730 1589
1440740 1582
1440750 1576
1440760 1576
1440770 1569
1440780 1562
1440790 1555
1440800 1555
1440810 1547
1440820 1538
1440830 1538
1440840 1531
1440850 1525
1440860 1525
1440870 1521
1440880 1516
1440890 1516
1440900 1509
1440910 1504
1440920 1504
1440930 1502
1440940 1503
1440950 1505
1440960 1505
1440970 1508
1440980 1512
1440990 1512
1441000 1511
1441010 1505
1441020 1505
1441030 1502
1441040 1498
1441050 1498
1441060 1486
1441070 1475
1441080 1475
1441090 1467
1441100 1458
1441110 1449
1441120 1449
1441130 1442
1441140 1440
1441150 1440
1441160 1437
1441170 1431
1441180 1431
1441190 1421
1441200 1416
1441210 1416
1441220 1417
1441230 1418
1441240 1418
1441250 1418
1441260 1416
1441270 1411
1441280 1411
1441290 1406
1441300 1400
1441310 1400
1441320 1394
1441330 1391
1441340 1391
1441350 1387
1441360 1380
1441370 1380
1441380 1372
1441390 1362
1441400 1362
1441410 1350
1441420 1337
1441430 1328
1441440 1328
1441450 1317
1441460 1309
1441470 1309
1441480 1306
1441490 1300
1441500 1300
1441510 1294
1441520 1296
1441530 1296
1441540 1300
1441550 1301
1441560 1301
1441570 1298
1441580 1297
1441590 1293
1441600 1293
1441610 1289
1441620 1286
1441630 1286
1441640 1281
1441650 1271
1441660 1271
1441670 1267
1441680 1274
1441690 1274
1441700 1279
1441710 1281
1441720 1281
1441730 1280
1441740 1278
1441750 1275
1441760 1275
1441770 1273
1441780 1272
1441790 1272
1441800 1272
1441810 1271
1441820 1271
1441830 1273
1441840 1275
1441850 1275
1441860 1276
1441870 1276
1441880 1276
1441890 1277
1441900 1276
1441910 1275
1441920 1275
1441930 1273
1441940 1268
1441950 1268
1441960 1261
1441970 1254
1441980 1254
1441990 1248
1442000 1241
1442010 1241
1442020 1235
1442030 1230
1442040 1230
1442050 1226
1442060 1220
1442070 1210
1442080 1210
1442090 1199
1442100 1190
1442110 1190
1442120 1182
1442130 1175
1442140 1175
1442150 1169
1442160 1165
1442170 1165
1442180 1160
1442190 1155
1442200 1155
1442210 1149
1442220 1143
1442230 1133
1442240 1133
1442250 1127
1442260 1120
1442270 1120
1442280 1115
1442290 1111
1442300 1111
1442310 1106
1442320 1100
1442330 1100
1442340 1095
1442350 1090
1442360 1090
1442370 1083
1442380 1077
1442390 1072
1442400 1072
1442410 1067
1442420 1063
1442430 1063
1442440 1057
1442450 1051
1442460 1051
1442470 1046
1442480 1042
1442490 1042
1442500 1039
1442510 1037
1442520 1037
1442530 1034
1442540 1027
1442550 1020
1442560 1020
1442570 1014
1442580 1006
1442590 1006
1442600 1003
1442610 1006
1442620 1006
1442630 1010
1442640 1017
1442650 1017
1442660 1023
1442670 1028
1442680 1034
1442690 1034
1442700 1040
1442710 1047
1442720 1047
1442730 1049
1442740 1048
1442750 1048
1442760 1044
1442770 1039
1442780 1039
1442790 1034
1442800 1028
1442810 1028
1442820 1021
1442830 1015
1442840 1008
1442850 1008
1442860 1004
1442870 1000
1442880 1000
1442890 998
1442900 996
1442910 996
1442920 993
1442930 992
1442940 992
1442950 988
1442960 981
1442970 981
1442980 972
1442990 961
1443000 956
1443010 956
1443020 952
1443030 948
1443040 948
1443050 949
1443060 952
1443070 952
1443080 956
1443090 962
1443100 962
1443110 967
1443120 971
1443130 971
1443140 978
1443150 980
1443160 976
1443170 976
1443180 971
1443190 970
1443200 970
1443210 965
1443220 959
1443230 959
1443240 951
1443250 943
1443260 943
1443270 936
1443280 928
1443290 928
1443300 923
1443310 921
1443320 917
1443330 917
1443340 911
1443350 904
1443360 904
1443370 897
1443380 886
1443390 886
1443400 875
1443410 869
1443420 869
1443430 864
1443440 858
1443450 858
1443460 852
1443470 845
1443480 832
1443490 832
1443500 823
1443510 814
1443520 814
1443530 809
1443540 807
1443550 807
1443560 807
1443570 806
1443580 806
1443590 804
1443600 803
1443610 803
1443620 803
1443630 806
1443640 823
1443650 823
1443660 850
1443670 865
1443680 865
1443690 872
1443700 882
1443710 882
1443720 889
1443730 888
1443740 888
1443750 885
1443760 879
1443770 879
1443780 867
1443790 853
1443800 865
1443810 865
1443820 880
1443830 888
1443840 888
1443850 891
1443860 890
1443870 890
1443880 889
1443890 890
1443900 890
1443910 891
1443920 890
1443930 890
1443940 893
1443950 898
1443960 906
1443970 906
1443980 913
1443990 915
1444000 915
1444010 913
1444020 910
1444030 910
1444040 914
1444050 921
1444060 921
1444070 926
1444080 935
1444090 935
1444100 942
1444110 950
1444120 956
1444130 956
1444140 962
1444150 968
1444160 968
1444170 973
1444180 975
1444190 975
1444200 979
1444210 984
1444220 984
1444230 988
1444240 993
1444250 993
1444260 999
1444270 1004
1444280 1008
1444290 1008
1444300 1008
1444310 1005
1444320 1005
1444330 996
1444340 987
1444350 987
1444360 978
1444370 973
1444380 973
1444390 970
1444400 971
1444410 971
1444420 977
1444430 986
1444440 999
1444450 999
1444460 1018
1444470 1034
1444480 1034
1444490 1040
1444500 1045
1444510 1045
1444520 1054
1444530 1062
1444540 1062
1444550 1068
1444560 1073
1444570 1073
1444580 1078
1444590 1079
1444600 1079
1444610 1079
1444620 1076
1444630 1075
1444640 1075
1444650 1081
1444660 1088
1444670 1088
1444680 1095
1444690 1101
1444700 1101
1444710 1108
1444720 1115
1444730 1115
1444740 1122
1444750 1128
1444760 1134
1444770 1134
1444780 1139
1444790 1145
1444800 1145
1444810 1151
1444820 1157
1444830 1157
1444840 1164
1444850 1170
1444860 1170
1444870 1176
1444880 1182
1444890 1182
1444900 1189
1444910 1196
1444920 1204
1444930 1204
1444940 1212
1444950 1222
1444960 1222
1444970 1231
1444980 1238
1444990 1238
1445000 1243
1445010 1247
1445020 1247
1445030 1250
1445040 1253
1445050 1253
1445060 1256
1445070 1261
1445080 1266
1445090 1266
1445100 1272
1445110 1277
1445120 1277
1445130 1283
1445140 1289
1445150 1289
1445160 1296
1445170 1303
1445180 1303
1445190 1311
1445200 1316
1445210 1316
1445220 1322
1445230 1328
1445240 1335
1445250 1335
1445260 1343
1445270 1349
1445280 1349
1445290 1355
1445300 1361
1445310 1354
1445320 1359
1445330 1364
1445340 1364
1445350 1372
1445360 1379
1445370 1379
1445380 1387
1445390 1395
1445400 1404
1445410 1404
1445420 1412
1445430 1420
1445440 1420
1445450 1428
1445460 1437
1445470 1437
1445480 1446
1445490 1453
1445500 1453
1445510 1460
1445520 1466
1445530 1466
1445540 1471
1445550 1477
1445560 1482
1445570 1482
1445580 1488
1445590 1493
1445600 1493
1445610 1498
1445620 1503
1445630 1503
1445640 1507
1445650 1511
1445660 1511
1445670 1515
1445680 1519
1445690 1519
1445700 1522
1445710 1524
1445720 1525
1445730 1525
1445740 1525
1445750 1525
1445760 1525
1445770 1523
1445780 1519
1445790 1519
1445800 1515
1445810 1511
1445820 1511
1445830 1508
1445840 1510
1445850 1510
1445860 1512
1445870 1512
1445880 1512
1445890 1512
1445900 1513
1445910 1509
1445920 1509
1445930 1506
1445940 1509
1445950 1509
1445960 1516
1445970 1519
1445980 1519
1445990 1519
1446000 1520
1446010 1520
1446020 1519
1446030 1519
1446040 1517
1446050 1517
1446060 1514
1446070 1513
1446080 1513
1446090 1508
1446100 1502
1446110 1502
1446120 1501
1446130 1504
1446140 1504
1446150 1500
1446160 1494
1446170 1494
1446180 1490
1446190 1489
1446200 1483
1446210 1483
1446220 1474
1446230 1473
1446240 1473
1446250 1479
1446260 1482
1446270 1482
1446280 1484
1446290 1486
1446300 1486
1446310 1483
1446320 1476
1446330 1476
1446340 1471
1446350 1479
1446360 1486
1446370 1486
1446380 1491
1446390 1494
1446400 1494
1446410 1496
1446420 1496
1446430 1496
1446440 1490
1446450 1483
1446460 1483
1446470 1474
1446480 1466
1446490 1466
1446500 1461
1446510 1461
1446520 1463
1446530 1463
1446540 1469
1446550 1469
1446560 1469
1446570 1472
1446580 1476
1446590 1476
1446600 1479
1446610 1481
1446620 1481
1446630 1482
1446640 1483
1446650 1483
1446660 1485
1446670 1487
1446680 1488
1446690 1488
1446700 1486
1446710 1483
1446720 1483
1446730 1477
1446740 1474
1446750 1474
1446760 1476
1446770 1480
1446780 1480
1446790 1485
1446800 1486
1446810 1486
1446820 1485
1446830 1484
1446840 1483
1446850 1483
1446860 1482
1446870 1482
1446880 1482
1446890 1482
1446900 1481
1446910 1481
1446920 1480
1446930 1479
1446940 1479
1446950 1477
1446960 1474
1446970 1474
1446980 1470
1446990 1466
1447000 1461
1447010 1461
1447020 1457
1447030 1453
1447040 1453
1447050 1448
1447060 1444
1447070 1444
1447080 1439
1447090 1433
1447100 1433
1447110 1431
1447120 1429
1447130 1429
1447140 1425
1447150 1420
1447160 1413
1447170 1413
1447180 1406
1447190 1398
1447200 1398
1447210 1389
1447220 1387
1447230 1387
1447240 1387
1447250 1386
1447260 1386
1447270 1383
1447280 1377
1447290 1377
1447300 1372
1447310 1364
1447320 1361
1447330 1361
1447340 1368
1447350 1373
1447360 1373
1447370 1375
1447380 1374
1447390 1374
1447400 1374
1447410 1373
1447420 1373
1447430 1373
1447440 1371
1447450 1371
1447460 1372
1447470 1374
1447480 1376
1447490 1376
1447500 1378
1447510 1381
1447520 1381
1447530 1383
1447540 1385
1447550 1385
1447560 1386
1447570 1388
1447580 1388
1447590 1389
1447600 1388
1447610 1388
1447620 1387
1447630 1385
1447640 1383
1447650 1383
1447660 1381
1447670 1378
1447680 1378
1447690 1375
1447700 1371
1447710 1371
1447720 1368
1447730 1363
1447740 1363
1447750 1359
1447760 1354
1447770 1354
1447780 1349
1447790 1344
1447800 1339
1447810 1339
1447820 1334
1447830 1331
1447840 1331
1447850 1329
1447860 1325
1447870 1325
1447880 1320
1447890 1315
1447900 1315
1447910 1310
1447920 1305
1447930 1305
1447940 1301
1447950 1295
1447960 1290
1447970 1290
1447980 1284
1447990 1277
1448000 1277
1448010 1269
1448020 1261
1448030 1261
1448040 1252
1448050 1244
1448060 1244
1448070 1236
1448080 1229
1448090 1229
1448100 1221
1448110 1213
1448120 1205
1448130 1205
1448140 1196
1448150 1187
1448160 1187
1448170 1177
1448180 1167
1448190 1167
1448200 1157
1448210 1148
1448220 1148
1448230 1140
1448240 1134
1448250 1134
1448260 1127
1448270 1122
1448280 1116
1448290 1116
1448300 1111
1448310 1106
1448320 1106
1448330 1101
1448340 1097
1448350 1097
1448360 1094
1448370 1089
1448380 1089
1448390 1084
1448400 1079
1448410 1079
1448420 1075
1448430 1071
1448440 1064
1448450 1064
1448460 1057
1448470 1049
1448480 1049
1448490 1043
1448500 1038
1448510 1038
1448520 1033
1448530 1030
1448540 1030
1448550 1025
1448560 1018
1448570 1018
1448580 1012
1448590 1008
1448600 1007
1448610 1007
1448620 1008
1448630 1010
1448640 1010
1448650 1015
1448660 1022
1448670 1022
1448680 1030
1448690 1038
1448700 1038
1448710 1047
1448720 1053
1448730 1053
1448740 1057
1448750 1059
1448760 1060
1448770 1060
1448780 1067
1448790 1073
1448800 1073
1448810 1079
1448820 1085
1448830 1085
1448840 1092
1448850 1098
1448860 1098
1448870 1104
1448880 1110
1448890 1110
1448900 1120
1448910 1131
1448920 1141
1448930 1141
1448940 1150
1448950 1156
1448960 1156
1448970 1162
1448980 1167
1448990 1167
1449000 1175
1449010 1181
1449020 1181
1449030 1188
1449040 1193
1449050 1193
1449060 1198
1449070 1203
1449080 1207
1449090 1207
1449100 1211
1449110 1214
1449120 1214
1449130 1217
1449140 1218
1449150 1218
1449160 1218
1449170 1219
1449180 1219
1449190 1221
1449200 1224
1449210 1224
1449220 1225
1449230 1226
1449240 1223
1449250 1223
1449260 1218
1449270 1212
1449280 1212
1449290 1207
1449300 1198
1449310 1198
1449320 1193
1449330 1196
1449340 1196
1449350 1199
1449360 1203
1449370 1209
1449380 1209
1449390 1215
1449400 1222
1449410 1222
1449420 1226
1449430 1228
1449440 1228
1449450 1230
1449460 1232
1449470 1232
1449480 1234
1449490 1234
1449500 1234
1449510 1234
1449520 1233
1449530 1234
1449540 1234
1449550 1234
1449560 1234
1449570 1234
1449580 1235
1449590 1236
1449600 1236
1449610 1237
1449620 1238
1449630 1238
1449640 1240
1449650 1241
1449660 1241
1449670 1242
1449680 1243
1449690 1244
1449700 1244
1449710 1245
1449720 1246
1449730 1246
1449740 1246
1449750 1246
1449760 1246
1449770 1247
1449780 1248
1449790 1248
1449800 1250
1449810 1252
1449820 1252
1449830 1254
1449840 1255
1449850 1255
1449860 1255
1449870 1253
1449880 1250
1449890 1250
1449900 1246
1449910 1241
1449920 1241
1449930 1237
1449940 1235
1449950 1235
1449960 1234
1449970 1233
1449980 1233
1449990 1231
1450000 1229
1450010 1227
1450020 1227
1450030 1224
1450040 1223
1450050 1223
1450060 1221
1450070 1220
1450080 1220
1450090 1218
1450100 1217
1450110 1217
1450120 1216
1450130 1213
1450140 1213
1450150 1211
1450160 1209
1450170 1206
1450180 1206
1450190 1204
1450200 1201
1450210 1201
1450220 1199
1450230 1196
1450240 1196
1450250 1191
1450260 1188
1450270 1188
1450280 1190
1450290 1196
1450300 1196
1450310 1201
1450320 1203
1450330 1203
1450340 1203
1450350 1204
1450360 1203
1450370 1203
1450380 1201
1450390 1198
1450400 1198
1450410 1194
1450420 1191
1450430 1191
1450440 1190
1450450 1188
1450460 1188
1450470 1190
1450480 1193
1450490 1195
1450500 1195
1450510 1195
1450520 1193
1450530 1193
1450540 1192
1450550 1192
1450560 1192
1450570 1191
1450580 1190
1450590 1190
1450600 1188
1450610 1185
1450620 1185
1450630 1182
1450640 1178
1450650 1174
1450660 1174
1450670 1170
1450680 1164
1450690 1164
1450700 1159
1450710 1154
1450720 1154
1450730 1149
1450740 1144
1450750 1144
1450760 1140
1450770 1135
1450780 1135
1450790 1131
1450800 1128
1450810 1127
1450820 1127
1450830 1125
1450840 1124
1450850 1124
1450860 1121
1450870 1118
1450880 1118
1450890 1116
1450900 1112
1450910 1112
1450920 1110
1450930 1110
1450940 1110
1450950 1110
1450960 1111
1450970 1110
1450980 1110
1450990 1108
1451000 1105
1451010 1105
1451020 1103
1451030 1103
1451040 1103
1451050 1103
1451060 1101
1451070 1101
1451080 1095
1451090 1096
1451100 1096
1451110 1094
1451120 1091
1451130 1088
1451140 1088
1451150 1086
1451160 1084
1451170 1084
1451180 1085
1451190 1085
1451200 1085
1451210 1084
1451220 1083
1451230 1083
1451240 1082
1451250 1082
1451260 1082
1451270 1081
1451280 1080
1451290 1080
1451300 1080
1451310 1081
1451320 1082
1451330 1082
1451340 1082
1451350 1081
1451360 1081
1451370 1079
1451380 1077
1451390 1077
1451400 1077
1451410 1078
1451420 1078
1451430 1078
1451440 1078
1451450 1078
1451460 1078
1451470 1078
1451480 1078
1451490 1078
1451500 1079
1451510 1081
1451520 1081
1451530 1083
1451540 1084
1451550 1084
1451560 1085
1451570 1086
1451580 1086
1451590 1087
1451600 1088
1451610 1089
1451620 1089
1451630 1090
1451640 1092
1451650 1092
1451660 1093
1451670 1093
1451680 1093
1451690 1094
1451700 1094
1451710 1094
1451720 1094
1451730 1093
1451740 1093
1451750 1092
1451760 1091
1451770 1089
1451780 1089
1451790 1087
1451800 1086
1451810 1086
1451820 1085
1451830 1085
1451840 1085
1451850 1083
1451860 1082
1451870 1082
1451880 1081
1451890 1080
1451900 1080
1451910 1079
1451920 1078
1451930 1077
1451940 1077
1451950 1076
1451960 1075
1451970 1075
1451980 1073
1451990 1071
1452000 1071
1452010 1069
1452020 1067
1452030 1067
1452040 1066
1452050 1064
1452060 1064
1452070 1063
1452080 1062
1452090 1061
1452100 1061
1452110 1061
1452120 1060
1452130 1060
1452140 1060
1452150 1060
1452160 1060
1452170 1060
1452180 1059
1452190 1059
1452200 1058
1452210 1058
1452220 1058
1452230 1057
1452240 1055
1452250 1050
1452260 1050
1452270 1046
1452280 1043
1452290 1043
1452300 1041
1452310 1038
1452320 1038
1452330 1035
1452340 1041
1452350 1041
1452360 1038
1452370 1036
1452380 1036
1452390 1033
1452400 1031
1452410 1029
1452420 1029
1452430 1026
1452440 1024
1452450 1024
1452460 1022
1452470 1021
1452480 1021
1452490 1020
1452500 1018
1452510 1018
1452520 1016
1452530 1012
1452540 1012
1452550 1009
1452560 1010
1452570 1008
1452580 1008
1452590 1004
1452600 1001
1452610 1001
1452620 998
1452630 997
1452640 997
1452650 994
1452660 992
1452670 992
1452680 990
1452690 986
1452700 986
1452710 984
1452720 981
1452730 978
1452740 978
1452750 974
1452760 970
1452770 970
1452780 967
1452790 964
1452800 964
1452810 960
1452820 954
1452830 954
1452840 950
1452850 946
1452860 946
1452870 942
1452880 938
1452890 935
1452900 935
1452910 930
1452920 923
1452930 923
1452940 917
1452950 909
1452960 909
1452970 901
1452980 893
1452990 893
1453000 885
1453010 877
1453020 877
1453030 869
1453040 861
1453050 852
1453060 852
1453070 842
1453080 835
1453090 835
1453100 826
1453110 818
1453120 818
1453130 812
1453140 804
1453150 804
1453160 795
1453170 783
1453180 783
1453190 772
1453200 761
1453210 754
1453220 754
1453230 747
1453240 752
1453250 752
1453260 765
1453270 774
1453280 774
1453290 775
1453300 774
1453310 774
1453320 781
1453330 795
1453340 795
1453350 804
1453360 808
1453370 808
1453380 808
1453390 804
1453400 806
1453410 806
1453420 815
1453430 825
1453440 825
1453450 831
1453460 835
1453470 835
1453480 843
1453490 849
1453500 849
1453510 853
1453520 857
1453530 862
1453540 862
1453550 871
1453560 884
1453570 884
1453580 897
1453590 899
1453600 899
1453610 900
1453620 902
1453630 902
1453640 903
1453650 902
1453660 902
1453670 902
1453680 902
1453690 901
1453700 901
1453710 900
1453720 900
1453730 900
1453740 899
1453750 899
1453760 899
1453770 899
1453780 899
1453790 899
1453800 898
1453810 898
1453820 898
1453830 898
1453840 898
1453850 898
1453860 898
1453870 899
1453880 900
1453890 900
1453900 901
1453910 903
1453920 903
1453930 905
1453940 905
1453950 905
1453960 906
1453970 906
1453980 906
1453990 906
1454000 906
1454010 905
1454020 905
1454030 903
1454040 901
1454050 901
1454060 900
1454070 899
1454080 899
1454090 898
1454100 897
1454110 897
1454120 896
1454130 895
1454140 895
1454150 893
1454160 890
1454170 888
1454180 888
1454190 886
1454200 883
1454210 883
1454220 879
1454230 876
1454240 876
1454250 874
1454260 873
1454270 873
1454280 871
1454290 869
1454300 869
1454310 870
1454320 873
1454330 875
1454340 875
1454350 873
1454360 870
1454370 870
1454380 868
1454390 866
1454400 866
1454410 866
1454420 867
1454430 867
1454440 868
1454450 868
1454460 868
1454470 868
1454480 867
1454490 864
1454500 864
1454510 862
1454520 863
1454530 863
1454540 864
1454550 862
1454560 862
1454570 861
1454580 861
1454590 861
1454600 861
1454610 860
1454620 860
1454630 860
1454640 859
1454650 858
1454660 858
1454670 856
1454680 855
1454690 855
1454700 855
1454710 853
1454720 853
1454730 852
1454740 853
1454750 853
1454760 854
1454770 853
1454780 853
1454790 853
1454800 852
1454810 852
1454820 852
1454830 850
1454840 850
1454850 850
1454860 850
1454870 850
1454880 850
1454890 849
1454900 848
1454910 848
1454920 847
1454930 843
1454940 843
1454950 839
1454960 839
1454970 840
1454980 840
1454990 838
1455000 840
1455010 840
1455020 842
1455030 840
1455040 840
1455050 835
1455060 830
1455070 830
1455080 830
1455090 831
1455100 831
1455110 831
1455120 829
1455130 832
1455140 832
1455150 834
1455160 834
1455170 834
1455180 833
1455190 832
1455200 832
1455210 831
1455220 828
1455230 828
1455240 830
1455250 835
1455260 835
1455270 838
1455280 837
1455290 837
1455300 837
1455310 838
1455320 837
1455330 837
1455340 837
1455350 837
1455360 837
1455370 837
1455380 837
1455390 837
1455400 839
1455410 840
1455420 840
1455430 840
1455440 840
1455450 841
1455460 841
1455470 841
1455480 841
1455490 841
1455500 840
1455510 840
1455520 840
1455530 839
1455540 839
1455550 839
1455560 839
1455570 838
1455580 838
1455590 838
1455600 837
1455610 836
1455620 836
1455630 835
1455640 836
1455650 836
1455660 836
1455670 836
1455680 836
1455690 835
1455700 833
1455710 833
1455720 831
1455730 831
1455740 829
1455750 829
1455760 827
1455770 824
1455780 824
1455790 820
1455800 815
1455810 815
1455820 811
1455830 808
1455840 808
1455850 810
1455860 809
1455870 809
1455880 806
1455890 803
1455900 798
1455910 798
1455920 796
1455930 794
1455940 794
1455950 791
1455960 789
1455970 789
1455980 785
1455990 783
1456000 783
1456010 780
1456020 777
1456030 777
1456040 774
1456050 770
1456060 767
1456070 767
1456080 766
1456090 764
1456100 764
1456110 761
1456120 759
1456130 759
1456140 757
1456150 754
1456160 754
1456170 753
1456180 749
1456190 749
1456200 747
1456210 748
1456220 747
1456230 747
1456240 745
1456250 744
1456260 744
1456270 743
1456280 741
1456290 741
1456300 740
1456310 739
1456320 739
1456330 735
1456340 728
1456350 728
1456360 724
1456370 720
1456380 716
1456390 716
1456400 712
1456410 712
1456420 712
1456430 711
1456440 708
1456450 708
1456460 705
1456470 702
1456480 702
1456490 699
1456500 700
1456510 700
1456520 699
1456530 698
1456540 696
1456550 696
1456560 695
1456570 695
1456580 695
1456590 695
1456600 696
1456610 696
1456620 696
1456630 697
1456640 697
1456650 696
1456660 695
1456670 695
1456680 694
1456690 692
1456700 690
1456710 690
1456720 688
1456730 687
1456740 687
1456750 685
1456760 682
1456770 682
1456780 679
1456790 678
1456800 678
1456810 677
1456820 675
1456830 675
1456840 674
1456850 674
1456860 675
1456870 675
1456880 675
1456890 675
1456900 675
1456910 675
1456920 675
1456930 675
1456940 675
1456950 674
1456960 674
1456970 674
1456980 673
1456990 673
1457000 673
1457010 672
1457020 671
1457030 671
1457040 670
1457050 668
1457060 668
1457070 669
1457080 669
1457090 669
1457100 669
1457110 669
1457120 669
1457130 669
1457140 672
1457150 672
1457160 677
1457170 681
1457180 683
1457190 683
1457200 685
1457210 689
1457220 689
1457230 693
1457240 695
1457250 695
1457260 697
1457270 701
1457280 701
1457290 707
1457300 710
1457310 710
1457320 710
1457330 710
1457340 710
1457350 710
1457360 711
1457370 712
1457380 712
1457390 714
1457400 717
1457410 717
1457420 721
1457430 722
1457440 722
1457450 722
1457460 723
1457470 723
1457480 723
1457490 723
1457500 723
1457510 723
1457520 722
1457530 720
1457540 720
1457550 718
1457560 716
1457570 716
1457580 714
1457590 713
1457600 713
1457610 712
1457620 713
1457630 713
1457640 714
1457650 716
1457660 716
1457670 716
1457680 715
1457690 714
1457700 714
1457710 712
1457720 710
1457730 710
1457740 708
1457750 705
1457760 705
1457770 702
1457780 700
1457790 700
1457800 697
1457810 694
1457820 692
1457830 692
1457840 689
1457850 687
1457860 687
1457870 685
1457880 683
1457890 683
1457900 682
1457910 683
1457920 683
1457930 685
1457940 687
1457950 687
1457960 689
1457970 691
1457980 689
1457990 689
1458000 688
1458010 686
1458020 686
1458030 683
1458040 680
1458050 680
1458060 679
1458070 681
1458080 681
1458090 684
1458100 686
1458110 686
1458120 686
1458130 685
1458140 684
1458150 684
1458160 683
1458170 681
1458180 681
1458190 678
1458200 675
1458210 675
1458220 672
1458230 669
1458240 669
1458250 665
1458260 664
1458270 664
1458280 665
1458290 666
1458300 667
1458310 667
1458320 665
1458330 666
1458340 666
1458350 667
1458360 669
1458370 669
1458380 670
1458390 672
1458400 672
1458410 672
1458420 673
1458430 673
1458440 673
1458450 672
1458460 670
1458470 670
1458480 669
1458490 669
1458500 669
1458510 673
1458520 677
1458530 677
1458540 679
1458550 681
1458560 681
1458570 684
1458580 685
1458590 685
1458600 685
1458610 686
1458620 687
1458630 687
1458640 688
1458650 689
1458660 689
1458670 690
1458680 690
1458690 690
1458700 690
1458710 691
1458720 691
1458730 691
1458740 692
1458750 692
1458760 693
1458770 693
1458780 694
1458790 694
1458800 694
1458810 694
1458820 694
1458830 695
1458840 695
1458850 695
1458860 695
1458870 697
1458880 697
1458890 697
1458900 697
1458910 697
1458920 697
1458930 695
1458940 695
1458950 695
1458960 698
1458970 699
1458980 699
1458990 695
1459000 692
1459010 692
1459020 689
1459030 687
1459040 687
1459050 686
1459060 683
1459070 683
1459080 679
1459090 678
1459100 679
1459110 679
1459120 681
1459130 683
1459140 683
1459150 684
1459160 687
1459170 687
1459180 690
1459190 695
1459200 695
1459210 699
1459220 702
1459230 702
1459240 701
1459250 700
1459260 698
1459270 698
1459280 697
1459290 696
1459300 696
1459310 694
1459320 692
1459330 692
1459340 691
1459350 690
1459360 690
1459370 688
1459380 687
1459390 687
1459400 686
1459410 685
1459420 684
1459430 684
1459440 683
1459450 683
1459460 683
1459470 681
1459480 679
1459490 679
1459500 677
1459510 677
1459520 677
1459530 676
1459540 674
1459550 674
1459560 670
1459570 665
1459580 661
1459590 661
1459600 653
1459610 648
1459620 648
1459630 648
1459640 649
1459650 649
1459660 650
1459670 649
1459680 649
1459690 648
1459700 647
1459710 647
1459720 647
1459730 647
1459740 646
1459750 646
1459760 646
1459770 646
1459780 646
1459790 646
1459800 646
1459810 646
1459820 646
1459830 646
1459840 646
1459850 645
1459860 645
1459870 645
1459880 645
1459890 644
1459900 644
1459910 644
1459920 644
1459930 643
1459940 643
1459950 643
1459960 642
1459970 642
1459980 642
1459990 641
