1440000 1855
1440010 1849
1440020 1849
1440030 1844
1440040 1841
1440050 1841
1440060 1838
1440070 1833
1440080 1833
1440090 1829
1440100 1826
1440110 1821
1440120 1821
1440130 1814
1440140 1805
1440150 1805
1440160 1796
1440170 1785
1440180 1785
1440190 1774
1440200 1763
1440210 1763
1440220 1753
1440230 1744
1440240 1744
1440250 1733
1440260 1724
1440270 1717
1440280 1717
1440290 1708
1440300 1700
1440310 1700
1440320 1692
1440330 1683
1440340 1683
1440350 1676
1440360 1670
1440370 1670
1440380 1664
1440390 1657
1440400 1657
1440410 1651
1440420 1645
1440430 1639
1440440 1639
1440450 1633
1440460 1626
1440470 1626
1440480 1617
1440490 1610
1440500 1610
1440510 1607
1440520 1603
1440530 1603
1440540 1590
1440550 1577
1440560 1577
1440570 1568
1440580 1560
1440590 1553
1440600 1553
1440610 1549
1440620 1547
1440630 1547
1440640 1538
1440650 1535
1440660 1535
1440670 1532
1440680 1527
1440690 1527
1440700 1525
1440710 1526
1440720 1526
1440730 1526
1440740 1527
1440750 1527
1440760 1527
1440770 1525
1440780 1519
1440790 1519
1440800 1514
1440810 1505
1440820 1505
1440830 1490
1440840 1482
1440850 1482
1440860 1479
1440870 1472
1440880 1472
1440890 1464
1440900 1456
1440910 1441
1440920 1441
1440930 1431
1440940 1423
1440950 1423
1440960 1416
1440970 1408
1440980 1408
1440990 1399
1441000 1391
1441010 1391
1441020 1384
1441030 1379
1441040 1379
1441050 1372
1441060 1365
1441070 1357
1441080 1357
1441090 1347
1441100 1335
1441110 1335
1441120 1322
1441130 1311
1441140 1311
1441150 1301
1441160 1298
1441170 1298
1441180 1297
1441190 1292
1441200 1292
1441210 1285
1441220 1277
1441230 1270
1441240 1270
1441250 1262
1441260 1254
1441270 1254
1441280 1249
1441290 1243
1441300 1243
1441310 1234
1441320 1227
1441330 1227
1441340 1224
1441350 1223
1441360 1223
1441370 1224
1441380 1225
1441390 1221
1441400 1221
1441410 1216
1441420 1211
1441430 1211
1441440 1206
1441450 1201
1441460 1201
1441470 1195
1441480 1189
1441490 1189
1441500 1184
1441510 1178
1441520 1178
1441530 1171
1441540 1165
1441550 1160
1441560 1160
1441570 1154
1441580 1148
1441590 1148
1441600 1143
1441610 1138
1441620 1138
1441630 1133
1441640 1130
1441650 1130
1441660 1125
1441670 1120
1441680 1120
1441690 1115
1441700 1109
1441710 1103
1441720 1103
1441730 1097
1441740 1091
1441750 1091
1441760 1086
1441770 1080
1441780 1080
1441790 1075
1441800 1070
1441810 1070
1441820 1067
1441830 1061
1441840 1061
1441850 1056
1441860 1051
1441870 1044
1441880 1044
1441890 1039
1441900 1035
1441910 1035
1441920 1027
1441930 1020
1441940 1020
1441950 1016
1441960 1012
1441970 1012
1441980 1008
1441990 1004
1442000 1004
1442010 1003
1442020 1007
1442030 1008
1442040 1008
1442050 1005
1442060 1003
1442070 1003
1442080 1000
1442090 997
1442100 997
1442110 993
1442120 986
1442130 986
1442140 989
1442150 994
1442160 994
1442170 996
1442180 990
1442190 984
1442200 984
1442210 978
1442220 975
1442230 975
1442240 971
1442250 968
1442260 968
1442270 968
1442280 969
1442290 969
1442300 970
1442310 971
1442320 965
1442330 965
1442340 956
1442350 948
1442360 948
1442370 944
1442380 943
1442390 943
1442400 940
1442410 940
1442420 940
1442430 939
1442440 936
1442450 936
1442460 934
1442470 933
1442480 932
1442490 932
1442500 929
1442510 923
1442520 923
1442530 918
1442540 911
1442550 911
1442560 905
1442570 898
1442580 898
1442590 893
1442600 892
1442610 892
1442620 895
1442630 899
1442640 900
1442650 900
1442660 903
1442670 895
1442680 895
1442690 892
1442700 907
1442710 907
1442720 915
1442730 920
1442740 920
1442750 923
1442760 928
1442770 928
1442780 932
1442790 935
1442800 939
1442810 939
1442820 942
1442830 945
1442840 945
1442850 949
1442860 953
1442870 953
1442880 957
1442890 959
1442900 959
1442910 962
1442920 968
1442930 968
1442940 972
1442950 974
1442960 974
1442970 974
1442980 971
1442990 969
1443000 969
1443010 969
1443020 971
1443030 971
1443040 974
1443050 979
1443060 979
1443070 987
1443080 992
1443090 992
1443100 994
1443110 997
1443120 1000
1443130 1000
1443140 1002
1443150 1006
1443160 1006
1443170 1008
1443180 1011
1443190 1011
1443200 1012
1443210 1014
1443220 1014
1443230 1017
1443240 1021
1443250 1021
1443260 1025
1443270 1029
1443280 1034
1443290 1034
1443300 1039
1443310 1044
1443320 1044
1443330 1049
1443340 1054
1443350 1054
1443360 1053
1443370 1050
1443380 1050
1443390 1046
1443400 1047
1443410 1047
1443420 1048
1443430 1043
1443440 1046
1443450 1046
1443460 1058
1443470 1069
1443480 1069
1443490 1079
1443500 1092
1443510 1092
1443520 1101
1443530 1108
1443540 1108
1443550 1113
1443560 1118
1443570 1118
1443580 1122
1443590 1125
1443600 1128
1443610 1128
1443620 1130
1443630 1132
1443640 1132
1443650 1135
1443660 1136
1443670 1136
1443680 1139
1443690 1146
1443700 1146
1443710 1155
1443720 1164
1443730 1164
1443740 1174
1443750 1181
1443760 1183
1443770 1183
1443780 1186
1443790 1190
1443800 1190
1443810 1195
1443820 1198
1443830 1198
1443840 1200
1443850 1202
1443860 1202
1443870 1207
1443880 1211
1443890 1211
1443900 1216
1443910 1221
1443920 1224
1443930 1224
1443940 1228
1443950 1230
1443960 1230
1443970 1231
1443980 1230
1443990 1230
1444000 1231
1444010 1232
1444020 1232
1444030 1235
1444040 1235
1444050 1235
1444060 1232
1444070 1229
1444080 1227
1444090 1227
1444100 1225
1444110 1224
1444120 1224
1444130 1223
1444140 1224
1444150 1224
1444160 1222
1444170 1222
1444180 1222
1444190 1221
1444200 1218
1444210 1218
1444220 1217
1444230 1217
1444240 1213
1444250 1213
1444260 1208
1444270 1202
1444280 1202
1444290 1199
1444300 1195
1444310 1195
1444320 1193
1444330 1197
1444340 1197
1444350 1205
1444360 1213
1444370 1213
1444380 1223
1444390 1232
1444400 1239
1444410 1239
1444420 1245
1444430 1252
1444440 1252
1444450 1258
1444460 1262
1444470 1262
1444480 1263
1444490 1262
1444500 1262
1444510 1259
1444520 1256
1444530 1256
1444540 1257
1444550 1260
1444560 1262
1444570 1262
1444580 1259
1444590 1252
1444600 1252
1444610 1247
1444620 1256
1444630 1256
1444640 1263
1444650 1268
1444660 1268
1444670 1273
1444680 1279
1444690 1279
1444700 1283
1444710 1288
1444720 1298
1444730 1298
1444740 1308
1444750 1315
1444760 1315
1444770 1317
1444780 1318
1444790 1318
1444800 1319
1444810 1320
1444820 1320
1444830 1321
1444840 1320
1444850 1320
1444860 1315
1444870 1308
1444880 1308
1444890 1308
1444900 1312
1444910 1314
1444920 1314
1444930 1315
1444940 1316
1444950 1316
1444960 1315
1444970 1315
1444980 1315
1444990 1318
1445000 1320
1445010 1320
1445020 1322
1445030 1325
1445040 1328
1445050 1328
1445060 1332
1445070 1337
1445080 1337
1445090 1339
1445100 1335
1445110 1335
1445120 1343
1445130 1353
1445140 1353
1445150 1359
1445160 1366
1445170 1366
1445180 1378
1445190 1384
1445200 1392
1445210 1392
1445220 1396
1445230 1399
1445240 1399
1445250 1401
1445260 1404
1445270 1404
1445280 1408
1445290 1410
1445300 1410
1445310 1413
1445320 1414
1445330 1414
1445340 1421
1445350 1422
1445360 1422
1445370 1422
1445380 1424
1445390 1432
1445400 1432
1445410 1440
1445420 1445
1445430 1445
1445440 1447
1445450 1453
1445460 1453
1445470 1461
1445480 1470
1445490 1470
1445500 1478
1445510 1486
1445520 1496
1445530 1496
1445540 1508
1445550 1522
1445560 1522
1445570 1533
1445580 1540
1445590 1540
1445600 1544
1445610 1547
1445620 1547
1445630 1552
1445640 1560
1445650 1560
1445660 1568
1445670 1574
1445680 1579
1445690 1579
1445700 1583
1445710 1588
1445720 1588
1445730 1593
1445740 1598
1445750 1598
1445760 1602
1445770 1605
1445780 1605
1445790 1606
1445800 1608
1445810 1608
1445820 1611
1445830 1613
1445840 1614
1445850 1614
1445860 1614
1445870 1619
1445880 1619
1445890 1626
1445900 1633
1445910 1633
1445920 1639
1445930 1644
1445940 1644
1445950 1650
1445960 1656
1445970 1656
1445980 1663
1445990 1669
1446000 1676
1446010 1676
1446020 1682
1446030 1689
1446040 1689
1446050 1696
1446060 1704
1446070 1704
1446080 1714
1446090 1724
1446100 1724
1446110 1736
1446120 1748
1446130 1748
1446140 1757
1446150 1762
1446160 1767
1446170 1767
1446180 1774
1446190 1783
1446200 1783
1446210 1792
1446220 1800
1446230 1800
1446240 1810
1446250 1820
1446260 1820
1446270 1827
1446280 1832
1446290 1836
1446300 1836
1446310 1841
1446320 1847
1446330 1847
1446340 1851
1446350 1854
1446360 1854
1446370 1857
1446380 1861
1446390 1861
1446400 1866
1446410 1870
1446420 1870
1446430 1873
1446440 1876
1446450 1879
1446460 1879
1446470 1880
1446480 1879
1446490 1879
1446500 1877
1446510 1874
1446520 1874
1446530 1871
1446540 1867
1446550 1867
1446560 1864
1446570 1861
1446580 1861
1446590 1858
1446600 1853
1446610 1847
1446620 1847
1446630 1842
1446640 1840
1446650 1840
1446660 1836
1446670 1832
1446680 1832
1446690 1827
1446700 1823
1446710 1823
1446720 1818
1446730 1812
1446740 1812
1446750 1806
1446760 1802
1446770 1799
1446780 1799
1446790 1797
1446800 1796
1446810 1796
1446820 1794
1446830 1791
1446840 1791
1446850 1791
1446860 1789
1446870 1789
1446880 1785
1446890 1782
1446900 1782
1446910 1779
1446920 1777
1446930 1776
1446940 1776
1446950 1776
1446960 1774
1446970 1774
1446980 1772
1446990 1769
1447000 1769
1447010 1767
1447020 1763
1447030 1763
1447040 1759
1447050 1755
1447060 1755
1447070 1750
1447080 1745
1447090 1739
1447100 1739
1447110 1733
1447120 1727
1447130 1727
1447140 1723
1447150 1720
1447160 1720
1447170 1715
1447180 1705
1447190 1705
1447200 1704
1447210 1700
1447220 1700
1447230 1693
1447240 1686
1447250 1683
1447260 1683
1447270 1679
1447280 1675
1447290 1675
1447300 1672
1447310 1669
1447320 1669
1447330 1664
1447340 1657
1447350 1657
1447360 1647
1447370 1641
1447380 1641
1447390 1633
1447400 1626
1447410 1618
1447420 1618
1447430 1610
1447440 1603
1447450 1603
1447460 1596
1447470 1590
1447480 1590
1447490 1583
1447500 1573
1447510 1573
1447520 1564
1447530 1556
1447540 1556
1447550 1545
1447560 1537
1447570 1533
1447580 1533
1447590 1529
1447600 1526
1447610 1526
1447620 1524
1447630 1521
1447640 1521
1447650 1515
1447660 1509
1447670 1509
1447680 1502
1447690 1494
1447700 1494
1447710 1490
1447720 1484
1447730 1477
1447740 1477
1447750 1472
1447760 1466
1447770 1466
1447780 1459
1447790 1454
1447800 1454
1447810 1448
1447820 1414
1447830 1414
1447840 1386
1447850 1378
1447860 1378
1447870 1371
1447880 1365
1447890 1363
1447900 1363
1447910 1358
1447920 1347
1447930 1347
1447940 1336
1447950 1326
1447960 1326
1447970 1316
1447980 1310
1447990 1310
1448000 1305
1448010 1300
1448020 1300
1448030 1293
1448040 1287
1448050 1280
1448060 1280
1448070 1273
1448080 1267
1448090 1267
1448100 1261
1448110 1255
1448120 1255
1448130 1248
1448140 1241
1448150 1241
1448160 1235
1448170 1228
1448180 1228
1448190 1222
1448200 1216
1448210 1209
1448220 1209
1448230 1203
1448240 1197
1448250 1197
1448260 1191
1448270 1186
1448280 1186
1448290 1182
1448300 1178
1448310 1178
1448320 1170
1448330 1165
1448340 1165
1448350 1161
1448360 1155
1448370 1149
1448380 1149
1448390 1145
1448400 1147
1448410 1147
1448420 1152
1448430 1161
1448440 1161
1448450 1170
1448460 1177
1448470 1177
1448480 1186
1448490 1197
1448500 1197
1448510 1214
1448520 1219
1448530 1227
1448540 1227
1448550 1233
1448560 1243
1448570 1243
1448580 1256
1448590 1271
1448600 1271
1448610 1286
1448620 1299
1448630 1299
1448640 1306
1448650 1309
1448660 1309
1448670 1308
1448680 1314
1448690 1327
1448700 1327
1448710 1343
1448720 1357
1448730 1357
1448740 1371
1448750 1382
1448760 1382
1448770 1392
1448780 1394
1448790 1394
1448800 1395
1448810 1396
1448820 1396
1448830 1394
1448840 1392
1448850 1391
1448860 1391
1448870 1391
1448880 1388
1448890 1388
1448900 1386
1448910 1382
1448920 1382
1448930 1380
1448940 1378
1448950 1378
1448960 1373
1448970 1372
1448980 1372
1448990 1390
1449000 1416
1449010 1427
1449020 1427
1449030 1431
1449040 1435
1449050 1435
1449060 1441
1449070 1447
1449080 1447
1449090 1452
1449100 1455
1449110 1455
1449120 1457
1449130 1457
1449140 1457
1449150 1457
1449160 1454
1449170 1449
1449180 1449
1449190 1445
1449200 1440
1449210 1440
1449220 1438
1449230 1435
1449240 1435
1449250 1431
1449260 1429
1449270 1429
1449280 1428
1449290 1426
1449300 1426
1449310 1423
1449320 1418
1449330 1422
1449340 1422
1449350 1425
1449360 1433
1449370 1433
1449380 1447
1449390 1451
1449400 1451
1449410 1453
1449420 1458
1449430 1458
1449440 1458
1449450 1458
1449460 1458
1449470 1456
1449480 1452
1449490 1448
1449500 1448
1449510 1445
1449520 1442
1449530 1442
1449540 1440
1449550 1441
1449560 1441
1449570 1443
1449580 1447
1449590 1447
1449600 1451
1449610 1459
1449620 1459
1449630 1467
1449640 1473
1449650 1478
1449660 1478
1449670 1484
1449680 1491
1449690 1491
1449700 1497
1449710 1504
1449720 1504
1449730 1508
1449740 1511
1449750 1511
1449760 1513
1449770 1519
1449780 1519
1449790 1521
1449800 1524
1449810 1525
1449820 1525
1449830 1526
1449840 1527
1449850 1527
1449860 1526
1449870 1526
1449880 1526
1449890 1525
1449900 1524
1449910 1524
1449920 1524
1449930 1524
1449940 1524
1449950 1522
1449960 1516
1449970 1509
1449980 1509
1449990 1503
1450000 1496
1450010 1496
1450020 1491
1450030 1485
1450040 1485
1450050 1481
1450060 1478
1450070 1478
1450080 1476
1450090 1475
1450100 1475
1450110 1472
1450120 1466
1450130 1459
1450140 1459
1450150 1455
1450160 1459
1450170 1459
1450180 1463
1450190 1466
1450200 1466
1450210 1467
1450220 1470
1450230 1470
1450240 1474
1450250 1479
1450260 1479
1450270 1484
1450280 1489
1450290 1494
1450300 1494
1450310 1499
1450320 1504
1450330 1504
1450340 1508
1450350 1513
1450360 1513
1450370 1518
1450380 1522
1450390 1522
1450400 1524
1450410 1526
1450420 1527
1450430 1527
1450440 1528
1450450 1529
1450460 1529
1450470 1529
1450480 1528
1450490 1528
1450500 1525
1450510 1523
1450520 1523
1450530 1522
1450540 1520
1450550 1520
1450560 1517
1450570 1513
1450580 1508
1450590 1508
1450600 1501
1450610 1495
1450620 1495
1450630 1496
1450640 1503
1450650 1503
1450660 1511
1450670 1518
1450680 1518
1450690 1522
1450700 1526
1450710 1526
1450720 1526
1450730 1522
1450740 1520
1450750 1520
1450760 1519
1450770 1525
1450780 1525
1450790 1528
1450800 1531
1450810 1531
1450820 1532
1450830 1529
1450840 1529
1450850 1521
1450860 1512
1450870 1512
1450880 1503
1450890 1495
1450900 1491
1450910 1491
1450920 1490
1450930 1494
1450940 1494
1450950 1502
1450960 1503
1450970 1503
1450980 1503
1450990 1506
1451000 1506
1451010 1504
1451020 1495
1451030 1495
1451040 1493
1451050 1492
1451060 1491
1451070 1491
1451080 1489
1451090 1488
1451100 1488
1451110 1486
1451120 1489
1451130 1489
1451140 1489
1451150 1487
1451160 1487
1451170 1484
1451180 1483
1451190 1483
1451200 1483
1451210 1482
1451220 1482
1451230 1482
1451240 1482
1451250 1482
1451260 1482
1451270 1482
1451280 1479
1451290 1479
1451300 1475
1451310 1473
1451320 1473
1451330 1474
1451340 1474
1451350 1474
1451360 1472
1451370 1466
1451380 1460
1451390 1460
1451400 1453
1451410 1447
1451420 1447
1451430 1444
1451440 1446
1451450 1446
1451460 1450
1451470 1451
1451480 1451
1451490 1450
1451500 1449
1451510 1449
1451520 1444
1451530 1440
1451540 1439
1451550 1439
1451560 1440
1451570 1440
1451580 1440
1451590 1436
1451600 1432
1451610 1432
1451620 1427
1451630 1422
1451640 1422
1451650 1418
1451660 1416
1451670 1416
1451680 1412
1451690 1407
1451700 1401
1451710 1401
1451720 1396
1451730 1390
1451740 1390
1451750 1385
1451760 1379
1451770 1379
1451780 1373
1451790 1366
1451800 1366
1451810 1360
1451820 1351
1451830 1351
1451840 1344
1451850 1337
1451860 1332
1451870 1332
1451880 1326
1451890 1317
1451900 1317
1451910 1305
1451920 1296
1451930 1296
1451940 1288
1451950 1281
1451960 1281
1451970 1273
1451980 1265
1451990 1265
1452000 1257
1452010 1249
1452020 1240
1452030 1240
1452040 1232
1452050 1224
1452060 1224
1452070 1214
1452080 1202
1452090 1202
1452100 1190
1452110 1180
1452120 1180
1452130 1167
1452140 1156
1452150 1156
1452160 1148
1452170 1141
1452180 1135
1452190 1135
1452200 1129
1452210 1122
1452220 1122
1452230 1116
1452240 1110
1452250 1110
1452260 1103
1452270 1097
1452280 1097
1452290 1091
1452300 1085
1452310 1085
1452320 1079
1452330 1073
1452340 1068
1452350 1068
1452360 1062
1452370 1056
1452380 1056
1452390 1050
1452400 1045
1452410 1045
1452420 1039
1452430 1034
1452440 1034
1452450 1029
1452460 1024
1452470 1024
1452480 1018
1452490 1013
1452500 1009
1452510 1009
1452520 1004
1452530 999
1452540 999
1452550 995
1452560 991
1452570 991
1452580 986
1452590 981
1452600 981
1452610 977
1452620 972
1452630 972
1452640 968
1452650 964
1452660 960
1452670 960
1452680 955
1452690 948
1452700 948
1452710 942
1452720 937
1452730 937
1452740 927
1452750 910
1452760 910
1452770 902
1452780 898
1452790 898
1452800 900
1452810 913
1452820 923
1452830 923
1452840 929
1452850 935
1452860 935
1452870 940
1452880 946
1452890 946
1452900 952
1452910 957
1452920 957
1452930 963
1452940 973
1452950 973
1452960 983
1452970 992
1452980 999
1452990 999
1453000 1004
1453010 1007
1453020 1007
1453030 1005
1453040 1002
1453050 1002
1453060 1004
1453070 1007
1453080 1007
1453090 1010
1453100 1023
1453110 1023
1453120 1032
1453130 1033
1453140 1034
1453150 1034
1453160 1037
1453170 1041
1453180 1041
1453190 1045
1453200 1049
1453210 1049
1453220 1054
1453230 1058
1453240 1058
1453250 1064
1453260 1070
1453270 1070
1453280 1073
1453290 1075
1453300 1076
1453310 1076
1453320 1078
1453330 1082
1453340 1082
1453350 1087
1453360 1094
1453370 1094
1453380 1100
1453390 1105
1453400 1105
1453410 1112
1453420 1116
1453430 1116
1453440 1117
1453450 1123
1453460 1130
1453470 1130
1453480 1138
1453490 1145
1453500 1145
1453510 1150
1453520 1157
1453530 1157
1453540 1164
1453550 1173
1453560 1173
1453570 1182
1453580 1193
1453590 1193
1453600 1199
1453610 1204
1453620 1207
1453630 1207
1453640 1210
1453650 1211
1453660 1211
1453670 1210
1453680 1209
1453690 1209
1453700 1209
1453710 1211
1453720 1211
1453730 1212
1453740 1213
1453750 1213
1453760 1212
1453770 1210
1453780 1209
1453790 1209
1453800 1209
1453810 1208
1453820 1208
1453830 1204
1453840 1200
1453850 1200
1453860 1195
1453870 1194
1453880 1194
1453890 1194
1453900 1195
1453910 1195
1453920 1196
1453930 1197
1453940 1197
1453950 1197
1453960 1197
1453970 1196
1453980 1196
1453990 1196
1454000 1197
1454010 1197
1454020 1197
1454030 1197
1454040 1197
1454050 1197
1454060 1197
1454070 1197
1454080 1198
1454090 1199
1454100 1199
1454110 1199
1454120 1200
1454130 1201
1454140 1201
1454150 1201
1454160 1200
1454170 1200
1454180 1200
1454190 1200
1454200 1200
1454210 1200
1454220 1199
1454230 1199
1454240 1199
1454250 1198
1454260 1196
1454270 1196
1454280 1195
1454290 1194
1454300 1194
1454310 1193
1454320 1192
1454330 1192
1454340 1191
1454350 1190
1454360 1190
1454370 1189
1454380 1189
1454390 1189
1454400 1189
1454410 1187
1454420 1184
1454430 1184
1454440 1181
1454450 1180
1454460 1180
1454470 1179
1454480 1178
1454490 1178
1454500 1176
1454510 1174
1454520 1174
1454530 1171
1454540 1169
1454550 1168
1454560 1168
1454570 1168
1454580 1168
1454590 1168
1454600 1167
1454610 1165
1454620 1165
1454630 1163
1454640 1160
1454650 1160
1454660 1151
1454670 1142
1454680 1142
1454690 1136
1454700 1131
1454710 1126
1454720 1126
1454730 1122
1454740 1119
1454750 1119
1454760 1117
1454770 1113
1454780 1113
1454790 1112
1454800 1109
1454810 1109
1454820 1105
1454830 1103
1454840 1103
1454850 1099
1454860 1096
1454870 1095
1454880 1095
1454890 1093
1454900 1091
1454910 1091
1454920 1090
1454930 1089
1454940 1089
1454950 1087
1454960 1085
1454970 1085
1454980 1083
1454990 1082
1455000 1082
1455010 1080
1455020 1079
1455030 1078
1455040 1078
1455050 1077
1455060 1075
1455070 1075
1455080 1072
1455090 1071
1455100 1071
1455110 1070
1455120 1067
1455130 1067
1455140 1063
1455150 1065
1455160 1065
1455170 1066
1455180 1065
1455190 1064
1455200 1064
1455210 1062
1455220 1063
1455230 1063
1455240 1064
1455250 1064
1455260 1064
1455270 1064
1455280 1066
1455290 1066
1455300 1067
1455310 1067
1455320 1067
1455330 1068
1455340 1068
1455350 1069
1455360 1069
1455370 1069
1455380 1069
1455390 1069
1455400 1070
1455410 1072
1455420 1072
1455430 1074
1455440 1073
1455450 1073
1455460 1070
1455470 1070
1455480 1070
1455490 1070
1455500 1067
1455510 1066
1455520 1066
1455530 1067
1455540 1065
1455550 1065
1455560 1065
1455570 1064
1455580 1064
1455590 1064
1455600 1065
1455610 1065
1455620 1067
1455630 1066
1455640 1066
1455650 1063
1455660 1061
1455670 1059
1455680 1059
1455690 1057
1455700 1053
1455710 1053
1455720 1049
1455730 1048
1455740 1048
1455750 1047
1455760 1042
1455770 1042
1455780 1044
1455790 1041
1455800 1041
1455810 1043
1455820 1048
1455830 1045
1455840 1045
1455850 1039
1455860 1035
1455870 1035
1455880 1025
1455890 1018
1455900 1018
1455910 1017
1455920 1017
1455930 1017
1455940 1016
1455950 1016
1455960 1016
1455970 1015
1455980 1013
1455990 1015
1456000 1015
1456010 1016
1456020 1020
1456030 1020
1456040 1025
1456050 1029
1456060 1029
1456070 1027
1456080 1017
1456090 1017
1456100 1014
1456110 1011
1456120 1011
1456130 1004
1456140 992
1456150 983
1456160 983
1456170 978
1456180 976
1456190 976
1456200 973
1456210 974
1456220 974
1456230 971
1456240 965
1456250 965
1456260 958
1456270 951
1456280 951
1456290 947
1456300 939
1456310 931
1456320 931
1456330 919
1456340 908
1456350 908
1456360 893
1456370 886
1456380 886
1456390 885
1456400 881
1456410 881
1456420 876
1456430 869
1456440 869
1456450 862
1456460 849
1456470 801
1456480 801
1456490 780
1456500 777
1456510 777
1456520 782
1456530 789
1456540 789
1456550 793
1456560 796
1456570 796
1456580 798
1456590 801
1456600 801
1456610 806
1456620 811
1456630 815
1456640 815
1456650 818
1456660 820
1456670 820
1456680 822
1456690 826
1456700 826
1456710 832
1456720 835
1456730 835
1456740 838
1456750 843
1456760 843
1456770 850
1456780 857
1456790 862
1456800 862
1456810 868
1456820 871
1456830 871
1456840 875
1456850 879
1456860 879
1456870 885
1456880 890
1456890 890
1456900 896
1456910 904
1456920 904
1456930 910
1456940 911
1456950 912
1456960 912
1456970 914
1456980 914
1456990 914
1457000 914
1457010 913
1457020 913
1457030 912
1457040 911
1457050 911
1457060 909
1457070 907
1457080 907
1457090 904
1457100 902
1457110 901
1457120 901
1457130 900
1457140 898
1457150 898
1457160 896
1457170 894
1457180 894
1457190 894
1457200 892
1457210 892
1457220 890
1457230 886
1457240 886
1457250 883
1457260 883
1457270 880
1457280 880
1457290 877
1457300 877
1457310 877
1457320 876
1457330 874
1457340 874
1457350 869
1457360 869
1457370 869
1457380 873
1457390 871
1457400 871
1457410 872
1457420 878
1457430 880
1457440 880
1457450 876
1457460 872
1457470 872
1457480 864
1457490 857
1457500 857
1457510 853
1457520 848
1457530 848
1457540 845
1457550 841
1457560 841
1457570 840
1457580 839
1457590 838
1457600 838
1457610 836
1457620 834
1457630 834
1457640 833
1457650 832
1457660 832
1457670 829
1457680 833
1457690 833
1457700 837
1457710 838
1457720 838
1457730 839
1457740 840
1457750 840
1457760 840
1457770 840
1457780 836
1457790 836
1457800 826
1457810 817
1457820 817
1457830 812
1457840 817
1457850 817
1457860 824
1457870 826
1457880 826
1457890 824
1457900 821
1457910 818
1457920 818
1457930 814
1457940 811
1457950 811
1457960 808
1457970 805
1457980 805
1457990 802
1458000 800
1458010 800
1458020 798
1458030 796
1458040 796
1458050 794
1458060 795
1458070 795
1458080 795
1458090 794
1458100 793
1458110 793
1458120 790
1458130 789
1458140 789
1458150 789
1458160 787
1458170 787
1458180 785
1458190 784
1458200 784
1458210 784
1458220 783
1458230 782
1458240 782
1458250 782
1458260 782
1458270 782
1458280 781
1458290 781
1458300 781
1458310 780
1458320 780
1458330 780
1458340 779
1458350 778
1458360 777
1458370 777
1458380 776
1458390 775
1458400 775
1458410 777
1458420 779
1458430 779
1458440 780
1458450 782
1458460 782
1458470 785
1458480 789
1458490 789
1458500 792
1458510 794
1458520 791
1458530 791
1458540 787
1458550 783
1458560 783
1458570 780
1458580 777
1458590 777
1458600 774
1458610 772
1458620 772
1458630 769
1458640 765
1458650 765
1458660 762
1458670 758
1458680 755
1458690 755
1458700 751
1458710 749
1458720 749
1458730 747
1458740 745
1458750 745
1458760 742
1458770 739
1458780 739
1458790 737
1458800 737
1458810 737
1458820 736
1458830 737
1458840 735
1458850 735
1458860 735
1458870 736
1458880 736
1458890 736
1458900 736
1458910 736
1458920 737
1458930 737
1458940 737
1458950 737
1458960 737
1458970 737
1458980 737
1458990 737
1459000 738
1459010 738
1459020 739
1459030 740
1459040 740
1459050 740
1459060 740
1459070 740
1459080 740
1459090 739
1459100 739
1459110 738
1459120 736
1459130 736
1459140 735
1459150 732
1459160 731
1459170 731
1459180 729
1459190 728
1459200 728
1459210 727
1459220 729
1459230 729
1459240 731
1459250 733
1459260 733
1459270 734
1459280 731
1459290 731
1459300 724
1459310 718
1459320 715
1459330 715
1459340 713
1459350 712
1459360 712
1459370 712
1459380 713
1459390 713
1459400 714
1459410 716
1459420 716
1459430 717
1459440 714
1459450 714
1459460 706
1459470 703
1459480 702
1459490 702
1459500 699
1459510 702
1459520 702
1459530 703
1459540 703
1459550 703
1459560 703
1459570 703
1459580 703
1459590 702
1459600 701
1459610 701
1459620 701
1459630 703
1459640 704
1459650 704
1459660 705
1459670 706
1459680 706
1459690 707
1459700 707
1459710 707
1459720 707
1459730 707
1459740 707
1459750 709
1459760 712
1459770 712
1459780 714
1459790 717
1459800 719
1459810 719
1459820 721
1459830 723
1459840 723
1459850 725
1459860 726
1459870 726
1459880 727
1459890 728
1459900 728
1459910 728
1459920 728
1459930 728
1459940 726
1459950 723
1459960 720
1459970 720
1459980 719
1459990 717
