1440000 1858
1440010 1851
1440020 1851
1440030 1846
1440040 1843
1440050 1843
1440060 1842
1440070 1841
1440080 1838
1440090 1838
1440100 1833
1440110 1826
1440120 1826
1440130 1820
1440140 1810
1440150 1810
1440160 1799
1440170 1791
1440180 1791
1440190 1782
1440200 1772
1440210 1772
1440220 1763
1440230 1756
1440240 1749
1440250 1749
1440260 1742
1440270 1734
1440280 1734
1440290 1725
1440300 1716
1440310 1716
1440320 1709
1440330 1703
1440340 1703
1440350 1698
1440360 1693
1440370 1693
1440380 1688
1440390 1684
1440400 1679
1440410 1679
1440420 1674
1440430 1668
1440440 1668
1440450 1662
1440460 1655
1440470 1655
1440480 1648
1440490 1641
1440500 1641
1440510 1634
1440520 1625
1440530 1625
1440540 1612
1440550 1600
1440560 1588
1440570 1588
1440580 1579
1440590 1571
1440600 1571
1440610 1563
1440620 1556
1440630 1556
1440640 1549
1440650 1541
1440660 1541
1440670 1531
1440680 1522
1440690 1522
1440700 1513
1440710 1504
1440720 1494
1440730 1494
1440740 1483
1440750 1470
1440760 1470
1440770 1458
1440780 1452
1440790 1452
1440800 1453
1440810 1454
1440820 1454
1440830 1455
1440840 1451
1440850 1451
1440860 1441
1440870 1430
1440880 1416
1440890 1416
1440900 1404
1440910 1393
1440920 1393
1440930 1385
1440940 1382
1440950 1382
1440960 1376
1440970 1368
1440980 1368
1440990 1366
1441000 1365
1441010 1365
1441020 1359
1441030 1350
1441040 1339
1441050 1339
1441060 1330
1441070 1323
1441080 1323
1441090 1316
1441100 1309
1441110 1309
1441120 1302
1441130 1296
1441140 1296
1441150 1290
1441160 1287
1441170 1287
1441180 1286
1441190 1284
1441200 1280
1441210 1280
1441220 1273
1441230 1263
1441240 1263
1441250 1249
1441260 1237
1441270 1237
1441280 1227
1441290 1219
1441300 1219
1441310 1212
1441320 1203
1441330 1203
1441340 1196
1441350 1188
1441360 1179
1441370 1179
1441380 1170
1441390 1161
1441400 1161
1441410 1155
1441420 1149
1441430 1149
1441440 1144
1441450 1139
1441460 1139
1441470 1136
1441480 1133
1441490 1133
1441500 1127
1441510 1123
1441520 1122
1441530 1122
1441540 1121
1441550 1121
1441560 1121
1441570 1119
1441580 1115
1441590 1115
1441600 1111
1441610 1106
1441620 1106
1441630 1100
1441640 1093
1441650 1093
1441660 1090
1441670 1092
1441680 1095
1441690 1095
1441700 1095
1441710 1093
1441720 1093
1441730 1091
1441740 1087
1441750 1087
1441760 1083
1441770 1077
1441780 1077
1441790 1070
1441800 1068
1441810 1068
1441820 1071
1441830 1069
1441840 1065
1441850 1065
1441860 1061
1441870 1055
1441880 1055
1441890 1047
1441900 1037
1441910 1037
1441920 1029
1441930 1028
1441940 1028
1441950 1034
1441960 1039
1441970 1039
1441980 1035
1441990 1031
1442000 1034
1442010 1034
1442020 1040
1442030 1042
1442040 1042
1442050 1042
1442060 1041
1442070 1041
1442080 1040
1442090 1039
1442100 1039
1442110 1038
1442120 1037
1442130 1037
1442140 1035
1442150 1030
1442160 1026
1442170 1026
1442180 1025
1442190 1023
1442200 1023
1442210 1020
1442220 1015
1442230 1015
1442240 1011
1442250 1007
1442260 1007
1442270 1002
1442280 998
1442290 998
1442300 995
1442310 991
1442320 985
1442330 985
1442340 984
1442350 987
1442360 987
1442370 990
1442380 995
1442390 995
1442400 998
1442410 1001
1442420 1001
1442430 1004
1442440 1001
1442450 1001
1442460 995
1442470 990
1442480 985
1442490 985
1442500 978
1442510 971
1442520 971
1442530 968
1442540 966
1442550 966
1442560 964
1442570 962
1442580 962
1442590 956
1442600 950
1442610 950
1442620 946
1442630 939
1442640 932
1442650 932
1442660 927
1442670 923
1442680 923
1442690 919
1442700 918
1442710 918
1442720 917
1442730 913
1442740 913
1442750 907
1442760 903
1442770 903
1442780 903
1442790 887
1442800 882
1442810 882
1442820 874
1442830 872
1442840 872
1442850 879
1442860 895
1442870 895
1442880 902
1442890 903
1442900 903
1442910 905
1442920 909
1442930 909
1442940 911
1442950 912
1442960 914
1442970 914
1442980 917
1442990 915
1443000 915
1443010 912
1443020 917
1443030 917
1443040 924
1443050 925
1443060 925
1443070 926
1443080 930
1443090 930
1443100 938
1443110 942
1443120 947
1443130 947
1443140 954
1443150 961
1443160 961
1443170 964
1443180 965
1443190 965
1443200 968
1443210 970
1443220 970
1443230 973
1443240 976
1443250 976
1443260 980
1443270 983
1443280 985
1443290 985
1443300 986
1443310 986
1443320 986
1443330 986
1443340 985
1443350 985
1443360 982
1443370 980
1443380 980
1443390 986
1443400 994
1443410 994
1443420 1004
1443430 1012
1443440 1020
1443450 1020
1443460 1029
1443470 1033
1443480 1033
1443490 1036
1443500 1038
1443510 1038
1443520 1042
1443530 1047
1443540 1047
1443550 1052
1443560 1059
1443570 1059
1443580 1065
1443590 1067
1443600 1066
1443610 1066
1443620 1071
1443630 1079
1443640 1079
1443650 1086
1443660 1091
1443670 1091
1443680 1096
1443690 1101
1443700 1101
1443710 1106
1443720 1110
1443730 1110
1443740 1114
1443750 1118
1443760 1123
1443770 1123
1443780 1129
1443790 1134
1443800 1134
1443810 1139
1443820 1143
1443830 1143
1443840 1146
1443850 1151
1443860 1151
1443870 1158
1443880 1163
1443890 1166
1443900 1166
1443910 1169
1443920 1171
1443930 1171
1443940 1172
1443950 1172
1443960 1172
1443970 1171
1443980 1171
1443990 1171
1444000 1172
1444010 1173
1444020 1173
1444030 1175
1444040 1176
1444050 1176
1444060 1176
1444070 1175
1444080 1174
1444090 1174
1444100 1172
1444110 1168
1444120 1168
1444130 1166
1444140 1165
1444150 1165
1444160 1162
1444170 1159
1444180 1159
1444190 1161
1444200 1161
1444210 1159
1444220 1159
1444230 1155
1444240 1152
1444250 1152
1444260 1150
1444270 1152
1444280 1152
1444290 1162
1444300 1171
1444310 1171
1444320 1179
1444330 1188
1444340 1188
1444350 1193
1444360 1199
1444370 1205
1444380 1205
1444390 1210
1444400 1214
1444410 1214
1444420 1216
1444430 1216
1444440 1216
1444450 1216
1444460 1216
1444470 1216
1444480 1215
1444490 1214
1444500 1214
1444510 1215
1444520 1213
1444530 1206
1444540 1206
1444550 1191
1444560 1180
1444570 1180
1444580 1187
1444590 1198
1444600 1198
1444610 1208
1444620 1216
1444630 1216
1444640 1224
1444650 1230
1444660 1230
1444670 1236
1444680 1239
1444690 1241
1444700 1241
1444710 1241
1444720 1243
1444730 1243
1444740 1245
1444750 1248
1444760 1248
1444770 1250
1444780 1253
1444790 1253
1444800 1257
1444810 1258
1444820 1258
1444830 1259
1444840 1261
1444850 1262
1444860 1262
1444870 1261
1444880 1258
1444890 1258
1444900 1251
1444910 1252
1444920 1252
1444930 1256
1444940 1259
1444950 1259
1444960 1260
1444970 1260
1444980 1260
1444990 1256
1445000 1254
1445010 1260
1445020 1260
1445030 1271
1445040 1281
1445050 1281
1445060 1285
1445070 1286
1445080 1286
1445090 1288
1445100 1293
1445110 1293
1445120 1295
1445130 1302
1445140 1302
1445150 1316
1445160 1321
1445170 1328
1445180 1328
1445190 1337
1445200 1341
1445210 1341
1445220 1345
1445230 1350
1445240 1350
1445250 1356
1445260 1361
1445270 1361
1445280 1366
1445290 1373
1445300 1373
1445310 1380
1445320 1389
1445330 1402
1445340 1402
1445350 1420
1445360 1431
1445370 1431
1445380 1437
1445390 1443
1445400 1443
1445410 1450
1445420 1458
1445430 1458
1445440 1464
1445450 1470
1445460 1470
1445470 1476
1445480 1482
1445490 1489
1445500 1489
1445510 1494
1445520 1500
1445530 1500
1445540 1506
1445550 1510
1445560 1510
1445570 1513
1445580 1517
1445590 1517
1445600 1521
1445610 1525
1445620 1525
1445630 1530
1445640 1536
1445650 1541
1445660 1541
1445670 1546
1445680 1550
1445690 1550
1445700 1554
1445710 1559
1445720 1559
1445730 1564
1445740 1570
1445750 1570
1445760 1577
1445770 1584
1445780 1584
1445790 1591
1445800 1597
1445810 1604
1445820 1604
1445830 1611
1445840 1618
1445850 1618
1445860 1624
1445870 1631
1445880 1631
1445890 1638
1445900 1645
1445910 1641
1445920 1647
1445930 1653
1445940 1653
1445950 1660
1445960 1666
1445970 1673
1445980 1673
1445990 1681
1446000 1689
1446010 1689
1446020 1697
1446030 1707
1446040 1707
1446050 1718
1446060 1728
1446070 1728
1446080 1738
1446090 1745
1446100 1745
1446110 1752
1446120 1760
1446130 1767
1446140 1767
1446150 1772
1446160 1777
1446170 1777
1446180 1784
1446190 1789
1446200 1789
1446210 1796
1446220 1803
1446230 1803
1446240 1805
1446250 1802
1446260 1802
1446270 1801
1446280 1800
1446290 1799
1446300 1799
1446310 1796
1446320 1793
1446330 1793
1446340 1798
1446350 1804
1446360 1804
1446370 1801
1446380 1799
1446390 1799
1446400 1800
1446410 1809
1446420 1809
1446430 1817
1446440 1815
1446450 1814
1446460 1814
1446470 1822
1446480 1822
1446490 1822
1446500 1820
1446510 1819
1446520 1819
1446530 1820
1446540 1820
1446550 1820
1446560 1817
1446570 1813
1446580 1813
1446590 1807
1446600 1801
1446610 1796
1446620 1796
1446630 1789
1446640 1782
1446650 1782
1446660 1778
1446670 1774
1446680 1774
1446690 1771
1446700 1771
1446710 1771
1446720 1771
1446730 1770
1446740 1770
1446750 1772
1446760 1771
1446770 1766
1446780 1766
1446790 1759
1446800 1748
1446810 1748
1446820 1739
1446830 1733
1446840 1733
1446850 1728
1446860 1722
1446870 1722
1446880 1717
1446890 1714
1446900 1714
1446910 1711
1446920 1707
1446930 1703
1446940 1703
1446950 1698
1446960 1693
1446970 1693
1446980 1689
1446990 1686
1447000 1686
1447010 1684
1447020 1683
1447030 1683
1447040 1680
1447050 1679
1447060 1679
1447070 1678
1447080 1676
1447090 1675
1447100 1675
1447110 1673
1447120 1672
1447130 1672
1447140 1669
1447150 1665
1447160 1665
1447170 1659
1447180 1652
1447190 1652
1447200 1646
1447210 1642
1447220 1642
1447230 1637
1447240 1631
1447250 1626
1447260 1626
1447270 1623
1447280 1617
1447290 1617
1447300 1609
1447310 1600
1447320 1600
1447330 1592
1447340 1587
1447350 1587
1447360 1580
1447370 1572
1447380 1572
1447390 1567
1447400 1565
1447410 1561
1447420 1561
1447430 1553
1447440 1545
1447450 1545
1447460 1537
1447470 1527
1447480 1527
1447490 1516
1447500 1508
1447510 1508
1447520 1503
1447530 1498
1447540 1498
1447550 1496
1447560 1489
1447570 1482
1447580 1482
1447590 1474
1447600 1466
1447610 1466
1447620 1459
1447630 1451
1447640 1451
1447650 1440
1447660 1427
1447670 1427
1447680 1420
1447690 1414
1447700 1414
1447710 1406
1447720 1399
1447730 1395
1447740 1395
1447750 1389
1447760 1383
1447770 1383
1447780 1377
1447790 1370
1447800 1370
1447810 1363
1447820 1355
1447830 1355
1447840 1345
1447850 1334
1447860 1334
1447870 1329
1447880 1320
1447890 1310
1447900 1310
1447910 1304
1447920 1298
1447930 1298
1447940 1293
1447950 1288
1447960 1288
1447970 1282
1447980 1278
1447990 1278
1448000 1272
1448010 1264
1448020 1264
1448030 1258
1448040 1251
1448050 1245
1448060 1245
1448070 1240
1448080 1235
1448090 1235
1448100 1231
1448110 1226
1448120 1226
1448130 1221
1448140 1215
1448150 1215
1448160 1210
1448170 1205
1448180 1201
1448190 1201
1448200 1195
1448210 1189
1448220 1189
1448230 1184
1448240 1178
1448250 1178
1448260 1173
1448270 1168
1448280 1168
1448290 1162
1448300 1157
1448310 1157
1448320 1151
1448330 1145
1448340 1138
1448350 1138
1448360 1131
1448370 1124
1448380 1124
1448390 1118
1448400 1114
1448410 1114
1448420 1115
1448430 1120
1448440 1120
1448450 1126
1448460 1131
1448470 1131
1448480 1137
1448490 1143
1448500 1149
1448510 1149
1448520 1154
1448530 1159
1448540 1159
1448550 1164
1448560 1170
1448570 1170
1448580 1176
1448590 1181
1448600 1181
1448610 1185
1448620 1190
1448630 1190
1448640 1195
1448650 1201
1448660 1216
1448670 1216
1448680 1232
1448690 1242
1448700 1242
1448710 1244
1448720 1235
1448730 1235
1448740 1236
1448750 1243
1448760 1243
1448770 1251
1448780 1256
1448790 1256
1448800 1264
1448810 1271
1448820 1272
1448830 1272
1448840 1270
1448850 1268
1448860 1268
1448870 1273
1448880 1282
1448890 1282
1448900 1291
1448910 1297
1448920 1297
1448930 1303
1448940 1310
1448950 1310
1448960 1316
1448970 1322
1448980 1329
1448990 1329
1449000 1334
1449010 1339
1449020 1339
1449030 1346
1449040 1352
1449050 1352
1449060 1358
1449070 1364
1449080 1364
1449090 1369
1449100 1374
1449110 1374
1449120 1377
1449130 1380
1449140 1382
1449150 1382
1449160 1382
1449170 1383
1449180 1383
1449190 1383
1449200 1381
1449210 1381
1449220 1378
1449230 1377
1449240 1377
1449250 1376
1449260 1370
1449270 1370
1449280 1363
1449290 1359
1449300 1361
1449310 1365
1449320 1366
1449330 1371
1449340 1371
1449350 1378
1449360 1383
1449370 1383
1449380 1385
1449390 1386
1449400 1386
1449410 1387
1449420 1389
1449430 1389
1449440 1390
1449450 1393
1449460 1399
1449470 1399
1449480 1405
1449490 1410
1449500 1410
1449510 1414
1449520 1418
1449530 1418
1449540 1421
1449550 1422
1449560 1422
1449570 1425
1449580 1432
1449590 1432
1449600 1438
1449610 1444
1449620 1451
1449630 1451
1449640 1458
1449650 1466
1449660 1466
1449670 1471
1449680 1479
1449690 1479
1449700 1487
1449710 1493
1449720 1493
1449730 1494
1449740 1494
1449750 1494
1449760 1495
1449770 1496
1449780 1497
1449790 1497
1449800 1497
1449810 1496
1449820 1496
1449830 1494
1449840 1492
1449850 1492
1449860 1490
1449870 1489
1449880 1489
1449890 1484
1449900 1479
1449910 1479
1449920 1475
1449930 1471
1449940 1463
1449950 1463
1449960 1455
1449970 1449
1449980 1449
1449990 1444
1450000 1437
1450010 1437
1450020 1430
1450030 1425
1450040 1425
1450050 1419
1450060 1414
1450070 1414
1450080 1410
1450090 1408
1450100 1407
1450110 1407
1450120 1406
1450130 1404
1450140 1404
1450150 1404
1450160 1409
1450170 1409
1450180 1417
1450190 1424
1450200 1424
1450210 1432
1450220 1437
1450230 1437
1450240 1445
1450250 1450
1450260 1442
1450270 1442
1450280 1436
1450290 1436
1450300 1436
1450310 1442
1450320 1454
1450330 1454
1450340 1462
1450350 1469
1450360 1469
1450370 1476
1450380 1478
1450390 1478
1450400 1476
1450410 1469
1450420 1458
1450430 1458
1450440 1458
1450450 1461
1450460 1461
1450470 1461
1450480 1461
1450490 1461
1450500 1458
1450510 1457
1450520 1457
1450530 1455
1450540 1453
1450550 1453
1450560 1451
1450570 1448
1450580 1445
1450590 1445
1450600 1440
1450610 1433
1450620 1433
1450630 1430
1450640 1431
1450650 1431
1450660 1433
1450670 1438
1450680 1438
1450690 1439
1450700 1435
1450710 1435
1450720 1434
1450730 1433
1450740 1432
1450750 1432
1450760 1430
1450770 1428
1450780 1428
1450790 1426
1450800 1425
1450810 1425
1450820 1423
1450830 1420
1450840 1420
1450850 1419
1450860 1415
1450870 1415
1450880 1413
1450890 1416
1450900 1418
1450910 1418
1450920 1418
1450930 1417
1450940 1417
1450950 1414
1450960 1411
1450970 1411
1450980 1409
1450990 1406
1451000 1406
1451010 1403
1451020 1404
1451030 1404
1451040 1403
1451050 1403
1451060 1405
1451070 1405
1451080 1409
1451090 1414
1451100 1414
1451110 1419
1451120 1426
1451130 1426
1451140 1431
1451150 1434
1451160 1434
1451170 1433
1451180 1431
1451190 1431
1451200 1423
1451210 1414
1451220 1406
1451230 1406
1451240 1405
1451250 1408
1451260 1408
1451270 1409
1451280 1409
1451290 1409
1451300 1405
1451310 1402
1451320 1402
1451330 1401
1451340 1402
1451350 1402
1451360 1399
1451370 1396
1451380 1396
1451390 1396
1451400 1396
1451410 1392
1451420 1392
1451430 1388
1451440 1384
1451450 1384
1451460 1377
1451470 1373
1451480 1373
1451490 1372
1451500 1372
1451510 1372
1451520 1374
1451530 1373
1451540 1372
1451550 1372
1451560 1370
1451570 1369
1451580 1369
1451590 1369
1451600 1366
1451610 1366
1451620 1363
1451630 1359
1451640 1359
1451650 1356
1451660 1354
1451670 1354
1451680 1353
1451690 1352
1451700 1349
1451710 1349
1451720 1346
1451730 1344
1451740 1344
1451750 1342
1451760 1339
1451770 1339
1451780 1336
1451790 1331
1451800 1331
1451810 1326
1451820 1322
1451830 1322
1451840 1317
1451850 1309
1451860 1300
1451870 1300
1451880 1293
1451890 1288
1451900 1288
1451910 1283
1451920 1277
1451930 1277
1451940 1270
1451950 1262
1451960 1262
1451970 1255
1451980 1246
1451990 1246
1452000 1238
1452010 1231
1452020 1224
1452030 1224
1452040 1217
1452050 1209
1452060 1209
1452070 1202
1452080 1195
1452090 1195
1452100 1188
1452110 1181
1452120 1181
1452130 1174
1452140 1166
1452150 1166
1452160 1160
1452170 1153
1452180 1145
1452190 1145
1452200 1139
1452210 1133
1452220 1133
1452230 1126
1452240 1120
1452250 1120
1452260 1114
1452270 1107
1452280 1107
1452290 1101
1452300 1095
1452310 1095
1452320 1089
1452330 1084
1452340 1078
1452350 1078
1452360 1073
1452370 1067
1452380 1067
1452390 1059
1452400 1051
1452410 1051
1452420 1043
1452430 1036
1452440 1036
1452450 1029
1452460 1022
1452470 1015
1452480 1015
1452490 1009
1452500 1003
1452510 1003
1452520 997
1452530 991
1452540 991
1452550 985
1452560 980
1452570 980
1452580 974
1452590 969
1452600 969
1452610 963
1452620 959
1452630 956
1452640 956
1452650 956
1452660 956
1452670 956
1452680 952
1452690 948
1452700 948
1452710 945
1452720 939
1452730 939
1452740 933
1452750 928
1452760 928
1452770 922
1452780 914
1452790 906
1452800 906
1452810 908
1452820 910
1452830 910
1452840 903
1452850 888
1452860 888
1452870 887
1452880 889
1452890 889
1452900 891
1452910 896
1452920 896
1452930 902
1452940 910
1452950 915
1452960 915
1452970 920
1452980 924
1452990 924
1453000 929
1453010 933
1453020 933
1453030 939
1453040 942
1453050 942
1453060 944
1453070 947
1453080 952
1453090 955
1453100 958
1453110 961
1453120 961
1453130 964
1453140 967
1453150 967
1453160 972
1453170 977
1453180 977
1453190 981
1453200 985
1453210 985
1453220 990
1453230 995
1453240 995
1453250 999
1453260 1003
1453270 1009
1453280 1009
1453290 1015
1453300 1020
1453310 1020
1453320 1022
1453330 1023
1453340 1023
1453350 1031
1453360 1041
1453370 1041
1453380 1051
1453390 1060
1453400 1060
1453410 1070
1453420 1077
1453430 1082
1453440 1082
1453450 1085
1453460 1089
1453470 1089
1453480 1095
1453490 1100
1453500 1100
1453510 1103
1453520 1106
1453530 1106
1453540 1112
1453550 1118
1453560 1118
1453570 1123
1453580 1128
1453590 1133
1453600 1133
1453610 1138
1453620 1143
1453630 1143
1453640 1147
1453650 1150
1453660 1150
1453670 1153
1453680 1155
1453690 1155
1453700 1155
1453710 1155
1453720 1155
1453730 1156
1453740 1158
1453750 1160
1453760 1160
1453770 1161
1453780 1161
1453790 1161
1453800 1160
1453810 1159
1453820 1159
1453830 1157
1453840 1154
1453850 1154
1453860 1153
1453870 1153
1453880 1153
1453890 1153
1453900 1154
1453910 1155
1453920 1155
1453930 1155
1453940 1154
1453950 1154
1453960 1153
1453970 1152
1453980 1152
1453990 1152
1454000 1153
1454010 1153
1454020 1154
1454030 1156
1454040 1156
1454050 1157
1454060 1158
1454070 1161
1454080 1161
1454090 1163
1454100 1164
1454110 1164
1454120 1164
1454130 1164
1454140 1164
1454150 1164
1454160 1165
1454170 1165
1454180 1166
1454190 1166
1454200 1166
1454210 1166
1454220 1165
1454230 1163
1454240 1163
1454250 1160
1454260 1156
1454270 1156
1454280 1155
1454290 1153
1454300 1153
1454310 1152
1454320 1148
1454330 1148
1454340 1146
1454350 1142
1454360 1142
1454370 1139
1454380 1137
1454390 1134
1454400 1134
1454410 1133
1454420 1130
1454430 1130
1454440 1127
1454450 1124
1454460 1124
1454470 1121
1454480 1117
1454490 1117
1454500 1114
1454510 1109
1454520 1109
1454530 1105
1454540 1100
1454550 1096
1454560 1096
1454570 1094
1454580 1093
1454590 1093
1454600 1091
1454610 1087
1454620 1087
1454630 1084
1454640 1083
1454650 1083
1454660 1081
1454670 1075
1454680 1075
1454690 1071
1454700 1070
1454710 1068
1454720 1068
1454730 1065
1454740 1061
1454750 1061
1454760 1059
1454770 1057
1454780 1057
1454790 1054
1454800 1050
1454810 1050
1454820 1048
1454830 1047
1454840 1047
1454850 1045
1454860 1043
1454870 1042
1454880 1042
1454890 1041
1454900 1039
1454910 1039
1454920 1037
1454930 1035
1454940 1035
1454950 1033
1454960 1031
1454970 1031
1454980 1028
1454990 1026
1455000 1026
1455010 1024
1455020 1023
1455030 1023
1455040 1023
1455050 1021
1455060 1019
1455070 1019
1455080 1018
1455090 1015
1455100 1015
1455110 1011
1455120 1011
1455130 1011
1455140 1008
1455150 1006
1455160 1006
1455170 1005
1455180 1005
1455190 1004
1455200 1004
1455210 1004
1455220 1003
1455230 1003
1455240 1005
1455250 1005
1455260 1005
1455270 1008
1455280 1007
1455290 1007
1455300 1007
1455310 1006
1455320 1006
1455330 1008
1455340 1010
1455350 1013
1455360 1013
1455370 1018
1455380 1021
1455390 1021
1455400 1022
1455410 1023
1455420 1023
1455430 1022
1455440 1020
1455450 1020
1455460 1019
1455470 1017
1455480 1017
1455490 1018
1455500 1019
1455510 1019
1455520 1019
1455530 1015
1455540 1015
1455550 1015
1455560 1017
1455570 1018
1455580 1018
1455590 1016
1455600 1014
1455610 1014
1455620 1011
1455630 1009
1455640 1009
1455650 1007
1455660 1005
1455670 1002
1455680 1002
1455690 999
1455700 996
1455710 996
1455720 992
1455730 987
1455740 987
1455750 983
1455760 981
1455770 981
1455780 980
1455790 978
1455800 978
1455810 976
1455820 972
1455830 968
1455840 968
1455850 965
1455860 962
1455870 962
1455880 961
1455890 960
1455900 960
1455910 959
1455920 957
1455930 957
1455940 955
1455950 955
1455960 955
1455970 954
1455980 952
1455990 950
1456000 950
1456010 949
1456020 946
1456030 946
1456040 943
1456050 940
1456060 940
1456070 937
1456080 933
1456090 933
1456100 930
1456110 928
1456120 928
1456130 924
1456140 920
1456150 917
1456160 917
1456170 916
1456180 916
1456190 916
1456200 915
1456210 914
1456220 914
1456230 912
1456240 911
1456250 911
1456260 907
1456270 901
1456280 901
1456290 897
1456300 893
1456310 888
1456320 888
1456330 883
1456340 877
1456350 877
1456360 873
1456370 867
1456380 867
1456390 857
1456400 845
1456410 845
1456420 837
1456430 812
1456440 812
1456450 797
1456460 787
1456470 776
1456480 776
1456490 765
1456500 753
1456510 753
1456520 743
1456530 738
1456540 738
1456550 736
1456560 737
1456570 737
1456580 736
1456590 735
1456600 741
1456610 741
1456620 749
1456630 753
1456640 753
1456650 754
1456660 757
1456670 757
1456680 763
1456690 769
1456700 769
1456710 779
1456720 794
1456730 794
1456740 797
1456750 798
1456760 800
1456770 800
1456780 804
1456790 809
1456800 809
1456810 810
1456820 813
1456830 813
1456840 816
1456850 817
1456860 817
1456870 818
1456880 823
1456890 823
1456900 829
1456910 837
1456920 846
1456930 846
1456940 852
1456950 852
1456960 852
1456970 852
1456980 848
1456990 848
1457000 844
1457010 843
1457020 843
1457030 844
1457040 846
1457050 846
1457060 848
1457070 849
1457080 848
1457090 848
1457100 843
1457110 841
1457120 841
1457130 845
1457140 846
1457150 846
1457160 845
1457170 843
1457180 843
1457190 841
1457200 841
1457210 841
1457220 838
1457230 835
1457240 830
1457250 830
1457260 826
1457270 826
1457280 826
1457290 823
1457300 820
1457310 820
1457320 815
1457330 812
1457340 812
1457350 817
1457360 813
1457370 813
1457380 814
1457390 818
1457400 825
1457410 825
1457420 832
1457430 841
1457440 841
1457450 844
1457460 845
1457470 845
1457480 845
1457490 845
1457500 845
1457510 841
1457520 834
1457530 834
1457540 829
1457550 826
1457560 822
1457570 822
1457580 819
1457590 815
1457600 815
1457610 812
1457620 809
1457630 809
1457640 804
1457650 800
1457660 800
1457670 795
1457680 793
1457690 793
1457700 790
1457710 790
1457720 789
1457730 789
1457740 787
1457750 785
1457760 785
1457770 784
1457780 783
1457790 783
1457800 782
1457810 780
1457820 780
1457830 780
1457840 779
1457850 779
1457860 776
1457870 777
1457880 776
1457890 776
1457900 775
1457910 774
1457920 774
1457930 773
1457940 771
1457950 771
1457960 769
1457970 768
1457980 768
1457990 767
1458000 766
1458010 766
1458020 765
1458030 763
1458040 762
1458050 762
1458060 761
1458070 759
1458080 759
1458090 758
1458100 757
1458110 757
1458120 756
1458130 754
1458140 754
1458150 754
1458160 753
1458170 753
1458180 751
1458190 751
1458200 750
1458210 750
1458220 749
1458230 749
1458240 749
1458250 749
1458260 749
1458270 749
1458280 748
1458290 747
1458300 747
1458310 745
1458320 746
1458330 746
1458340 745
1458350 748
1458360 751
1458370 751
1458380 754
1458390 757
1458400 757
1458410 761
1458420 764
1458430 764
1458440 767
1458450 770
1458460 770
1458470 772
1458480 773
1458490 773
1458500 775
1458510 777
1458520 778
1458530 778
1458540 779
1458550 780
1458560 780
1458570 780
1458580 780
1458590 780
1458600 780
1458610 779
1458620 779
1458630 780
1458640 778
1458650 778
1458660 775
1458670 771
1458680 767
1458690 767
1458700 764
1458710 761
1458720 761
1458730 758
1458740 755
1458750 755
1458760 751
1458770 747
1458780 747
1458790 743
1458800 740
1458810 740
1458820 736
1458830 732
1458840 729
1458850 729
1458860 725
1458870 722
1458880 722
1458890 720
1458900 719
1458910 719
1458920 718
1458930 717
1458940 717
1458950 714
1458960 711
1458970 711
1458980 710
1458990 709
1459000 708
1459010 708
1459020 706
1459030 706
1459040 706
1459050 708
1459060 709
1459070 709
1459080 710
1459090 710
1459100 710
1459110 711
1459120 711
1459130 711
1459140 711
1459150 710
1459160 710
1459170 710
1459180 709
1459190 708
1459200 708
1459210 708
1459220 707
1459230 707
1459240 706
1459250 704
1459260 704
1459270 702
1459280 699
1459290 699
1459300 698
1459310 697
1459320 697
1459330 697
1459340 697
1459350 697
1459360 697
1459370 697
1459380 699
1459390 699
1459400 700
1459410 700
1459420 700
1459430 701
1459440 701
1459450 701
1459460 700
1459470 698
1459480 698
1459490 698
1459500 696
1459510 692
1459520 692
1459530 687
1459540 687
1459550 687
1459560 689
1459570 692
1459580 692
1459590 692
1459600 691
1459610 691
1459620 691
1459630 691
1459640 690
1459650 690
1459660 690
1459670 689
1459680 689
1459690 689
1459700 689
1459710 689
1459720 690
1459730 691
1459740 691
1459750 693
1459760 695
1459770 695
1459780 698
1459790 701
1459800 702
1459810 702
1459820 703
1459830 704
1459840 704
1459850 704
1459860 706
1459870 706
1459880 707
1459890 707
1459900 707
1459910 707
1459920 707
1459930 707
1459940 707
1459950 707
1459960 706
1459970 706
1459980 704
1459990 702
