1440000 1824
1440010 1825
1440020 1825
1440030 1825
1440040 1821
1440050 1816
1440060 1816
1440070 1811
1440080 1808
1440090 1808
1440100 1804
1440110 1801
1440120 1801
1440130 1800
1440140 1795
1440150 1795
1440160 1792
1440170 1792
1440180 1792
1440190 1792
1440200 1787
1440210 1776
1440220 1776
1440230 1765
1440240 1754
1440250 1754
1440260 1746
1440270 1737
1440280 1737
1440290 1729
1440300 1721
1440310 1721
1440320 1714
1440330 1707
1440340 1707
1440350 1699
1440360 1688
1440370 1680
1440380 1680
1440390 1673
1440400 1667
1440410 1667
1440420 1660
1440430 1654
1440440 1654
1440450 1647
1440460 1640
1440470 1640
1440480 1634
1440490 1628
1440500 1628
1440510 1621
1440520 1614
1440530 1606
1440540 1606
1440550 1597
1440560 1589
1440570 1589
1440580 1582
1440590 1575
1440600 1575
1440610 1566
1440620 1555
1440630 1555
1440640 1546
1440650 1537
1440660 1537
1440670 1530
1440680 1523
1440690 1515
1440700 1515
1440710 1507
1440720 1496
1440730 1496
1440740 1483
1440750 1470
1440760 1470
1440770 1458
1440780 1449
1440790 1449
1440800 1440
1440810 1433
1440820 1433
1440830 1423
1440840 1413
1440850 1404
1440860 1404
1440870 1397
1440880 1393
1440890 1393
1440900 1393
1440910 1391
1440920 1391
1440930 1385
1440940 1376
1440950 1376
1440960 1367
1440970 1360
1440980 1360
1440990 1352
1441000 1347
1441010 1342
1441020 1342
1441030 1336
1441040 1330
1441050 1330
1441060 1323
1441070 1318
1441080 1318
1441090 1317
1441100 1310
1441110 1310
1441120 1307
1441130 1304
1441140 1304
1441150 1296
1441160 1291
1441170 1287
1441180 1287
1441190 1279
1441200 1271
1441210 1271
1441220 1258
1441230 1244
1441240 1244
1441250 1229
1441260 1235
1441270 1235
1441280 1239
1441290 1238
1441300 1238
1441310 1239
1441320 1237
1441330 1237
1441340 1237
1441350 1238
1441360 1238
1441370 1238
1441380 1236
1441390 1232
1441400 1232
1441410 1226
1441420 1219
1441430 1219
1441440 1214
1441450 1212
1441460 1212
1441470 1211
1441480 1207
1441490 1198
1441500 1198
1441510 1188
1441520 1180
1441530 1180
1441540 1171
1441550 1162
1441560 1162
1441570 1153
1441580 1144
1441590 1144
1441600 1140
1441610 1139
1441620 1139
1441630 1138
1441640 1140
1441650 1143
1441660 1143
1441670 1144
1441680 1146
1441690 1146
1441700 1147
1441710 1143
1441720 1143
1441730 1137
1441740 1131
1441750 1131
1441760 1123
1441770 1116
1441780 1116
1441790 1108
1441800 1099
1441810 1091
1441820 1091
1441830 1094
1441840 1100
1441850 1100
1441860 1102
1441870 1099
1441880 1099
1441890 1095
1441900 1092
1441910 1092
1441920 1090
1441930 1085
1441940 1085
1441950 1081
1441960 1084
1441970 1087
1441980 1087
1441990 1089
1442000 1090
1442010 1090
1442020 1090
1442030 1090
1442040 1090
1442050 1090
1442060 1086
1442070 1086
1442080 1080
1442090 1076
1442100 1076
1442110 1072
1442120 1069
1442130 1065
1442140 1065
1442150 1062
1442160 1059
1442170 1059
1442180 1057
1442190 1055
1442200 1055
1442210 1054
1442220 1053
1442230 1053
1442240 1053
1442250 1052
1442260 1052
1442270 1050
1442280 1048
1442290 1045
1442300 1045
1442310 1042
1442320 1037
1442330 1037
1442340 1032
1442350 1028
1442360 1028
1442370 1022
1442380 1016
1442390 1016
1442400 1010
1442410 1005
1442420 1005
1442430 999
1442440 993
1442450 988
1442460 988
1442470 983
1442480 979
1442490 979
1442500 976
1442510 974
1442520 974
1442530 972
1442540 969
1442550 969
1442560 968
1442570 965
1442580 965
1442590 959
1442600 953
1442610 951
1442620 951
1442630 945
1442640 940
1442650 940
1442660 938
1442670 934
1442680 934
1442690 930
1442700 927
1442710 927
1442720 925
1442730 924
1442740 924
1442750 922
1442760 923
1442770 924
1442780 924
1442790 923
1442800 923
1442810 923
1442820 921
1442830 920
1442840 920
1442850 920
1442860 912
1442870 912
1442880 911
1442890 910
1442900 910
1442910 908
1442920 909
1442930 909
1442940 909
1442950 912
1442960 916
1442970 916
1442980 914
1442990 913
1443000 913
1443010 910
1443020 904
1443030 904
1443040 894
1443050 882
1443060 882
1443070 870
1443080 858
1443090 851
1443100 851
1443110 844
1443120 844
1443130 844
1443140 855
1443150 865
1443160 865
1443170 873
1443180 883
1443190 883
1443200 890
1443210 886
1443220 886
1443230 880
1443240 880
1443250 894
1443260 894
1443270 909
1443280 914
1443290 914
1443300 917
1443310 920
1443320 920
1443330 924
1443340 927
1443350 927
1443360 929
1443370 930
1443380 930
1443390 933
1443400 937
1443410 940
1443420 940
1443430 945
1443440 949
1443450 949
1443460 953
1443470 957
1443480 957
1443490 961
1443500 965
1443510 965
1443520 970
1443530 975
1443540 975
1443550 979
1443560 984
1443570 988
1443580 988
1443590 992
1443600 996
1443610 996
1443620 1000
1443630 1006
1443640 1006
1443650 1011
1443660 1017
1443670 1017
1443680 1024
1443690 1029
1443700 1029
1443710 1033
1443720 1036
1443730 1039
1443740 1039
1443750 1042
1443760 1046
1443770 1046
1443780 1049
1443790 1051
1443800 1051
1443810 1053
1443820 1056
1443830 1056
1443840 1058
1443850 1062
1443860 1066
1443870 1066
1443880 1070
1443890 1073
1443900 1073
1443910 1076
1443920 1080
1443930 1080
1443940 1083
1443950 1086
1443960 1086
1443970 1089
1443980 1092
1443990 1092
1444000 1095
1444010 1096
1444020 1094
1444030 1094
1444040 1090
1444050 1082
1444060 1082
1444070 1078
1444080 1080
1444090 1080
1444100 1075
1444110 1066
1444120 1066
1444130 1064
1444140 1074
1444150 1074
1444160 1086
1444170 1096
1444180 1104
1444190 1104
1444200 1109
1444210 1113
1444220 1113
1444230 1118
1444240 1123
1444250 1123
1444260 1126
1444270 1128
1444280 1128
1444290 1130
1444300 1133
1444310 1133
1444320 1135
1444330 1138
1444340 1141
1444350 1141
1444360 1143
1444370 1146
1444380 1146
1444390 1148
1444400 1149
1444410 1149
1444420 1151
1444430 1153
1444440 1153
1444450 1154
1444460 1152
1444470 1152
1444480 1148
1444490 1142
1444500 1133
1444510 1133
1444520 1134
1444530 1144
1444540 1144
1444550 1151
1444560 1157
1444570 1157
1444580 1163
1444590 1167
1444600 1167
1444610 1168
1444620 1167
1444630 1167
1444640 1164
1444650 1160
1444660 1157
1444670 1157
1444680 1157
1444690 1162
1444700 1162
1444710 1169
1444720 1172
1444730 1172
1444740 1171
1444750 1167
1444760 1167
1444770 1169
1444780 1173
1444790 1173
1444800 1177
1444810 1178
1444820 1179
1444830 1179
1444840 1180
1444850 1180
1444860 1180
1444870 1181
1444880 1177
1444890 1177
1444900 1170
1444910 1170
1444920 1170
1444930 1178
1444940 1184
1444950 1184
1444960 1191
1444970 1198
1444980 1205
1444990 1205
1445000 1213
1445010 1221
1445020 1221
1445030 1229
1445040 1236
1445050 1236
1445060 1242
1445070 1247
1445080 1247
1445090 1253
1445100 1259
1445110 1259
1445120 1265
1445130 1272
1445140 1280
1445150 1280
1445160 1288
1445170 1297
1445180 1297
1445190 1307
1445200 1321
1445210 1321
1445220 1330
1445230 1338
1445240 1338
1445250 1347
1445260 1357
1445270 1357
1445280 1366
1445290 1372
1445300 1376
1445310 1376
1445320 1383
1445330 1392
1445340 1392
1445350 1401
1445360 1413
1445370 1413
1445380 1426
1445390 1438
1445400 1438
1445410 1449
1445420 1460
1445430 1460
1445440 1469
1445450 1477
1445460 1483
1445470 1483
1445480 1489
1445490 1493
1445500 1493
1445510 1498
1445520 1505
1445530 1505
1445540 1515
1445550 1525
1445560 1525
1445570 1534
1445580 1540
1445590 1540
1445600 1546
1445610 1551
1445620 1557
1445630 1557
1445640 1564
1445650 1570
1445660 1570
1445670 1576
1445680 1582
1445690 1582
1445700 1587
1445710 1592
1445720 1592
1445730 1598
1445740 1604
1445750 1604
1445760 1611
1445770 1618
1445780 1625
1445790 1625
1445800 1632
1445810 1640
1445820 1640
1445830 1646
1445840 1651
1445850 1651
1445860 1657
1445870 1663
1445880 1663
1445890 1668
1445900 1674
1445910 1674
1445920 1681
1445930 1687
1445940 1694
1445950 1694
1445960 1700
1445970 1706
1445980 1706
1445990 1713
1446000 1716
1446010 1716
1446020 1716
1446030 1714
1446040 1714
1446050 1710
1446060 1704
1446070 1704
1446080 1699
1446090 1697
1446100 1695
1446110 1695
1446120 1691
1446130 1688
1446140 1688
1446150 1686
1446160 1686
1446170 1686
1446180 1686
1446190 1684
1446200 1684
1446210 1684
1446220 1684
1446230 1684
1446240 1684
1446250 1685
1446260 1685
1446270 1685
1446280 1683
1446290 1683
1446300 1683
1446310 1683
1446320 1682
1446330 1682
1446340 1678
1446350 1678
1446360 1678
1446370 1682
1446380 1685
1446390 1685
1446400 1687
1446410 1693
1446420 1697
1446430 1697
1446440 1701
1446450 1701
1446460 1701
1446470 1699
1446480 1701
1446490 1701
1446500 1698
1446510 1696
1446520 1696
1446530 1696
1446540 1695
1446550 1695
1446560 1694
1446570 1693
1446580 1692
1446590 1692
1446600 1694
1446610 1697
1446620 1697
1446630 1694
1446640 1693
1446650 1693
1446660 1691
1446670 1693
1446680 1693
1446690 1693
1446700 1690
1446710 1690
1446720 1686
1446730 1682
1446740 1676
1446750 1676
1446760 1672
1446770 1667
1446780 1667
1446790 1661
1446800 1655
1446810 1655
1446820 1649
1446830 1644
1446840 1644
1446850 1641
1446860 1637
1446870 1637
1446880 1634
1446890 1630
1446900 1627
1446910 1627
1446920 1624
1446930 1621
1446940 1621
1446950 1617
1446960 1614
1446970 1614
1446980 1611
1446990 1608
1447000 1608
1447010 1605
1447020 1602
1447030 1602
1447040 1598
1447050 1593
1447060 1589
1447070 1589
1447080 1587
1447090 1587
1447100 1587
1447110 1588
1447120 1589
1447130 1589
1447140 1589
1447150 1585
1447160 1585
1447170 1582
1447180 1580
1447190 1580
1447200 1578
1447210 1575
1447220 1571
1447230 1571
1447240 1568
1447250 1566
1447260 1566
1447270 1565
1447280 1566
1447290 1566
1447300 1566
1447310 1566
1447320 1566
1447330 1565
1447340 1562
1447350 1562
1447360 1558
1447370 1553
1447380 1549
1447390 1549
1447400 1543
1447410 1537
1447420 1537
1447430 1530
1447440 1521
1447450 1521
1447460 1512
1447470 1504
1447480 1504
1447490 1497
1447500 1492
1447510 1492
1447520 1484
1447530 1477
1447540 1471
1447550 1471
1447560 1462
1447570 1453
1447580 1453
1447590 1444
1447600 1434
1447610 1434
1447620 1424
1447630 1412
1447640 1412
1447650 1399
1447660 1390
1447670 1390
1447680 1383
1447690 1374
1447700 1364
1447710 1364
1447720 1355
1447730 1348
1447740 1348
1447750 1341
1447760 1331
1447770 1331
1447780 1321
1447790 1312
1447800 1312
1447810 1302
1447820 1294
1447830 1294
1447840 1285
1447850 1277
1447860 1268
1447870 1268
1447880 1261
1447890 1254
1447900 1254
1447910 1247
1447920 1242
1447930 1242
1447940 1238
1447950 1234
1447960 1234
1447970 1229
1447980 1224
1447990 1224
1448000 1219
1448010 1214
1448020 1209
1448030 1209
1448040 1205
1448050 1201
1448060 1201
1448070 1196
1448080 1192
1448090 1192
1448100 1186
1448110 1181
1448120 1181
1448130 1175
1448140 1170
1448150 1170
1448160 1166
1448170 1160
1448180 1155
1448190 1155
1448200 1149
1448210 1142
1448220 1142
1448230 1136
1448240 1130
1448250 1130
1448260 1124
1448270 1119
1448280 1119
1448290 1114
1448300 1110
1448310 1110
1448320 1105
1448330 1099
1448340 1095
1448350 1095
1448360 1091
1448370 1087
1448380 1087
1448390 1083
1448400 1077
1448410 1077
1448420 1074
1448430 1077
1448440 1077
1448450 1080
1448460 1083
1448470 1083
1448480 1086
1448490 1091
1448500 1096
1448510 1096
1448520 1101
1448530 1105
1448540 1105
1448550 1110
1448560 1114
1448570 1114
1448580 1119
1448590 1124
1448600 1124
1448610 1129
1448620 1135
1448630 1135
1448640 1138
1448650 1143
1448660 1144
1448670 1144
1448680 1143
1448690 1150
1448700 1150
1448710 1157
1448720 1164
1448730 1164
1448740 1171
1448750 1181
1448760 1181
1448770 1189
1448780 1196
1448790 1201
1448800 1201
1448810 1204
1448820 1204
1448830 1204
1448840 1203
1448850 1214
1448860 1214
1448870 1227
1448880 1241
1448890 1241
1448900 1251
1448910 1261
1448920 1261
1448930 1270
1448940 1278
1448950 1285
1448960 1285
1448970 1293
1448980 1300
1448990 1300
1449000 1305
1449010 1308
1449020 1308
1449030 1312
1449040 1317
1449050 1317
1449060 1321
1449070 1325
1449080 1325
1449090 1327
1449100 1327
1449110 1327
1449120 1327
1449130 1327
1449140 1329
1449150 1329
1449160 1333
1449170 1334
1449180 1334
1449190 1332
1449200 1325
1449210 1325
1449220 1318
1449230 1310
1449240 1310
1449250 1308
1449260 1312
1449270 1317
1449280 1317
1449290 1321
1449300 1325
1449310 1325
1449320 1330
1449330 1332
1449340 1332
1449350 1335
1449360 1340
1449370 1340
1449380 1345
1449390 1350
1449400 1353
1449410 1357
1449420 1362
1449430 1367
1449440 1367
1449450 1372
1449460 1377
1449470 1377
1449480 1382
1449490 1388
1449500 1388
1449510 1391
1449520 1392
1449530 1392
1449540 1392
1449550 1394
1449560 1394
1449570 1396
1449580 1399
1449590 1400
1449600 1400
1449610 1402
1449620 1404
1449630 1404
1449640 1406
1449650 1410
1449660 1410
1449670 1413
1449680 1414
1449690 1414
1449700 1415
1449710 1414
1449720 1414
1449730 1413
1449740 1412
1449750 1411
1449760 1411
1449770 1410
1449780 1409
1449790 1409
1449800 1408
1449810 1407
1449820 1407
1449830 1407
1449840 1406
1449850 1406
1449860 1406
1449870 1405
1449880 1405
1449890 1403
1449900 1402
1449910 1401
1449920 1401
1449930 1399
1449940 1397
1449950 1397
1449960 1392
1449970 1386
1449980 1386
1449990 1380
1450000 1376
1450010 1376
1450020 1375
1450030 1369
1450040 1369
1450050 1361
1450060 1354
1450070 1347
1450080 1347
1450090 1340
1450100 1335
1450110 1335
1450120 1334
1450130 1336
1450140 1336
1450150 1339
1450160 1340
1450170 1340
1450180 1342
1450190 1345
1450200 1345
1450210 1345
1450220 1345
1450230 1346
1450240 1346
1450250 1347
1450260 1349
1450270 1349
1450280 1352
1450290 1352
1450300 1352
1450310 1352
1450320 1352
1450330 1352
1450340 1352
1450350 1352
1450360 1352
1450370 1351
1450380 1351
1450390 1351
1450400 1351
1450410 1351
1450420 1351
1450430 1351
1450440 1351
1450450 1350
1450460 1350
1450470 1350
1450480 1348
1450490 1348
1450500 1345
1450510 1342
1450520 1342
1450530 1339
1450540 1338
1450550 1336
1450560 1336
1450570 1335
1450580 1334
1450590 1334
1450600 1336
1450610 1338
1450620 1338
1450630 1338
1450640 1336
1450650 1336
1450660 1336
1450670 1337
1450680 1337
1450690 1338
1450700 1339
1450710 1339
1450720 1339
1450730 1339
1450740 1339
1450750 1339
1450760 1337
1450770 1333
1450780 1333
1450790 1330
1450800 1329
1450810 1329
1450820 1331
1450830 1333
1450840 1333
1450850 1334
1450860 1333
1450870 1329
1450880 1329
1450890 1324
1450900 1319
1450910 1319
1450920 1320
1450930 1320
1450940 1320
1450950 1316
1450960 1315
1450970 1315
1450980 1314
1450990 1312
1451000 1312
1451010 1308
1451020 1307
1451030 1306
1451040 1306
1451050 1305
1451060 1304
1451070 1304
1451080 1303
1451090 1302
1451100 1302
1451110 1301
1451120 1298
1451130 1298
1451140 1296
1451150 1295
1451160 1295
1451170 1296
1451180 1295
1451190 1293
1451200 1293
1451210 1291
1451220 1289
1451230 1289
1451240 1287
1451250 1288
1451260 1288
1451270 1295
1451280 1303
1451290 1303
1451300 1305
1451310 1304
1451320 1304
1451330 1303
1451340 1300
1451350 1297
1451360 1297
1451370 1293
1451380 1282
1451390 1282
1451400 1277
1451410 1275
1451420 1275
1451430 1276
1451440 1282
1451450 1282
1451460 1287
1451470 1288
1451480 1288
1451490 1290
1451500 1291
1451510 1292
1451520 1292
1451530 1293
1451540 1293
1451550 1293
1451560 1292
1451570 1291
1451580 1291
1451590 1290
1451600 1289
1451610 1289
1451620 1287
1451630 1285
1451640 1285
1451650 1282
1451660 1281
1451670 1280
1451680 1280
1451690 1279
1451700 1280
1451710 1280
1451720 1282
1451730 1283
1451740 1283
1451750 1282
1451760 1280
1451770 1280
1451780 1277
1451790 1275
1451800 1275
1451810 1274
1451820 1273
1451830 1272
1451840 1272
1451850 1268
1451860 1264
1451870 1264
1451880 1259
1451890 1254
1451900 1254
1451910 1248
1451920 1242
1451930 1242
1451940 1237
1451950 1231
1451960 1231
1451970 1226
1451980 1220
1451990 1215
1452000 1215
1452010 1211
1452020 1209
1452030 1209
1452040 1207
1452050 1207
1452060 1207
1452070 1206
1452080 1208
1452090 1208
1452100 1207
1452110 1205
1452120 1205
1452130 1202
1452140 1199
1452150 1194
1452160 1194
1452170 1189
1452180 1185
1452190 1185
1452200 1178
1452210 1171
1452220 1171
1452230 1165
1452240 1158
1452250 1158
1452260 1153
1452270 1147
1452280 1147
1452290 1141
1452300 1135
1452310 1129
1452320 1129
1452330 1123
1452340 1116
1452350 1116
1452360 1110
1452370 1103
1452380 1103
1452390 1096
1452400 1088
1452410 1088
1452420 1080
1452430 1071
1452440 1071
1452450 1063
1452460 1056
1452470 1049
1452480 1049
1452490 1042
1452500 1036
1452510 1036
1452520 1029
1452530 1022
1452540 1022
1452550 1016
1452560 1012
1452570 1012
1452580 1008
1452590 1004
1452600 1004
1452610 1001
1452620 996
1452630 992
1452640 992
1452650 988
1452660 982
1452670 982
1452680 978
1452690 975
1452700 975
1452710 972
1452720 967
1452730 967
1452740 961
1452750 956
1452760 956
1452770 951
1452780 945
1452790 938
1452800 938
1452810 931
1452820 929
1452830 929
1452840 927
1452850 925
1452860 925
1452870 919
1452880 914
1452890 914
1452900 908
1452910 900
1452920 900
1452930 892
1452940 884
1452950 874
1452960 874
1452970 869
1452980 866
1452990 866
1453000 865
1453010 864
1453020 864
1453030 863
1453040 868
1453050 868
1453060 866
1453070 857
1453080 857
1453090 853
1453100 858
1453110 869
1453120 869
1453130 878
1453140 885
1453150 885
1453160 893
1453170 901
1453180 911
1453190 914
1453200 919
1453210 919
1453220 925
1453230 927
1453240 927
1453250 931
1453260 935
1453270 939
1453280 939
1453290 947
1453300 953
1453310 953
1453320 960
1453330 966
1453340 966
1453350 973
1453360 982
1453370 982
1453380 990
1453390 998
1453400 998
1453410 1006
1453420 1012
1453430 1016
1453440 1016
1453450 1021
1453460 1028
1453470 1028
1453480 1035
1453490 1043
1453500 1043
1453510 1048
1453520 1052
1453530 1052
1453540 1055
1453550 1057
1453560 1059
1453570 1059
1453580 1061
1453590 1065
1453600 1065
1453610 1068
1453620 1070
1453630 1070
1453640 1073
1453650 1076
1453660 1076
1453670 1078
1453680 1079
1453690 1079
1453700 1078
1453710 1075
1453720 1073
1453730 1073
1453740 1073
1453750 1072
1453760 1072
1453770 1071
1453780 1071
1453790 1071
1453800 1072
1453810 1072
1453820 1072
1453830 1073
1453840 1071
1453850 1071
1453860 1069
1453870 1068
1453880 1069
1453890 1069
1453900 1071
1453910 1072
1453920 1072
1453930 1071
1453940 1071
1453950 1071
1453960 1071
1453970 1073
1453980 1073
1453990 1076
1454000 1077
1454010 1077
1454020 1076
1454030 1075
1454040 1074
1454050 1074
1454060 1075
1454070 1075
1454080 1075
1454090 1073
1454100 1073
1454110 1073
1454120 1072
1454130 1072
1454140 1072
1454150 1073
1454160 1072
1454170 1072
1454180 1068
1454190 1065
1454200 1062
1454210 1062
1454220 1059
1454230 1056
1454240 1056
1454250 1053
1454260 1052
1454270 1052
1454280 1050
1454290 1047
1454300 1047
1454310 1045
1454320 1044
1454330 1044
1454340 1043
1454350 1043
1454360 1043
1454370 1043
1454380 1042
1454390 1041
1454400 1041
1454410 1040
1454420 1038
1454430 1038
1454440 1036
1454450 1036
1454460 1036
1454470 1035
1454480 1034
1454490 1034
1454500 1033
1454510 1033
1454520 1031
1454530 1031
1454540 1030
1454550 1030
1454560 1030
1454570 1029
1454580 1029
1454590 1029
1454600 1029
1454610 1028
1454620 1028
1454630 1027
1454640 1025
1454650 1025
1454660 1023
1454670 1021
1454680 1019
1454690 1019
1454700 1017
1454710 1015
1454720 1015
1454730 1013
1454740 1011
1454750 1011
1454760 1008
1454770 1006
1454780 1006
1454790 1004
1454800 1002
1454810 1002
1454820 1000
1454830 998
1454840 995
1454850 995
1454860 990
1454870 986
1454880 986
1454890 982
1454900 980
1454910 980
1454920 977
1454930 972
1454940 972
1454950 969
1454960 967
1454970 967
1454980 966
1454990 965
1455000 963
1455010 963
1455020 961
1455030 960
1455040 960
1455050 958
1455060 957
1455070 957
1455080 955
1455090 953
1455100 953
1455110 952
1455120 949
1455130 949
1455140 948
1455150 947
1455160 945
1455170 945
1455180 942
1455190 941
1455200 941
1455210 939
1455220 938
1455230 938
1455240 938
1455250 937
1455260 937
1455270 934
1455280 931
1455290 931
1455300 929
1455310 926
1455320 923
1455330 923
1455340 921
1455350 920
1455360 920
1455370 918
1455380 917
1455390 917
1455400 917
1455410 916
1455420 916
1455430 915
1455440 915
1455450 915
1455460 915
1455470 914
1455480 914
1455490 914
1455500 914
1455510 913
1455520 913
1455530 913
1455540 914
1455550 914
1455560 914
1455570 914
1455580 914
1455590 914
1455600 912
1455610 912
1455620 908
1455630 905
1455640 902
1455650 902
1455660 901
1455670 899
1455680 899
1455690 898
1455700 897
1455710 897
1455720 896
1455730 896
1455740 896
1455750 896
1455760 897
1455770 897
1455780 897
1455790 896
1455800 896
1455810 896
1455820 896
1455830 895
1455840 895
1455850 895
1455860 895
1455870 895
1455880 895
1455890 896
1455900 896
1455910 896
1455920 896
1455930 896
1455940 895
1455950 894
1455960 893
1455970 893
1455980 892
1455990 891
1456000 891
1456010 890
1456020 889
1456030 889
1456040 889
1456050 888
1456060 888
1456070 888
1456080 887
1456090 887
1456100 885
1456110 884
1456120 883
1456130 883
1456140 883
1456150 883
1456160 883
1456170 884
1456180 883
1456190 883
1456200 881
1456210 876
1456220 876
1456230 872
1456240 865
1456250 865
1456260 862
1456270 865
1456280 870
1456290 870
1456300 874
1456310 877
1456320 877
1456330 877
1456340 874
1456350 874
1456360 869
1456370 861
1456380 861
1456390 853
1456400 847
1456410 847
1456420 843
1456430 839
1456440 837
1456450 837
1456460 835
1456470 825
1456480 825
1456490 813
1456500 796
1456510 796
1456520 781
1456530 771
1456540 771
1456550 765
1456560 753
1456570 753
1456580 751
1456590 745
1456600 734
1456610 734
1456620 731
1456630 730
1456640 730
1456650 722
1456660 716
1456670 716
1456680 710
1456690 706
1456700 706
1456710 703
1456720 701
1456730 701
1456740 696
1456750 692
1456760 694
1456770 694
1456780 698
1456790 711
1456800 711
1456810 722
1456820 731
1456830 731
1456840 741
1456850 753
1456860 753
1456870 762
1456880 765
1456890 765
1456900 765
1456910 766
1456920 766
1456930 766
1456940 766
1456950 765
1456960 765
1456970 762
1456980 756
1456990 756
1457000 756
1457010 766
1457020 766
1457030 771
1457040 771
1457050 771
1457060 772
1457070 773
1457080 773
1457090 773
1457100 772
1457110 766
1457120 766
1457130 758
1457140 750
1457150 750
1457160 746
1457170 745
1457180 745
1457190 744
1457200 744
1457210 744
1457220 749
1457230 756
1457240 763
1457250 763
1457260 769
1457270 775
1457280 775
1457290 780
1457300 783
1457310 783
1457320 788
1457330 794
1457340 794
1457350 799
1457360 806
1457370 806
1457380 813
1457390 820
1457400 828
1457410 828
1457420 836
1457430 837
1457440 837
1457450 834
1457460 834
1457470 834
1457480 830
1457490 825
1457500 825
1457510 820
1457520 817
1457530 817
1457540 809
1457550 801
1457560 794
1457570 794
1457580 787
1457590 780
1457600 780
1457610 773
1457620 768
1457630 768
1457640 764
1457650 762
1457660 762
1457670 760
1457680 758
1457690 758
1457700 757
1457710 756
1457720 755
1457730 755
1457740 753
1457750 751
1457760 751
1457770 749
1457780 746
1457790 746
1457800 744
1457810 744
1457820 744
1457830 742
1457840 740
1457850 740
1457860 739
1457870 738
1457880 738
1457890 738
1457900 737
1457910 735
1457920 735
1457930 734
1457940 733
1457950 733
1457960 732
1457970 731
1457980 731
1457990 729
1458000 729
1458010 728
1458020 728
1458030 728
1458040 727
1458050 727
1458060 726
1458070 725
1458080 725
1458090 724
1458100 724
1458110 724
1458120 723
1458130 723
1458140 723
1458150 723
1458160 722
1458170 722
1458180 722
1458190 722
1458200 721
1458210 721
1458220 719
1458230 717
1458240 717
1458250 719
1458260 721
1458270 721
1458280 722
1458290 724
1458300 724
1458310 725
1458320 727
1458330 729
1458340 729
1458350 731
1458360 733
1458370 733
1458380 734
1458390 735
1458400 735
1458410 736
1458420 738
1458430 738
1458440 740
1458450 742
1458460 742
1458470 742
1458480 741
1458490 742
1458500 742
1458510 744
1458520 745
1458530 745
1458540 742
1458550 739
1458560 739
1458570 737
1458580 736
1458590 736
1458600 736
1458610 737
1458620 737
1458630 738
1458640 739
1458650 740
1458660 740
1458670 742
1458680 743
1458690 743
1458700 745
1458710 747
1458720 747
1458730 750
1458740 751
1458750 751
1458760 754
1458770 756
1458780 756
1458790 759
1458800 758
1458810 755
1458820 755
1458830 752
1458840 749
1458850 749
1458860 746
1458870 743
1458880 743
1458890 740
1458900 737
1458910 737
1458920 734
1458930 731
1458940 731
1458950 728
1458960 725
1458970 722
1458980 722
1458990 720
1459000 717
1459010 717
1459020 715
1459030 712
1459040 712
1459050 709
1459060 706
1459070 706
1459080 703
1459090 699
1459100 699
1459110 697
1459120 694
1459130 692
1459140 692
1459150 690
1459160 688
1459170 688
1459180 687
1459190 686
1459200 686
1459210 685
1459220 684
1459230 684
1459240 683
1459250 682
1459260 682
1459270 681
1459280 679
1459290 678
1459300 678
1459310 677
1459320 677
1459330 677
1459340 677
1459350 676
1459360 676
1459370 676
1459380 676
1459390 676
1459400 676
1459410 677
1459420 677
1459430 677
1459440 678
1459450 678
1459460 678
1459470 678
1459480 678
1459490 678
1459500 678
1459510 679
1459520 679
1459530 680
1459540 679
1459550 679
1459560 677
1459570 676
1459580 676
1459590 675
1459600 671
1459610 672
1459620 672
1459630 673
1459640 674
1459650 674
1459660 674
1459670 674
1459680 674
1459690 673
1459700 672
1459710 672
1459720 671
1459730 670
1459740 670
1459750 670
1459760 670
1459770 671
1459780 671
1459790 671
1459800 671
1459810 671
1459820 671
1459830 671
1459840 671
1459850 671
1459860 672
1459870 672
1459880 673
1459890 673
1459900 673
1459910 673
1459920 673
1459930 674
1459940 674
1459950 674
1459960 674
1459970 674
1459980 676
1459990 676
