1440000 1677
1440010 1682
1440020 1687
1440030 1687
1440040 1692
1440050 1697
1440060 1701
1440070 1701
1440080 1705
1440090 1709
1440100 1709
1440110 1715
1440120 1722
1440130 1722
1440140 1729
1440150 1736
1440160 1736
1440170 1745
1440180 1754
1440190 1754
1440200 1761
1440210 1765
1440220 1770
1440230 1770
1440240 1775
1440250 1778
1440260 1778
1440270 1779
1440280 1783
1440290 1783
1440300 1785
1440310 1785
1440320 1785
1440330 1787
1440340 1788
1440350 1788
1440360 1787
1440370 1787
1440380 1788
1440390 1788
1440400 1789
1440410 1788
1440420 1788
1440430 1786
1440440 1786
1440450 1786
1440460 1786
1440470 1787
1440480 1787
1440490 1785
1440500 1781
1440510 1781
1440520 1777
1440530 1773
1440540 1769
1440550 1769
1440560 1766
1440570 1761
1440580 1761
1440590 1757
1440600 1755
1440610 1755
1440620 1752
1440630 1749
1440640 1749
1440650 1749
1440660 1750
1440670 1750
1440680 1749
1440690 1746
1440700 1741
1440710 1741
1440720 1737
1440730 1732
1440740 1732
1440750 1728
1440760 1723
1440770 1723
1440780 1720
1440790 1718
1440800 1718
1440810 1718
1440820 1718
1440830 1718
1440840 1718
1440850 1719
1440860 1720
1440870 1720
1440880 1719
1440890 1717
1440900 1717
1440910 1712
1440920 1707
1440930 1707
1440940 1706
1440950 1703
1440960 1703
1440970 1699
1440980 1695
1440990 1695
1441000 1693
1441010 1690
1441020 1687
1441030 1687
1441040 1685
1441050 1683
1441060 1683
1441070 1681
1441080 1678
1441090 1678
1441100 1673
1441110 1668
1441120 1668
1441130 1664
1441140 1659
1441150 1659
1441160 1654
1441170 1647
1441180 1645
1441190 1645
1441200 1642
1441210 1641
1441220 1641
1441230 1637
1441240 1635
1441250 1635
1441260 1632
1441270 1626
1441280 1626
1441290 1619
1441300 1612
1441310 1612
1441320 1605
1441330 1598
1441340 1597
1441350 1597
1441360 1595
1441370 1592
1441380 1592
1441390 1589
1441400 1588
1441410 1588
1441420 1588
1441430 1586
1441440 1586
1441450 1582
1441460 1578
1441470 1578
1441480 1574
1441490 1569
1441500 1563
1441510 1563
1441520 1556
1441530 1549
1441540 1549
1441550 1540
1441560 1532
1441570 1532
1441580 1525
1441590 1518
1441600 1518
1441610 1511
1441620 1503
1441630 1503
1441640 1495
1441650 1486
1441660 1476
1441670 1476
1441680 1467
1441690 1458
1441700 1458
1441710 1450
1441720 1441
1441730 1441
1441740 1433
1441750 1424
1441760 1424
1441770 1415
1441780 1406
1441790 1406
1441800 1398
1441810 1390
1441820 1382
1441830 1382
1441840 1374
1441850 1365
1441860 1365
1441870 1354
1441880 1345
1441890 1345
1441900 1337
1441910 1333
1441920 1333
1441930 1329
1441940 1326
1441950 1326
1441960 1326
1441970 1323
1441980 1319
1441990 1319
1442000 1316
1442010 1316
1442020 1316
1442030 1315
1442040 1315
1442050 1315
1442060 1315
1442070 1314
1442080 1314
1442090 1311
1442100 1306
1442110 1306
1442120 1301
1442130 1296
1442140 1292
1442150 1292
1442160 1288
1442170 1284
1442180 1284
1442190 1277
1442200 1270
1442210 1270
1442220 1262
1442230 1255
1442240 1255
1442250 1249
1442260 1246
1442270 1246
1442280 1251
1442290 1253
1442300 1254
1442310 1254
1442320 1254
1442330 1252
1442340 1252
1442350 1249
1442360 1247
1442370 1247
1442380 1245
1442390 1244
1442400 1244
1442410 1243
1442420 1242
1442430 1242
1442440 1240
1442450 1237
1442460 1234
1442470 1234
1442480 1230
1442490 1227
1442500 1227
1442510 1224
1442520 1218
1442530 1218
1442540 1209
1442550 1200
1442560 1200
1442570 1192
1442580 1185
1442590 1185
1442600 1179
1442610 1173
1442620 1167
1442630 1167
1442640 1159
1442650 1150
1442660 1150
1442670 1138
1442680 1127
1442690 1127
1442700 1118
1442710 1126
1442720 1126
1442730 1137
1442740 1147
1442750 1147
1442760 1157
1442770 1161
1442780 1166
1442790 1166
1442800 1170
1442810 1173
1442820 1173
1442830 1174
1442840 1173
1442850 1173
1442860 1170
1442870 1166
1442880 1166
1442890 1159
1442900 1154
1442910 1154
1442920 1149
1442930 1149
1442940 1150
1442950 1150
1442960 1151
1442970 1151
1442980 1151
1442990 1152
1443000 1153
1443010 1153
1443020 1153
1443030 1155
1443040 1155
1443050 1157
1443060 1158
1443070 1158
1443080 1160
1443090 1160
1443100 1161
1443110 1161
1443120 1163
1443130 1164
1443140 1164
1443150 1164
1443160 1164
1443170 1164
1443180 1163
1443190 1162
1443200 1162
1443210 1161
1443220 1160
1443230 1160
1443240 1160
1443250 1158
1443260 1157
1443270 1157
1443280 1155
1443290 1153
1443300 1153
1443310 1152
1443320 1150
1443330 1150
1443340 1147
1443350 1145
1443360 1145
1443370 1142
1443380 1139
1443390 1139
1443400 1137
1443410 1136
1443420 1135
1443430 1135
1443440 1133
1443450 1129
1443460 1129
1443470 1125
1443480 1121
1443490 1121
1443500 1117
1443510 1110
1443520 1110
1443530 1104
1443540 1099
1443550 1099
1443560 1093
1443570 1086
1443580 1080
1443590 1080
1443600 1075
1443610 1069
1443620 1069
1443630 1061
1443640 1051
1443650 1051
1443660 1040
1443670 1030
1443680 1030
1443690 1008
1443700 994
1443710 994
1443720 987
1443730 980
1443740 975
1443750 975
1443760 968
1443770 964
1443780 964
1443790 960
1443800 954
1443810 954
1443820 948
1443830 942
1443840 942
1443850 936
1443860 931
1443870 931
1443880 926
1443890 921
1443900 916
1443910 916
1443920 912
1443930 909
1443940 909
1443950 907
1443960 905
1443970 905
1443980 902
1443990 889
1444000 889
1444010 847
1444020 795
1444030 795
1444040 796
1444050 802
1444060 811
1444070 811
1444080 829
1444090 839
1444100 839
1444110 848
1444120 857
1444130 857
1444140 864
1444150 871
1444160 871
1444170 882
1444180 890
1444190 890
1444200 898
1444210 904
1444220 909
1444230 909
1444240 917
1444250 925
1444260 925
1444270 930
1444280 932
1444290 932
1444300 934
1444310 940
1444320 940
1444330 950
1444340 959
1444350 959
1444360 965
1444370 973
1444380 984
1444390 984
1444400 992
1444410 1008
1444420 1008
1444430 1028
1444440 1042
1444450 1042
1444460 1056
1444470 1066
1444480 1066
1444490 1073
1444500 1079
1444510 1079
1444520 1088
1444530 1096
1444540 1101
1444550 1101
1444560 1106
1444570 1111
1444580 1111
1444590 1115
1444600 1118
1444610 1118
1444620 1121
1444630 1124
1444640 1124
1444650 1128
1444660 1133
1444670 1133
1444680 1138
1444690 1143
1444700 1148
1444710 1148
1444720 1153
1444730 1158
1444740 1158
1444750 1164
1444760 1169
1444770 1169
1444780 1173
1444790 1178
1444800 1178
1444810 1182
1444820 1187
1444830 1187
1444840 1193
1444850 1201
1444860 1208
1444870 1208
1444880 1215
1444890 1221
1444900 1221
1444910 1228
1444920 1235
1444930 1235
1444940 1243
1444950 1250
1444960 1250
1444970 1256
1444980 1261
1444990 1261
1445000 1266
1445010 1272
1445020 1278
1445030 1278
1445040 1283
1445050 1287
1445060 1287
1445070 1293
1445080 1298
1445090 1298
1445100 1303
1445110 1308
1445120 1308
1445130 1312
1445140 1315
1445150 1315
1445160 1319
1445170 1323
1445180 1327
1445190 1327
1445200 1329
1445210 1333
1445220 1333
1445230 1337
1445240 1341
1445250 1341
1445260 1344
1445270 1346
1445280 1346
1445290 1349
1445300 1353
1445310 1353
1445320 1356
1445330 1359
1445340 1362
1445350 1362
1445360 1365
1445370 1366
1445380 1366
1445390 1369
1445400 1371
1445410 1371
1445420 1373
1445430 1374
1445440 1374
1445450 1375
1445460 1376
1445470 1377
1445480 1377
1445490 1377
1445500 1377
1445510 1377
1445520 1376
1445530 1376
1445540 1376
1445550 1374
1445560 1373
1445570 1373
1445580 1371
1445590 1369
1445600 1369
1445610 1366
1445620 1363
1445630 1358
1445640 1358
1445650 1351
1445660 1344
1445670 1344
1445680 1337
1445690 1331
1445700 1331
1445710 1325
1445720 1321
1445730 1321
1445740 1318
1445750 1314
1445760 1314
1445770 1309
1445780 1304
1445790 1300
1445800 1300
1445810 1295
1445820 1290
1445830 1290
1445840 1288
1445850 1283
1445860 1283
1445870 1274
1445880 1266
1445890 1266
1445900 1258
1445910 1252
1445920 1252
1445930 1247
1445940 1250
1445950 1254
1445960 1254
1445970 1252
1445980 1251
1445990 1251
1446000 1251
1446010 1251
1446020 1251
1446030 1249
1446040 1250
1446050 1250
1446060 1252
1446070 1253
1446080 1253
1446090 1251
1446100 1247
1446110 1243
1446120 1243
1446130 1236
1446140 1233
1446150 1233
1446160 1235
1446170 1241
1446180 1241
1446190 1246
1446200 1247
1446210 1247
1446220 1250
1446230 1253
1446240 1253
1446250 1250
1446260 1245
1446270 1241
1446280 1241
1446290 1237
1446300 1236
1446310 1236
1446320 1235
1446330 1230
1446340 1230
1446350 1224
1446360 1215
1446370 1215
1446380 1206
1446390 1197
1446400 1197
1446410 1192
1446420 1194
1446430 1197
1446440 1197
1446450 1201
1446460 1203
1446470 1203
1446480 1207
1446490 1213
1446500 1213
1446510 1214
1446520 1209
1446530 1209
1446540 1203
1446550 1197
1446560 1197
1446570 1192
1446580 1185
1446590 1185
1446600 1185
1446610 1185
1446620 1189
1446630 1189
1446640 1192
1446650 1198
1446660 1198
1446670 1206
1446680 1211
1446690 1211
1446700 1212
1446710 1211
1446720 1211
1446730 1209
1446740 1208
1446750 1207
1446760 1207
1446770 1206
1446780 1204
1446790 1204
1446800 1202
1446810 1201
1446820 1201
1446830 1200
1446840 1199
1446850 1199
1446860 1198
1446870 1197
1446880 1197
1446890 1190
1446900 1190
1446910 1194
1446920 1194
1446930 1195
1446940 1194
1446950 1194
1446960 1191
1446970 1188
1446980 1188
1446990 1185
1447000 1185
1447010 1185
1447020 1183
1447030 1180
1447040 1180
1447050 1179
1447060 1180
1447070 1179
1447080 1179
1447090 1180
1447100 1181
1447110 1181
1447120 1182
1447130 1182
1447140 1182
1447150 1183
1447160 1184
1447170 1184
1447180 1185
1447190 1185
1447200 1185
1447210 1186
1447220 1186
1447230 1186
1447240 1186
1447250 1187
1447260 1186
1447270 1186
1447280 1184
1447290 1181
1447300 1181
1447310 1179
1447320 1180
1447330 1180
1447340 1178
1447350 1179
1447360 1179
1447370 1181
1447380 1181
1447390 1182
1447400 1182
1447410 1189
1447420 1187
1447430 1187
1447440 1181
1447450 1172
1447460 1172
1447470 1164
1447480 1154
1447490 1154
1447500 1143
1447510 1138
1447520 1138
1447530 1141
1447540 1141
1447550 1148
1447560 1148
1447570 1159
1447580 1164
1447590 1164
1447600 1163
1447610 1162
1447620 1162
1447630 1160
1447640 1157
1447650 1157
1447660 1155
1447670 1154
1447680 1154
1447690 1152
1447700 1151
1447710 1148
1447720 1148
1447730 1147
1447740 1146
1447750 1146
1447760 1144
1447770 1143
1447780 1143
1447790 1141
1447800 1139
1447810 1139
1447820 1136
1447830 1133
1447840 1133
1447850 1130
1447860 1126
1447870 1124
1447880 1124
1447890 1125
1447900 1124
1447910 1124
1447920 1123
1447930 1120
1447940 1120
1447950 1118
1447960 1117
1447970 1117
1447980 1114
1447990 1111
1448000 1111
1448010 1107
1448020 1103
1448030 1099
1448040 1099
1448050 1095
1448060 1090
1448070 1090
1448080 1084
1448090 1078
1448100 1078
1448110 1073
1448120 1067
1448130 1067
1448140 1061
1448150 1056
1448160 1056
1448170 1052
1448180 1047
1448190 1043
1448200 1043
1448210 1040
1448220 1036
1448230 1036
1448240 1033
1448250 1029
1448260 1029
1448270 1026
1448280 1023
1448290 1023
1448300 1020
1448310 1017
1448320 1017
1448330 1012
1448340 1006
1448350 1000
1448360 1000
1448370 995
1448380 991
1448390 991
1448400 988
1448410 985
1448420 985
1448430 982
1448440 979
1448450 979
1448460 976
1448470 974
1448480 974
1448490 973
1448500 973
1448510 972
1448520 972
1448530 976
1448540 976
1448550 976
1448560 970
1448570 965
1448580 965
1448590 960
1448600 949
1448610 949
1448620 935
1448630 928
1448640 928
1448650 941
1448660 955
1448670 962
1448680 962
1448690 965
1448700 967
1448710 967
1448720 969
1448730 971
1448740 971
1448750 975
1448760 980
1448770 980
1448780 984
1448790 988
1448800 988
1448810 992
1448820 996
1448830 997
1448840 997
1448850 995
1448860 994
1448870 994
1448880 995
1448890 998
1448900 998
1448910 1002
1448920 1004
1448930 1004
1448940 1006
1448950 1006
1448960 1006
1448970 1006
1448980 1006
1448990 1010
1449000 1010
1449010 1012
1449020 1012
1449030 1012
1449040 1013
1449050 1016
1449060 1016
1449070 1018
1449080 1021
1449090 1021
1449100 1021
1449110 1017
1449120 1017
1449130 1013
1449140 1009
1449150 1006
1449160 1006
1449170 1003
1449180 1000
1449190 1000
1449200 997
1449210 996
1449220 996
1449230 995
1449240 994
1449250 994
1449260 993
1449270 990
1449280 990
1449290 982
1449300 979
1449310 989
1449320 989
1449330 994
1449340 996
1449350 996
1449360 997
1449370 999
1449380 999
1449390 1003
1449400 1008
1449410 1008
1449420 1010
1449430 1013
1449440 1013
1449450 1014
1449460 1017
1449470 1021
1449480 1021
1449490 1023
1449500 1025
1449510 1025
1449520 1026
1449530 1026
1449540 1026
1449550 1027
1449560 1027
1449570 1027
1449580 1027
1449590 1026
1449600 1026
1449610 1027
1449620 1028
1449630 1029
1449640 1029
1449650 1031
1449660 1032
1449670 1032
1449680 1034
1449690 1037
1449700 1037
1449710 1039
1449720 1039
1449730 1039
1449740 1039
1449750 1039
1449760 1039
1449770 1039
1449780 1038
1449790 1038
1449800 1038
1449810 1037
1449820 1036
1449830 1036
1449840 1035
1449850 1034
1449860 1034
1449870 1032
1449880 1030
1449890 1030
1449900 1030
1449910 1030
1449920 1030
1449930 1028
1449940 1026
1449950 1023
1449960 1023
1449970 1020
1449980 1017
1449990 1017
1450000 1015
1450010 1012
1450020 1012
1450030 1008
1450040 1005
1450050 1005
1450060 1002
1450070 999
1450080 999
1450090 996
1450100 993
1450110 991
1450120 991
1450130 989
1450140 987
1450150 987
1450160 984
1450170 981
1450180 981
1450190 978
1450200 976
1450210 976
1450220 974
1450230 971
1450240 971
1450250 966
1450260 962
1450270 958
1450280 958
1450290 955
1450300 952
1450310 952
1450320 947
1450330 945
1450340 945
1450350 943
1450360 943
1450370 943
1450380 943
1450390 943
1450400 943
1450410 943
1450420 941
1450430 939
1450440 939
1450450 936
1450460 935
1450470 935
1450480 932
1450490 930
1450500 930
1450510 929
1450520 928
1450530 928
1450540 926
1450550 925
1450560 925
1450570 923
1450580 922
1450590 922
1450600 922
1450610 921
1450620 920
1450630 920
1450640 919
1450650 918
1450660 918
1450670 920
1450680 920
1450690 920
1450700 919
1450710 918
1450720 918
1450730 915
1450740 914
1450750 912
1450760 912
1450770 912
1450780 912
1450790 912
1450800 912
1450810 911
1450820 911
1450830 909
1450840 906
1450850 906
1450860 904
1450870 903
1450880 903
1450890 903
1450900 903
1450910 902
1450920 902
1450930 901
1450940 901
1450950 901
1450960 901
1450970 904
1450980 904
1450990 904
1451000 904
1451010 904
1451020 903
1451030 903
1451040 903
1451050 902
1451060 901
1451070 900
1451080 900
1451090 899
1451100 899
1451110 899
1451120 901
1451130 901
1451140 901
1451150 902
1451160 902
1451170 902
1451180 900
1451190 898
1451200 898
1451210 897
1451220 895
1451230 893
1451240 893
1451250 892
1451260 891
1451270 891
1451280 890
1451290 889
1451300 889
1451310 888
1451320 886
1451330 886
1451340 885
1451350 885
1451360 885
1451370 885
1451380 885
1451390 884
1451400 884
1451410 884
1451420 883
1451430 883
1451440 883
1451450 882
1451460 882
1451470 882
1451480 882
1451490 882
1451500 882
1451510 881
1451520 881
1451530 880
1451540 879
1451550 878
1451560 878
1451570 877
1451580 877
1451590 877
1451600 876
1451610 876
1451620 876
1451630 876
1451640 875
1451650 875
1451660 875
1451670 875
1451680 875
1451690 876
1451700 875
1451710 876
1451720 876
1451730 878
1451740 879
1451750 879
1451760 880
1451770 880
1451780 880
1451790 879
1451800 878
1451810 878
1451820 877
1451830 876
1451840 876
1451850 876
1451860 876
1451870 876
1451880 876
1451890 876
1451900 876
1451910 876
1451920 877
1451930 878
1451940 878
1451950 880
1451960 880
1451970 880
1451980 880
1451990 880
1452000 880
1452010 880
1452020 879
1452030 878
1452040 878
1452050 878
1452060 878
1452070 878
1452080 877
1452090 876
1452100 876
1452110 876
1452120 876
1452130 876
1452140 876
1452150 877
1452160 877
1452170 878
1452180 879
1452190 879
1452200 879
1452210 880
1452220 881
1452230 881
1452240 881
1452250 881
1452260 881
1452270 880
1452280 879
1452290 879
1452300 879
1452310 878
1452320 878
1452330 877
1452340 876
1452350 876
1452360 876
1452370 875
1452380 875
1452390 875
1452400 874
1452410 874
1452420 874
1452430 873
1452440 873
1452450 873
1452460 872
1452470 872
1452480 872
1452490 871
1452500 869
1452510 867
1452520 867
1452530 865
1452540 863
1452550 863
1452560 862
1452570 860
1452580 860
1452590 859
1452600 857
1452610 857
1452620 855
1452630 854
1452640 854
1452650 851
1452660 849
1452670 847
1452680 847
1452690 846
1452700 843
1452710 843
1452720 842
1452730 841
1452740 841
1452750 841
1452760 840
1452770 840
1452780 840
1452790 839
1452800 839
1452810 839
1452820 838
1452830 837
1452840 837
1452850 836
1452860 835
1452870 835
1452880 834
1452890 833
1452900 833
1452910 834
1452920 834
1452930 834
1452940 835
1452950 839
1452960 839
1452970 843
1452980 843
1452990 839
1453000 839
1453010 834
1453020 828
1453030 828
1453040 824
1453050 822
1453060 822
1453070 821
1453080 820
1453090 820
1453100 819
1453110 818
1453120 818
1453130 817
1453140 816
1453150 815
1453160 815
1453170 815
1453180 814
1453190 814
1453200 813
1453210 812
1453220 812
1453230 811
1453240 809
1453250 809
1453260 805
1453270 802
1453280 802
1453290 799
1453300 795
1453310 792
1453320 792
1453330 790
1453340 788
1453350 788
1453360 784
1453370 778
1453380 778
1453390 773
1453400 767
1453410 767
1453420 762
1453430 757
1453440 757
1453450 751
1453460 745
1453470 738
1453480 738
1453490 733
1453500 728
1453510 728
1453520 723
1453530 716
1453540 716
1453550 706
1453560 699
1453570 699
1453580 693
1453590 692
1453600 692
1453610 692
1453620 706
1453630 720
1453640 720
1453650 726
1453660 736
1453670 736
1453680 747
1453690 756
1453700 756
1453710 773
1453720 783
1453730 783
1453740 784
1453750 783
1453760 783
1453770 783
1453780 783
1453790 783
1453800 783
1453810 783
1453820 782
1453830 782
1453840 782
1453850 781
1453860 781
1453870 781
1453880 780
1453890 780
1453900 778
1453910 778
1453920 778
1453930 777
1453940 776
1453950 776
1453960 776
1453970 776
1453980 776
1453990 776
1454000 776
1454010 777
1454020 777
1454030 778
1454040 778
1454050 778
1454060 778
1454070 779
1454080 779
1454090 779
1454100 779
1454110 779
1454120 779
1454130 778
1454140 776
1454150 776
1454160 771
1454170 773
1454180 773
1454190 775
1454200 775
1454210 775
1454220 774
1454230 774
1454240 774
1454250 772
1454260 769
1454270 773
1454280 773
1454290 773
1454300 771
1454310 771
1454320 769
1454330 767
1454340 767
1454350 767
1454360 766
1454370 766
1454380 761
1454390 755
1454400 755
1454410 749
1454420 744
1454430 739
1454440 739
1454450 734
1454460 730
1454470 730
1454480 730
1454490 730
1454500 730
1454510 729
1454520 726
1454530 726
1454540 722
1454550 726
1454560 726
1454570 728
1454580 728
1454590 726
1454600 726
1454610 724
1454620 721
1454630 721
1454640 718
1454650 715
1454660 715
1454670 713
1454680 710
1454690 710
1454700 706
1454710 702
1454720 702
1454730 700
1454740 698
1454750 695
1454760 695
1454770 692
1454780 691
1454790 691
1454800 692
1454810 691
1454820 691
1454830 689
1454840 689
1454850 689
1454860 688
1454870 689
1454880 689
1454890 689
1454900 688
1454910 687
1454920 687
1454930 685
1454940 688
1454950 688
1454960 687
1454970 687
1454980 687
1454990 687
1455000 686
1455010 686
1455020 687
1455030 687
1455040 687
1455050 687
1455060 687
1455070 688
1455080 688
1455090 686
1455100 684
1455110 684
1455120 683
1455130 683
1455140 683
1455150 681
1455160 678
1455170 678
1455180 677
1455190 676
1455200 676
1455210 674
1455220 673
1455230 672
1455240 672
1455250 672
1455260 672
1455270 672
1455280 673
1455290 673
1455300 673
1455310 672
1455320 671
1455330 671
1455340 670
1455350 671
1455360 671
1455370 672
1455380 673
1455390 674
1455400 674
1455410 674
1455420 674
1455430 674
1455440 673
1455450 671
1455460 671
1455470 669
1455480 666
1455490 666
1455500 663
1455510 660
1455520 660
1455530 659
1455540 658
1455550 658
1455560 658
1455570 660
1455580 661
1455590 661
1455600 660
1455610 659
1455620 659
1455630 658
1455640 656
1455650 656
1455660 655
1455670 656
1455680 656
1455690 657
1455700 658
1455710 657
1455720 657
1455730 654
1455740 652
1455750 652
1455760 651
1455770 651
1455780 651
1455790 652
1455800 652
1455810 652
1455820 652
1455830 651
1455840 651
1455850 651
1455860 651
1455870 651
1455880 651
1455890 651
1455900 651
1455910 651
1455920 651
1455930 652
1455940 652
1455950 652
1455960 652
1455970 652
1455980 652
1455990 652
1456000 652
1456010 652
1456020 653
1456030 653
1456040 653
1456050 653
1456060 653
1456070 653
1456080 653
1456090 653
1456100 653
1456110 654
1456120 654
1456130 654
1456140 654
1456150 654
1456160 654
1456170 654
1456180 654
1456190 654
1456200 654
1456210 654
1456220 654
1456230 654
1456240 655
1456250 655
1456260 655
1456270 655
1456280 655
1456290 655
1456300 655
1456310 655
1456320 655
1456330 656
1456340 656
1456350 656
1456360 656
1456370 656
1456380 656
1456390 656
1456400 656
1456410 656
1456420 656
1456430 656
1456440 656
1456450 656
1456460 656
1456470 656
1456480 657
1456490 657
1456500 657
1456510 657
1456520 657
1456530 657
1456540 657
1456550 657
1456560 657
1456570 657
1456580 657
1456590 657
1456600 658
1456610 658
1456620 658
1456630 658
1456640 658
1456650 658
1456660 658
1456670 658
1456680 658
1456690 658
1456700 658
1456710 658
1456720 658
1456730 658
1456740 658
1456750 659
1456760 659
1456770 659
1456780 659
1456790 659
1456800 659
1456810 659
1456820 659
1456830 659
1456840 659
1456850 659
1456860 659
1456870 659
1456880 659
1456890 659
1456900 659
1456910 659
1456920 659
1456930 659
1456940 660
1456950 660
1456960 660
1456970 660
1456980 660
1456990 659
1457000 659
1457010 659
1457020 659
1457030 659
1457040 659
1457050 659
1457060 659
1457070 659
1457080 659
1457090 659
1457100 659
1457110 659
1457120 659
1457130 659
1457140 659
1457150 659
1457160 659
1457170 659
1457180 659
1457190 659
1457200 658
1457210 658
1457220 658
1457230 658
1457240 658
1457250 658
1457260 658
1457270 658
1457280 658
1457290 658
1457300 658
1457310 656
1457320 656
1457330 657
1457340 660
1457350 660
1457360 664
1457370 666
1457380 666
1457390 669
1457400 672
1457410 672
1457420 674
1457430 677
1457440 681
1457450 681
1457460 684
1457470 687
1457480 687
1457490 688
1457500 689
1457510 689
1457520 689
1457530 690
1457540 690
1457550 690
1457560 690
1457570 690
1457580 690
1457590 690
1457600 689
1457610 689
1457620 688
1457630 687
1457640 687
1457650 687
1457660 686
1457670 686
1457680 685
1457690 683
1457700 683
1457710 683
1457720 683
1457730 683
1457740 682
1457750 681
1457760 680
1457770 680
1457780 681
1457790 683
1457800 683
1457810 684
1457820 685
1457830 685
1457840 685
1457850 685
1457860 685
1457870 684
1457880 683
1457890 683
1457900 682
1457910 681
1457920 680
1457930 680
1457940 679
1457950 678
1457960 678
1457970 675
1457980 673
1457990 673
1458000 671
1458010 669
1458020 669
1458030 667
1458040 664
1458050 664
1458060 663
1458070 660
1458080 658
1458090 658
1458100 656
1458110 654
1458120 654
1458130 653
1458140 651
1458150 651
1458160 648
1458170 645
1458180 645
1458190 641
1458200 639
1458210 639
1458220 639
1458230 639
1458240 639
1458250 639
1458260 639
1458270 639
1458280 639
1458290 639
1458300 639
1458310 639
1458320 639
1458330 639
1458340 639
1458350 639
1458360 639
1458370 639
1458380 639
1458390 639
1458400 639
1458410 639
1458420 638
1458430 638
1458440 638
1458450 638
1458460 638
1458470 638
1458480 638
1458490 638
1458500 638
1458510 638
1458520 638
1458530 638
1458540 638
1458550 638
1458560 638
1458570 638
1458580 638
1458590 638
1458600 638
1458610 638
1458620 638
1458630 638
1458640 638
1458650 638
1458660 638
1458670 638
1458680 638
1458690 638
1458700 638
1458710 638
1458720 638
1458730 638
1458740 638
1458750 638
1458760 638
1458770 638
1458780 638
1458790 638
1458800 638
1458810 638
1458820 638
1458830 637
1458840 637
1458850 637
1458860 637
1458870 637
1458880 638
1458890 638
1458900 638
1458910 638
1458920 638
1458930 637
1458940 637
1458950 637
1458960 637
1458970 637
1458980 637
1458990 637
1459000 637
1459010 637
1459020 638
1459030 638
1459040 638
1459050 638
1459060 637
1459070 637
1459080 637
1459090 637
1459100 637
1459110 637
1459120 637
1459130 637
1459140 637
1459150 637
1459160 637
1459170 637
1459180 637
1459190 637
1459200 637
1459210 637
1459220 637
1459230 637
1459240 637
1459250 637
1459260 637
1459270 637
1459280 637
1459290 637
1459300 637
1459310 637
1459320 637
1459330 637
1459340 637
1459350 637
1459360 637
1459370 637
1459380 637
1459390 637
1459400 637
1459410 637
1459420 637
1459430 637
1459440 637
1459450 637
1459460 637
1459470 637
1459480 637
1459490 637
1459500 637
1459510 637
1459520 637
1459530 637
1459540 637
1459550 637
1459560 637
1459570 637
1459580 637
1459590 637
1459600 637
1459610 637
1459620 637
1459630 637
1459640 637
1459650 637
1459660 637
1459670 637
1459680 637
1459690 637
1459700 637
1459710 637
1459720 637
1459730 636
1459740 637
1459750 637
1459760 637
1459770 637
1459780 637
1459790 638
1459800 637
1459810 637
1459820 636
1459830 635
1459840 634
1459850 634
1459860 634
1459870 633
1459880 633
1459890 634
1459900 634
1459910 634
1459920 635
1459930 637
1459940 637
1459950 637
1459960 637
1459970 637
1459980 637
1459990 636
