1440000 1313
1440010 1313
1440020 1318
1440030 1324
1440040 1324
1440050 1330
1440060 1336
1440070 1342
1440080 1342
1440090 1347
1440100 1353
1440110 1353
1440120 1360
1440130 1366
1440140 1366
1440150 1373
1440160 1380
1440170 1380
1440180 1386
1440190 1392
1440200 1392
1440210 1399
1440220 1405
1440230 1412
1440240 1412
1440250 1418
1440260 1424
1440270 1424
1440280 1431
1440290 1438
1440300 1438
1440310 1447
1440320 1455
1440330 1455
1440340 1465
1440350 1475
1440360 1475
1440370 1486
1440380 1494
1440390 1502
1440400 1502
1440410 1511
1440420 1517
1440430 1517
1440440 1522
1440450 1527
1440460 1527
1440470 1533
1440480 1541
1440490 1541
1440500 1550
1440510 1559
1440520 1559
1440530 1567
1440540 1574
1440550 1582
1440560 1582
1440570 1589
1440580 1594
1440590 1594
1440600 1599
1440610 1605
1440620 1605
1440630 1611
1440640 1617
1440650 1617
1440660 1622
1440670 1628
1440680 1628
1440690 1633
1440700 1639
1440710 1644
1440720 1644
1440730 1648
1440740 1653
1440750 1653
1440760 1657
1440770 1661
1440780 1661
1440790 1666
1440800 1670
1440810 1670
1440820 1675
1440830 1679
1440840 1679
1440850 1684
1440860 1688
1440870 1693
1440880 1693
1440890 1697
1440900 1702
1440910 1702
1440920 1706
1440930 1710
1440940 1710
1440950 1716
1440960 1720
1440970 1720
1440980 1723
1440990 1727
1441000 1727
1441010 1730
1441020 1733
1441030 1735
1441040 1735
1441050 1738
1441060 1740
1441070 1740
1441080 1742
1441090 1744
1441100 1744
1441110 1746
1441120 1749
1441130 1749
1441140 1752
1441150 1755
1441160 1755
1441170 1757
1441180 1758
1441190 1756
1441200 1756
1441210 1756
1441220 1757
1441230 1757
1441240 1759
1441250 1759
1441260 1759
1441270 1758
1441280 1758
1441290 1758
1441300 1756
1441310 1755
1441320 1755
1441330 1755
1441340 1755
1441350 1756
1441360 1756
1441370 1759
1441380 1762
1441390 1762
1441400 1766
1441410 1767
1441420 1767
1441430 1768
1441440 1770
1441450 1770
1441460 1774
1441470 1777
1441480 1777
1441490 1777
1441500 1776
1441510 1772
1441520 1772
1441530 1767
1441540 1762
1441550 1762
1441560 1757
1441570 1753
1441580 1753
1441590 1750
1441600 1749
1441610 1749
1441620 1748
1441630 1747
1441640 1747
1441650 1746
1441660 1744
1441670 1742
1441680 1742
1441690 1737
1441700 1732
1441710 1732
1441720 1729
1441730 1727
1441740 1727
1441750 1724
1441760 1720
1441770 1720
1441780 1714
1441790 1707
1441800 1707
1441810 1698
1441820 1690
1441830 1682
1441840 1682
1441850 1675
1441860 1667
1441870 1667
1441880 1661
1441890 1658
1441900 1658
1441910 1651
1441920 1643
1441930 1643
1441940 1636
1441950 1632
1441960 1632
1441970 1627
1441980 1624
1441990 1620
1442000 1620
1442010 1616
1442020 1611
1442030 1611
1442040 1604
1442050 1599
1442060 1599
1442070 1594
1442080 1590
1442090 1590
1442100 1586
1442110 1582
1442120 1582
1442130 1579
1442140 1575
1442150 1571
1442160 1571
1442170 1568
1442180 1564
1442190 1564
1442200 1560
1442210 1557
1442220 1557
1442230 1554
1442240 1550
1442250 1550
1442260 1546
1442270 1543
1442280 1543
1442290 1540
1442300 1538
1442310 1536
1442320 1536
1442330 1534
1442340 1534
1442350 1534
1442360 1534
1442370 1536
1442380 1536
1442390 1534
1442400 1531
1442410 1527
1442420 1526
1442430 1525
1442440 1525
1442450 1522
1442460 1518
1442470 1514
1442480 1514
1442490 1511
1442500 1507
1442510 1507
1442520 1504
1442530 1501
1442540 1501
1442550 1499
1442560 1499
1442570 1499
1442580 1501
1442590 1501
1442600 1501
1442610 1500
1442620 1498
1442630 1496
1442640 1496
1442650 1493
1442660 1491
1442670 1491
1442680 1490
1442690 1489
1442700 1489
1442710 1489
1442720 1490
1442730 1490
1442740 1490
1442750 1490
1442760 1490
1442770 1490
1442780 1490
1442790 1490
1442800 1490
1442810 1490
1442820 1490
1442830 1490
1442840 1490
1442850 1488
1442860 1488
1442870 1484
1442880 1479
1442890 1479
1442900 1475
1442910 1471
1442920 1471
1442930 1467
1442940 1465
1442950 1464
1442960 1464
1442970 1464
1442980 1463
1442990 1463
1443000 1460
1443010 1456
1443020 1456
1443030 1451
1443040 1446
1443050 1446
1443060 1442
1443070 1439
1443080 1439
1443090 1437
1443100 1436
1443110 1434
1443120 1434
1443130 1432
1443140 1427
1443150 1427
1443160 1422
1443170 1418
1443180 1418
1443190 1415
1443200 1411
1443210 1411
1443220 1407
1443230 1403
1443240 1403
1443250 1399
1443260 1395
1443270 1390
1443280 1390
1443290 1385
1443300 1380
1443310 1380
1443320 1374
1443330 1367
1443340 1367
1443350 1360
1443360 1354
1443370 1354
1443380 1348
1443390 1340
1443400 1340
1443410 1332
1443420 1327
1443430 1319
1443440 1319
1443450 1311
1443460 1302
1443470 1302
1443480 1295
1443490 1290
1443500 1290
1443510 1286
1443520 1283
1443530 1283
1443540 1280
1443550 1277
1443560 1277
1443570 1275
1443580 1271
1443590 1267
1443600 1267
1443610 1262
1443620 1256
1443630 1256
1443640 1250
1443650 1245
1443660 1245
1443670 1238
1443680 1229
1443690 1229
1443700 1222
1443710 1215
1443720 1215
1443730 1208
1443740 1202
1443750 1195
1443760 1195
1443770 1187
1443780 1180
1443790 1180
1443800 1173
1443810 1168
1443820 1168
1443830 1163
1443840 1157
1443850 1157
1443860 1150
1443870 1143
1443880 1143
1443890 1135
1443900 1127
1443910 1120
1443920 1120
1443930 1113
1443940 1106
1443950 1106
1443960 1098
1443970 1090
1443980 1090
1443990 1083
1444000 1077
1444010 1077
1444020 1070
1444030 1064
1444040 1064
1444050 1059
1444060 1052
1444070 1046
1444080 1046
1444090 1039
1444100 1033
1444110 1033
1444120 1026
1444130 1021
1444140 1021
1444150 1014
1444160 1009
1444170 1009
1444180 1007
1444190 1004
1444200 1004
1444210 1000
1444220 993
1444230 989
1444240 989
1444250 982
1444260 975
1444270 975
1444280 972
1444290 970
1444300 970
1444310 963
1444320 954
1444330 954
1444340 946
1444350 940
1444360 940
1444370 936
1444380 929
1444390 923
1444400 923
1444410 916
1444420 908
1444430 908
1444440 902
1444450 896
1444460 896
1444470 891
1444480 891
1444490 891
1444500 888
1444510 884
1444520 884
1444530 881
1444540 879
1444550 875
1444560 875
1444570 864
1444580 844
1444590 844
1444600 824
1444610 811
1444620 811
1444630 794
1444640 783
1444650 783
1444660 772
1444670 759
1444680 759
1444690 753
1444700 755
1444710 759
1444720 759
1444730 768
1444740 782
1444750 782
1444760 804
1444770 818
1444780 818
1444790 829
1444800 838
1444810 838
1444820 848
1444830 859
1444840 859
1444850 861
1444860 854
1444870 853
1444880 853
1444890 865
1444900 889
1444910 889
1444920 906
1444930 914
1444940 914
1444950 920
1444960 925
1444970 925
1444980 928
1444990 923
1445000 923
1445010 913
1445020 905
1445030 899
1445040 899
1445050 897
1445060 895
1445070 895
1445080 892
1445090 890
1445100 890
1445110 884
1445120 883
1445130 883
1445140 880
1445150 880
1445160 880
1445170 883
1445180 886
1445190 889
1445200 889
1445210 892
1445220 896
1445230 896
1445240 900
1445250 906
1445260 906
1445270 912
1445280 920
1445290 920
1445300 925
1445310 930
1445320 930
1445330 935
1445340 939
1445350 943
1445360 943
1445370 948
1445380 954
1445390 954
1445400 961
1445410 968
1445420 968
1445430 974
1445440 977
1445450 977
1445460 980
1445470 985
1445480 985
1445490 991
1445500 997
1445510 1006
1445520 1006
1445530 1011
1445540 1014
1445550 1014
1445560 1015
1445570 1016
1445580 1016
1445590 1019
1445600 1020
1445610 1020
1445620 1022
1445630 1025
1445640 1025
1445650 1028
1445660 1029
1445670 1029
1445680 1029
1445690 1030
1445700 1031
1445710 1031
1445720 1032
1445730 1033
1445740 1033
1445750 1034
1445760 1035
1445770 1035
1445780 1036
1445790 1037
1445800 1037
1445810 1039
1445820 1040
1445830 1041
1445840 1041
1445850 1043
1445860 1043
1445870 1043
1445880 1045
1445890 1047
1445900 1047
1445910 1049
1445920 1051
1445930 1051
1445940 1052
1445950 1053
1445960 1053
1445970 1055
1445980 1055
1445990 1054
1446000 1054
1446010 1052
1446020 1049
1446030 1049
1446040 1048
1446050 1047
1446060 1047
1446070 1045
1446080 1044
1446090 1044
1446100 1042
1446110 1040
1446120 1040
1446130 1038
1446140 1036
1446150 1035
1446160 1035
1446170 1034
1446180 1033
1446190 1033
1446200 1033
1446210 1034
1446220 1034
1446230 1034
1446240 1033
1446250 1033
1446260 1032
1446270 1029
1446280 1029
1446290 1026
1446300 1022
1446310 1020
1446320 1020
1446330 1018
1446340 1016
1446350 1016
1446360 1015
1446370 1013
1446380 1013
1446390 1011
1446400 1009
1446410 1009
1446420 1006
1446430 1004
1446440 1004
1446450 1001
1446460 999
1446470 996
1446480 996
1446490 994
1446500 992
1446510 992
1446520 991
1446530 989
1446540 989
1446550 987
1446560 986
1446570 986
1446580 984
1446590 982
1446600 982
1446610 981
1446620 980
1446630 978
1446640 978
1446650 977
1446660 975
1446670 975
1446680 974
1446690 973
1446700 973
1446710 971
1446720 970
1446730 970
1446740 969
1446750 967
1446760 967
1446770 966
1446780 965
1446790 963
1446800 963
1446810 962
1446820 961
1446830 961
1446840 959
1446850 958
1446860 958
1446870 956
1446880 954
1446890 954
1446900 953
1446910 952
1446920 952
1446930 951
1446940 951
1446950 950
1446960 950
1446970 950
1446980 949
1446990 949
1447000 949
1447010 948
1447020 948
1447030 947
1447040 947
1447050 947
1447060 946
1447070 945
1447080 945
1447090 945
1447100 944
1447110 943
1447120 943
1447130 942
1447140 942
1447150 942
1447160 941
1447170 940
1447180 940
1447190 939
1447200 937
1447210 937
1447220 936
1447230 935
1447240 935
1447250 934
1447260 932
1447270 930
1447280 930
1447290 928
1447300 926
1447310 926
1447320 925
1447330 924
1447340 924
1447350 923
1447360 922
1447370 922
1447380 921
1447390 920
1447400 920
1447410 918
1447420 916
1447430 913
1447440 913
1447450 911
1447460 910
1447470 910
1447480 909
1447490 910
1447500 910
1447510 909
1447520 908
1447530 908
1447540 906
1447550 903
1447560 903
1447570 901
1447580 899
1447590 897
1447600 897
1447610 896
1447620 893
1447630 893
1447640 892
1447650 889
1447660 889
1447670 888
1447680 888
1447690 888
1447700 888
1447710 887
1447720 887
1447730 884
1447740 881
1447750 880
1447760 880
1447770 878
1447780 876
1447790 876
1447800 875
1447810 874
1447820 874
1447830 873
1447840 871
1447850 871
1447860 868
1447870 866
1447880 866
1447890 865
1447900 864
1447910 863
1447920 863
1447930 863
1447940 863
1447950 863
1447960 862
1447970 862
1447980 862
1447990 862
1448000 862
1448010 862
1448020 863
1448030 864
1448040 864
1448050 866
1448060 868
1448070 868
1448080 868
1448090 869
1448100 869
1448110 869
1448120 869
1448130 869
1448140 869
1448150 869
1448160 870
1448170 870
1448180 870
1448190 872
1448200 872
1448210 873
1448220 873
1448230 872
1448240 872
1448250 871
1448260 871
1448270 871
1448280 871
1448290 870
1448300 870
1448310 869
1448320 869
1448330 869
1448340 868
1448350 867
1448360 867
1448370 866
1448380 865
1448390 864
1448400 864
1448410 864
1448420 863
1448430 863
1448440 862
1448450 861
1448460 861
1448470 859
1448480 858
1448490 858
1448500 857
1448510 855
1448520 855
1448530 854
1448540 851
1448550 850
1448560 850
1448570 848
1448580 847
1448590 847
1448600 844
1448610 842
1448620 842
1448630 841
1448640 840
1448650 840
1448660 839
1448670 838
1448680 838
1448690 837
1448700 836
1448710 835
1448720 835
1448730 833
1448740 830
1448750 830
1448760 829
1448770 828
1448780 828
1448790 829
1448800 829
1448810 829
1448820 829
1448830 830
1448840 830
1448850 831
1448860 831
1448870 832
1448880 832
1448890 833
1448900 832
1448910 832
1448920 832
1448930 830
1448940 830
1448950 829
1448960 828
1448970 828
1448980 827
1448990 823
1449000 823
1449010 814
1449020 807
1449030 802
1449040 802
1449050 799
1449060 796
1449070 796
1449080 795
1449090 796
1449100 796
1449110 797
1449120 794
1449130 794
1449140 785
1449150 775
1449160 775
1449170 766
1449180 765
1449190 767
1449200 767
1449210 768
1449220 773
1449230 773
1449240 781
1449250 785
1449260 785
1449270 787
1449280 787
1449290 787
1449300 792
1449310 799
1449320 799
1449330 802
1449340 800
1449350 799
1449360 799
1449370 797
1449380 796
1449390 796
1449400 795
1449410 795
1449420 795
1449430 794
1449440 793
1449450 793
1449460 791
1449470 790
1449480 790
1449490 790
1449500 789
1449510 789
1449520 789
1449530 789
1449540 787
1449550 787
1449560 785
1449570 783
1449580 783
1449590 781
1449600 780
1449610 780
1449620 779
1449630 778
1449640 778
1449650 777
1449660 776
1449670 776
1449680 776
1449690 780
1449700 783
1449710 783
1449720 783
1449730 780
1449740 780
1449750 778
1449760 780
1449770 780
1449780 781
1449790 782
1449800 782
1449810 783
1449820 783
1449830 781
1449840 781
1449850 780
1449860 778
1449870 778
1449880 778
1449890 777
1449900 777
1449910 777
1449920 776
1449930 776
1449940 775
1449950 774
1449960 774
1449970 773
1449980 772
1449990 771
1450000 771
1450010 771
1450020 771
1450030 771
1450040 769
1450050 766
1450060 766
1450070 765
1450080 763
1450090 763
1450100 760
1450110 759
1450120 759
1450130 759
1450140 756
1450150 753
1450160 753
1450170 750
1450180 746
1450190 746
1450200 742
1450210 740
1450220 740
1450230 740
1450240 739
1450250 739
1450260 738
1450270 738
1450280 738
1450290 735
1450300 733
1450310 731
1450320 731
1450330 728
1450340 724
1450350 724
1450360 722
1450370 717
1450380 717
1450390 716
1450400 713
1450410 713
1450420 708
1450430 703
1450440 703
1450450 707
1450460 706
1450470 702
1450480 702
1450490 699
1450500 698
1450510 698
1450520 695
1450530 691
1450540 691
1450550 689
1450560 687
1450570 687
1450580 686
1450590 685
1450600 685
1450610 684
1450620 684
1450630 684
1450640 684
1450650 683
1450660 683
1450670 683
1450680 683
1450690 683
1450700 683
1450710 683
1450720 683
1450730 683
1450740 683
1450750 683
1450760 683
1450770 683
1450780 682
1450790 682
1450800 682
1450810 681
1450820 681
1450830 681
1450840 681
1450850 681
1450860 681
1450870 681
1450880 681
1450890 681
1450900 681
1450910 680
1450920 680
1450930 679
1450940 679
1450950 679
1450960 679
1450970 678
1450980 679
1450990 679
1451000 679
1451010 678
1451020 678
1451030 678
1451040 677
1451050 677
1451060 677
1451070 677
1451080 677
1451090 677
1451100 678
1451110 680
1451120 680
1451130 682
1451140 683
1451150 683
1451160 684
1451170 684
1451180 684
1451190 684
1451200 683
1451210 683
1451220 683
1451230 682
1451240 682
1451250 681
1451260 679
1451270 678
1451280 678
1451290 677
1451300 677
1451310 677
1451320 676
1451330 675
1451340 675
1451350 675
1451360 675
1451370 675
1451380 674
1451390 674
1451400 674
1451410 674
1451420 673
1451430 673
1451440 673
1451450 673
1451460 673
1451470 673
1451480 672
1451490 672
1451500 672
1451510 672
1451520 672
1451530 672
1451540 672
1451550 672
1451560 672
1451570 672
1451580 671
1451590 671
1451600 671
1451610 670
1451620 670
1451630 670
1451640 669
1451650 669
1451660 669
1451670 669
1451680 669
1451690 669
1451700 669
1451710 669
1451720 669
1451730 669
1451740 669
1451750 668
1451760 668
1451770 668
1451780 668
1451790 668
1451800 668
1451810 668
1451820 668
1451830 668
1451840 668
1451850 668
1451860 668
1451870 667
1451880 667
1451890 667
1451900 667
1451910 667
1451920 667
1451930 667
1451940 667
1451950 667
1451960 667
1451970 667
1451980 667
1451990 667
1452000 667
1452010 667
1452020 667
1452030 666
1452040 666
1452050 666
1452060 666
1452070 666
1452080 666
1452090 666
1452100 666
1452110 666
1452120 666
1452130 666
1452140 666
1452150 666
1452160 666
1452170 666
1452180 666
1452190 666
1452200 666
1452210 666
1452220 666
1452230 666
1452240 666
1452250 666
1452260 666
1452270 666
1452280 666
1452290 665
1452300 665
1452310 665
1452320 665
1452330 665
1452340 665
1452350 664
1452360 664
1452370 664
1452380 664
1452390 664
1452400 664
1452410 664
1452420 664
1452430 664
1452440 664
1452450 664
1452460 664
1452470 664
1452480 664
1452490 664
1452500 664
1452510 664
1452520 664
1452530 664
1452540 664
1452550 664
1452560 664
1452570 664
1452580 663
1452590 664
1452600 663
1452610 663
1452620 663
1452630 663
1452640 663
1452650 663
1452660 663
1452670 663
1452680 663
1452690 663
1452700 663
1452710 663
1452720 663
1452730 663
1452740 663
1452750 663
1452760 663
1452770 663
1452780 663
1452790 662
1452800 663
1452810 663
1452820 663
1452830 663
1452840 663
1452850 663
1452860 663
1452870 663
1452880 663
1452890 663
1452900 664
1452910 664
1452920 664
1452930 664
1452940 664
1452950 664
1452960 664
1452970 664
1452980 665
1452990 665
1453000 665
1453010 665
1453020 665
1453030 665
1453040 665
1453050 665
1453060 665
1453070 665
1453080 665
1453090 665
1453100 665
1453110 665
1453120 666
1453130 666
1453140 666
1453150 666
1453160 666
1453170 666
1453180 666
1453190 666
1453200 666
1453210 667
1453220 667
1453230 667
1453240 667
1453250 667
1453260 667
1453270 667
1453280 668
1453290 668
1453300 668
1453310 668
1453320 668
1453330 668
1453340 668
1453350 669
1453360 669
1453370 669
1453380 669
1453390 669
1453400 669
1453410 669
1453420 669
1453430 669
1453440 670
1453450 670
1453460 670
1453470 669
1453480 669
1453490 670
1453500 670
1453510 670
1453520 670
1453530 670
1453540 670
1453550 670
1453560 670
1453570 671
1453580 671
1453590 670
1453600 670
1453610 670
1453620 670
1453630 671
1453640 671
1453650 671
1453660 671
1453670 671
1453680 671
1453690 671
1453700 671
1453710 671
1453720 671
1453730 671
1453740 671
1453750 671
1453760 671
1453770 671
1453780 670
1453790 670
1453800 670
1453810 670
1453820 670
1453830 669
1453840 669
1453850 668
1453860 669
1453870 669
1453880 669
1453890 669
1453900 669
1453910 669
1453920 669
1453930 669
1453940 669
1453950 669
1453960 669
1453970 669
1453980 669
1453990 668
1454000 668
1454010 668
1454020 668
1454030 668
1454040 668
1454050 668
1454060 668
1454070 668
1454080 667
1454090 667
1454100 667
1454110 667
1454120 667
1454130 667
1454140 667
1454150 667
1454160 667
1454170 666
1454180 666
1454190 666
1454200 666
1454210 665
1454220 665
1454230 665
1454240 665
1454250 665
1454260 665
1454270 665
1454280 665
1454290 664
1454300 664
1454310 664
1454320 664
1454330 664
1454340 663
1454350 663
1454360 663
1454370 663
1454380 663
1454390 663
1454400 663
1454410 663
1454420 662
1454430 662
1454440 662
1454450 661
1454460 660
1454470 660
1454480 660
1454490 660
1454500 662
1454510 662
1454520 659
1454530 658
1454540 658
1454550 658
1454560 658
1454570 658
1454580 660
1454590 661
1454600 661
1454610 662
1454620 661
1454630 659
1454640 659
1454650 658
1454660 658
1454670 658
1454680 658
1454690 658
1454700 658
1454710 658
1454720 658
1454730 658
1454740 657
1454750 657
1454760 657
1454770 657
1454780 657
1454790 656
1454800 656
1454810 655
1454820 655
1454830 655
1454840 654
1454850 654
1454860 654
1454870 654
1454880 654
1454890 654
1454900 653
1454910 653
1454920 653
1454930 653
1454940 653
1454950 653
1454960 653
1454970 653
1454980 653
1454990 653
1455000 653
1455010 653
1455020 653
1455030 653
1455040 652
1455050 652
1455060 652
1455070 652
1455080 652
1455090 652
1455100 652
1455110 652
1455120 652
1455130 652
1455140 652
1455150 652
1455160 652
1455170 652
1455180 652
1455190 652
1455200 652
1455210 652
1455220 652
1455230 652
1455240 652
1455250 651
1455260 652
1455270 652
1455280 652
1455290 652
1455300 652
1455310 652
1455320 651
1455330 651
1455340 651
1455350 651
1455360 651
1455370 651
1455380 651
1455390 651
1455400 651
1455410 651
1455420 651
1455430 651
1455440 651
1455450 651
1455460 651
1455470 651
1455480 651
1455490 651
1455500 651
1455510 651
1455520 650
1455530 650
1455540 650
1455550 650
1455560 650
1455570 650
1455580 650
1455590 650
1455600 650
1455610 650
1455620 650
1455630 650
1455640 650
1455650 650
1455660 650
1455670 650
1455680 650
1455690 650
1455700 650
1455710 650
1455720 650
1455730 650
1455740 650
1455750 650
1455760 650
1455770 650
1455780 650
1455790 650
1455800 650
1455810 650
1455820 650
1455830 650
1455840 650
1455850 650
1455860 649
1455870 649
1455880 649
1455890 649
1455900 649
1455910 649
1455920 649
1455930 649
1455940 649
1455950 649
1455960 649
1455970 649
1455980 649
1455990 649
1456000 649
1456010 649
1456020 649
1456030 649
1456040 649
1456050 649
1456060 648
1456070 648
1456080 648
1456090 648
1456100 648
1456110 648
1456120 648
1456130 648
1456140 648
1456150 648
1456160 648
1456170 648
1456180 648
1456190 648
1456200 648
1456210 648
1456220 648
1456230 648
1456240 648
1456250 648
1456260 648
1456270 648
1456280 648
1456290 648
1456300 648
1456310 648
1456320 648
1456330 648
1456340 648
1456350 648
1456360 648
1456370 647
1456380 647
1456390 647
1456400 647
1456410 647
1456420 647
1456430 647
1456440 647
1456450 647
1456460 647
1456470 647
1456480 647
1456490 647
1456500 647
1456510 647
1456520 647
1456530 647
1456540 647
1456550 647
1456560 647
1456570 647
1456580 647
1456590 647
1456600 647
1456610 647
1456620 647
1456630 647
1456640 647
1456650 647
1456660 646
1456670 646
1456680 646
1456690 646
1456700 646
1456710 646
1456720 646
1456730 646
1456740 646
1456750 646
1456760 646
1456770 646
1456780 646
1456790 646
1456800 646
1456810 646
1456820 646
1456830 646
1456840 646
1456850 646
1456860 646
1456870 646
1456880 646
1456890 646
1456900 646
1456910 646
1456920 646
1456930 646
1456940 646
1456950 646
1456960 646
1456970 646
1456980 646
1456990 646
1457000 646
1457010 646
1457020 646
1457030 646
1457040 646
1457050 646
1457060 646
1457070 646
1457080 646
1457090 645
1457100 645
1457110 645
1457120 645
1457130 645
1457140 645
1457150 645
1457160 645
1457170 645
1457180 645
1457190 645
1457200 645
1457210 645
1457220 645
1457230 645
1457240 645
1457250 645
1457260 645
1457270 645
1457280 645
1457290 645
1457300 645
1457310 645
1457320 645
1457330 645
1457340 645
1457350 645
1457360 645
1457370 645
1457380 645
1457390 645
1457400 645
1457410 645
1457420 645
1457430 645
1457440 645
1457450 645
1457460 645
1457470 645
1457480 645
1457490 645
1457500 644
1457510 644
1457520 644
1457530 644
1457540 644
1457550 644
1457560 644
1457570 644
1457580 644
1457590 644
1457600 644
1457610 644
1457620 644
1457630 643
1457640 643
1457650 644
1457660 644
1457670 644
1457680 644
1457690 644
1457700 644
1457710 644
1457720 644
1457730 644
1457740 644
1457750 644
1457760 643
1457770 643
1457780 643
1457790 643
1457800 643
1457810 643
1457820 643
1457830 643
1457840 643
1457850 642
1457860 643
1457870 643
1457880 643
1457890 644
1457900 644
1457910 644
1457920 644
1457930 644
1457940 644
1457950 643
1457960 643
1457970 642
1457980 641
1457990 640
1458000 640
1458010 639
1458020 639
1458030 639
1458040 640
1458050 641
1458060 641
1458070 643
1458080 644
1458090 644
1458100 644
1458110 644
1458120 644
1458130 643
1458140 642
1458150 642
1458160 642
1458170 642
1458180 642
1458190 642
1458200 642
1458210 642
1458220 642
1458230 642
1458240 642
1458250 642
1458260 642
1458270 642
1458280 642
1458290 641
1458300 641
1458310 641
1458320 641
1458330 641
1458340 641
1458350 641
1458360 641
1458370 641
1458380 641
1458390 641
1458400 641
1458410 641
1458420 641
1458430 641
1458440 641
1458450 641
1458460 641
1458470 641
1458480 641
1458490 641
1458500 640
1458510 640
1458520 640
1458530 640
1458540 640
1458550 640
1458560 640
1458570 640
1458580 640
1458590 640
1458600 640
1458610 640
1458620 640
1458630 640
1458640 640
1458650 640
1458660 640
1458670 640
1458680 640
1458690 640
1458700 640
1458710 640
1458720 639
1458730 639
1458740 639
1458750 639
1458760 639
1458770 639
1458780 639
1458790 639
1458800 639
1458810 639
1458820 639
1458830 639
1458840 639
1458850 639
1458860 639
1458870 639
1458880 639
1458890 639
1458900 639
1458910 639
1458920 639
1458930 639
1458940 639
1458950 639
1458960 639
1458970 639
1458980 638
1458990 638
1459000 639
1459010 640
1459020 640
1459030 639
1459040 639
1459050 639
1459060 640
1459070 640
1459080 640
1459090 641
1459100 640
1459110 639
1459120 639
1459130 639
1459140 639
1459150 639
1459160 639
1459170 639
1459180 639
1459190 639
1459200 640
1459210 640
1459220 640
1459230 640
1459240 640
1459250 641
1459260 641
1459270 641
1459280 641
1459290 641
1459300 641
1459310 641
1459320 640
1459330 640
1459340 640
1459350 639
1459360 639
1459370 639
1459380 640
1459390 640
1459400 640
1459410 640
1459420 640
1459430 640
1459440 640
1459450 640
1459460 640
1459470 640
1459480 640
1459490 640
1459500 640
1459510 641
1459520 641
1459530 641
1459540 641
1459550 643
1459560 643
1459570 644
1459580 644
1459590 641
1459600 641
1459610 641
1459620 642
1459630 642
1459640 644
1459650 644
1459660 644
1459670 642
1459680 642
1459690 642
1459700 641
1459710 642
1459720 642
1459730 645
1459740 647
1459750 647
1459760 647
1459770 648
1459780 648
1459790 648
1459800 648
1459810 648
1459820 648
1459830 649
1459840 649
1459850 649
1459860 650
1459870 650
1459880 650
1459890 651
1459900 651
1459910 651
1459920 651
1459930 651
1459940 652
1459950 652
1459960 653
1459970 653
1459980 653
1459990 653
