1440000 937
1440010 937
1440020 930
1440030 923
1440040 923
1440050 917
1440060 912
1440070 909
1440080 909
1440090 902
1440100 892
1440110 892
1440120 894
1440130 900
1440140 900
1440150 906
1440160 915
1440170 915
1440180 921
1440190 930
1440200 930
1440210 939
1440220 944
1440230 944
1440240 948
1440250 955
1440260 963
1440270 963
1440280 968
1440290 969
1440300 969
1440310 969
1440320 968
1440330 968
1440340 964
1440350 964
1440360 964
1440370 966
1440380 966
1440390 966
1440400 964
1440410 966
1440420 970
1440430 970
1440440 971
1440450 970
1440460 970
1440470 970
1440480 972
1440490 972
1440500 975
1440510 975
1440520 975
1440530 970
1440540 966
1440550 966
1440560 965
1440570 967
1440580 970
1440590 970
1440600 973
1440610 975
1440620 975
1440630 975
1440640 972
1440650 972
1440660 971
1440670 970
1440680 970
1440690 966
1440700 968
1440710 968
1440720 971
1440730 970
1440740 968
1440750 968
1440760 970
1440770 974
1440780 974
1440790 979
1440800 983
1440810 983
1440820 986
1440830 989
1440840 989
1440850 992
1440860 997
1440870 997
1440880 1001
1440890 1003
1440900 1004
1440910 1004
1440920 1003
1440930 1003
1440940 1003
1440950 1002
1440960 1002
1440970 1002
1440980 1002
1440990 1003
1441000 1003
1441010 1003
1441020 1002
1441030 1002
1441040 1001
1441050 999
1441060 998
1441070 998
1441080 998
1441090 997
1441100 997
1441110 998
1441120 997
1441130 997
1441140 997
1441150 996
1441160 996
1441170 995
1441180 994
1441190 994
1441200 994
1441210 996
1441220 999
1441230 999
1441240 998
1441250 995
1441260 995
1441270 992
1441280 989
1441290 989
1441300 987
1441310 985
1441320 985
1441330 985
1441340 983
1441350 983
1441360 982
1441370 981
1441380 981
1441390 981
1441400 981
1441410 980
1441420 980
1441430 980
1441440 979
1441450 979
1441460 979
1441470 979
1441480 979
1441490 979
1441500 978
1441510 978
1441520 978
1441530 977
1441540 977
1441550 977
1441560 977
1441570 977
1441580 977
1441590 977
1441600 977
1441610 977
1441620 977
1441630 977
1441640 977
1441650 977
1441660 976
1441670 976
1441680 976
1441690 975
1441700 975
1441710 975
1441720 975
1441730 974
1441740 974
1441750 974
1441760 974
1441770 974
1441780 974
1441790 973
1441800 973
1441810 973
1441820 973
1441830 973
1441840 973
1441850 972
1441860 972
1441870 972
1441880 971
1441890 970
1441900 970
1441910 969
1441920 968
1441930 968
1441940 967
1441950 966
1441960 966
1441970 964
1441980 961
1441990 961
1442000 958
1442010 955
1442020 956
1442030 956
1442040 957
1442050 956
1442060 956
1442070 954
1442080 950
1442090 950
1442100 948
1442110 946
1442120 946
1442130 945
1442140 945
1442150 945
1442160 944
1442170 942
1442180 940
1442190 940
1442200 935
1442210 930
1442220 930
1442230 924
1442240 918
1442250 918
1442260 910
1442270 906
1442280 906
1442290 909
1442300 913
1442310 913
1442320 918
1442330 924
1442340 925
1442350 925
1442360 922
1442370 921
1442380 921
1442390 919
1442400 919
1442410 919
1442420 920
1442430 919
1442440 919
1442450 916
1442460 915
1442470 915
1442480 912
1442490 908
1442500 904
1442510 904
1442520 900
1442530 897
1442540 897
1442550 894
1442560 891
1442570 891
1442580 888
1442590 883
1442600 883
1442610 879
1442620 874
1442630 874
1442640 870
1442650 865
1442660 861
1442670 861
1442680 853
1442690 842
1442700 842
1442710 839
1442720 846
1442730 846
1442740 854
1442750 858
1442760 858
1442770 859
1442780 863
1442790 863
1442800 862
1442810 862
1442820 861
1442830 861
1442840 857
1442850 852
1442860 852
1442870 848
1442880 843
1442890 843
1442900 836
1442910 830
1442920 830
1442930 824
1442940 816
1442950 816
1442960 808
1442970 811
1442980 811
1442990 817
1443000 823
1443010 827
1443020 827
1443030 832
1443040 838
1443050 838
1443060 839
1443070 837
1443080 837
1443090 839
1443100 845
1443110 845
1443120 848
1443130 845
1443140 845
1443150 839
1443160 833
1443170 827
1443180 827
1443190 822
1443200 823
1443210 823
1443220 826
1443230 832
1443240 832
1443250 836
1443260 839
1443270 839
1443280 840
1443290 841
1443300 841
1443310 846
1443320 852
1443330 856
1443340 856
1443350 857
1443360 857
1443370 857
1443380 856
1443390 855
1443400 855
1443410 852
1443420 848
1443430 848
1443440 843
1443450 838
1443460 838
1443470 833
1443480 828
1443490 823
1443500 823
1443510 819
1443520 816
1443530 816
1443540 810
1443550 808
1443560 808
1443570 813
1443580 817
1443590 817
1443600 817
1443610 814
1443620 814
1443630 812
1443640 812
1443650 812
1443660 812
1443670 813
1443680 813
1443690 813
1443700 814
1443710 816
1443720 816
1443730 819
1443740 823
1443750 823
1443760 826
1443770 827
1443780 827
1443790 827
1443800 825
1443810 824
1443820 824
1443830 823
1443840 823
1443850 823
1443860 823
1443870 822
1443880 822
1443890 822
1443900 822
1443910 822
1443920 822
1443930 822
1443940 822
1443950 822
1443960 821
1443970 815
1443980 815
1443990 810
1444000 805
1444010 805
1444020 800
1444030 798
1444040 798
1444050 796
1444060 793
1444070 793
1444080 788
1444090 783
1444100 783
1444110 776
1444120 770
1444130 766
1444140 766
1444150 762
1444160 759
1444170 759
1444180 755
1444190 752
1444200 752
1444210 750
1444220 747
1444230 747
1444240 744
1444250 742
1444260 742
1444270 739
1444280 739
1444290 737
1444300 737
1444310 735
1444320 734
1444330 734
1444340 733
1444350 733
1444360 733
1444370 733
1444380 734
1444390 734
1444400 734
1444410 733
1444420 733
1444430 731
1444440 728
1444450 726
1444460 726
1444470 726
1444480 725
1444490 725
1444500 725
1444510 724
1444520 724
1444530 723
1444540 722
1444550 722
1444560 722
1444570 721
1444580 721
1444590 721
1444600 721
1444610 720
1444620 720
1444630 720
1444640 719
1444650 719
1444660 719
1444670 718
1444680 718
1444690 718
1444700 717
1444710 717
1444720 717
1444730 716
1444740 716
1444750 716
1444760 715
1444770 714
1444780 714
1444790 714
1444800 713
1444810 713
1444820 712
1444830 712
1444840 712
1444850 712
1444860 712
1444870 712
1444880 711
1444890 711
1444900 711
1444910 711
1444920 711
1444930 711
1444940 711
1444950 712
1444960 711
1444970 711
1444980 711
1444990 711
1445000 711
1445010 711
1445020 710
1445030 710
1445040 709
1445050 709
1445060 709
1445070 709
1445080 709
1445090 709
1445100 709
1445110 710
1445120 712
1445130 712
1445140 713
1445150 713
1445160 713
1445170 713
1445180 714
1445190 714
1445200 714
1445210 713
1445220 713
1445230 713
1445240 712
1445250 710
1445260 710
1445270 708
1445280 708
1445290 708
1445300 708
1445310 708
1445320 708
1445330 708
1445340 707
1445350 707
1445360 707
1445370 707
1445380 707
1445390 708
1445400 708
1445410 709
1445420 709
1445430 709
1445440 708
1445450 708
1445460 708
1445470 708
1445480 708
1445490 708
1445500 708
1445510 708
1445520 708
1445530 708
1445540 708
1445550 707
1445560 707
1445570 707
1445580 707
1445590 707
1445600 707
1445610 707
1445620 707
1445630 707
1445640 707
1445650 707
1445660 707
1445670 707
1445680 707
1445690 707
1445700 707
1445710 707
1445720 707
1445730 707
1445740 706
1445750 706
1445760 706
1445770 706
1445780 706
1445790 706
1445800 706
1445810 706
1445820 706
1445830 706
1445840 706
1445850 706
1445860 706
1445870 705
1445880 705
1445890 705
1445900 705
1445910 705
1445920 705
1445930 705
1445940 704
1445950 704
1445960 704
1445970 704
1445980 704
1445990 704
1446000 704
1446010 704
1446020 704
1446030 704
1446040 704
1446050 704
1446060 704
1446070 704
1446080 704
1446090 704
1446100 704
1446110 704
1446120 704
1446130 704
1446140 704
1446150 704
1446160 703
1446170 703
1446180 703
1446190 703
1446200 703
1446210 703
1446220 703
1446230 703
1446240 703
1446250 703
1446260 703
1446270 703
1446280 703
1446290 703
1446300 703
1446310 703
1446320 703
1446330 703
1446340 703
1446350 703
1446360 702
1446370 702
1446380 702
1446390 703
1446400 703
1446410 703
1446420 702
1446430 702
1446440 702
1446450 702
1446460 702
1446470 702
1446480 702
1446490 702
1446500 702
1446510 702
1446520 702
1446530 702
1446540 702
1446550 702
1446560 702
1446570 702
1446580 702
1446590 701
1446600 701
1446610 701
1446620 701
1446630 701
1446640 701
1446650 701
1446660 701
1446670 701
1446680 701
1446690 701
1446700 701
1446710 701
1446720 701
1446730 701
1446740 701
1446750 701
1446760 701
1446770 700
1446780 700
1446790 700
1446800 700
1446810 700
1446820 700
1446830 700
1446840 700
1446850 700
1446860 700
1446870 700
1446880 700
1446890 700
1446900 699
1446910 699
1446920 699
1446930 699
1446940 698
1446950 698
1446960 698
1446970 697
1446980 697
1446990 697
1447000 696
1447010 696
1447020 696
1447030 695
1447040 695
1447050 695
1447060 695
1447070 695
1447080 695
1447090 694
1447100 694
1447110 694
1447120 694
1447130 694
1447140 694
1447150 694
1447160 694
1447170 694
1447180 694
1447190 695
1447200 695
1447210 695
1447220 695
1447230 694
1447240 694
1447250 694
1447260 695
1447270 695
1447280 696
1447290 696
1447300 696
1447310 696
1447320 696
1447330 696
1447340 696
1447350 697
1447360 697
1447370 697
1447380 697
1447390 697
1447400 697
1447410 697
1447420 697
1447430 697
1447440 697
1447450 696
1447460 696
1447470 696
1447480 696
1447490 696
1447500 696
1447510 696
1447520 696
1447530 696
1447540 696
1447550 696
1447560 696
1447570 696
1447580 696
1447590 696
1447600 695
1447610 695
1447620 695
1447630 695
1447640 695
1447650 695
1447660 695
1447670 694
1447680 693
1447690 693
1447700 693
1447710 692
1447720 692
1447730 691
1447740 690
1447750 690
1447760 689
1447770 689
1447780 689
1447790 690
1447800 690
1447810 690
1447820 691
1447830 693
1447840 694
1447850 694
1447860 694
1447870 694
1447880 694
1447890 694
1447900 694
1447910 694
1447920 694
1447930 693
1447940 693
1447950 693
1447960 693
1447970 693
1447980 693
1447990 693
1448000 693
1448010 693
1448020 693
1448030 693
1448040 693
1448050 693
1448060 693
1448070 693
1448080 692
1448090 692
1448100 692
1448110 692
1448120 692
1448130 692
1448140 692
1448150 692
1448160 692
1448170 692
1448180 692
1448190 691
1448200 691
1448210 691
1448220 691
1448230 691
1448240 691
1448250 692
1448260 692
1448270 692
1448280 691
1448290 691
1448300 690
1448310 691
1448320 691
1448330 691
1448340 690
1448350 690
1448360 690
1448370 691
1448380 690
1448390 690
1448400 689
1448410 689
1448420 689
1448430 689
1448440 689
1448450 689
1448460 689
1448470 690
1448480 690
1448490 691
1448500 691
1448510 691
1448520 691
1448530 691
1448540 691
1448550 691
1448560 690
1448570 690
1448580 690
1448590 690
1448600 690
1448610 690
1448620 690
1448630 690
1448640 690
1448650 689
1448660 689
1448670 689
1448680 689
1448690 689
1448700 689
1448710 689
1448720 688
1448730 688
1448740 688
1448750 688
1448760 688
1448770 688
1448780 688
1448790 688
1448800 688
1448810 688
1448820 688
1448830 688
1448840 688
1448850 688
1448860 688
1448870 688
1448880 688
1448890 688
1448900 688
1448910 687
1448920 687
1448930 687
1448940 686
1448950 686
1448960 686
1448970 686
1448980 686
1448990 686
1449000 686
1449010 686
1449020 686
1449030 686
1449040 686
1449050 686
1449060 686
1449070 686
1449080 686
1449090 686
1449100 686
1449110 685
1449120 685
1449130 685
1449140 685
1449150 685
1449160 685
1449170 685
1449180 685
1449190 685
1449200 685
1449210 685
1449220 685
1449230 685
1449240 685
1449250 685
1449260 685
1449270 686
1449280 686
1449290 686
1449300 685
1449310 684
1449320 684
1449330 682
1449340 681
1449350 681
1449360 680
1449370 679
1449380 679
1449390 679
1449400 679
1449410 679
1449420 679
1449430 680
1449440 680
1449450 681
1449460 682
1449470 683
1449480 683
1449490 684
1449500 684
1449510 684
1449520 684
1449530 684
1449540 684
1449550 684
1449560 684
1449570 684
1449580 684
1449590 684
1449600 684
1449610 684
1449620 684
1449630 684
1449640 684
1449650 684
1449660 684
1449670 684
1449680 684
1449690 684
1449700 684
1449710 684
1449720 684
1449730 684
1449740 684
1449750 683
1449760 683
1449770 683
1449780 683
1449790 683
1449800 683
1449810 683
1449820 683
1449830 683
1449840 683
1449850 683
1449860 683
1449870 683
1449880 682
1449890 682
1449900 682
1449910 682
1449920 682
1449930 682
1449940 682
1449950 682
1449960 682
1449970 682
1449980 682
1449990 682
1450000 682
1450010 682
1450020 682
1450030 682
1450040 681
1450050 681
1450060 681
1450070 681
1450080 681
1450090 681
1450100 681
1450110 681
1450120 681
1450130 681
1450140 681
1450150 681
1450160 681
1450170 681
1450180 681
1450190 681
1450200 680
1450210 680
1450220 680
1450230 680
1450240 680
1450250 680
1450260 680
1450270 680
1450280 680
1450290 680
1450300 680
1450310 680
1450320 680
1450330 680
1450340 680
1450350 680
1450360 680
1450370 680
1450380 680
1450390 679
1450400 679
1450410 680
1450420 680
1450430 680
1450440 680
1450450 679
1450460 679
1450470 679
1450480 679
1450490 679
1450500 679
1450510 679
1450520 679
1450530 679
1450540 679
1450550 679
1450560 679
1450570 679
1450580 678
1450590 679
1450600 679
1450610 679
1450620 679
1450630 679
1450640 678
1450650 678
1450660 678
1450670 678
1450680 678
1450690 678
1450700 678
1450710 678
1450720 678
1450730 678
1450740 678
1450750 678
1450760 678
1450770 678
1450780 678
1450790 678
1450800 679
1450810 679
1450820 679
1450830 679
1450840 679
1450850 679
1450860 679
1450870 681
1450880 681
1450890 684
1450900 686
1450910 687
1450920 687
1450930 686
1450940 686
1450950 686
1450960 685
1450970 684
1450980 684
1450990 687
1451000 692
1451010 692
1451020 694
1451030 695
1451040 695
1451050 697
1451060 698
1451070 698
1451080 699
1451090 701
1451100 702
1451110 702
1451120 704
1451130 706
1451140 706
1451150 706
1451160 706
1451170 706
1451180 706
1451190 705
1451200 705
1451210 704
1451220 703
1451230 703
1451240 703
1451250 703
1451260 704
1451270 704
1451280 707
1451290 710
1451300 710
1451310 711
1451320 712
1451330 712
1451340 713
1451350 713
1451360 713
1451370 711
1451380 709
1451390 709
1451400 713
1451410 713
1451420 713
1451430 713
1451440 713
1451450 713
1451460 713
1451470 716
1451480 720
1451490 720
1451500 722
1451510 724
1451520 724
1451530 725
1451540 727
1451550 727
1451560 731
1451570 738
1451580 743
1451590 743
1451600 745
1451610 749
1451620 749
1451630 753
1451640 756
1451650 756
1451660 759
1451670 762
1451680 762
1451690 766
1451700 767
1451710 767
1451720 769
1451730 770
1451740 771
1451750 771
1451760 770
1451770 763
1451780 763
1451790 754
1451800 746
1451810 746
1451820 738
1451830 733
1451840 733
1451850 730
1451860 726
1451870 726
1451880 720
1451890 717
1451900 716
1451910 716
1451920 719
1451930 730
1451940 730
1451950 739
1451960 747
1451970 747
1451980 756
1451990 766
1452000 766
1452010 775
1452020 784
1452030 784
1452040 792
1452050 795
1452060 796
1452070 796
1452080 796
1452090 797
1452100 797
1452110 798
1452120 799
1452130 799
1452140 799
1452150 800
1452160 800
1452170 799
1452180 799
1452190 799
1452200 798
1452210 797
1452220 797
1452230 797
1452240 796
1452250 796
1452260 796
1452270 795
1452280 795
1452290 795
1452300 795
1452310 794
1452320 794
1452330 794
1452340 794
1452350 794
1452360 794
1452370 795
1452380 796
1452390 796
1452400 797
1452410 798
1452420 798
1452430 800
1452440 801
1452450 801
1452460 802
1452470 802
1452480 802
1452490 803
1452500 803
1452510 803
1452520 803
1452530 803
1452540 802
1452550 802
1452560 802
1452570 801
1452580 801
1452590 801
1452600 801
1452610 800
1452620 799
1452630 799
1452640 799
1452650 799
1452660 798
1452670 798
1452680 798
1452690 801
1452700 804
1452710 804
1452720 804
1452730 802
1452740 802
1452750 799
1452760 798
1452770 798
1452780 799
1452790 799
1452800 799
1452810 800
1452820 800
1452830 800
1452840 800
1452850 800
1452860 796
1452870 796
1452880 791
1452890 787
1452900 787
1452910 787
1452920 787
1452930 787
1452940 783
1452950 781
1452960 781
1452970 781
1452980 781
1452990 781
1453000 781
1453010 782
1453020 783
1453030 783
1453040 782
1453050 781
1453060 781
1453070 778
1453080 774
1453090 774
1453100 769
1453110 764
1453120 764
1453130 759
1453140 756
1453150 756
1453160 753
1453170 751
1453180 751
1453190 751
1453200 755
1453210 757
1453220 757
1453230 759
1453240 762
1453250 762
1453260 765
1453270 768
1453280 768
1453290 772
1453300 774
1453310 774
1453320 774
1453330 773
1453340 772
1453350 772
1453360 770
1453370 768
1453380 768
1453390 764
1453400 757
1453410 757
1453420 751
1453430 746
1453440 746
1453450 745
1453460 744
1453470 744
1453480 743
1453490 742
1453500 740
1453510 740
1453520 738
1453530 737
1453540 737
1453550 740
1453560 742
1453570 742
1453580 743
1453590 748
1453600 748
1453610 752
1453620 759
1453630 759
1453640 767
1453650 772
1453660 777
1453670 777
1453680 781
1453690 786
1453700 786
1453710 792
1453720 794
1453730 794
1453740 798
1453750 800
1453760 800
1453770 801
1453780 803
1453790 803
1453800 803
1453810 803
1453820 803
1453830 803
1453840 803
1453850 804
1453860 804
1453870 804
1453880 804
1453890 804
1453900 805
1453910 806
1453920 806
1453930 808
1453940 810
1453950 810
1453960 811
1453970 812
1453980 812
1453990 813
1454000 814
1454010 816
1454020 816
1454030 817
1454040 818
1454050 818
1454060 819
1454070 821
1454080 821
1454090 824
1454100 827
1454110 827
1454120 829
1454130 831
1454140 831
1454150 832
1454160 833
1454170 835
1454180 835
1454190 836
1454200 837
1454210 837
1454220 837
1454230 839
1454240 839
1454250 841
1454260 842
1454270 842
1454280 844
1454290 845
1454300 845
1454310 847
1454320 849
1454330 850
1454340 850
1454350 853
1454360 855
1454370 855
1454380 857
1454390 859
1454400 859
1454410 860
1454420 861
1454430 861
1454440 862
1454450 864
1454460 864
1454470 865
1454480 866
1454490 867
1454500 867
1454510 869
1454520 868
1454530 868
1454540 869
1454550 869
1454560 869
1454570 867
1454580 869
1454590 869
1454600 870
1454610 872
1454620 872
1454630 873
1454640 874
1454650 875
1454660 875
1454670 876
1454680 876
1454690 876
1454700 877
1454710 878
1454720 878
1454730 880
1454740 881
1454750 881
1454760 883
1454770 884
1454780 884
1454790 885
1454800 887
1454810 888
1454820 888
1454830 890
1454840 892
1454850 892
1454860 893
1454870 894
1454880 894
1454890 895
1454900 895
1454910 895
1454920 896
1454930 897
1454940 897
1454950 897
1454960 898
1454970 898
1454980 898
1454990 899
1455000 899
1455010 899
1455020 898
1455030 898
1455040 898
1455050 898
1455060 898
1455070 898
1455080 897
1455090 896
1455100 896
1455110 895
1455120 894
1455130 892
1455140 892
1455150 891
1455160 890
1455170 890
1455180 889
1455190 887
1455200 887
1455210 886
1455220 885
1455230 885
1455240 885
1455250 885
1455260 885
1455270 883
1455280 881
1455290 879
1455300 879
1455310 877
1455320 874
1455330 874
1455340 871
1455350 869
1455360 869
1455370 867
1455380 865
1455390 865
1455400 864
1455410 864
1455420 864
1455430 864
1455440 863
1455450 863
1455460 863
1455470 863
1455480 864
1455490 864
1455500 864
1455510 862
1455520 862
1455530 860
1455540 858
1455550 858
1455560 857
1455570 856
1455580 856
1455590 852
1455600 845
1455610 839
1455620 839
1455630 835
1455640 830
1455650 830
1455660 826
1455670 822
1455680 822
1455690 821
1455700 819
1455710 819
1455720 820
1455730 820
1455740 820
1455750 821
1455760 822
1455770 826
1455780 826
1455790 829
1455800 830
1455810 830
1455820 827
1455830 819
1455840 819
1455850 812
1455860 805
1455870 805
1455880 795
1455890 785
1455900 785
1455910 775
1455920 766
1455930 758
1455940 758
1455950 750
1455960 744
1455970 744
1455980 746
1455990 752
1456000 752
1456010 759
1456020 765
1456030 765
1456040 769
1456050 768
1456060 768
1456070 765
1456080 757
1456090 750
1456100 750
1456110 748
1456120 750
1456130 750
1456140 756
1456150 763
1456160 763
1456170 770
1456180 773
1456190 773
1456200 776
1456210 781
1456220 781
1456230 786
1456240 789
1456250 796
1456260 796
1456270 806
1456280 815
1456290 815
1456300 820
1456310 823
1456320 823
1456330 828
1456340 833
1456350 833
1456360 839
1456370 843
1456380 843
1456390 845
1456400 850
1456410 854
1456420 854
1456430 857
1456440 859
1456450 859
1456460 862
1456470 863
1456480 863
1456490 864
1456500 864
1456510 864
1456520 864
1456530 865
1456540 865
1456550 867
1456560 867
1456570 867
1456580 868
1456590 868
1456600 867
1456610 867
1456620 866
1456630 866
1456640 866
1456650 866
1456660 866
1456670 866
1456680 866
1456690 866
1456700 866
1456710 865
1456720 864
1456730 864
1456740 863
1456750 862
1456760 860
1456770 860
1456780 858
1456790 853
1456800 853
1456810 849
1456820 840
1456830 840
1456840 834
1456850 830
1456860 830
1456870 826
1456880 822
1456890 822
1456900 819
1456910 816
1456920 814
1456930 814
1456940 813
1456950 811
1456960 811
1456970 810
1456980 808
1456990 808
1457000 809
1457010 806
1457020 806
1457030 806
1457040 809
1457050 809
1457060 809
1457070 809
1457080 808
1457090 808
1457100 808
1457110 808
1457120 808
1457130 809
1457140 811
1457150 811
1457160 812
1457170 818
1457180 818
1457190 824
1457200 830
1457210 830
1457220 835
1457230 838
1457240 837
1457250 837
1457260 835
1457270 834
1457280 834
1457290 835
1457300 840
1457310 840
1457320 841
1457330 840
1457340 840
1457350 840
1457360 841
1457370 841
1457380 841
1457390 842
1457400 844
1457410 844
1457420 845
1457430 847
1457440 847
1457450 849
1457460 850
1457470 850
1457480 850
1457490 851
1457500 851
1457510 851
1457520 852
1457530 852
1457540 853
1457550 855
1457560 856
1457570 856
1457580 856
1457590 857
1457600 857
1457610 858
1457620 859
1457630 859
1457640 859
1457650 859
1457660 859
1457670 859
1457680 860
1457690 860
1457700 860
1457710 860
1457720 861
1457730 861
1457740 863
1457750 863
1457760 863
1457770 863
1457780 862
1457790 862
1457800 861
1457810 860
1457820 860
1457830 859
1457840 858
1457850 858
1457860 858
1457870 857
1457880 857
1457890 857
1457900 855
1457910 854
1457920 854
1457930 854
1457940 855
1457950 855
1457960 855
1457970 856
1457980 856
1457990 855
1458000 856
1458010 856
1458020 857
1458030 859
1458040 860
1458050 860
1458060 860
1458070 860
1458080 860
1458090 861
1458100 862
1458110 862
1458120 863
1458130 863
1458140 863
1458150 864
1458160 865
1458170 865
1458180 866
1458190 867
1458200 868
1458210 868
1458220 868
1458230 869
1458240 869
1458250 870
1458260 871
1458270 871
1458280 873
1458290 875
1458300 875
1458310 875
1458320 875
1458330 875
1458340 876
1458350 877
1458360 878
1458370 878
1458380 879
1458390 880
1458400 880
1458410 881
1458420 883
1458430 883
1458440 885
1458450 886
1458460 886
1458470 887
1458480 888
1458490 888
1458500 890
1458510 893
1458520 896
1458530 896
1458540 898
1458550 900
1458560 900
1458570 903
1458580 905
1458590 905
1458600 908
1458610 911
1458620 911
1458630 914
1458640 916
1458650 916
1458660 917
1458670 918
1458680 921
1458690 921
1458700 925
1458710 927
1458720 927
1458730 928
1458740 929
1458750 929
1458760 931
1458770 931
1458780 931
1458790 931
1458800 932
1458810 932
1458820 933
1458830 935
1458840 936
1458850 936
1458860 938
1458870 939
1458880 939
1458890 941
1458900 942
1458910 942
1458920 942
1458930 943
1458940 943
1458950 947
1458960 949
1458970 949
1458980 951
1458990 953
1459000 955
1459010 955
1459020 957
1459030 959
1459040 959
1459050 960
1459060 958
1459070 958
1459080 959
1459090 963
1459100 963
1459110 966
1459120 966
1459130 966
1459140 967
1459150 966
1459160 965
1459170 965
1459180 965
1459190 967
1459200 967
1459210 968
1459220 962
1459230 962
1459240 954
1459250 946
1459260 946
1459270 937
1459280 929
1459290 929
1459300 921
1459310 912
1459320 912
1459330 904
1459340 897
1459350 891
1459360 891
1459370 886
1459380 880
1459390 880
1459400 877
1459410 870
1459420 870
1459430 861
1459440 853
1459450 853
1459460 845
1459470 839
1459480 839
1459490 842
1459500 848
1459510 850
1459520 850
1459530 852
1459540 857
1459550 857
1459560 865
1459570 872
1459580 872
1459590 876
1459600 881
1459610 881
1459620 888
1459630 898
1459640 898
1459650 905
1459660 911
1459670 919
1459680 919
1459690 927
1459700 933
1459710 933
1459720 938
1459730 944
1459740 944
1459750 951
1459760 958
1459770 958
1459780 960
1459790 962
1459800 962
1459810 964
1459820 967
1459830 969
1459840 969
1459850 971
1459860 974
1459870 974
1459880 976
1459890 979
1459900 979
1459910 982
1459920 986
1459930 986
1459940 991
1459950 996
1459960 996
1459970 999
1459980 1000
1459990 1000
