1440000 968
1440010 967
1440020 967
1440030 968
1440040 970
1440050 970
1440060 971
1440070 971
1440080 971
1440090 969
1440100 968
1440110 968
1440120 967
1440130 966
1440140 966
1440150 965
1440160 964
1440170 964
1440180 964
1440190 965
1440200 965
1440210 965
1440220 963
1440230 962
1440240 962
1440250 961
1440260 962
1440270 962
1440280 962
1440290 961
1440300 961
1440310 959
1440320 955
1440330 951
1440340 951
1440350 949
1440360 950
1440370 950
1440380 949
1440390 946
1440400 946
1440410 941
1440420 936
1440430 936
1440440 932
1440450 929
1440460 929
1440470 925
1440480 920
1440490 910
1440500 910
1440510 904
1440520 896
1440530 896
1440540 890
1440550 886
1440560 886
1440570 883
1440580 874
1440590 874
1440600 863
1440610 855
1440620 855
1440630 852
1440640 854
1440650 860
1440660 860
1440670 869
1440680 881
1440690 881
1440700 889
1440710 895
1440720 895
1440730 898
1440740 898
1440750 898
1440760 890
1440770 885
1440780 885
1440790 890
1440800 897
1440810 901
1440820 901
1440830 906
1440840 914
1440850 914
1440860 922
1440870 926
1440880 926
1440890 931
1440900 929
1440910 929
1440920 927
1440930 930
1440940 930
1440950 935
1440960 940
1440970 946
1440980 946
1440990 951
1441000 952
1441010 952
1441020 952
1441030 951
1441040 951
1441050 951
1441060 952
1441070 952
1441080 952
1441090 952
1441100 952
1441110 951
1441120 951
1441130 952
1441140 952
1441150 952
1441160 951
1441170 951
1441180 951
1441190 950
1441200 950
1441210 948
1441220 946
1441230 946
1441240 943
1441250 939
1441260 939
1441270 934
1441280 933
1441290 933
1441300 935
1441310 937
1441320 940
1441330 940
1441340 942
1441350 944
1441360 944
1441370 944
1441380 945
1441390 945
1441400 947
1441410 948
1441420 948
1441430 947
1441440 946
1441450 946
1441460 946
1441470 945
1441480 945
1441490 945
1441500 944
1441510 944
1441520 944
1441530 944
1441540 943
1441550 943
1441560 943
1441570 943
1441580 943
1441590 943
1441600 942
1441610 942
1441620 942
1441630 943
1441640 943
1441650 943
1441660 943
1441670 943
1441680 943
1441690 942
1441700 941
1441710 941
1441720 940
1441730 940
1441740 940
1441750 938
1441760 937
1441770 937
1441780 937
1441790 936
1441800 936
1441810 936
1441820 935
1441830 934
1441840 934
1441850 933
1441860 932
1441870 932
1441880 932
1441890 931
1441900 931
1441910 930
1441920 929
1441930 929
1441940 927
1441950 925
1441960 923
1441970 923
1441980 921
1441990 920
1442000 920
1442010 918
1442020 916
1442030 916
1442040 915
1442050 913
1442060 913
1442070 911
1442080 909
1442090 909
1442100 907
1442110 904
1442120 902
1442130 902
1442140 900
1442150 898
1442160 898
1442170 897
1442180 895
1442190 895
1442200 894
1442210 892
1442220 892
1442230 891
1442240 889
1442250 889
1442260 888
1442270 887
1442280 885
1442290 885
1442300 883
1442310 879
1442320 879
1442330 875
1442340 876
1442350 876
1442360 878
1442370 878
1442380 878
1442390 876
1442400 875
1442410 875
1442420 873
1442430 872
1442440 870
1442450 870
1442460 866
1442470 861
1442480 861
1442490 855
1442500 847
1442510 847
1442520 839
1442530 831
1442540 831
1442550 825
1442560 822
1442570 822
1442580 825
1442590 828
1442600 832
1442610 832
1442620 837
1442630 842
1442640 842
1442650 845
1442660 844
1442670 844
1442680 840
1442690 835
1442700 835
1442710 834
1442720 837
1442730 837
1442740 840
1442750 843
1442760 844
1442770 844
1442780 845
1442790 842
1442800 842
1442810 837
1442820 830
1442830 830
1442840 824
1442850 826
1442860 826
1442870 823
1442880 818
1442890 818
1442900 813
1442910 809
1442920 806
1442930 806
1442940 804
1442950 801
1442960 801
1442970 799
1442980 798
1442990 798
1443000 795
1443010 794
1443020 794
1443030 792
1443040 791
1443050 791
1443060 789
1443070 784
1443080 778
1443090 778
1443100 773
1443110 772
1443120 772
1443130 770
1443140 766
1443150 766
1443160 764
1443170 762
1443180 762
1443190 759
1443200 754
1443210 754
1443220 752
1443230 749
1443240 747
1443250 747
1443260 746
1443270 743
1443280 743
1443290 744
1443300 750
1443310 750
1443320 758
1443330 765
1443340 765
1443350 770
1443360 770
1443370 770
1443380 771
1443390 771
1443400 770
1443410 770
1443420 770
1443430 770
1443440 770
1443450 769
1443460 768
1443470 768
1443480 768
1443490 767
1443500 767
1443510 766
1443520 765
1443530 765
1443540 764
1443550 764
1443560 762
1443570 762
1443580 755
1443590 746
1443600 746
1443610 740
1443620 744
1443630 744
1443640 749
1443650 747
1443660 747
1443670 740
1443680 735
1443690 735
1443700 736
1443710 739
1443720 739
1443730 736
1443740 734
1443750 732
1443760 732
1443770 738
1443780 747
1443790 747
1443800 751
1443810 750
1443820 750
1443830 754
1443840 757
1443850 757
1443860 758
1443870 757
1443880 757
1443890 755
1443900 752
1443910 747
1443920 747
1443930 746
1443940 743
1443950 743
1443960 739
1443970 736
1443980 736
1443990 730
1444000 727
1444010 727
1444020 726
1444030 726
1444040 726
1444050 726
1444060 726
1444070 730
1444080 730
1444090 737
1444100 747
1444110 747
1444120 755
1444130 762
1444140 762
1444150 770
1444160 776
1444170 776
1444180 781
1444190 786
1444200 786
1444210 793
1444220 800
1444230 807
1444240 807
1444250 813
1444260 815
1444270 815
1444280 811
1444290 807
1444300 807
1444310 803
1444320 799
1444330 799
1444340 793
1444350 789
1444360 789
1444370 785
1444380 781
1444390 775
1444400 775
1444410 768
1444420 760
1444430 760
1444440 750
1444450 742
1444460 742
1444470 732
1444480 723
1444490 723
1444500 719
1444510 718
1444520 718
1444530 718
1444540 718
1444550 718
1444560 718
1444570 718
1444580 722
1444590 722
1444600 730
1444610 736
1444620 736
1444630 743
1444640 752
1444650 752
1444660 758
1444670 766
1444680 766
1444690 775
1444700 784
1444710 790
1444720 790
1444730 791
1444740 785
1444750 785
1444760 780
1444770 779
1444780 779
1444790 783
1444800 782
1444810 782
1444820 778
1444830 777
1444840 777
1444850 782
1444860 784
1444870 784
1444880 784
1444890 785
1444900 783
1444910 783
1444920 776
1444930 771
1444940 771
1444950 770
1444960 769
1444970 769
1444980 771
1444990 773
1445000 773
1445010 770
1445020 767
1445030 766
1445040 766
1445050 767
1445060 766
1445070 766
1445080 765
1445090 766
1445100 766
1445110 767
1445120 768
1445130 768
1445140 765
1445150 763
1445160 763
1445170 763
1445180 761
1445190 757
1445200 757
1445210 754
1445220 758
1445230 758
1445240 762
1445250 758
1445260 758
1445270 752
1445280 751
1445290 751
1445300 749
1445310 744
1445320 744
1445330 738
1445340 733
1445350 728
1445360 728
1445370 727
1445380 725
1445390 725
1445400 724
1445410 724
1445420 724
1445430 723
1445440 723
1445450 723
1445460 721
1445470 719
1445480 719
1445490 718
1445500 715
1445510 712
1445520 712
1445530 712
1445540 711
1445550 711
1445560 710
1445570 709
1445580 709
1445590 708
1445600 708
1445610 708
1445620 708
1445630 707
1445640 707
1445650 707
1445660 707
1445670 707
1445680 707
1445690 706
1445700 706
1445710 706
1445720 706
1445730 706
1445740 706
1445750 706
1445760 706
1445770 706
1445780 706
1445790 706
1445800 706
1445810 706
1445820 706
1445830 706
1445840 706
1445850 706
1445860 707
1445870 707
1445880 707
1445890 707
1445900 707
1445910 706
1445920 707
1445930 707
1445940 707
1445950 707
1445960 707
1445970 707
1445980 706
1445990 706
1446000 706
1446010 705
1446020 705
1446030 705
1446040 705
1446050 705
1446060 705
1446070 705
1446080 705
1446090 705
1446100 705
1446110 704
1446120 704
1446130 704
1446140 704
1446150 704
1446160 704
1446170 704
1446180 704
1446190 704
1446200 704
1446210 704
1446220 704
1446230 704
1446240 704
1446250 704
1446260 704
1446270 703
1446280 703
1446290 703
1446300 703
1446310 703
1446320 703
1446330 703
1446340 703
1446350 703
1446360 702
1446370 702
1446380 702
1446390 702
1446400 702
1446410 702
1446420 702
1446430 702
1446440 702
1446450 702
1446460 701
1446470 701
1446480 701
1446490 701
1446500 701
1446510 701
1446520 701
1446530 701
1446540 701
1446550 701
1446560 701
1446570 701
1446580 701
1446590 701
1446600 701
1446610 701
1446620 701
1446630 701
1446640 700
1446650 700
1446660 700
1446670 700
1446680 700
1446690 700
1446700 700
1446710 700
1446720 700
1446730 700
1446740 700
1446750 699
1446760 699
1446770 699
1446780 699
1446790 699
1446800 699
1446810 699
1446820 699
1446830 699
1446840 699
1446850 699
1446860 699
1446870 699
1446880 699
1446890 699
1446900 699
1446910 699
1446920 699
1446930 699
1446940 699
1446950 699
1446960 699
1446970 698
1446980 698
1446990 698
1447000 698
1447010 698
1447020 698
1447030 698
1447040 698
1447050 698
1447060 698
1447070 698
1447080 698
1447090 698
1447100 698
1447110 698
1447120 698
1447130 698
1447140 698
1447150 698
1447160 698
1447170 698
1447180 698
1447190 698
1447200 698
1447210 698
1447220 697
1447230 697
1447240 697
1447250 697
1447260 697
1447270 697
1447280 697
1447290 696
1447300 696
1447310 696
1447320 696
1447330 696
1447340 696
1447350 696
1447360 696
1447370 696
1447380 696
1447390 696
1447400 696
1447410 696
1447420 696
1447430 696
1447440 696
1447450 696
1447460 696
1447470 696
1447480 696
1447490 696
1447500 696
1447510 696
1447520 695
1447530 695
1447540 695
1447550 695
1447560 695
1447570 695
1447580 695
1447590 695
1447600 694
1447610 694
1447620 694
1447630 694
1447640 694
1447650 694
1447660 694
1447670 694
1447680 694
1447690 694
1447700 694
1447710 694
1447720 694
1447730 694
1447740 694
1447750 694
1447760 694
1447770 695
1447780 695
1447790 695
1447800 695
1447810 695
1447820 695
1447830 695
1447840 695
1447850 695
1447860 694
1447870 693
1447880 693
1447890 693
1447900 692
1447910 692
1447920 692
1447930 692
1447940 692
1447950 692
1447960 692
1447970 692
1447980 692
1447990 692
1448000 692
1448010 692
1448020 692
1448030 692
1448040 692
1448050 692
1448060 692
1448070 692
1448080 692
1448090 692
1448100 692
1448110 692
1448120 692
1448130 692
1448140 692
1448150 692
1448160 692
1448170 692
1448180 692
1448190 692
1448200 692
1448210 692
1448220 692
1448230 692
1448240 692
1448250 692
1448260 692
1448270 692
1448280 692
1448290 691
1448300 691
1448310 691
1448320 691
1448330 691
1448340 691
1448350 691
1448360 691
1448370 691
1448380 691
1448390 691
1448400 691
1448410 691
1448420 691
1448430 690
1448440 690
1448450 690
1448460 690
1448470 690
1448480 690
1448490 690
1448500 690
1448510 690
1448520 690
1448530 690
1448540 690
1448550 690
1448560 690
1448570 690
1448580 690
1448590 689
1448600 689
1448610 689
1448620 689
1448630 689
1448640 689
1448650 689
1448660 689
1448670 689
1448680 689
1448690 689
1448700 689
1448710 689
1448720 689
1448730 689
1448740 689
1448750 690
1448760 690
1448770 690
1448780 690
1448790 689
1448800 689
1448810 689
1448820 689
1448830 689
1448840 689
1448850 689
1448860 689
1448870 689
1448880 689
1448890 689
1448900 689
1448910 689
1448920 689
1448930 689
1448940 689
1448950 687
1448960 687
1448970 687
1448980 687
1448990 688
1449000 688
1449010 689
1449020 689
1449030 689
1449040 690
1449050 691
1449060 691
1449070 690
1449080 691
1449090 690
1449100 690
1449110 690
1449120 690
1449130 690
1449140 689
1449150 689
1449160 689
1449170 689
1449180 689
1449190 689
1449200 690
1449210 690
1449220 690
1449230 690
1449240 689
1449250 689
1449260 689
1449270 689
1449280 688
1449290 688
1449300 687
1449310 687
1449320 687
1449330 686
1449340 686
1449350 686
1449360 685
1449370 685
1449380 685
1449390 685
1449400 685
1449410 685
1449420 685
1449430 685
1449440 684
1449450 684
1449460 684
1449470 684
1449480 684
1449490 685
1449500 685
1449510 685
1449520 685
1449530 685
1449540 685
1449550 685
1449560 685
1449570 686
1449580 686
1449590 686
1449600 686
1449610 686
1449620 685
1449630 684
1449640 684
1449650 684
1449660 683
1449670 683
1449680 683
1449690 683
1449700 683
1449710 683
1449720 683
1449730 683
1449740 683
1449750 683
1449760 683
1449770 683
1449780 683
1449790 683
1449800 683
1449810 683
1449820 683
1449830 683
1449840 683
1449850 683
1449860 683
1449870 683
1449880 684
1449890 684
1449900 684
1449910 684
1449920 684
1449930 684
1449940 684
1449950 684
1449960 684
1449970 684
1449980 685
1449990 685
1450000 685
1450010 685
1450020 685
1450030 685
1450040 685
1450050 685
1450060 685
1450070 684
1450080 684
1450090 684
1450100 684
1450110 684
1450120 684
1450130 683
1450140 683
1450150 683
1450160 683
1450170 682
1450180 682
1450190 682
1450200 682
1450210 682
1450220 682
1450230 682
1450240 682
1450250 682
1450260 683
1450270 685
1450280 685
1450290 685
1450300 686
1450310 686
1450320 689
1450330 695
1450340 695
1450350 706
1450360 713
1450370 717
1450380 717
1450390 720
1450400 722
1450410 722
1450420 726
1450430 729
1450440 729
1450450 731
1450460 733
1450470 733
1450480 734
1450490 735
1450500 735
1450510 738
1450520 741
1450530 744
1450540 744
1450550 746
1450560 747
1450570 747
1450580 749
1450590 750
1450600 750
1450610 752
1450620 753
1450630 753
1450640 754
1450650 756
1450660 756
1450670 757
1450680 759
1450690 760
1450700 760
1450710 762
1450720 764
1450730 764
1450740 766
1450750 768
1450760 768
1450770 767
1450780 759
1450790 759
1450800 750
1450810 748
1450820 748
1450830 758
1450840 768
1450850 768
1450860 774
1450870 774
1450880 777
1450890 777
1450900 779
1450910 782
1450920 782
1450930 785
1450940 788
1450950 788
1450960 789
1450970 787
1450980 787
1450990 776
1451000 768
1451010 768
1451020 761
1451030 760
1451040 765
1451050 765
1451060 773
1451070 775
1451080 775
1451090 773
1451100 770
1451110 770
1451120 773
1451130 784
1451140 784
1451150 795
1451160 802
1451170 802
1451180 805
1451190 807
1451200 808
1451210 808
1451220 810
1451230 811
1451240 811
1451250 809
1451260 808
1451270 808
1451280 808
1451290 802
1451300 802
1451310 801
1451320 806
1451330 806
1451340 814
1451350 819
1451360 819
1451370 819
1451380 817
1451390 818
1451400 818
1451410 819
1451420 813
1451430 813
1451440 805
1451450 798
1451460 798
1451470 792
1451480 787
1451490 787
1451500 781
1451510 775
1451520 764
1451530 764
1451540 766
1451550 775
1451560 775
1451570 784
1451580 791
1451590 791
1451600 798
1451610 806
1451620 806
1451630 816
1451640 826
1451650 826
1451660 837
1451670 849
1451680 850
1451690 850
1451700 849
1451710 844
1451720 844
1451730 836
1451740 832
1451750 832
1451760 834
1451770 836
1451780 836
1451790 833
1451800 825
1451810 825
1451820 815
1451830 818
1451840 826
1451850 826
1451860 837
1451870 848
1451880 848
1451890 859
1451900 862
1451910 862
1451920 863
1451930 864
1451940 864
1451950 864
1451960 864
1451970 864
1451980 863
1451990 862
1452000 862
1452010 862
1452020 862
1452030 863
1452040 863
1452050 864
1452060 865
1452070 865
1452080 867
1452090 867
1452100 867
1452110 867
1452120 867
1452130 867
1452140 867
1452150 867
1452160 867
1452170 867
1452180 866
1452190 866
1452200 866
1452210 866
1452220 866
1452230 866
1452240 865
1452250 863
1452260 863
1452270 861
1452280 860
1452290 860
1452300 859
1452310 857
1452320 856
1452330 856
1452340 855
1452350 854
1452360 854
1452370 853
1452380 851
1452390 851
1452400 849
1452410 847
1452420 847
1452430 845
1452440 843
1452450 843
1452460 842
1452470 841
1452480 840
1452490 840
1452500 839
1452510 839
1452520 839
1452530 838
1452540 837
1452550 837
1452560 837
1452570 837
1452580 837
1452590 837
1452600 838
1452610 838
1452620 838
1452630 839
1452640 840
1452650 840
1452660 840
1452670 841
1452680 841
1452690 841
1452700 842
1452710 842
1452720 842
1452730 842
1452740 842
1452750 843
1452760 843
1452770 843
1452780 844
1452790 844
1452800 845
1452810 845
1452820 846
1452830 846
1452840 846
1452850 846
1452860 846
1452870 846
1452880 846
1452890 845
1452900 845
1452910 845
1452920 844
1452930 844
1452940 844
1452950 843
1452960 843
1452970 843
1452980 842
1452990 842
1453000 842
1453010 842
1453020 841
1453030 841
1453040 841
1453050 842
1453060 842
1453070 841
1453080 837
1453090 837
1453100 833
1453110 832
1453120 832
1453130 831
1453140 833
1453150 834
1453160 834
1453170 835
1453180 831
1453190 831
1453200 831
1453210 832
1453220 832
1453230 832
1453240 834
1453250 834
1453260 836
1453270 835
1453280 835
1453290 827
1453300 815
1453310 795
1453320 795
1453330 778
1453340 771
1453350 771
1453360 775
1453370 777
1453380 777
1453390 777
1453400 779
1453410 779
1453420 779
1453430 778
1453440 778
1453450 779
1453460 778
1453470 778
1453480 778
1453490 779
1453500 782
1453510 782
1453520 784
1453530 787
1453540 787
1453550 791
1453560 795
1453570 795
1453580 800
1453590 805
1453600 805
1453610 810
1453620 815
1453630 820
1453640 820
1453650 825
1453660 829
1453670 829
1453680 834
1453690 840
1453700 840
1453710 845
1453720 851
1453730 851
1453740 857
1453750 863
1453760 863
1453770 869
1453780 875
1453790 882
1453800 882
1453810 889
1453820 895
1453830 895
1453840 899
1453850 902
1453860 902
1453870 904
1453880 907
1453890 907
1453900 910
1453910 913
1453920 913
1453930 917
1453940 919
1453950 922
1453960 922
1453970 924
1453980 926
1453990 926
1454000 929
1454010 932
1454020 932
1454030 935
1454040 938
1454050 938
1454060 943
1454070 946
1454080 946
1454090 949
1454100 952
1454110 955
1454120 955
1454130 958
1454140 960
1454150 960
1454160 960
1454170 961
1454180 961
1454190 961
1454200 960
1454210 960
1454220 960
1454230 960
1454240 960
1454250 959
1454260 957
1454270 955
1454280 955
1454290 954
1454300 953
1454310 953
1454320 952
1454330 952
1454340 952
1454350 952
1454360 951
1454370 951
1454380 949
1454390 948
1454400 948
1454410 947
1454420 946
1454430 945
1454440 945
1454450 944
1454460 943
1454470 943
1454480 942
1454490 941
1454500 941
1454510 940
1454520 938
1454530 938
1454540 937
1454550 935
1454560 935
1454570 934
1454580 933
1454590 932
1454600 932
1454610 932
1454620 932
1454630 932
1454640 932
1454650 932
1454660 932
1454670 931
1454680 931
1454690 931
1454700 931
1454710 930
1454720 930
1454730 931
1454740 931
1454750 932
1454760 932
1454770 934
1454780 935
1454790 935
1454800 936
1454810 936
1454820 936
1454830 936
1454840 935
1454850 935
1454860 934
1454870 932
1454880 932
1454890 930
1454900 929
1454910 928
1454920 928
1454930 927
1454940 926
1454950 926
1454960 925
1454970 924
1454980 924
1454990 923
1455000 921
1455010 921
1455020 919
1455030 918
1455040 918
1455050 916
1455060 914
1455070 913
1455080 913
1455090 911
1455100 910
1455110 910
1455120 909
1455130 910
1455140 910
1455150 911
1455160 913
1455170 913
1455180 912
1455190 913
1455200 913
1455210 915
1455220 917
1455230 917
1455240 917
1455250 917
1455260 916
1455270 916
1455280 915
1455290 912
1455300 912
1455310 914
1455320 916
1455330 916
1455340 917
1455350 917
1455360 917
1455370 917
1455380 917
1455390 917
1455400 917
1455410 916
1455420 915
1455430 915
1455440 914
1455450 912
1455460 912
1455470 911
1455480 910
1455490 910
1455500 909
1455510 908
1455520 908
1455530 907
1455540 907
1455550 907
1455560 906
1455570 906
1455580 905
1455590 905
1455600 905
1455610 904
1455620 904
1455630 901
1455640 897
1455650 897
1455660 896
1455670 897
1455680 897
1455690 900
1455700 905
1455710 905
1455720 906
1455730 905
1455740 906
1455750 906
1455760 909
1455770 911
1455780 911
1455790 911
1455800 908
1455810 908
1455820 902
1455830 898
1455840 898
1455850 895
1455860 890
1455870 890
1455880 883
1455890 878
1455900 870
1455910 870
1455920 863
1455930 854
1455940 854
1455950 848
1455960 843
1455970 843
1455980 837
1455990 832
1456000 832
1456010 827
1456020 832
1456030 832
1456040 836
1456050 839
1456060 841
1456070 841
1456080 843
1456090 847
1456100 847
1456110 852
1456120 851
1456130 851
1456140 846
1456150 841
1456160 841
1456170 834
1456180 827
1456190 827
1456200 818
1456210 810
1456220 802
1456230 802
1456240 807
1456250 812
1456260 812
1456270 815
1456280 819
1456290 819
1456300 826
1456310 837
1456320 837
1456330 846
1456340 853
1456350 853
1456360 862
1456370 870
1456380 875
1456390 875
1456400 877
1456410 876
1456420 876
1456430 874
1456440 873
1456450 873
1456460 872
1456470 873
1456480 873
1456490 873
1456500 873
1456510 873
1456520 869
1456530 862
1456540 851
1456550 851
1456560 839
1456570 837
1456580 837
1456590 844
1456600 852
1456610 852
1456620 861
1456630 868
1456640 868
1456650 876
1456660 880
1456670 880
1456680 885
1456690 890
1456700 895
1456710 895
1456720 899
1456730 900
1456740 900
1456750 898
1456760 897
1456770 897
1456780 897
1456790 894
1456800 894
1456810 888
1456820 881
1456830 881
1456840 873
1456850 867
1456860 863
1456870 863
1456880 860
1456890 859
1456900 859
1456910 856
1456920 855
1456930 855
1456940 857
1456950 859
1456960 859
1456970 859
1456980 859
1456990 859
1457000 859
1457010 858
1457020 859
1457030 859
1457040 861
1457050 868
1457060 868
1457070 875
1457080 883
1457090 883
1457100 890
1457110 895
1457120 895
1457130 897
1457140 898
1457150 898
1457160 898
1457170 899
1457180 899
1457190 899
1457200 899
1457210 899
1457220 899
1457230 899
1457240 899
1457250 899
1457260 899
1457270 899
1457280 899
1457290 899
1457300 899
1457310 899
1457320 899
1457330 899
1457340 899
1457350 899
1457360 900
1457370 900
1457380 900
1457390 900
1457400 901
1457410 901
1457420 903
1457430 905
1457440 905
1457450 907
1457460 908
1457470 908
1457480 907
1457490 909
1457500 911
1457510 911
1457520 913
1457530 915
1457540 915
1457550 917
1457560 919
1457570 919
1457580 921
1457590 920
1457600 920
1457610 921
1457620 923
1457630 923
1457640 926
1457650 927
1457660 928
1457670 928
1457680 930
1457690 931
1457700 931
1457710 932
1457720 932
1457730 932
1457740 929
1457750 927
1457760 927
1457770 930
1457780 934
1457790 934
1457800 938
1457810 938
1457820 938
1457830 939
1457840 941
1457850 943
1457860 943
1457870 946
1457880 947
1457890 947
1457900 946
1457910 949
1457920 949
1457930 956
1457940 962
1457950 962
1457960 965
1457970 967
1457980 967
1457990 969
1458000 971
1458010 974
1458020 974
1458030 979
1458040 983
1458050 983
1458060 986
1458070 985
1458080 985
1458090 987
1458100 993
1458110 993
1458120 996
1458130 999
1458140 999
1458150 1002
1458160 1005
1458170 1005
1458180 1005
1458190 1006
1458200 1013
1458210 1013
1458220 1016
1458230 1017
1458240 1017
1458250 1019
1458260 1024
1458270 1024
1458280 1031
1458290 1033
1458300 1033
1458310 1036
1458320 1039
1458330 1041
1458340 1041
1458350 1043
1458360 1046
1458370 1046
1458380 1050
1458390 1053
1458400 1053
1458410 1057
1458420 1061
1458430 1061
1458440 1063
1458450 1066
1458460 1066
1458470 1071
1458480 1076
1458490 1081
1458500 1081
1458510 1085
1458520 1089
1458530 1089
1458540 1093
1458550 1096
1458560 1096
1458570 1100
1458580 1102
1458590 1102
1458600 1105
1458610 1108
1458620 1108
1458630 1111
1458640 1112
1458650 1113
1458660 1113
1458670 1115
1458680 1117
1458690 1117
1458700 1118
1458710 1119
1458720 1119
1458730 1120
1458740 1121
1458750 1121
1458760 1122
1458770 1123
1458780 1123
1458790 1123
1458800 1124
1458810 1125
1458820 1125
1458830 1125
1458840 1126
1458850 1126
1458860 1126
1458870 1125
1458880 1125
1458890 1123
1458900 1121
1458910 1121
1458920 1119
1458930 1117
1458940 1117
1458950 1115
1458960 1113
1458970 1112
1458980 1112
1458990 1109
1459000 1106
1459010 1106
1459020 1104
1459030 1102
1459040 1102
1459050 1099
1459060 1097
1459070 1097
1459080 1095
1459090 1093
1459100 1093
1459110 1087
1459120 1076
1459130 1068
1459140 1068
1459150 1063
1459160 1057
1459170 1057
1459180 1051
1459190 1045
1459200 1045
1459210 1037
1459220 1028
1459230 1028
1459240 1018
1459250 1011
1459260 1011
1459270 1008
1459280 1002
1459290 997
1459300 997
1459310 992
1459320 987
1459330 987
1459340 982
1459350 978
1459360 978
1459370 976
1459380 973
1459390 973
1459400 968
1459410 962
1459420 962
1459430 954
1459440 948
1459450 940
1459460 940
1459470 934
1459480 930
1459490 930
1459500 927
1459510 924
1459520 924
1459530 920
1459540 917
1459550 917
1459560 916
1459570 918
1459580 918
1459590 932
1459600 940
1459610 947
1459620 947
1459630 954
1459640 961
1459650 961
1459660 968
1459670 974
1459680 974
1459690 981
1459700 989
1459710 989
1459720 998
1459730 1005
1459740 1005
1459750 1012
1459760 1019
1459770 1026
1459780 1026
1459790 1033
1459800 1040
1459810 1040
1459820 1050
1459830 1055
1459840 1055
1459850 1059
1459860 1062
1459870 1062
1459880 1065
1459890 1068
1459900 1068
1459910 1072
1459920 1076
1459930 1080
1459940 1080
1459950 1084
1459960 1086
1459970 1086
1459980 1085
1459990 1083
