1440000 1121
1440010 1118
1440020 1118
1440030 1114
1440040 1109
1440050 1109
1440060 1107
1440070 1103
1440080 1103
1440090 1102
1440100 1100
1440110 1100
1440120 1098
1440130 1096
1440140 1096
1440150 1095
1440160 1094
1440170 1091
1440180 1091
1440190 1089
1440200 1089
1440210 1089
1440220 1089
1440230 1089
1440240 1089
1440250 1088
1440260 1087
1440270 1087
1440280 1084
1440290 1084
1440300 1084
1440310 1083
1440320 1081
1440330 1081
1440340 1080
1440350 1079
1440360 1079
1440370 1079
1440380 1080
1440390 1078
1440400 1078
1440410 1076
1440420 1075
1440430 1075
1440440 1074
1440450 1073
1440460 1073
1440470 1073
1440480 1073
1440490 1073
1440500 1073
1440510 1072
1440520 1071
1440530 1071
1440540 1069
1440550 1069
1440560 1069
1440570 1071
1440580 1071
1440590 1071
1440600 1072
1440610 1072
1440620 1072
1440630 1071
1440640 1070
1440650 1070
1440660 1068
1440670 1068
1440680 1068
1440690 1068
1440700 1066
1440710 1064
1440720 1064
1440730 1062
1440740 1060
1440750 1060
1440760 1058
1440770 1056
1440780 1056
1440790 1053
1440800 1051
1440810 1051
1440820 1049
1440830 1046
1440840 1043
1440850 1043
1440860 1040
1440870 1040
1440880 1040
1440890 1040
1440900 1038
1440910 1038
1440920 1035
1440930 1032
1440940 1032
1440950 1029
1440960 1028
1440970 1028
1440980 1026
1440990 1025
1441000 1024
1441010 1024
1441020 1022
1441030 1015
1441040 1015
1441050 1002
1441060 990
1441070 990
1441080 973
1441090 965
1441100 965
1441110 969
1441120 975
1441130 975
1441140 980
1441150 987
1441160 995
1441170 995
1441180 999
1441190 998
1441200 998
1441210 996
1441220 993
1441230 993
1441240 990
1441250 986
1441260 986
1441270 985
1441280 979
1441290 979
1441300 971
1441310 964
1441320 959
1441330 959
1441340 954
1441350 950
1441360 950
1441370 944
1441380 939
1441390 939
1441400 930
1441410 918
1441420 918
1441430 908
1441440 899
1441450 899
1441460 889
1441470 874
1441480 876
1441490 876
1441500 884
1441510 891
1441520 891
1441530 899
1441540 910
1441550 910
1441560 919
1441570 929
1441580 929
1441590 936
1441600 942
1441610 942
1441620 948
1441630 954
1441640 954
1441650 961
1441660 965
1441670 972
1441680 972
1441690 978
1441700 983
1441710 983
1441720 988
1441730 994
1441740 994
1441750 1001
1441760 1008
1441770 1008
1441780 1015
1441790 1023
1441800 1023
1441810 1033
1441820 1038
1441830 1039
1441840 1039
1441850 1037
1441860 1032
1441870 1032
1441880 1035
1441890 1037
1441900 1037
1441910 1039
1441920 1041
1441930 1041
1441940 1043
1441950 1044
1441960 1044
1441970 1045
1441980 1047
1441990 1048
1442000 1048
1442010 1050
1442020 1053
1442030 1053
1442040 1056
1442050 1058
1442060 1058
1442070 1059
1442080 1061
1442090 1061
1442100 1064
1442110 1067
1442120 1067
1442130 1069
1442140 1070
1442150 1072
1442160 1072
1442170 1075
1442180 1078
1442190 1078
1442200 1081
1442210 1084
1442220 1084
1442230 1087
1442240 1089
1442250 1089
1442260 1091
1442270 1095
1442280 1095
1442290 1097
1442300 1099
1442310 1099
1442320 1099
1442330 1099
1442340 1102
1442350 1102
1442360 1104
1442370 1106
1442380 1106
1442390 1107
1442400 1107
1442410 1107
1442420 1107
1442430 1108
1442440 1108
1442450 1108
1442460 1109
1442470 1109
1442480 1109
1442490 1108
1442500 1107
1442510 1107
1442520 1106
1442530 1110
1442540 1110
1442550 1110
1442560 1109
1442570 1109
1442580 1106
1442590 1101
1442600 1101
1442610 1093
1442620 1084
1442630 1078
1442640 1078
1442650 1074
1442660 1079
1442670 1079
1442680 1088
1442690 1094
1442700 1094
1442710 1100
1442720 1107
1442730 1107
1442740 1115
1442750 1120
1442760 1120
1442770 1123
1442780 1126
1442790 1126
1442800 1129
1442810 1132
1442820 1133
1442830 1133
1442840 1135
1442850 1135
1442860 1135
1442870 1135
1442880 1136
1442890 1136
1442900 1137
1442910 1138
1442920 1138
1442930 1140
1442940 1141
1442950 1141
1442960 1142
1442970 1143
1442980 1144
1442990 1141
1443000 1144
1443010 1146
1443020 1146
1443030 1148
1443040 1150
1443050 1150
1443060 1153
1443070 1154
1443080 1154
1443090 1156
1443100 1157
1443110 1157
1443120 1157
1443130 1158
1443140 1158
1443150 1158
1443160 1159
1443170 1159
1443180 1159
1443190 1160
1443200 1160
1443210 1160
1443220 1161
1443230 1162
1443240 1162
1443250 1161
1443260 1161
1443270 1161
1443280 1161
1443290 1162
1443300 1163
1443310 1163
1443320 1164
1443330 1166
1443340 1166
1443350 1167
1443360 1170
1443370 1170
1443380 1173
1443390 1176
1443400 1176
1443410 1179
1443420 1181
1443430 1181
1443440 1183
1443450 1185
1443460 1186
1443470 1186
1443480 1186
1443490 1187
1443500 1187
1443510 1188
1443520 1189
1443530 1189
1443540 1191
1443550 1193
1443560 1193
1443570 1194
1443580 1196
1443590 1196
1443600 1197
1443610 1199
1443620 1201
1443630 1201
1443640 1203
1443650 1206
1443660 1206
1443670 1209
1443680 1212
1443690 1212
1443700 1215
1443710 1218
1443720 1218
1443730 1220
1443740 1221
1443750 1221
1443760 1222
1443770 1221
1443780 1221
1443790 1221
1443800 1219
1443810 1216
1443820 1216
1443830 1213
1443840 1210
1443850 1210
1443860 1208
1443870 1204
1443880 1204
1443890 1201
1443900 1198
1443910 1198
1443920 1194
1443930 1190
1443940 1186
1443950 1186
1443960 1184
1443970 1183
1443980 1183
1443990 1183
1444000 1183
1444010 1183
1444020 1182
1444030 1181
1444040 1181
1444050 1178
1444060 1175
1444070 1175
1444080 1171
1444090 1166
1444100 1166
1444110 1160
1444120 1156
1444130 1152
1444140 1152
1444150 1148
1444160 1143
1444170 1143
1444180 1138
1444190 1133
1444200 1133
1444210 1128
1444220 1124
1444230 1124
1444240 1119
1444250 1116
1444260 1116
1444270 1112
1444280 1109
1444290 1107
1444300 1107
1444310 1105
1444320 1102
1444330 1102
1444340 1101
1444350 1101
1444360 1101
1444370 1101
1444380 1101
1444390 1101
1444400 1099
1444410 1096
1444420 1096
1444430 1091
1444440 1086
1444450 1081
1444460 1081
1444470 1077
1444480 1072
1444490 1072
1444500 1068
1444510 1064
1444520 1064
1444530 1060
1444540 1056
1444550 1056
1444560 1052
1444570 1049
1444580 1049
1444590 1045
1444600 1042
1444610 1040
1444620 1040
1444630 1039
1444640 1039
1444650 1039
1444660 1039
1444670 1038
1444680 1038
1444690 1036
1444700 1034
1444710 1034
1444720 1032
1444730 1031
1444740 1031
1444750 1029
1444760 1026
1444770 1025
1444780 1025
1444790 1024
1444800 1022
1444810 1022
1444820 1018
1444830 1012
1444840 1012
1444850 1005
1444860 1002
1444870 1002
1444880 1000
1444890 999
1444900 999
1444910 1002
1444920 1003
1444930 1003
1444940 1003
1444950 1002
1444960 1001
1444970 1001
1444980 1000
1444990 998
1445000 998
1445010 995
1445020 993
1445030 993
1445040 991
1445050 990
1445060 990
1445070 988
1445080 986
1445090 983
1445100 983
1445110 981
1445120 978
1445130 978
1445140 975
1445150 971
1445160 971
1445170 969
1445180 966
1445190 966
1445200 962
1445210 959
1445220 959
1445230 957
1445240 954
1445250 951
1445260 951
1445270 948
1445280 943
1445290 943
1445300 938
1445310 933
1445320 933
1445330 929
1445340 925
1445350 925
1445360 921
1445370 916
1445380 916
1445390 912
1445400 907
1445410 907
1445420 905
1445430 903
1445440 901
1445450 901
1445460 899
1445470 897
1445480 897
1445490 895
1445500 892
1445510 892
1445520 890
1445530 888
1445540 888
1445550 887
1445560 886
1445570 886
1445580 884
1445590 882
1445600 881
1445610 881
1445620 880
1445630 878
1445640 878
1445650 875
1445660 872
1445670 872
1445680 869
1445690 866
1445700 866
1445710 863
1445720 860
1445730 860
1445740 858
1445750 854
1445760 850
1445770 850
1445780 847
1445790 845
1445800 845
1445810 842
1445820 838
1445830 838
1445840 834
1445850 833
1445860 833
1445870 834
1445880 834
1445890 834
1445900 833
1445910 832
1445920 831
1445930 831
1445940 831
1445950 831
1445960 831
1445970 830
1445980 828
1445990 828
1446000 826
1446010 824
1446020 824
1446030 824
1446040 823
1446050 823
1446060 821
1446070 819
1446080 817
1446090 817
1446100 816
1446110 816
1446120 816
1446130 816
1446140 815
1446150 815
1446160 812
1446170 807
1446180 807
1446190 801
1446200 797
1446210 797
1446220 793
1446230 791
1446240 790
1446250 790
1446260 790
1446270 789
1446280 789
1446290 788
1446300 787
1446310 787
1446320 786
1446330 786
1446340 786
1446350 786
1446360 786
1446370 786
1446380 789
1446390 793
1446400 793
1446410 793
1446420 793
1446430 793
1446440 793
1446450 792
1446460 790
1446470 790
1446480 789
1446490 788
1446500 788
1446510 787
1446520 786
1446530 786
1446540 783
1446550 779
1446560 777
1446570 777
1446580 778
1446590 779
1446600 779
1446610 779
1446620 779
1446630 779
1446640 780
1446650 781
1446660 781
1446670 781
1446680 780
1446690 780
1446700 781
1446710 781
1446720 781
1446730 780
1446740 779
1446750 780
1446760 780
1446770 780
1446780 781
1446790 781
1446800 781
1446810 780
1446820 780
1446830 781
1446840 782
1446850 782
1446860 782
1446870 782
1446880 782
1446890 782
1446900 781
1446910 781
1446920 781
1446930 780
1446940 779
1446950 779
1446960 779
1446970 778
1446980 778
1446990 777
1447000 778
1447010 778
1447020 782
1447030 784
1447040 784
1447050 786
1447060 785
1447070 786
1447080 786
1447090 786
1447100 786
1447110 786
1447120 789
1447130 794
1447140 794
1447150 799
1447160 804
1447170 804
1447180 806
1447190 808
1447200 808
1447210 808
1447220 809
1447230 809
1447240 809
1447250 809
1447260 809
1447270 809
1447280 809
1447290 810
1447300 810
1447310 810
1447320 812
1447330 812
1447340 814
1447350 816
1447360 816
1447370 820
1447380 823
1447390 826
1447400 826
1447410 828
1447420 826
1447430 826
1447440 826
1447450 830
1447460 830
1447470 837
1447480 845
1447490 845
1447500 852
1447510 855
1447520 855
1447530 856
1447540 856
1447550 853
1447560 853
1447570 847
1447580 851
1447590 851
1447600 860
1447610 868
1447620 868
1447630 873
1447640 878
1447650 878
1447660 883
1447670 887
1447680 887
1447690 889
1447700 892
1447710 894
1447720 894
1447730 897
1447740 900
1447750 900
1447760 902
1447770 905
1447780 905
1447790 907
1447800 910
1447810 910
1447820 913
1447830 917
1447840 917
1447850 921
1447860 925
1447870 929
1447880 929
1447890 933
1447900 936
1447910 936
1447920 937
1447930 938
1447940 938
1447950 940
1447960 942
1447970 942
1447980 945
1447990 950
1448000 950
1448010 954
1448020 958
1448030 958
1448040 961
1448050 966
1448060 970
1448070 970
1448080 974
1448090 979
1448100 979
1448110 982
1448120 985
1448130 985
1448140 989
1448150 993
1448160 993
1448170 998
1448180 1003
1448190 1003
1448200 1007
1448210 1011
1448220 1015
1448230 1015
1448240 1018
1448250 1021
1448260 1021
1448270 1024
1448280 1027
1448290 1027
1448300 1030
1448310 1033
1448320 1033
1448330 1036
1448340 1040
1448350 1040
1448360 1042
1448370 1044
1448380 1046
1448390 1046
1448400 1048
1448410 1050
1448420 1050
1448430 1051
1448440 1052
1448450 1052
1448460 1053
1448470 1053
1448480 1053
1448490 1054
1448500 1055
1448510 1055
1448520 1057
1448530 1058
1448540 1058
1448550 1058
1448560 1058
1448570 1058
1448580 1058
1448590 1058
1448600 1058
1448610 1058
1448620 1058
1448630 1058
1448640 1058
1448650 1058
1448660 1057
1448670 1057
1448680 1057
1448690 1056
1448700 1055
1448710 1055
1448720 1054
1448730 1053
1448740 1053
1448750 1050
1448760 1048
1448770 1048
1448780 1045
1448790 1042
1448800 1042
1448810 1040
1448820 1034
1448830 1034
1448840 1026
1448850 1019
1448860 1012
1448870 1012
1448880 1008
1448890 1008
1448900 1008
1448910 1012
1448920 1018
1448930 1018
1448940 1024
1448950 1029
1448960 1029
1448970 1033
1448980 1038
1448990 1038
1449000 1041
1449010 1044
1449020 1050
1449030 1050
1449040 1056
1449050 1060
1449060 1060
1449070 1063
1449080 1066
1449090 1066
1449100 1069
1449110 1072
1449120 1072
1449130 1074
1449140 1076
1449150 1076
1449160 1078
1449170 1081
1449180 1083
1449190 1083
1449200 1084
1449210 1085
1449220 1085
1449230 1085
1449240 1088
1449250 1088
1449260 1091
1449270 1095
1449280 1095
1449290 1099
1449300 1099
1449310 1099
1449320 1097
1449330 1098
1449340 1098
1449350 1104
1449360 1109
1449370 1113
1449380 1113
1449390 1117
1449400 1123
1449410 1123
1449420 1128
1449430 1131
1449440 1131
1449450 1135
1449460 1138
1449470 1138
1449480 1142
1449490 1144
1449500 1144
1449510 1146
1449520 1150
1449530 1156
1449540 1156
1449550 1159
1449560 1162
1449570 1162
1449580 1159
1449590 1161
1449600 1161
1449610 1163
1449620 1165
1449630 1165
1449640 1167
1449650 1171
1449660 1171
1449670 1175
1449680 1178
1449690 1181
1449700 1181
1449710 1184
1449720 1186
1449730 1186
1449740 1188
1449750 1190
1449760 1190
1449770 1192
1449780 1195
1449790 1195
1449800 1200
1449810 1204
1449820 1204
1449830 1208
1449840 1212
1449850 1215
1449860 1215
1449870 1217
1449880 1220
1449890 1220
1449900 1223
1449910 1225
1449920 1225
1449930 1227
1449940 1229
1449950 1229
1449960 1230
1449970 1230
1449980 1230
1449990 1226
1450000 1218
1450010 1211
1450020 1211
1450030 1206
1450040 1196
1450050 1196
1450060 1188
1450070 1182
1450080 1182
1450090 1178
1450100 1175
1450110 1175
1450120 1171
1450130 1167
1450140 1167
1450150 1162
1450160 1159
1450170 1158
1450180 1158
1450190 1158
1450200 1155
1450210 1155
1450220 1151
1450230 1146
1450240 1146
1450250 1138
1450260 1130
1450270 1130
1450280 1128
1450290 1132
1450300 1132
1450310 1137
1450320 1132
1450330 1128
1450340 1128
1450350 1130
1450360 1133
1450370 1133
1450380 1133
1450390 1139
1450400 1139
1450410 1147
1450420 1156
1450430 1156
1450440 1164
1450450 1172
1450460 1172
1450470 1179
1450480 1187
1450490 1195
1450500 1195
1450510 1203
1450520 1211
1450530 1211
1450540 1218
1450550 1225
1450560 1225
1450570 1233
1450580 1239
1450590 1239
1450600 1245
1450610 1252
1450620 1252
1450630 1259
1450640 1267
1450650 1267
1450660 1276
1450670 1283
1450680 1289
1450690 1289
1450700 1293
1450710 1297
1450720 1297
1450730 1302
1450740 1304
1450750 1304
1450760 1309
1450770 1314
1450780 1314
1450790 1318
1450800 1322
1450810 1322
1450820 1324
1450830 1329
1450840 1335
1450850 1335
1450860 1342
1450870 1350
1450880 1350
1450890 1358
1450900 1367
1450910 1367
1450920 1375
1450930 1380
1450940 1380
1450950 1384
1450960 1388
1450970 1388
1450980 1390
1450990 1395
1451000 1403
1451010 1403
1451020 1409
1451030 1413
1451040 1413
1451050 1416
1451060 1417
1451070 1417
1451080 1418
1451090 1420
1451100 1420
1451110 1422
1451120 1425
1451130 1425
1451140 1427
1451150 1429
1451160 1431
1451170 1431
1451180 1433
1451190 1435
1451200 1435
1451210 1437
1451220 1439
1451230 1439
1451240 1441
1451250 1442
1451260 1442
1451270 1444
1451280 1445
1451290 1445
1451300 1446
1451310 1447
1451320 1446
1451330 1446
1451340 1444
1451350 1442
1451360 1442
1451370 1438
1451380 1433
1451390 1433
1451400 1428
1451410 1423
1451420 1423
1451430 1419
1451440 1415
1451450 1415
1451460 1411
1451470 1405
1451480 1398
1451490 1398
1451500 1390
1451510 1391
1451520 1391
1451530 1398
1451540 1400
1451550 1400
1451560 1402
1451570 1403
1451580 1403
1451590 1404
1451600 1402
1451610 1402
1451620 1400
1451630 1407
1451640 1413
1451650 1413
1451660 1419
1451670 1424
1451680 1424
1451690 1429
1451700 1433
1451710 1433
1451720 1434
1451730 1434
1451740 1434
1451750 1433
1451760 1431
1451770 1431
1451780 1429
1451790 1426
1451800 1424
1451810 1424
1451820 1424
1451830 1425
1451840 1425
1451850 1424
1451860 1422
1451870 1422
1451880 1425
1451890 1430
1451900 1430
1451910 1434
1451920 1439
1451930 1439
1451940 1443
1451950 1446
1451960 1446
1451970 1448
1451980 1450
1451990 1450
1452000 1450
1452010 1452
1452020 1453
1452030 1453
1452040 1454
1452050 1453
1452060 1453
1452070 1453
1452080 1454
1452090 1454
1452100 1454
1452110 1454
1452120 1454
1452130 1453
1452140 1453
1452150 1453
1452160 1453
1452170 1453
1452180 1453
1452190 1453
1452200 1453
1452210 1453
1452220 1453
1452230 1454
1452240 1455
1452250 1455
1452260 1455
1452270 1455
1452280 1455
1452290 1454
1452300 1453
1452310 1450
1452320 1450
1452330 1447
1452340 1444
1452350 1444
1452360 1441
1452370 1438
1452380 1438
1452390 1435
1452400 1431
1452410 1431
1452420 1427
1452430 1424
1452440 1424
1452450 1420
1452460 1417
1452470 1413
1452480 1413
1452490 1408
1452500 1403
1452510 1403
1452520 1400
1452530 1398
1452540 1398
1452550 1396
1452560 1393
1452570 1393
1452580 1390
1452590 1388
1452600 1388
1452610 1387
1452620 1384
1452630 1378
1452640 1378
1452650 1373
1452660 1371
1452670 1371
1452680 1370
1452690 1367
1452700 1367
1452710 1364
1452720 1359
1452730 1359
1452740 1355
1452750 1350
1452760 1350
1452770 1344
1452780 1338
1452790 1333
1452800 1333
1452810 1328
1452820 1324
1452830 1324
1452840 1320
1452850 1316
1452860 1316
1452870 1310
1452880 1305
1452890 1305
1452900 1299
1452910 1295
1452920 1295
1452930 1289
1452940 1283
1452950 1274
1452960 1274
1452970 1265
1452980 1255
1452990 1255
1453000 1246
1453010 1238
1453020 1238
1453030 1229
1453040 1221
1453050 1221
1453060 1220
1453070 1223
1453080 1223
1453090 1228
1453100 1234
1453110 1234
1453120 1240
1453130 1247
1453140 1252
1453150 1252
1453160 1257
1453170 1262
1453180 1262
1453190 1269
1453200 1278
1453210 1278
1453220 1282
1453230 1287
1453240 1287
1453250 1295
1453260 1304
1453270 1304
1453280 1313
1453290 1321
1453300 1336
1453310 1336
1453320 1350
1453330 1357
1453340 1357
1453350 1361
1453360 1363
1453370 1363
1453380 1372
1453390 1378
1453400 1378
1453410 1384
1453420 1388
1453430 1388
1453440 1393
1453450 1398
1453460 1403
1453470 1403
1453480 1407
1453490 1412
1453500 1412
1453510 1416
1453520 1421
1453530 1421
1453540 1426
1453550 1431
1453560 1431
1453570 1437
1453580 1442
1453590 1442
1453600 1447
1453610 1450
1453620 1452
1453630 1452
1453640 1455
1453650 1457
1453660 1457
1453670 1460
1453680 1463
1453690 1463
1453700 1465
1453710 1467
1453720 1467
1453730 1468
1453740 1467
1453750 1467
1453760 1463
1453770 1462
1453780 1459
1453790 1459
1453800 1456
1453810 1450
1453820 1450
1453830 1444
1453840 1440
1453850 1440
1453860 1444
1453870 1444
1453880 1444
1453890 1439
1453900 1436
1453910 1436
1453920 1433
1453930 1432
1453940 1437
1453950 1437
1453960 1442
1453970 1447
1453980 1447
1453990 1448
1454000 1446
1454010 1446
1454020 1447
1454030 1452
1454040 1452
1454050 1460
1454060 1460
1454070 1460
1454080 1459
1454090 1459
1454100 1456
1454110 1456
1454120 1454
1454130 1456
1454140 1456
1454150 1461
1454160 1470
1454170 1470
1454180 1480
1454190 1487
1454200 1487
1454210 1492
1454220 1499
1454230 1499
1454240 1507
1454250 1513
1454260 1520
1454270 1520
1454280 1526
1454290 1533
1454300 1533
1454310 1539
1454320 1545
1454330 1545
1454340 1552
1454350 1558
1454360 1558
1454370 1561
1454380 1563
1454390 1563
1454400 1565
1454410 1566
1454420 1566
1454430 1567
1454440 1567
1454450 1570
1454460 1570
1454470 1573
1454480 1575
1454490 1575
1454500 1577
1454510 1579
1454520 1579
1454530 1582
1454540 1585
1454550 1585
1454560 1586
1454570 1587
1454580 1587
1454590 1588
1454600 1590
1454610 1592
1454620 1592
1454630 1593
1454640 1594
1454650 1594
1454660 1594
1454670 1594
1454680 1594
1454690 1592
1454700 1590
1454710 1590
1454720 1587
1454730 1583
1454740 1583
1454750 1580
1454760 1577
1454770 1572
1454780 1572
1454790 1565
1454800 1557
1454810 1557
1454820 1558
1454830 1561
1454840 1561
1454850 1561
1454860 1562
1454870 1562
1454880 1562
1454890 1561
1454900 1561
1454910 1560
1454920 1560
1454930 1559
1454940 1559
1454950 1554
1454960 1546
1454970 1546
1454980 1540
1454990 1544
1455000 1544
1455010 1549
1455020 1553
1455030 1553
1455040 1556
1455050 1559
1455060 1559
1455070 1560
1455080 1561
1455090 1561
1455100 1561
1455110 1561
1455120 1559
1455130 1559
1455140 1557
1455150 1554
1455160 1554
1455170 1554
1455180 1552
1455190 1552
1455200 1548
1455210 1548
1455220 1548
1455230 1549
1455240 1547
1455250 1547
1455260 1547
1455270 1551
1455280 1555
1455290 1555
1455300 1558
1455310 1560
1455320 1560
1455330 1559
1455340 1557
1455350 1557
1455360 1552
1455370 1546
1455380 1546
1455390 1542
1455400 1542
1455410 1542
1455420 1542
1455430 1543
1455440 1540
1455450 1540
1455460 1534
1455470 1528
1455480 1528
1455490 1522
1455500 1517
1455510 1517
1455520 1512
1455530 1507
1455540 1507
1455550 1502
1455560 1494
1455570 1492
1455580 1492
1455590 1495
1455600 1503
1455610 1503
1455620 1508
1455630 1509
1455640 1509
1455650 1511
1455660 1515
1455670 1515
1455680 1521
1455690 1526
1455700 1526
1455710 1532
1455720 1536
1455730 1536
1455740 1540
1455750 1546
1455760 1551
1455770 1551
1455780 1556
1455790 1561
1455800 1561
1455810 1564
1455820 1568
1455830 1568
1455840 1570
1455850 1571
1455860 1571
1455870 1570
1455880 1565
1455890 1565
1455900 1561
1455910 1560
1455920 1555
1455930 1555
1455940 1552
1455950 1553
1455960 1553
1455970 1552
1455980 1550
1455990 1550
1456000 1547
1456010 1546
1456020 1546
1456030 1543
1456040 1537
1456050 1537
1456060 1528
1456070 1518
1456080 1510
1456090 1510
1456100 1503
1456110 1497
1456120 1497
1456130 1494
1456140 1492
1456150 1492
1456160 1491
1456170 1492
1456180 1492
1456190 1495
1456200 1499
1456210 1499
1456220 1504
1456230 1509
1456240 1514
1456250 1514
1456260 1518
1456270 1522
1456280 1522
1456290 1527
1456300 1533
1456310 1533
1456320 1539
1456330 1542
1456340 1542
1456350 1538
1456360 1534
1456370 1534
1456380 1530
1456390 1527
1456400 1524
1456410 1524
1456420 1521
1456430 1516
1456440 1516
1456450 1514
1456460 1516
1456470 1516
1456480 1519
1456490 1521
1456500 1521
1456510 1521
1456520 1521
1456530 1521
1456540 1519
1456550 1516
1456560 1518
1456570 1518
1456580 1521
1456590 1524
1456600 1524
1456610 1528
1456620 1533
1456630 1533
1456640 1536
1456650 1532
1456660 1532
1456670 1525
1456680 1518
1456690 1518
1456700 1511
1456710 1504
1456720 1503
1456730 1503
1456740 1500
1456750 1504
1456760 1504
1456770 1511
1456780 1517
1456790 1517
1456800 1524
1456810 1529
1456820 1529
1456830 1534
1456840 1541
1456850 1541
1456860 1549
1456870 1557
1456880 1564
1456890 1564
1456900 1569
1456910 1568
1456920 1568
1456930 1565
1456940 1565
1456950 1565
1456960 1563
1456970 1561
1456980 1561
1456990 1560
1457000 1560
1457010 1560
1457020 1563
1457030 1566
1457040 1566
1457050 1568
1457060 1567
1457070 1568
1457080 1568
1457090 1572
1457100 1574
1457110 1574
1457120 1576
1457130 1576
1457140 1576
1457150 1573
1457160 1568
1457170 1568
1457180 1564
1457190 1560
1457200 1560
1457210 1558
1457220 1556
1457230 1556
1457240 1556
1457250 1556
1457260 1560
1457270 1560
1457280 1565
1457290 1563
1457300 1563
1457310 1558
1457320 1554
1457330 1554
1457340 1551
1457350 1547
1457360 1547
1457370 1543
1457380 1542
1457390 1542
1457400 1542
1457410 1542
1457420 1543
1457430 1543
1457440 1544
1457450 1545
1457460 1545
1457470 1549
1457480 1554
1457490 1554
1457500 1559
1457510 1563
1457520 1563
1457530 1568
1457540 1571
1457550 1570
1457560 1570
1457570 1569
1457580 1567
1457590 1567
1457600 1566
1457610 1564
1457620 1564
1457630 1563
1457640 1564
1457650 1564
1457660 1566
1457670 1569
1457680 1569
1457690 1573
1457700 1573
1457710 1574
1457720 1568
1457730 1572
1457740 1575
1457750 1575
1457760 1578
1457770 1582
1457780 1582
1457790 1586
1457800 1590
1457810 1590
1457820 1594
1457830 1601
1457840 1601
1457850 1611
1457860 1624
1457870 1634
1457880 1634
1457890 1642
1457900 1644
1457910 1644
1457920 1644
1457930 1645
1457940 1645
1457950 1646
1457960 1639
1457970 1639
1457980 1632
1457990 1630
1458000 1630
1458010 1633
1458020 1639
1458030 1643
1458040 1643
1458050 1646
1458060 1650
1458070 1650
1458080 1651
1458090 1649
1458100 1649
1458110 1647
1458120 1651
1458130 1651
1458140 1657
1458150 1661
1458160 1661
1458170 1664
1458180 1669
1458190 1675
1458200 1675
1458210 1682
1458220 1689
1458230 1689
1458240 1695
1458250 1700
1458260 1700
1458270 1703
1458280 1706
1458290 1706
1458300 1710
1458310 1715
1458320 1715
1458330 1722
1458340 1730
1458350 1730
1458360 1737
1458370 1742
1458380 1746
1458390 1746
1458400 1750
1458410 1754
1458420 1754
1458430 1758
1458440 1763
1458450 1763
1458460 1768
1458470 1774
1458480 1774
1458490 1779
1458500 1785
1458510 1785
1458520 1791
1458530 1792
1458540 1784
1458550 1784
1458560 1775
1458570 1768
1458580 1768
1458590 1760
1458600 1752
1458610 1752
1458620 1745
1458630 1736
1458640 1736
1458650 1729
1458660 1721
1458670 1721
1458680 1711
1458690 1703
1458700 1695
1458710 1695
1458720 1687
1458730 1679
1458740 1679
1458750 1673
1458760 1667
1458770 1667
1458780 1661
1458790 1655
1458800 1655
1458810 1650
1458820 1646
1458830 1646
1458840 1642
1458850 1638
1458860 1634
1458870 1634
1458880 1628
1458890 1622
1458900 1622
1458910 1616
1458920 1611
1458930 1611
1458940 1606
1458950 1601
1458960 1601
1458970 1593
1458980 1586
1458990 1586
1459000 1579
1459010 1573
1459020 1567
1459030 1567
1459040 1562
1459050 1556
1459060 1556
1459070 1549
1459080 1543
1459090 1543
1459100 1536
1459110 1530
1459120 1530
1459130 1525
1459140 1520
1459150 1520
1459160 1515
1459170 1510
1459180 1506
1459190 1506
1459200 1501
1459210 1497
1459220 1497
1459230 1492
1459240 1489
1459250 1489
1459260 1485
1459270 1479
1459280 1479
1459290 1474
1459300 1467
1459310 1467
1459320 1460
1459330 1457
1459340 1459
1459350 1459
1459360 1459
1459370 1455
1459380 1455
1459390 1448
1459400 1440
1459410 1440
1459420 1433
1459430 1426
1459440 1426
1459450 1421
1459460 1419
1459470 1419
1459480 1420
1459490 1423
1459500 1420
1459510 1420
1459520 1425
1459530 1426
1459540 1426
1459550 1427
1459560 1428
1459570 1428
1459580 1429
1459590 1428
1459600 1428
1459610 1428
1459620 1427
1459630 1427
1459640 1428
1459650 1430
1459660 1430
1459670 1429
1459680 1431
1459690 1433
1459700 1433
1459710 1432
1459720 1432
1459730 1432
1459740 1430
1459750 1428
1459760 1428
1459770 1427
1459780 1429
1459790 1429
1459800 1430
1459810 1430
1459820 1430
1459830 1431
1459840 1426
1459850 1430
1459860 1430
1459870 1433
1459880 1434
1459890 1434
1459900 1435
1459910 1433
1459920 1433
1459930 1434
1459940 1437
1459950 1437
1459960 1440
1459970 1442
1459980 1442
1459990 1442
