1440000 1313
1440010 1313
1440020 1306
1440030 1300
1440040 1300
1440050 1295
1440060 1291
1440070 1291
1440080 1288
1440090 1282
1440100 1282
1440110 1275
1440120 1277
1440130 1272
1440140 1272
1440150 1265
1440160 1258
1440170 1258
1440180 1251
1440190 1246
1440200 1246
1440210 1239
1440220 1231
1440230 1231
1440240 1224
1440250 1214
1440260 1214
1440270 1211
1440280 1212
1440290 1213
1440300 1213
1440310 1211
1440320 1207
1440330 1207
1440340 1201
1440350 1196
1440360 1196
1440370 1190
1440380 1187
1440390 1187
1440400 1184
1440410 1181
1440420 1181
1440430 1178
1440440 1175
1440450 1172
1440460 1172
1440470 1170
1440480 1170
1440490 1170
1440500 1171
1440510 1173
1440520 1173
1440530 1177
1440540 1179
1440550 1179
1440560 1182
1440570 1185
1440580 1185
1440590 1187
1440600 1190
1440610 1188
1440620 1188
1440630 1181
1440640 1186
1440650 1186
1440660 1195
1440670 1203
1440680 1203
1440690 1210
1440700 1215
1440710 1215
1440720 1215
1440730 1213
1440740 1213
1440750 1212
1440760 1216
1440770 1216
1440780 1217
1440790 1215
1440800 1215
1440810 1215
1440820 1217
1440830 1215
1440840 1215
1440850 1213
1440860 1212
1440870 1212
1440880 1211
1440890 1209
1440900 1209
1440910 1213
1440920 1216
1440930 1216
1440940 1219
1440950 1221
1440960 1221
1440970 1221
1440980 1220
1440990 1220
1441000 1220
1441010 1225
1441020 1230
1441030 1230
1441040 1235
1441050 1235
1441060 1235
1441070 1237
1441080 1241
1441090 1241
1441100 1243
1441110 1243
1441120 1241
1441130 1241
1441140 1235
1441150 1226
1441160 1226
1441170 1216
1441180 1209
1441190 1209
1441200 1209
1441210 1211
1441220 1211
1441230 1212
1441240 1214
1441250 1214
1441260 1215
1441270 1212
1441280 1213
1441290 1213
1441300 1218
1441310 1224
1441320 1224
1441330 1229
1441340 1232
1441350 1232
1441360 1229
1441370 1226
1441380 1226
1441390 1232
1441400 1240
1441410 1240
1441420 1247
1441430 1247
1441440 1249
1441450 1249
1441460 1256
1441470 1262
1441480 1262
1441490 1266
1441500 1269
1441510 1269
1441520 1271
1441530 1273
1441540 1273
1441550 1273
1441560 1274
1441570 1274
1441580 1273
1441590 1271
1441600 1271
1441610 1268
1441620 1265
1441630 1262
1441640 1262
1441650 1258
1441660 1262
1441670 1262
1441680 1268
1441690 1274
1441700 1274
1441710 1279
1441720 1285
1441730 1285
1441740 1290
1441750 1294
1441760 1294
1441770 1297
1441780 1300
1441790 1302
1441800 1302
1441810 1305
1441820 1308
1441830 1308
1441840 1311
1441850 1314
1441860 1314
1441870 1316
1441880 1319
1441890 1319
1441900 1320
1441910 1320
1441920 1320
1441930 1318
1441940 1321
1441950 1324
1441960 1324
1441970 1325
1441980 1326
1441990 1326
1442000 1327
1442010 1326
1442020 1326
1442030 1326
1442040 1328
1442050 1328
1442060 1330
1442070 1331
1442080 1331
1442090 1333
1442100 1335
1442110 1337
1442120 1337
1442130 1338
1442140 1338
1442150 1338
1442160 1337
1442170 1336
1442180 1336
1442190 1336
1442200 1336
1442210 1336
1442220 1336
1442230 1336
1442240 1336
1442250 1336
1442260 1335
1442270 1334
1442280 1334
1442290 1332
1442300 1331
1442310 1331
1442320 1328
1442330 1326
1442340 1326
1442350 1324
1442360 1323
1442370 1323
1442380 1322
1442390 1320
1442400 1320
1442410 1318
1442420 1318
1442430 1318
1442440 1318
1442450 1317
1442460 1315
1442470 1315
1442480 1313
1442490 1311
1442500 1311
1442510 1309
1442520 1308
1442530 1308
1442540 1308
1442550 1308
1442560 1308
1442570 1308
1442580 1306
1442590 1306
1442600 1300
1442610 1300
1442620 1299
1442630 1299
1442640 1308
1442650 1311
1442660 1311
1442670 1308
1442680 1305
1442690 1305
1442700 1299
1442710 1292
1442720 1292
1442730 1284
1442740 1278
1442750 1278
1442760 1276
1442770 1274
1442780 1273
1442790 1273
1442800 1275
1442810 1278
1442820 1278
1442830 1287
1442840 1296
1442850 1296
1442860 1303
1442870 1304
1442880 1304
1442890 1300
1442900 1297
1442910 1297
1442920 1288
1442930 1278
1442940 1266
1442950 1266
1442960 1266
1442970 1283
1442980 1283
1442990 1291
1443000 1290
1443010 1290
1443020 1286
1443030 1283
1443040 1279
1443050 1275
1443060 1274
1443070 1274
1443080 1274
1443090 1271
1443100 1266
1443110 1266
1443120 1258
1443130 1250
1443140 1250
1443150 1244
1443160 1240
1443170 1240
1443180 1234
1443190 1225
1443200 1225
1443210 1212
1443220 1202
1443230 1202
1443240 1194
1443250 1187
1443260 1181
1443270 1181
1443280 1171
1443290 1160
1443300 1160
1443310 1153
1443320 1149
1443330 1149
1443340 1145
1443350 1140
1443360 1140
1443370 1137
1443380 1134
1443390 1134
1443400 1129
1443410 1126
1443420 1122
1443430 1122
1443440 1117
1443450 1112
1443460 1112
1443470 1105
1443480 1101
1443490 1101
1443500 1098
1443510 1096
1443520 1096
1443530 1094
1443540 1094
1443550 1094
1443560 1094
1443570 1093
1443580 1093
1443590 1090
1443600 1082
1443610 1074
1443620 1074
1443630 1070
1443640 1067
1443650 1067
1443660 1062
1443670 1059
1443680 1059
1443690 1058
1443700 1055
1443710 1055
1443720 1046
1443730 1031
1443740 1031
1443750 1022
1443760 1017
1443770 1012
1443780 1012
1443790 1010
1443800 1008
1443810 1008
1443820 1004
1443830 999
1443840 999
1443850 996
1443860 993
1443870 993
1443880 986
1443890 981
1443900 981
1443910 978
1443920 975
1443930 969
1443940 969
1443950 964
1443960 957
1443970 957
1443980 948
1443990 940
1444000 940
1444010 937
1444020 931
1444030 931
1444040 921
1444050 910
1444060 910
1444070 908
1444080 907
1444090 905
1444100 905
1444110 901
1444120 897
1444130 897
1444140 894
1444150 892
1444160 892
1444170 891
1444180 890
1444190 890
1444200 889
1444210 888
1444220 888
1444230 887
1444240 886
1444250 885
1444260 885
1444270 883
1444280 882
1444290 882
1444300 881
1444310 880
1444320 880
1444330 880
1444340 880
1444350 880
1444360 880
1444370 881
1444380 881
1444390 882
1444400 882
1444410 883
1444420 883
1444430 883
1444440 883
1444450 883
1444460 884
1444470 884
1444480 884
1444490 886
1444500 887
1444510 887
1444520 890
1444530 894
1444540 894
1444550 896
1444560 896
1444570 896
1444580 896
1444590 901
1444600 904
1444610 904
1444620 904
1444630 905
1444640 905
1444650 906
1444660 907
1444670 907
1444680 907
1444690 909
1444700 909
1444710 912
1444720 912
1444730 912
1444740 907
1444750 898
1444760 894
1444770 894
1444780 894
1444790 895
1444800 895
1444810 895
1444820 894
1444830 894
1444840 892
1444850 891
1444860 891
1444870 892
1444880 893
1444890 893
1444900 894
1444910 893
1444920 892
1444930 892
1444940 893
1444950 893
1444960 893
1444970 893
1444980 894
1444990 894
1445000 895
1445010 896
1445020 896
1445030 896
1445040 896
1445050 896
1445060 898
1445070 899
1445080 902
1445090 902
1445100 905
1445110 908
1445120 908
1445130 910
1445140 911
1445150 911
1445160 913
1445170 916
1445180 916
1445190 919
1445200 923
1445210 923
1445220 926
1445230 929
1445240 932
1445250 932
1445260 933
1445270 932
1445280 932
1445290 932
1445300 934
1445310 934
1445320 937
1445330 939
1445340 939
1445350 943
1445360 945
1445370 945
1445380 947
1445390 950
1445400 950
1445410 952
1445420 954
1445430 955
1445440 955
1445450 954
1445460 953
1445470 953
1445480 952
1445490 949
1445500 949
1445510 945
1445520 942
1445530 942
1445540 940
1445550 941
1445560 941
1445570 943
1445580 943
1445590 945
1445600 945
1445610 946
1445620 946
1445630 946
1445640 947
1445650 947
1445660 947
1445670 946
1445680 945
1445690 945
1445700 944
1445710 944
1445720 944
1445730 946
1445740 948
1445750 948
1445760 948
1445770 947
1445780 946
1445790 946
1445800 946
1445810 945
1445820 945
1445830 945
1445840 946
1445850 946
1445860 947
1445870 949
1445880 949
1445890 950
1445900 952
1445910 953
1445920 953
1445930 955
1445940 958
1445950 958
1445960 960
1445970 963
1445980 963
1445990 966
1446000 968
1446010 968
1446020 970
1446030 973
1446040 973
1446050 977
1446060 981
1446070 985
1446080 985
1446090 988
1446100 990
1446110 990
1446120 991
1446130 990
1446140 990
1446150 991
1446160 993
1446170 993
1446180 995
1446190 997
1446200 992
1446210 995
1446220 1000
1446230 1004
1446240 1004
1446250 1007
1446260 1009
1446270 1009
1446280 1012
1446290 1015
1446300 1015
1446310 1019
1446320 1024
1446330 1024
1446340 1027
1446350 1028
1446360 1028
1446370 1029
1446380 1030
1446390 1030
1446400 1029
1446410 1026
1446420 1022
1446430 1022
1446440 1022
1446450 1022
1446460 1022
1446470 1023
1446480 1025
1446490 1025
1446500 1027
1446510 1025
1446520 1025
1446530 1026
1446540 1029
1446550 1029
1446560 1030
1446570 1032
1446580 1033
1446590 1033
1446600 1035
1446610 1039
1446620 1039
1446630 1046
1446640 1053
1446650 1053
1446660 1059
1446670 1065
1446680 1065
1446690 1071
1446700 1078
1446710 1078
1446720 1085
1446730 1093
1446740 1102
1446750 1102
1446760 1111
1446770 1117
1446780 1117
1446790 1124
1446800 1130
1446810 1130
1446820 1137
1446830 1143
1446840 1143
1446850 1148
1446860 1154
1446870 1154
1446880 1160
1446890 1166
1446900 1171
1446910 1171
1446920 1178
1446930 1184
1446940 1184
1446950 1191
1446960 1199
1446970 1199
1446980 1207
1446990 1214
1447000 1214
1447010 1220
1447020 1224
1447030 1224
1447040 1228
1447050 1231
1447060 1235
1447070 1235
1447080 1239
1447090 1239
1447100 1239
1447110 1239
1447120 1238
1447130 1238
1447140 1239
1447150 1242
1447160 1242
1447170 1244
1447180 1238
1447190 1238
1447200 1228
1447210 1222
1447220 1228
1447230 1228
1447240 1239
1447250 1249
1447260 1249
1447270 1260
1447280 1269
1447290 1269
1447300 1274
1447310 1276
1447320 1276
1447330 1278
1447340 1278
1447350 1278
1447360 1277
1447370 1276
1447380 1276
1447390 1281
1447400 1287
1447410 1291
1447420 1291
1447430 1292
1447440 1295
1447450 1295
1447460 1298
1447470 1301
1447480 1301
1447490 1305
1447500 1307
1447510 1307
1447520 1304
1447530 1301
1447540 1301
1447550 1306
1447560 1313
1447570 1320
1447580 1320
1447590 1324
1447600 1326
1447610 1326
1447620 1328
1447630 1327
1447640 1327
1447650 1325
1447660 1320
1447670 1320
1447680 1324
1447690 1330
1447700 1330
1447710 1335
1447720 1339
1447730 1343
1447740 1343
1447750 1348
1447760 1354
1447770 1354
1447780 1360
1447790 1367
1447800 1367
1447810 1372
1447820 1378
1447830 1378
1447840 1385
1447850 1392
1447860 1392
1447870 1401
1447880 1409
1447890 1418
1447900 1418
1447910 1424
1447920 1430
1447930 1430
1447940 1435
1447950 1440
1447960 1440
1447970 1445
1447980 1450
1447990 1450
1448000 1453
1448010 1455
1448020 1455
1448030 1458
1448040 1461
1448050 1463
1448060 1463
1448070 1464
1448080 1465
1448090 1465
1448100 1466
1448110 1467
1448120 1467
1448130 1467
1448140 1467
1448150 1467
1448160 1467
1448170 1467
1448180 1467
1448190 1467
1448200 1467
1448210 1467
1448220 1466
1448230 1466
1448240 1466
1448250 1466
1448260 1466
1448270 1466
1448280 1466
1448290 1466
1448300 1469
1448310 1469
1448320 1472
1448330 1472
1448340 1472
1448350 1471
1448360 1467
1448370 1467
1448380 1465
1448390 1465
1448400 1464
1448410 1464
1448420 1461
1448430 1458
1448440 1458
1448450 1456
1448460 1455
1448470 1455
1448480 1452
1448490 1451
1448500 1451
1448510 1447
1448520 1446
1448530 1446
1448540 1451
1448550 1454
1448560 1456
1448570 1456
1448580 1459
1448590 1459
1448600 1459
1448610 1459
1448620 1460
1448630 1460
1448640 1458
1448650 1461
1448660 1461
1448670 1464
1448680 1462
1448690 1462
1448700 1459
1448710 1457
1448720 1462
1448730 1462
1448740 1467
1448750 1469
1448760 1469
1448770 1468
1448780 1468
1448790 1468
1448800 1468
1448810 1466
1448820 1466
1448830 1466
1448840 1468
1448850 1468
1448860 1473
1448870 1477
1448880 1477
1448890 1477
1448900 1474
1448910 1467
1448920 1467
1448930 1463
1448940 1467
1448950 1467
1448960 1473
1448970 1474
1448980 1474
1448990 1474
1449000 1474
1449010 1474
1449020 1475
1449030 1476
1449040 1479
1449050 1479
1449060 1483
1449070 1485
1449080 1485
1449090 1487
1449100 1489
1449110 1489
1449120 1491
1449130 1493
1449140 1493
1449150 1494
1449160 1498
1449170 1498
1449180 1501
1449190 1505
1449200 1505
1449210 1509
1449220 1514
1449230 1522
1449240 1522
1449250 1531
1449260 1540
1449270 1540
1449280 1548
1449290 1557
1449300 1557
1449310 1566
1449320 1574
1449330 1574
1449340 1583
1449350 1591
1449360 1591
1449370 1598
1449380 1606
1449390 1614
1449400 1614
1449410 1622
1449420 1628
1449430 1628
1449440 1633
1449450 1638
1449460 1638
1449470 1643
1449480 1649
1449490 1649
1449500 1652
1449510 1657
1449520 1657
1449530 1662
1449540 1668
1449550 1675
1449560 1675
1449570 1679
1449580 1682
1449590 1682
1449600 1683
1449610 1684
1449620 1684
1449630 1684
1449640 1683
1449650 1683
1449660 1680
1449670 1678
1449680 1678
1449690 1680
1449700 1683
1449710 1686
1449720 1686
1449730 1689
1449740 1690
1449750 1690
1449760 1690
1449770 1692
1449780 1692
1449790 1694
1449800 1696
1449810 1696
1449820 1697
1449830 1697
1449840 1697
1449850 1696
1449860 1697
1449870 1697
1449880 1697
1449890 1698
1449900 1699
1449910 1699
1449920 1701
1449930 1703
1449940 1703
1449950 1704
1449960 1704
1449970 1704
1449980 1704
1449990 1704
1450000 1704
1450010 1703
1450020 1703
1450030 1704
1450040 1704
1450050 1705
1450060 1704
1450070 1704
1450080 1703
1450090 1702
1450100 1702
1450110 1699
1450120 1697
1450130 1697
1450140 1695
1450150 1692
1450160 1692
1450170 1689
1450180 1686
1450190 1686
1450200 1684
1450210 1682
1450220 1684
1450230 1684
1450240 1686
1450250 1689
1450260 1689
1450270 1695
1450280 1700
1450290 1700
1450300 1705
1450310 1710
1450320 1710
1450330 1716
1450340 1721
1450350 1721
1450360 1727
1450370 1733
1450380 1738
1450390 1738
1450400 1743
1450410 1747
1450420 1747
1450430 1753
1450440 1758
1450450 1758
1450460 1763
1450470 1764
1450480 1764
1450490 1763
1450500 1762
1450510 1762
1450520 1760
1450530 1757
1450540 1756
1450550 1756
1450560 1754
1450570 1751
1450580 1751
1450590 1747
1450600 1744
1450610 1744
1450620 1742
1450630 1741
1450640 1741
1450650 1739
1450660 1737
1450670 1737
1450680 1737
1450690 1734
1450700 1732
1450710 1732
1450720 1729
1450730 1725
1450740 1725
1450750 1722
1450760 1720
1450770 1720
1450780 1720
1450790 1719
1450800 1719
1450810 1719
1450820 1718
1450830 1718
1450840 1717
1450850 1717
1450860 1716
1450870 1716
1450880 1716
1450890 1717
1450900 1717
1450910 1717
1450920 1715
1450930 1715
1450940 1712
1450950 1708
1450960 1708
1450970 1706
1450980 1703
1450990 1703
1451000 1702
1451010 1703
1451020 1702
1451030 1702
1451040 1699
1451050 1696
1451060 1696
1451070 1693
1451080 1691
1451090 1691
1451100 1689
1451110 1688
1451120 1688
1451130 1690
1451140 1692
1451150 1692
1451160 1690
1451170 1686
1451180 1686
1451190 1684
1451200 1683
1451210 1680
1451220 1680
1451230 1678
1451240 1679
1451250 1679
1451260 1679
1451270 1677
1451280 1677
1451290 1674
1451300 1673
1451310 1673
1451320 1675
1451330 1679
1451340 1679
1451350 1682
1451360 1685
1451370 1684
1451380 1684
1451390 1683
1451400 1684
1451410 1684
1451420 1685
1451430 1686
1451440 1686
1451450 1688
1451460 1689
1451470 1689
1451480 1691
1451490 1692
1451500 1692
1451510 1690
1451520 1690
1451530 1692
1451540 1692
1451550 1692
1451560 1691
1451570 1691
1451580 1689
1451590 1688
1451600 1688
1451610 1689
1451620 1689
1451630 1689
1451640 1691
1451650 1694
1451660 1694
1451670 1699
1451680 1704
1451690 1709
1451700 1709
1451710 1714
1451720 1717
1451730 1717
1451740 1720
1451750 1722
1451760 1722
1451770 1724
1451780 1726
1451790 1726
1451800 1728
1451810 1730
1451820 1730
1451830 1733
1451840 1736
1451850 1740
1451860 1740
1451870 1745
1451880 1750
1451890 1750
1451900 1755
1451910 1759
1451920 1759
1451930 1763
1451940 1767
1451950 1767
1451960 1771
1451970 1774
1451980 1774
1451990 1776
1452000 1779
1452010 1779
1452020 1780
1452030 1782
1452040 1784
1452050 1784
1452060 1787
1452070 1788
1452080 1788
1452090 1787
1452100 1786
1452110 1786
1452120 1787
1452130 1789
1452140 1789
1452150 1793
1452160 1797
1452170 1797
1452180 1802
1452190 1808
1452200 1814
1452210 1814
1452220 1820
1452230 1827
1452240 1827
1452250 1834
1452260 1840
1452270 1840
1452280 1845
1452290 1849
1452300 1849
1452310 1854
1452320 1860
1452330 1860
1452340 1867
1452350 1875
1452360 1882
1452370 1882
1452380 1887
1452390 1891
1452400 1891
1452410 1895
1452420 1901
1452430 1901
1452440 1907
1452450 1913
1452460 1913
1452470 1919
1452480 1926
1452490 1926
1452500 1932
1452510 1939
1452520 1946
1452530 1946
1452540 1951
1452550 1952
1452560 1952
1452570 1955
1452580 1959
1452590 1959
1452600 1964
1452610 1969
1452620 1969
1452630 1975
1452640 1979
1452650 1979
1452660 1983
1452670 1985
1452680 1989
1452690 1989
1452700 1990
1452710 1992
1452720 1992
1452730 1996
1452740 1997
1452750 1997
1452760 1999
1452770 2002
1452780 2002
1452790 2005
1452800 2006
1452810 2006
1452820 2007
1452830 2009
1452840 2011
1452850 2011
1452860 2013
1452870 2016
1452880 2016
1452890 2019
1452900 2020
1452910 2020
1452920 2021
1452930 2022
1452940 2022
1452950 2024
1452960 2026
1452970 2026
1452980 2028
1452990 2035
1453000 2035
1453010 2042
1453020 2050
1453030 2057
1453040 2057
1453050 2065
1453060 2072
1453070 2072
1453080 2079
1453090 2087
1453100 2087
1453110 2094
1453120 2100
1453130 2100
1453140 2105
1453150 2109
1453160 2109
1453170 2114
1453180 2120
1453190 2126
1453200 2126
1453210 2130
1453220 2134
1453230 2134
1453240 2139
1453250 2144
1453260 2144
1453270 2148
1453280 2151
1453290 2151
1453300 2152
1453310 2154
1453320 2154
1453330 2157
1453340 2159
1453350 2162
1453360 2162
1453370 2167
1453380 2171
1453390 2171
1453400 2180
1453410 2186
1453420 2186
1453430 2191
1453440 2194
1453450 2186
1453460 2192
1453470 2200
1453480 2200
1453490 2202
1453500 2202
1453510 2199
1453520 2199
1453530 2193
1453540 2180
1453550 2180
1453560 2169
1453570 2168
1453580 2168
1453590 2164
1453600 2157
1453610 2157
1453620 2152
1453630 2147
1453640 2147
1453650 2139
1453660 2137
1453670 2134
1453680 2134
1453690 2131
1453700 2129
1453710 2129
1453720 2128
1453730 2127
1453740 2127
1453750 2128
1453760 2131
1453770 2131
1453780 2133
1453790 2137
1453800 2137
1453810 2142
1453820 2150
1453830 2162
1453840 2162
1453850 2179
1453860 2189
1453870 2189
1453880 2193
1453890 2196
1453900 2196
1453910 2199
1453920 2203
1453930 2203
1453940 2206
1453950 2207
1453960 2207
1453970 2209
1453980 2212
1453990 2212
1454000 2213
1454010 2214
1454020 2215
1454030 2215
1454040 2217
1454050 2219
1454060 2219
1454070 2221
1454080 2222
1454090 2222
1454100 2221
1454110 2221
1454120 2221
1454130 2221
1454140 2222
1454150 2222
1454160 2223
1454170 2223
1454180 2224
1454190 2224
1454200 2223
1454210 2218
1454220 2218
1454230 2213
1454240 2207
1454250 2207
1454260 2200
1454270 2194
1454280 2194
1454290 2189
1454300 2184
1454310 2184
1454320 2181
1454330 2177
1454340 2175
1454350 2175
1454360 2173
1454370 2171
1454380 2171
1454390 2169
1454400 2167
1454410 2167
1454420 2167
1454430 2167
1454440 2167
1454450 2168
1454460 2168
1454470 2168
1454480 2166
1454490 2162
1454500 2160
1454510 2160
1454520 2159
1454530 2159
1454540 2159
1454550 2156
1454560 2152
1454570 2152
1454580 2153
1454590 2153
1454600 2153
1454610 2148
1454620 2146
1454630 2146
1454640 2145
1454650 2141
1454660 2137
1454670 2137
1454680 2132
1454690 2125
1454700 2125
1454710 2120
1454720 2115
1454730 2115
1454740 2111
1454750 2109
1454760 2109
1454770 2106
1454780 2104
1454790 2104
1454800 2100
1454810 2096
1454820 2094
1454830 2094
1454840 2091
1454850 2089
1454860 2089
1454870 2086
1454880 2084
1454890 2084
1454900 2084
1454910 2087
1454920 2087
1454930 2089
1454940 2091
1454950 2091
1454960 2094
1454970 2099
1454980 2099
1454990 2100
1455000 2102
1455010 2105
1455020 2105
1455030 2108
1455040 2111
1455050 2111
1455060 2116
1455070 2122
1455080 2122
1455090 2124
1455100 2126
1455110 2126
1455120 2129
1455130 2133
1455140 2133
1455150 2137
1455160 2142
1455170 2148
1455180 2148
1455190 2146
1455200 2142
1455210 2142
1455220 2143
1455230 2146
1455240 2146
1455250 2149
1455260 2152
1455270 2152
1455280 2155
1455290 2157
1455300 2157
1455310 2158
1455320 2161
1455330 2165
1455340 2165
1455350 2167
1455360 2173
1455370 2173
1455380 2176
1455390 2180
1455400 2180
1455410 2184
1455420 2186
1455430 2186
1455440 2184
1455450 2182
1455460 2182
1455470 2179
1455480 2181
1455490 2186
1455500 2186
1455510 2189
1455520 2193
1455530 2193
1455540 2196
1455550 2200
1455560 2200
1455570 2197
1455580 2184
1455590 2184
1455600 2188
1455610 2191
1455620 2191
1455630 2194
1455640 2199
1455650 2221
1455660 2221
1455670 2226
1455680 2228
1455690 2228
1455700 2220
1455710 2217
1455720 2217
1455730 2217
1455740 2216
1455750 2216
1455760 2217
1455770 2214
1455780 2214
1455790 2207
1455800 2203
1455810 2203
1455820 2201
1455830 2197
1455840 2190
1455850 2190
1455860 2182
1455870 2173
1455880 2173
1455890 2165
1455900 2158
1455910 2158
1455920 2151
1455930 2144
1455940 2144
1455950 2139
1455960 2135
1455970 2135
1455980 2131
1455990 2126
1456000 2123
1456010 2123
1456020 2121
1456030 2119
1456040 2119
1456050 2118
1456060 2118
1456070 2118
1456080 2120
1456090 2123
1456100 2123
1456110 2125
1456120 2124
1456130 2124
1456140 2126
1456150 2129
1456160 2132
1456170 2132
1456180 2136
1456190 2139
1456200 2139
1456210 2143
1456220 2148
1456230 2148
1456240 2151
1456250 2156
1456260 2156
1456270 2161
1456280 2166
1456290 2166
1456300 2172
1456310 2177
1456320 2183
1456330 2183
1456340 2190
1456350 2198
1456360 2198
1456370 2204
1456380 2211
1456390 2211
1456400 2213
1456410 2211
1456420 2211
1456430 2209
1456440 2209
1456450 2209
1456460 2206
1456470 2203
1456480 2205
1456490 2205
1456500 2208
1456510 2210
1456520 2210
1456530 2216
1456540 2218
1456550 2218
1456560 2224
1456570 2229
1456580 2229
1456590 2223
1456600 2210
1456610 2210
1456620 2195
1456630 2185
1456640 2176
1456650 2176
1456660 2165
1456670 2158
1456680 2158
1456690 2150
1456700 2141
1456710 2141
1456720 2132
1456730 2124
1456740 2124
1456750 2117
1456760 2115
1456770 2115
1456780 2108
1456790 2100
1456800 2100
1456810 2090
1456820 2083
1456830 2075
1456840 2075
1456850 2069
1456860 2066
1456870 2066
1456880 2059
1456890 2052
1456900 2052
1456910 2042
1456920 2030
1456930 2030
1456940 2020
1456950 2015
1456960 2015
1456970 2009
1456980 2003
1456990 1991
1457000 1991
1457010 1982
1457020 1978
1457030 1978
1457040 1970
1457050 1966
1457060 1966
1457070 1964
1457080 1962
1457090 1962
1457100 1964
1457110 1961
1457120 1961
1457130 1954
1457140 1948
1457150 1941
1457160 1941
1457170 1939
1457180 1940
1457190 1940
1457200 1942
1457210 1947
1457220 1947
1457230 1948
1457240 1948
1457250 1948
1457260 1948
1457270 1947
1457280 1947
1457290 1948
1457300 1944
1457310 1941
1457320 1941
1457330 1941
1457340 1939
1457350 1939
1457360 1931
1457370 1928
1457380 1928
1457390 1929
1457400 1929
1457410 1929
1457420 1924
1457430 1920
1457440 1920
1457450 1914
1457460 1907
1457470 1903
1457480 1903
1457490 1905
1457500 1908
1457510 1908
1457520 1910
1457530 1911
1457540 1911
1457550 1913
1457560 1915
1457570 1915
1457580 1917
1457590 1919
1457600 1919
1457610 1920
1457620 1921
1457630 1922
1457640 1922
1457650 1923
1457660 1927
1457670 1927
1457680 1931
1457690 1935
1457700 1935
1457710 1941
1457720 1947
1457730 1947
1457740 1954
1457750 1963
1457760 1963
1457770 1973
1457780 1983
1457790 1990
1457800 1998
1457810 2008
1457820 2019
1457830 2019
1457840 2030
1457850 2042
1457860 2042
1457870 2052
1457880 2061
1457890 2061
1457900 2070
1457910 2076
1457920 2076
1457930 2075
1457940 2080
1457950 2080
1457960 2094
1457970 2106
1457980 2119
1457990 2119
1458000 2131
1458010 2141
1458020 2141
1458030 2148
1458040 2155
1458050 2155
1458060 2163
1458070 2168
1458080 2168
1458090 2173
1458100 2176
1458110 2176
1458120 2182
1458130 2187
1458140 2187
1458150 2187
1458160 2177
1458170 2168
1458180 2168
1458190 2160
1458200 2152
1458210 2152
1458220 2139
1458230 2117
1458240 2117
1458250 2096
1458260 2069
1458270 2069
1458280 2059
1458290 2051
1458300 2051
1458310 2051
1458320 2043
1458330 2026
1458340 2026
1458350 2015
1458360 2010
1458370 2010
1458380 2003
1458390 1998
1458400 1998
1458410 1994
1458420 1991
1458430 1991
1458440 1989
1458450 1986
1458460 1978
1458470 1978
1458480 1967
1458490 1933
1458500 1933
1458510 1904
1458520 1891
1458530 1891
1458540 1881
1458550 1871
1458560 1871
1458570 1861
1458580 1852
1458590 1852
1458600 1843
1458610 1834
1458620 1825
1458630 1825
1458640 1817
1458650 1808
1458660 1808
1458670 1800
1458680 1794
1458690 1794
1458700 1787
1458710 1779
1458720 1779
1458730 1772
1458740 1765
1458750 1765
1458760 1758
1458770 1751
1458780 1751
1458790 1739
1458800 1729
1458810 1724
1458820 1724
1458830 1720
1458840 1715
1458850 1715
1458860 1709
1458870 1702
1458880 1702
1458890 1696
1458900 1688
1458910 1688
1458920 1681
1458930 1671
1458940 1671
1458950 1657
1458960 1652
1458970 1645
1458980 1645
1458990 1636
1459000 1625
1459010 1625
1459020 1619
1459030 1616
1459040 1616
1459050 1607
1459060 1596
1459070 1596
1459080 1586
1459090 1579
1459100 1579
1459110 1571
1459120 1568
1459130 1567
1459140 1567
1459150 1565
1459160 1562
1459170 1562
1459180 1561
1459190 1561
1459200 1561
1459210 1559
1459220 1554
1459230 1554
1459240 1550
1459250 1545
1459260 1545
1459270 1539
1459280 1533
1459290 1528
1459300 1528
1459310 1524
1459320 1521
1459330 1521
1459340 1515
1459350 1511
1459360 1511
1459370 1505
1459380 1498
1459390 1498
1459400 1491
1459410 1488
1459420 1488
1459430 1489
1459440 1486
1459450 1483
1459460 1483
1459470 1476
1459480 1469
1459490 1469
1459500 1466
1459510 1465
1459520 1465
1459530 1465
1459540 1465
1459550 1465
1459560 1465
1459570 1465
1459580 1465
1459590 1459
1459600 1452
1459610 1447
1459620 1447
1459630 1448
1459640 1452
1459650 1452
1459660 1454
1459670 1448
1459680 1448
1459690 1435
1459700 1423
1459710 1423
1459720 1415
1459730 1410
1459740 1410
1459750 1406
1459760 1406
1459770 1406
1459780 1409
1459790 1413
1459800 1418
1459810 1418
1459820 1421
1459830 1427
1459840 1427
1459850 1431
1459860 1427
1459870 1427
1459880 1422
1459890 1418
1459900 1418
1459910 1412
1459920 1408
1459930 1408
1459940 1403
1459950 1394
1459960 1381
1459970 1381
1459980 1376
1459990 1372
