1440000 1557
1440010 1555
1440020 1555
1440030 1553
1440040 1552
1440050 1552
1440060 1553
1440070 1552
1440080 1552
1440090 1551
1440100 1548
1440110 1543
1440120 1543
1440130 1538
1440140 1535
1440150 1535
1440160 1535
1440170 1537
1440180 1537
1440190 1540
1440200 1542
1440210 1542
1440220 1538
1440230 1532
1440240 1532
1440250 1525
1440260 1519
1440270 1519
1440280 1515
1440290 1513
1440300 1511
1440310 1511
1440320 1511
1440330 1511
1440340 1511
1440350 1510
1440360 1509
1440370 1509
1440380 1507
1440390 1499
1440400 1499
1440410 1493
1440420 1488
1440430 1488
1440440 1485
1440450 1483
1440460 1484
1440470 1484
1440480 1486
1440490 1488
1440500 1488
1440510 1491
1440520 1493
1440530 1493
1440540 1496
1440550 1497
1440560 1497
1440570 1498
1440580 1503
1440590 1503
1440600 1508
1440610 1512
1440620 1520
1440630 1520
1440640 1528
1440650 1534
1440660 1534
1440670 1540
1440680 1543
1440690 1543
1440700 1546
1440710 1548
1440720 1548
1440730 1548
1440740 1548
1440750 1548
1440760 1547
1440770 1547
1440780 1547
1440790 1547
1440800 1547
1440810 1547
1440820 1547
1440830 1545
1440840 1544
1440850 1544
1440860 1543
1440870 1542
1440880 1542
1440890 1542
1440900 1540
1440910 1540
1440920 1538
1440930 1535
1440940 1533
1440950 1533
1440960 1533
1440970 1534
1440980 1534
1440990 1535
1441000 1537
1441010 1537
1441020 1537
1441030 1539
1441040 1539
1441050 1539
1441060 1540
1441070 1540
1441080 1541
1441090 1542
1441100 1542
1441110 1544
1441120 1546
1441130 1548
1441140 1548
1441150 1551
1441160 1555
1441170 1555
1441180 1558
1441190 1559
1441200 1559
1441210 1560
1441220 1560
1441230 1560
1441240 1562
1441250 1564
1441260 1564
1441270 1566
1441280 1568
1441290 1570
1441300 1570
1441310 1573
1441320 1575
1441330 1575
1441340 1578
1441350 1582
1441360 1582
1441370 1586
1441380 1590
1441390 1590
1441400 1593
1441410 1595
1441420 1595
1441430 1596
1441440 1597
1441450 1599
1441460 1599
1441470 1601
1441480 1603
1441490 1603
1441500 1605
1441510 1608
1441520 1608
1441530 1611
1441540 1615
1441550 1615
1441560 1617
1441570 1620
1441580 1620
1441590 1624
1441600 1628
1441610 1630
1441620 1630
1441630 1632
1441640 1635
1441650 1635
1441660 1638
1441670 1641
1441680 1641
1441690 1644
1441700 1644
1441710 1644
1441720 1643
1441730 1644
1441740 1644
1441750 1646
1441760 1648
1441770 1651
1441780 1651
1441790 1654
1441800 1654
1441810 1654
1441820 1655
1441830 1655
1441840 1655
1441850 1655
1441860 1655
1441870 1655
1441880 1655
1441890 1653
1441900 1653
1441910 1651
1441920 1650
1441930 1650
1441940 1650
1441950 1648
1441960 1640
1441970 1640
1441980 1629
1441990 1620
1442000 1620
1442010 1613
1442020 1610
1442030 1610
1442040 1603
1442050 1596
1442060 1596
1442070 1590
1442080 1583
1442090 1583
1442100 1578
1442110 1574
1442120 1560
1442130 1560
1442140 1545
1442150 1530
1442160 1530
1442170 1515
1442180 1509
1442190 1509
1442200 1512
1442210 1513
1442220 1513
1442230 1503
1442240 1481
1442250 1481
1442260 1459
1442270 1445
1442280 1440
1442290 1440
1442300 1435
1442310 1420
1442320 1420
1442330 1406
1442340 1400
1442350 1400
1442360 1394
1442370 1387
1442380 1387
1442390 1380
1442400 1373
1442410 1373
1442420 1367
1442430 1360
1442440 1353
1442450 1353
1442460 1346
1442470 1338
1442480 1338
1442490 1331
1442500 1324
1442510 1324
1442520 1317
1442530 1310
1442540 1310
1442550 1302
1442560 1296
1442570 1296
1442580 1289
1442590 1282
1442600 1276
1442610 1276
1442620 1269
1442630 1263
1442640 1263
1442650 1256
1442660 1250
1442670 1250
1442680 1244
1442690 1239
1442700 1239
1442710 1233
1442720 1227
1442730 1227
1442740 1221
1442750 1214
1442760 1214
1442770 1208
1442780 1202
1442790 1196
1442800 1196
1442810 1190
1442820 1185
1442830 1185
1442840 1179
1442850 1173
1442860 1173
1442870 1168
1442880 1162
1442890 1162
1442900 1156
1442910 1151
1442920 1151
1442930 1145
1442940 1140
1442950 1134
1442960 1134
1442970 1129
1442980 1123
1442990 1123
1443000 1118
1443010 1112
1443020 1112
1443030 1107
1443040 1102
1443050 1102
1443060 1096
1443070 1091
1443080 1091
1443090 1085
1443100 1081
1443110 1076
1443120 1076
1443130 1071
1443140 1066
1443150 1066
1443160 1061
1443170 1057
1443180 1057
1443190 1054
1443200 1051
1443210 1051
1443220 1047
1443230 1044
1443240 1044
1443250 1042
1443260 1038
1443270 1036
1443280 1036
1443290 1033
1443300 1030
1443310 1030
1443320 1027
1443330 1026
1443340 1026
1443350 1023
1443360 1020
1443370 1020
1443380 1017
1443390 1014
1443400 1014
1443410 1011
1443420 1009
1443430 1007
1443440 1007
1443450 1004
1443460 1001
1443470 1001
1443480 998
1443490 995
1443500 995
1443510 993
1443520 990
1443530 990
1443540 987
1443550 985
1443560 985
1443570 982
1443580 980
1443590 980
1443600 977
1443610 975
1443620 973
1443630 973
1443640 971
1443650 969
1443660 969
1443670 967
1443680 965
1443690 965
1443700 962
1443710 960
1443720 960
1443730 958
1443740 957
1443750 957
1443760 955
1443770 953
1443780 952
1443790 952
1443800 951
1443810 949
1443820 949
1443830 948
1443840 948
1443850 948
1443860 949
1443870 949
1443880 949
1443890 950
1443900 952
1443910 952
1443920 953
1443930 954
1443940 955
1443950 955
1443960 957
1443970 958
1443980 958
1443990 959
1444000 961
1444010 961
1444020 962
1444030 963
1444040 963
1444050 965
1444060 965
1444070 965
1444080 966
1444090 967
1444100 968
1444110 968
1444120 969
1444130 970
1444140 970
1444150 971
1444160 973
1444170 973
1444180 974
1444190 978
1444200 978
1444210 984
1444220 989
1444230 989
1444240 994
1444250 999
1444260 1003
1444270 1003
1444280 1007
1444290 1011
1444300 1011
1444310 1013
1444320 1017
1444330 1017
1444340 1020
1444350 1024
1444360 1024
1444370 1027
1444380 1031
1444390 1031
1444400 1034
1444410 1040
1444420 1040
1444430 1044
1444440 1046
1444450 1050
1444460 1050
1444470 1055
1444480 1059
1444490 1059
1444500 1062
1444510 1063
1444520 1063
1444530 1063
1444540 1063
1444550 1063
1444560 1064
1444570 1066
1444580 1066
1444590 1068
1444600 1069
1444610 1068
1444620 1068
1444630 1067
1444640 1066
1444650 1066
1444660 1066
1444670 1067
1444680 1067
1444690 1068
1444700 1069
1444710 1069
1444720 1070
1444730 1071
1444740 1071
1444750 1072
1444760 1073
1444770 1075
1444780 1075
1444790 1076
1444800 1079
1444810 1079
1444820 1083
1444830 1085
1444840 1085
1444850 1088
1444860 1089
1444870 1089
1444880 1091
1444890 1096
1444900 1096
1444910 1100
1444920 1105
1444930 1109
1444940 1109
1444950 1113
1444960 1116
1444970 1116
1444980 1119
1444990 1123
1445000 1123
1445010 1126
1445020 1130
1445030 1130
1445040 1133
1445050 1137
1445060 1137
1445070 1141
1445080 1144
1445090 1150
1445100 1150
1445110 1154
1445120 1152
1445130 1152
1445140 1150
1445150 1152
1445160 1152
1445170 1155
1445180 1159
1445190 1159
1445200 1162
1445210 1166
1445220 1166
1445230 1170
1445240 1173
1445250 1173
1445260 1175
1445270 1179
1445280 1183
1445290 1183
1445300 1189
1445310 1195
1445320 1195
1445330 1203
1445340 1222
1445350 1222
1445360 1232
1445370 1235
1445380 1235
1445390 1237
1445400 1236
1445410 1236
1445420 1236
1445430 1238
1445440 1234
1445450 1234
1445460 1232
1445470 1234
1445480 1234
1445490 1237
1445500 1240
1445510 1240
1445520 1244
1445530 1248
1445540 1248
1445550 1254
1445560 1259
1445570 1259
1445580 1266
1445590 1273
1445600 1281
1445610 1281
1445620 1283
1445630 1286
1445640 1286
1445650 1279
1445660 1271
1445670 1271
1445680 1263
1445690 1257
1445700 1257
1445710 1255
1445720 1256
1445730 1256
1445740 1258
1445750 1260
1445760 1262
1445770 1262
1445780 1265
1445790 1269
1445800 1269
1445810 1272
1445820 1273
1445830 1273
1445840 1275
1445850 1278
1445860 1278
1445870 1281
1445880 1282
1445890 1282
1445900 1285
1445910 1288
1445920 1291
1445930 1291
1445940 1294
1445950 1296
1445960 1296
1445970 1300
1445980 1315
1445990 1315
1446000 1326
1446010 1333
1446020 1333
1446030 1343
1446040 1363
1446050 1363
1446060 1375
1446070 1375
1446080 1372
1446090 1372
1446100 1370
1446110 1366
1446120 1366
1446130 1360
1446140 1352
1446150 1352
1446160 1345
1446170 1340
1446180 1340
1446190 1335
1446200 1332
1446210 1332
1446220 1336
1446230 1337
1446240 1337
1446250 1338
1446260 1341
1446270 1346
1446280 1346
1446290 1352
1446300 1357
1446310 1357
1446320 1362
1446330 1366
1446340 1366
1446350 1372
1446360 1378
1446370 1378
1446380 1382
1446390 1385
1446400 1385
1446410 1388
1446420 1392
1446430 1395
1446440 1395
1446450 1398
1446460 1402
1446470 1402
1446480 1408
1446490 1412
1446500 1412
1446510 1412
1446520 1416
1446530 1416
1446540 1419
1446550 1423
1446560 1423
1446570 1426
1446580 1428
1446590 1431
1446600 1431
1446610 1433
1446620 1436
1446630 1436
1446640 1439
1446650 1442
1446660 1442
1446670 1445
1446680 1449
1446690 1449
1446700 1452
1446710 1458
1446720 1458
1446730 1462
1446740 1465
1446750 1468
1446760 1468
1446770 1471
1446780 1475
1446790 1475
1446800 1479
1446810 1481
1446820 1481
1446830 1484
1446840 1487
1446850 1487
1446860 1490
1446870 1491
1446880 1491
1446890 1491
1446900 1490
1446910 1489
1446920 1489
1446930 1490
1446940 1494
1446950 1494
1446960 1498
1446970 1501
1446980 1501
1446990 1506
1447000 1510
1447010 1510
1447020 1515
1447030 1521
1447040 1521
1447050 1526
1447060 1529
1447070 1529
1447080 1531
1447090 1534
1447100 1537
1447110 1537
1447120 1540
1447130 1542
1447140 1542
1447150 1543
1447160 1544
1447170 1544
1447180 1549
1447190 1559
1447200 1559
1447210 1566
1447220 1577
1447230 1577
1447240 1583
1447250 1598
1447260 1607
1447270 1607
1447280 1605
1447290 1599
1447300 1599
1447310 1593
1447320 1595
1447330 1595
1447340 1603
1447350 1609
1447360 1609
1447370 1616
1447380 1629
1447390 1629
1447400 1648
1447410 1667
1447420 1672
1447430 1672
1447440 1674
1447450 1681
1447460 1681
1447470 1680
1447480 1675
1447490 1675
1447500 1671
1447510 1667
1447520 1667
1447530 1663
1447540 1660
1447550 1660
1447560 1666
1447570 1687
1447580 1714
1447590 1714
1447600 1722
1447610 1722
1447620 1722
1447630 1720
1447640 1720
1447650 1720
1447660 1720
1447670 1717
1447680 1717
1447690 1700
1447700 1671
1447710 1671
1447720 1654
1447730 1665
1447740 1657
1447750 1657
1447760 1661
1447770 1679
1447780 1679
1447790 1692
1447800 1713
1447810 1713
1447820 1723
1447830 1717
1447840 1717
1447850 1707
1447860 1695
1447870 1695
1447880 1685
1447890 1690
1447900 1690
1447910 1697
1447920 1702
1447930 1707
1447940 1707
1447950 1712
1447960 1716
1447970 1716
1447980 1722
1447990 1728
1448000 1728
1448010 1733
1448020 1737
1448030 1737
1448040 1741
1448050 1748
1448060 1748
1448070 1758
1448080 1765
1448090 1768
1448100 1768
1448110 1770
1448120 1775
1448130 1775
1448140 1777
1448150 1780
1448160 1780
1448170 1785
1448180 1791
1448190 1791
1448200 1797
1448210 1802
1448220 1802
1448230 1809
1448240 1825
1448250 1828
1448260 1828
1448270 1825
1448280 1823
1448290 1823
1448300 1821
1448310 1819
1448320 1819
1448330 1814
1448340 1808
1448350 1808
1448360 1803
1448370 1797
1448380 1797
1448390 1793
1448400 1791
1448410 1789
1448420 1789
1448430 1787
1448440 1787
1448450 1787
1448460 1786
1448470 1785
1448480 1785
1448490 1784
1448500 1782
1448510 1782
1448520 1776
1448530 1771
1448540 1771
1448550 1766
1448560 1762
1448570 1761
1448580 1761
1448590 1760
1448600 1759
1448610 1759
1448620 1756
1448630 1756
1448640 1756
1448650 1758
1448660 1759
1448670 1759
1448680 1759
1448690 1759
1448700 1759
1448710 1760
1448720 1763
1448730 1763
1448740 1766
1448750 1766
1448760 1766
1448770 1766
1448780 1765
1448790 1766
1448800 1766
1448810 1769
1448820 1773
1448830 1773
1448840 1776
1448850 1779
1448860 1779
1448870 1781
1448880 1782
1448890 1782
1448900 1781
1448910 1779
1448920 1780
1448930 1780
1448940 1781
1448950 1782
1448960 1782
1448970 1782
1448980 1782
1448990 1782
1449000 1780
1449010 1779
1449020 1779
1449030 1777
1449040 1772
1449050 1772
1449060 1771
1449070 1771
1449080 1771
1449090 1771
1449100 1768
1449110 1765
1449120 1765
1449130 1763
1449140 1762
1449150 1762
1449160 1763
1449170 1763
1449180 1763
1449190 1763
1449200 1761
1449210 1761
1449220 1759
1449230 1755
1449240 1750
1449250 1750
1449260 1745
1449270 1740
1449280 1740
1449290 1739
1449300 1741
1449310 1741
1449320 1744
1449330 1748
1449340 1748
1449350 1751
1449360 1754
1449370 1754
1449380 1759
1449390 1762
1449400 1763
1449410 1763
1449420 1764
1449430 1764
1449440 1764
1449450 1766
1449460 1768
1449470 1768
1449480 1771
1449490 1774
1449500 1774
1449510 1778
1449520 1783
1449530 1783
1449540 1787
1449550 1790
1449560 1790
1449570 1795
1449580 1801
1449590 1803
1449600 1803
1449610 1805
1449620 1806
1449630 1806
1449640 1807
1449650 1805
1449660 1805
1449670 1805
1449680 1804
1449690 1804
1449700 1806
1449710 1804
1449720 1804
1449730 1804
1449740 1806
1449750 1809
1449760 1809
1449770 1811
1449780 1813
1449790 1813
1449800 1814
1449810 1814
1449820 1814
1449830 1811
1449840 1808
1449850 1808
1449860 1808
1449870 1811
1449880 1811
1449890 1813
1449900 1813
1449910 1811
1449920 1811
1449930 1808
1449940 1804
1449950 1804
1449960 1803
1449970 1800
1449980 1800
1449990 1804
1450000 1810
1450010 1810
1450020 1815
1450030 1816
1450040 1816
1450050 1817
1450060 1818
1450070 1820
1450080 1820
1450090 1824
1450100 1826
1450110 1826
1450120 1828
1450130 1829
1450140 1829
1450150 1829
1450160 1827
1450170 1827
1450180 1826
1450190 1825
1450200 1825
1450210 1823
1450220 1824
1450230 1824
1450240 1824
1450250 1823
1450260 1821
1450270 1821
1450280 1816
1450290 1810
1450300 1810
1450310 1804
1450320 1800
1450330 1800
1450340 1797
1450350 1791
1450360 1791
1450370 1783
1450380 1777
1450390 1777
1450400 1774
1450410 1769
1450420 1763
1450430 1763
1450440 1758
1450450 1752
1450460 1752
1450470 1746
1450480 1740
1450490 1740
1450500 1734
1450510 1727
1450520 1727
1450530 1719
1450540 1713
1450550 1713
1450560 1709
1450570 1707
1450580 1699
1450590 1699
1450600 1691
1450610 1684
1450620 1684
1450630 1680
1450640 1679
1450650 1679
1450660 1677
1450670 1673
1450680 1673
1450690 1668
1450700 1663
1450710 1663
1450720 1659
1450730 1655
1450740 1649
1450750 1649
1450760 1645
1450770 1640
1450780 1640
1450790 1636
1450800 1633
1450810 1633
1450820 1630
1450830 1625
1450840 1625
1450850 1619
1450860 1614
1450870 1614
1450880 1611
1450890 1607
1450900 1605
1450910 1605
1450920 1602
1450930 1600
1450940 1600
1450950 1598
1450960 1596
1450970 1596
1450980 1595
1450990 1593
1451000 1593
1451010 1591
1451020 1589
1451030 1589
1451040 1585
1451050 1584
1451060 1582
1451070 1582
1451080 1581
1451090 1579
1451100 1579
1451110 1576
1451120 1574
1451130 1574
1451140 1572
1451150 1575
1451160 1575
1451170 1577
1451180 1579
1451190 1579
1451200 1579
1451210 1577
1451220 1577
1451230 1576
1451240 1574
1451250 1572
1451260 1572
1451270 1570
1451280 1568
1451290 1568
1451300 1567
1451310 1566
1451320 1566
1451330 1564
1451340 1562
1451350 1562
1451360 1560
1451370 1559
1451380 1559
1451390 1559
1451400 1560
1451410 1560
1451420 1560
1451430 1558
1451440 1558
1451450 1558
1451460 1560
1451470 1562
1451480 1562
1451490 1565
1451500 1567
1451510 1567
1451520 1569
1451530 1571
1451540 1571
1451550 1572
1451560 1574
1451570 1576
1451580 1576
1451590 1577
1451600 1580
1451610 1580
1451620 1582
1451630 1583
1451640 1583
1451650 1584
1451660 1585
1451670 1585
1451680 1588
1451690 1592
1451700 1592
1451710 1596
1451720 1599
1451730 1604
1451740 1604
1451750 1608
1451760 1609
1451770 1609
1451780 1609
1451790 1609
1451800 1609
1451810 1610
1451820 1612
1451830 1612
1451840 1614
1451850 1616
1451860 1616
1451870 1616
1451880 1615
1451890 1615
1451900 1615
1451910 1616
1451920 1618
1451930 1618
1451940 1620
1451950 1622
1451960 1622
1451970 1623
1451980 1623
1451990 1623
1452000 1624
1452010 1624
1452020 1624
1452030 1622
1452040 1619
1452050 1619
1452060 1620
1452070 1623
1452080 1628
1452090 1628
1452100 1634
1452110 1638
1452120 1638
1452130 1643
1452140 1648
1452150 1648
1452160 1653
1452170 1658
1452180 1658
1452190 1662
1452200 1666
1452210 1666
1452220 1669
1452230 1673
1452240 1676
1452250 1676
1452260 1678
1452270 1679
1452280 1679
1452290 1680
1452300 1682
1452310 1682
1452320 1685
1452330 1688
1452340 1688
1452350 1692
1452360 1697
1452370 1697
1452380 1702
1452390 1707
1452400 1711
1452410 1711
1452420 1715
1452430 1717
1452440 1717
1452450 1719
1452460 1722
1452470 1722
1452480 1724
1452490 1726
1452500 1726
1452510 1729
1452520 1730
1452530 1730
1452540 1728
1452550 1726
1452560 1725
1452570 1725
1452580 1725
1452590 1726
1452600 1726
1452610 1729
1452620 1732
1452630 1732
1452640 1735
1452650 1738
1452660 1738
1452670 1740
1452680 1741
1452690 1741
1452700 1744
1452710 1747
1452720 1745
1452730 1745
1452740 1743
1452750 1740
1452760 1740
1452770 1739
1452780 1739
1452790 1739
1452800 1739
1452810 1739
1452820 1739
1452830 1739
1452840 1739
1452850 1739
1452860 1740
1452870 1742
1452880 1742
1452890 1743
1452900 1744
1452910 1747
1452920 1747
1452930 1748
1452940 1749
1452950 1749
1452960 1750
1452970 1751
1452980 1751
1452990 1751
1453000 1753
1453010 1753
1453020 1755
1453030 1756
1453040 1756
1453050 1757
1453060 1757
1453070 1758
1453080 1758
1453090 1759
1453100 1760
1453110 1760
1453120 1762
1453130 1764
1453140 1764
1453150 1766
1453160 1767
1453170 1767
1453180 1770
1453190 1772
1453200 1772
1453210 1774
1453220 1777
1453230 1779
1453240 1779
1453250 1781
1453260 1784
1453270 1784
1453280 1786
1453290 1789
1453300 1789
1453310 1792
1453320 1795
1453330 1795
1453340 1797
1453350 1798
1453360 1798
1453370 1799
1453380 1799
1453390 1800
1453400 1800
1453410 1802
1453420 1804
1453430 1804
1453440 1805
1453450 1806
1453460 1806
1453470 1808
1453480 1809
1453490 1809
1453500 1809
1453510 1811
1453520 1811
1453530 1816
1453540 1822
1453550 1827
1453560 1827
1453570 1832
1453580 1839
1453590 1839
1453600 1846
1453610 1853
1453620 1853
1453630 1860
1453640 1868
1453650 1868
1453660 1876
1453670 1882
1453680 1882
1453690 1889
1453700 1894
1453710 1894
1453720 1894
1453730 1892
1453740 1888
1453750 1888
1453760 1882
1453770 1873
1453780 1873
1453790 1865
1453800 1857
1453810 1857
1453820 1852
1453830 1841
1453840 1841
1453850 1834
1453860 1828
1453870 1828
1453880 1820
1453890 1808
1453900 1799
1453910 1799
1453920 1790
1453930 1780
1453940 1780
1453950 1770
1453960 1757
1453970 1757
1453980 1748
1453990 1738
1454000 1738
1454010 1728
1454020 1708
1454030 1708
1454040 1698
1454050 1699
1454060 1697
1454070 1697
1454080 1693
1454090 1695
1454100 1695
1454110 1699
1454120 1693
1454130 1693
1454140 1686
1454150 1684
1454160 1684
1454170 1687
1454180 1680
1454190 1680
1454200 1670
1454210 1660
1454220 1649
1454230 1649
1454240 1642
1454250 1635
1454260 1635
1454270 1627
1454280 1621
1454290 1621
1454300 1626
1454310 1632
1454320 1632
1454330 1638
1454340 1643
1454350 1643
1454360 1644
1454370 1641
1454380 1634
1454390 1634
1454400 1629
1454410 1627
1454420 1627
1454430 1628
1454440 1629
1454450 1629
1454460 1631
1454470 1633
1454480 1633
1454490 1636
1454500 1639
1454510 1639
1454520 1643
1454530 1652
1454540 1665
1454550 1665
1454560 1671
1454570 1679
1454580 1679
1454590 1680
1454600 1670
1454610 1670
1454620 1660
1454630 1648
1454640 1648
1454650 1637
1454660 1627
1454670 1627
1454680 1619
1454690 1606
1454700 1606
1454710 1592
1454720 1579
1454730 1570
1454740 1570
1454750 1559
1454760 1549
1454770 1549
1454780 1533
1454790 1510
1454800 1510
1454810 1502
1454820 1512
1454830 1512
1454840 1522
1454850 1529
1454860 1529
1454870 1534
1454880 1539
1454890 1543
1454900 1543
1454910 1547
1454920 1550
1454930 1550
1454940 1550
1454950 1550
1454960 1550
1454970 1552
1454980 1554
1454990 1554
1455000 1559
1455010 1564
1455020 1564
1455030 1574
1455040 1589
1455050 1606
1455060 1606
1455070 1613
1455080 1620
1455090 1620
1455100 1627
1455110 1635
1455120 1635
1455130 1646
1455140 1659
1455150 1659
1455160 1668
1455170 1679
1455180 1679
1455190 1687
1455200 1692
1455210 1696
1455220 1696
1455230 1695
1455240 1694
1455250 1694
1455260 1686
1455270 1653
1455280 1653
1455290 1649
1455300 1661
1455310 1661
1455320 1670
1455330 1681
1455340 1681
1455350 1691
1455360 1698
1455370 1705
1455380 1705
1455390 1713
1455400 1730
1455410 1730
1455420 1746
1455430 1747
1455440 1747
1455450 1742
1455460 1743
1455470 1743
1455480 1750
1455490 1760
1455500 1760
1455510 1768
1455520 1780
1455530 1780
1455540 1791
1455550 1798
1455560 1804
1455570 1804
1455580 1807
1455590 1806
1455600 1806
1455610 1807
1455620 1808
1455630 1808
1455640 1807
1455650 1812
1455660 1812
1455670 1818
1455680 1825
1455690 1825
1455700 1826
1455710 1824
1455720 1818
1455730 1818
1455740 1802
1455750 1793
1455760 1793
1455770 1806
1455780 1827
1455790 1827
1455800 1833
1455810 1840
1455820 1840
1455830 1847
1455840 1863
1455850 1863
1455860 1871
1455870 1877
1455880 1885
1455890 1885
1455900 1894
1455910 1898
1455920 1898
1455930 1903
1455940 1909
1455950 1909
1455960 1913
1455970 1917
1455980 1917
1455990 1921
1456000 1925
1456010 1925
1456020 1931
1456030 1946
1456040 1959
1456050 1959
1456060 1962
1456070 1961
1456080 1961
1456090 1959
1456100 1959
1456110 1959
1456120 1956
1456130 1951
1456140 1951
1456150 1943
1456160 1936
1456170 1936
1456180 1928
1456190 1919
1456200 1907
1456210 1907
1456220 1897
1456230 1889
1456240 1889
1456250 1882
1456260 1874
1456270 1874
1456280 1868
1456290 1860
1456300 1860
1456310 1846
1456320 1828
1456330 1828
1456340 1813
1456350 1804
1456360 1804
1456370 1796
1456380 1788
1456390 1780
1456400 1780
1456410 1773
1456420 1767
1456430 1767
1456440 1761
1456450 1754
1456460 1754
1456470 1749
1456480 1743
1456490 1743
1456500 1742
1456510 1742
1456520 1742
1456530 1740
1456540 1737
1456550 1733
1456560 1733
1456570 1730
1456580 1724
1456590 1724
1456600 1717
1456610 1710
1456620 1710
1456630 1703
1456640 1696
1456650 1696
1456660 1692
1456670 1688
1456680 1688
1456690 1681
1456700 1679
1456710 1679
1456720 1679
1456730 1675
1456740 1666
1456750 1666
1456760 1655
1456770 1650
1456780 1650
1456790 1649
1456800 1643
1456810 1643
1456820 1640
1456830 1636
1456840 1636
1456850 1631
1456860 1628
1456870 1625
1456880 1625
1456890 1622
1456900 1618
1456910 1618
1456920 1613
1456930 1606
1456940 1606
1456950 1602
1456960 1598
1456970 1598
1456980 1594
1456990 1585
1457000 1585
1457010 1576
1457020 1573
1457030 1577
1457040 1577
1457050 1583
1457060 1582
1457070 1582
1457080 1570
1457090 1551
1457100 1551
1457110 1537
1457120 1528
1457130 1528
1457140 1518
1457150 1516
1457160 1516
1457170 1512
1457180 1507
1457190 1507
1457200 1502
1457210 1497
1457220 1493
1457230 1493
1457240 1493
1457250 1494
1457260 1494
1457270 1493
1457280 1493
1457290 1493
1457300 1493
1457310 1492
1457320 1492
1457330 1491
1457340 1489
1457350 1489
1457360 1488
1457370 1485
1457380 1483
1457390 1483
1457400 1480
1457410 1477
1457420 1477
1457430 1476
1457440 1477
1457450 1477
1457460 1476
1457470 1476
1457480 1476
1457490 1477
1457500 1479
1457510 1479
1457520 1482
1457530 1484
1457540 1486
1457550 1486
1457560 1487
1457570 1487
1457580 1487
1457590 1489
1457600 1491
1457610 1491
1457620 1492
1457630 1493
1457640 1493
1457650 1492
1457660 1491
1457670 1491
1457680 1490
1457690 1490
1457700 1492
1457710 1492
1457720 1494
1457730 1497
1457740 1497
1457750 1501
1457760 1506
1457770 1506
1457780 1512
1457790 1518
1457800 1518
1457810 1525
1457820 1531
1457830 1531
1457840 1537
1457850 1542
1457860 1548
1457870 1548
1457880 1554
1457890 1560
1457900 1560
1457910 1566
1457920 1574
1457930 1574
1457940 1583
1457950 1591
1457960 1591
1457970 1596
1457980 1599
1457990 1599
1458000 1600
1458010 1600
1458020 1600
1458030 1598
1458040 1598
1458050 1597
1458060 1597
1458070 1597
1458080 1595
1458090 1595
1458100 1594
1458110 1592
1458120 1592
1458130 1588
1458140 1589
1458150 1589
1458160 1591
1458170 1595
1458180 1595
1458190 1602
1458200 1604
1458210 1609
1458220 1609
1458230 1620
1458240 1624
1458250 1624
1458260 1630
1458270 1634
1458280 1634
1458290 1635
1458300 1642
1458310 1642
1458320 1650
1458330 1655
1458340 1655
1458350 1661
1458360 1667
1458370 1674
1458380 1674
1458390 1681
1458400 1689
1458410 1689
1458420 1697
1458430 1708
1458440 1708
1458450 1720
1458460 1734
1458470 1734
1458480 1743
1458490 1750
1458500 1750
1458510 1757
1458520 1765
1458530 1774
1458540 1774
1458550 1782
1458560 1789
1458570 1789
1458580 1797
1458590 1807
1458600 1807
1458610 1815
1458620 1824
1458630 1824
1458640 1834
1458650 1844
1458660 1844
1458670 1849
1458680 1850
1458690 1849
1458700 1849
1458710 1849
1458720 1849
1458730 1849
1458740 1849
1458750 1848
1458760 1848
1458770 1844
1458780 1840
1458790 1840
1458800 1835
1458810 1832
1458820 1832
1458830 1829
1458840 1825
1458850 1825
1458860 1821
1458870 1818
1458880 1816
1458890 1816
1458900 1812
1458910 1809
1458920 1809
1458930 1803
1458940 1794
1458950 1794
1458960 1783
1458970 1774
1458980 1774
1458990 1764
1459000 1755
1459010 1755
1459020 1747
1459030 1740
1459040 1732
1459050 1732
1459060 1722
1459070 1714
1459080 1714
1459090 1705
1459100 1694
1459110 1694
1459120 1682
1459130 1671
1459140 1671
1459150 1662
1459160 1653
1459170 1653
1459180 1645
1459190 1635
1459200 1621
1459210 1621
1459220 1612
1459230 1604
1459240 1604
1459250 1597
1459260 1592
1459270 1592
1459280 1590
1459290 1591
1459300 1591
1459310 1594
1459320 1594
1459330 1594
1459340 1591
1459350 1589
1459360 1580
1459370 1580
1459380 1572
1459390 1561
1459400 1561
1459410 1551
1459420 1541
1459430 1541
1459440 1529
1459450 1518
1459460 1518
1459470 1508
1459480 1500
1459490 1500
1459500 1492
1459510 1485
1459520 1481
1459530 1481
1459540 1479
1459550 1475
1459560 1475
1459570 1471
1459580 1468
1459590 1468
1459600 1466
1459610 1464
1459620 1464
1459630 1459
1459640 1454
1459650 1454
1459660 1450
1459670 1446
1459680 1442
1459690 1442
1459700 1439
1459710 1435
1459720 1435
1459730 1429
1459740 1426
1459750 1426
1459760 1424
1459770 1424
1459780 1424
1459790 1425
1459800 1425
1459810 1425
1459820 1424
1459830 1424
1459840 1424
1459850 1425
1459860 1425
1459870 1423
1459880 1423
1459890 1418
1459900 1412
1459910 1412
1459920 1408
1459930 1406
1459940 1406
1459950 1403
1459960 1398
1459970 1398
1459980 1393
1459990 1388
