1440000 1635
1440010 1633
1440020 1633
1440030 1629
1440040 1624
1440050 1624
1440060 1620
1440070 1621
1440080 1623
1440090 1623
1440100 1624
1440110 1625
1440120 1625
1440130 1625
1440140 1624
1440150 1624
1440160 1621
1440170 1617
1440180 1617
1440190 1612
1440200 1609
1440210 1609
1440220 1607
1440230 1606
1440240 1609
1440250 1609
1440260 1611
1440270 1615
1440280 1615
1440290 1617
1440300 1618
1440310 1618
1440320 1617
1440330 1612
1440340 1612
1440350 1606
1440360 1603
1440370 1603
1440380 1604
1440390 1606
1440400 1606
1440410 1607
1440420 1609
1440430 1611
1440440 1611
1440450 1613
1440460 1613
1440470 1613
1440480 1613
1440490 1614
1440500 1614
1440510 1616
1440520 1616
1440530 1616
1440540 1614
1440550 1612
1440560 1608
1440570 1607
1440580 1609
1440590 1610
1440600 1610
1440610 1610
1440620 1610
1440630 1610
1440640 1609
1440650 1609
1440660 1609
1440670 1615
1440680 1619
1440690 1619
1440700 1621
1440710 1622
1440720 1622
1440730 1621
1440740 1617
1440750 1614
1440760 1614
1440770 1612
1440780 1611
1440790 1611
1440800 1610
1440810 1609
1440820 1609
1440830 1609
1440840 1609
1440850 1609
1440860 1609
1440870 1607
1440880 1607
1440890 1605
1440900 1604
1440910 1603
1440920 1603
1440930 1604
1440940 1606
1440950 1606
1440960 1608
1440970 1609
1440980 1609
1440990 1610
1441000 1611
1441010 1611
1441020 1615
1441030 1617
1441040 1617
1441050 1620
1441060 1623
1441070 1626
1441080 1626
1441090 1629
1441100 1632
1441110 1632
1441120 1636
1441130 1640
1441140 1640
1441150 1645
1441160 1651
1441170 1651
1441180 1659
1441190 1665
1441200 1665
1441210 1665
1441220 1664
1441230 1664
1441240 1665
1441250 1665
1441260 1666
1441270 1666
1441280 1670
1441290 1674
1441300 1674
1441310 1678
1441320 1681
1441330 1681
1441340 1684
1441350 1689
1441360 1689
1441370 1697
1441380 1703
1441390 1703
1441400 1706
1441410 1709
1441420 1709
1441430 1709
1441440 1709
1441450 1709
1441460 1709
1441470 1707
1441480 1705
1441490 1705
1441500 1704
1441510 1707
1441520 1707
1441530 1712
1441540 1716
1441550 1716
1441560 1719
1441570 1721
1441580 1721
1441590 1721
1441600 1720
1441610 1721
1441620 1721
1441630 1724
1441640 1728
1441650 1728
1441660 1730
1441670 1730
1441680 1730
1441690 1728
1441700 1725
1441710 1725
1441720 1723
1441730 1724
1441740 1723
1441750 1723
1441760 1722
1441770 1721
1441780 1721
1441790 1718
1441800 1712
1441810 1712
1441820 1705
1441830 1703
1441840 1703
1441850 1700
1441860 1695
1441870 1695
1441880 1690
1441890 1686
1441900 1685
1441910 1685
1441920 1682
1441930 1676
1441940 1676
1441950 1668
1441960 1660
1441970 1660
1441980 1654
1441990 1652
1442000 1652
1442010 1651
1442020 1650
1442030 1650
1442040 1648
1442050 1643
1442060 1643
1442070 1637
1442080 1631
1442090 1627
1442100 1627
1442110 1622
1442120 1613
1442130 1613
1442140 1608
1442150 1604
1442160 1604
1442170 1595
1442180 1578
1442190 1578
1442200 1562
1442210 1548
1442220 1548
1442230 1529
1442240 1513
1442250 1500
1442260 1500
1442270 1487
1442280 1480
1442290 1480
1442300 1477
1442310 1476
1442320 1476
1442330 1471
1442340 1476
1442350 1476
1442360 1478
1442370 1466
1442380 1466
1442390 1455
1442400 1444
1442410 1428
1442420 1428
1442430 1415
1442440 1402
1442450 1402
1442460 1393
1442470 1386
1442480 1386
1442490 1380
1442500 1372
1442510 1372
1442520 1364
1442530 1356
1442540 1356
1442550 1348
1442560 1342
1442570 1337
1442580 1337
1442590 1331
1442600 1325
1442610 1325
1442620 1319
1442630 1315
1442640 1315
1442650 1309
1442660 1304
1442670 1304
1442680 1299
1442690 1290
1442700 1290
1442710 1281
1442720 1273
1442730 1266
1442740 1266
1442750 1260
1442760 1255
1442770 1255
1442780 1249
1442790 1245
1442800 1245
1442810 1242
1442820 1239
1442830 1239
1442840 1236
1442850 1228
1442860 1228
1442870 1223
1442880 1223
1442890 1223
1442900 1222
1442910 1216
1442920 1209
1442930 1209
1442940 1203
1442950 1203
1442960 1203
1442970 1197
1442980 1185
1442990 1185
1443000 1173
1443010 1164
1443020 1164
1443030 1156
1443040 1146
1443050 1146
1443060 1132
1443070 1119
1443080 1101
1443090 1101
1443100 1088
1443110 1078
1443120 1078
1443130 1070
1443140 1062
1443150 1062
1443160 1054
1443170 1048
1443180 1048
1443190 1041
1443200 1034
1443210 1034
1443220 1027
1443230 1021
1443240 1015
1443250 1015
1443260 1010
1443270 1007
1443280 1007
1443290 1006
1443300 1004
1443310 1004
1443320 1002
1443330 1000
1443340 1000
1443350 998
1443360 995
1443370 995
1443380 993
1443390 992
1443400 990
1443410 990
1443420 988
1443430 985
1443440 985
1443450 984
1443460 982
1443470 982
1443480 980
1443490 978
1443500 978
1443510 976
1443520 976
1443530 976
1443540 974
1443550 972
1443560 970
1443570 970
1443580 968
1443590 966
1443600 966
1443610 965
1443620 963
1443630 963
1443640 961
1443650 959
1443660 959
1443670 958
1443680 956
1443690 956
1443700 954
1443710 953
1443720 953
1443730 951
1443740 950
1443750 949
1443760 949
1443770 948
1443780 948
1443790 948
1443800 948
1443810 949
1443820 949
1443830 950
1443840 950
1443850 950
1443860 951
1443870 952
1443880 952
1443890 953
1443900 955
1443910 956
1443920 956
1443930 958
1443940 959
1443950 959
1443960 960
1443970 962
1443980 962
1443990 964
1444000 965
1444010 965
1444020 967
1444030 969
1444040 969
1444050 970
1444060 972
1444070 973
1444080 973
1444090 975
1444100 977
1444110 977
1444120 978
1444130 980
1444140 980
1444150 982
1444160 984
1444170 984
1444180 986
1444190 987
1444200 987
1444210 989
1444220 990
1444230 992
1444240 992
1444250 993
1444260 995
1444270 995
1444280 997
1444290 999
1444300 999
1444310 1000
1444320 1002
1444330 1002
1444340 1005
1444350 1007
1444360 1007
1444370 1009
1444380 1010
1444390 1012
1444400 1012
1444410 1013
1444420 1015
1444430 1015
1444440 1017
1444450 1020
1444460 1020
1444470 1021
1444480 1023
1444490 1023
1444500 1024
1444510 1026
1444520 1026
1444530 1028
1444540 1030
1444550 1030
1444560 1033
1444570 1036
1444580 1039
1444590 1039
1444600 1045
1444610 1051
1444620 1051
1444630 1057
1444640 1062
1444650 1062
1444660 1067
1444670 1072
1444680 1072
1444690 1077
1444700 1083
1444710 1083
1444720 1090
1444730 1096
1444740 1101
1444750 1101
1444760 1106
1444770 1111
1444780 1111
1444790 1116
1444800 1121
1444810 1121
1444820 1127
1444830 1133
1444840 1133
1444850 1141
1444860 1148
1444870 1148
1444880 1154
1444890 1160
1444900 1167
1444910 1167
1444920 1172
1444930 1177
1444940 1177
1444950 1180
1444960 1184
1444970 1184
1444980 1188
1444990 1192
1445000 1192
1445010 1197
1445020 1202
1445030 1202
1445040 1207
1445050 1211
1445060 1216
1445070 1216
1445080 1220
1445090 1225
1445100 1225
1445110 1229
1445120 1234
1445130 1234
1445140 1239
1445150 1243
1445160 1243
1445170 1246
1445180 1250
1445190 1250
1445200 1254
1445210 1260
1445220 1266
1445230 1266
1445240 1273
1445250 1280
1445260 1280
1445270 1288
1445280 1296
1445290 1296
1445300 1304
1445310 1312
1445320 1312
1445330 1323
1445340 1333
1445350 1333
1445360 1338
1445370 1345
1445380 1345
1445390 1352
1445400 1357
1445410 1361
1445420 1361
1445430 1364
1445440 1366
1445450 1366
1445460 1367
1445470 1369
1445480 1369
1445490 1372
1445500 1375
1445510 1375
1445520 1377
1445530 1379
1445540 1379
1445550 1382
1445560 1384
1445570 1388
1445580 1388
1445590 1392
1445600 1396
1445610 1396
1445620 1396
1445630 1394
1445640 1394
1445650 1389
1445660 1383
1445670 1383
1445680 1380
1445690 1381
1445700 1381
1445710 1382
1445720 1383
1445730 1382
1445740 1382
1445750 1381
1445760 1383
1445770 1383
1445780 1386
1445790 1388
1445800 1388
1445810 1392
1445820 1395
1445830 1395
1445840 1400
1445850 1404
1445860 1404
1445870 1408
1445880 1415
1445890 1423
1445900 1423
1445910 1430
1445920 1436
1445930 1436
1445940 1441
1445950 1444
1445960 1444
1445970 1447
1445980 1453
1445990 1453
1446000 1455
1446010 1453
1446020 1453
1446030 1450
1446040 1448
1446050 1448
1446060 1448
1446070 1449
1446080 1450
1446090 1450
1446100 1453
1446110 1455
1446120 1455
1446130 1457
1446140 1458
1446150 1458
1446160 1456
1446170 1455
1446180 1455
1446190 1457
1446200 1459
1446210 1459
1446220 1460
1446230 1464
1446240 1469
1446250 1469
1446260 1470
1446270 1472
1446280 1472
1446290 1472
1446300 1468
1446310 1468
1446320 1468
1446330 1470
1446340 1470
1446350 1474
1446360 1480
1446370 1480
1446380 1486
1446390 1493
1446400 1498
1446410 1498
1446420 1501
1446430 1504
1446440 1504
1446450 1509
1446460 1513
1446470 1513
1446480 1518
1446490 1526
1446500 1526
1446510 1530
1446520 1531
1446530 1531
1446540 1532
1446550 1532
1446560 1532
1446570 1532
1446580 1535
1446590 1538
1446600 1538
1446610 1542
1446620 1546
1446630 1546
1446640 1548
1446650 1551
1446660 1551
1446670 1552
1446680 1553
1446690 1553
1446700 1554
1446710 1545
1446720 1546
1446730 1546
1446740 1547
1446750 1549
1446760 1549
1446770 1550
1446780 1552
1446790 1552
1446800 1555
1446810 1558
1446820 1558
1446830 1561
1446840 1564
1446850 1564
1446860 1566
1446870 1568
1446880 1569
1446890 1569
1446900 1571
1446910 1582
1446920 1582
1446930 1599
1446940 1612
1446950 1612
1446960 1625
1446970 1647
1446980 1647
1446990 1665
1447000 1670
1447010 1670
1447020 1669
1447030 1670
1447040 1670
1447050 1673
1447060 1676
1447070 1682
1447080 1682
1447090 1688
1447100 1694
1447110 1694
1447120 1698
1447130 1702
1447140 1702
1447150 1703
1447160 1703
1447170 1703
1447180 1705
1447190 1704
1447200 1704
1447210 1701
1447220 1706
1447230 1713
1447240 1713
1447250 1708
1447260 1710
1447270 1710
1447280 1717
1447290 1726
1447300 1726
1447310 1735
1447320 1742
1447330 1742
1447340 1747
1447350 1753
1447360 1753
1447370 1759
1447380 1767
1447390 1776
1447400 1776
1447410 1785
1447420 1792
1447430 1792
1447440 1800
1447450 1808
1447460 1808
1447470 1810
1447480 1811
1447490 1811
1447500 1814
1447510 1816
1447520 1816
1447530 1819
1447540 1822
1447550 1827
1447560 1827
1447570 1831
1447580 1832
1447590 1832
1447600 1833
1447610 1835
1447620 1835
1447630 1838
1447640 1841
1447650 1841
1447660 1844
1447670 1845
1447680 1845
1447690 1842
1447700 1840
1447710 1839
1447720 1839
1447730 1836
1447740 1828
1447750 1828
1447760 1824
1447770 1826
1447780 1826
1447790 1826
1447800 1824
1447810 1824
1447820 1821
1447830 1821
1447840 1821
1447850 1823
1447860 1823
1447870 1823
1447880 1821
1447890 1818
1447900 1815
1447910 1815
1447920 1813
1447930 1809
1447940 1809
1447950 1805
1447960 1804
1447970 1804
1447980 1805
1447990 1807
1448000 1807
1448010 1810
1448020 1812
1448030 1812
1448040 1816
1448050 1821
1448060 1826
1448070 1826
1448080 1833
1448090 1839
1448100 1839
1448110 1845
1448120 1851
1448130 1851
1448140 1857
1448150 1861
1448160 1861
1448170 1865
1448180 1868
1448190 1868
1448200 1876
1448210 1880
1448220 1879
1448230 1879
1448240 1876
1448250 1874
1448260 1874
1448270 1872
1448280 1869
1448290 1869
1448300 1867
1448310 1863
1448320 1863
1448330 1859
1448340 1855
1448350 1855
1448360 1849
1448370 1844
1448380 1839
1448390 1839
1448400 1834
1448410 1831
1448420 1831
1448430 1828
1448440 1826
1448450 1826
1448460 1825
1448470 1821
1448480 1821
1448490 1817
1448500 1814
1448510 1814
1448520 1809
1448530 1805
1448540 1801
1448550 1801
1448560 1798
1448570 1796
1448580 1796
1448590 1796
1448600 1797
1448610 1797
1448620 1797
1448630 1797
1448640 1797
1448650 1797
1448660 1795
1448670 1795
1448680 1793
1448690 1792
1448700 1792
1448710 1791
1448720 1788
1448730 1786
1448740 1786
1448750 1783
1448760 1781
1448770 1781
1448780 1781
1448790 1780
1448800 1780
1448810 1777
1448820 1775
1448830 1775
1448840 1773
1448850 1772
1448860 1772
1448870 1771
1448880 1768
1448890 1767
1448900 1767
1448910 1768
1448920 1767
1448930 1767
1448940 1765
1448950 1761
1448960 1761
1448970 1757
1448980 1755
1448990 1755
1449000 1754
1449010 1753
1449020 1753
1449030 1748
1449040 1745
1449050 1741
1449060 1741
1449070 1738
1449080 1735
1449090 1735
1449100 1732
1449110 1732
1449120 1732
1449130 1734
1449140 1735
1449150 1735
1449160 1736
1449170 1737
1449180 1737
1449190 1737
1449200 1737
1449210 1737
1449220 1737
1449230 1737
1449240 1735
1449250 1735
1449260 1733
1449270 1733
1449280 1733
1449290 1732
1449300 1729
1449310 1729
1449320 1727
1449330 1727
1449340 1727
1449350 1730
1449360 1733
1449370 1733
1449380 1733
1449390 1730
1449400 1728
1449410 1728
1449420 1727
1449430 1728
1449440 1728
1449450 1730
1449460 1731
1449470 1731
1449480 1730
1449490 1728
1449500 1728
1449510 1727
1449520 1727
1449530 1727
1449540 1725
1449550 1724
1449560 1722
1449570 1722
1449580 1721
1449590 1722
1449600 1722
1449610 1723
1449620 1724
1449630 1724
1449640 1722
1449650 1722
1449660 1722
1449670 1728
1449680 1732
1449690 1732
1449700 1735
1449710 1741
1449720 1748
1449730 1748
1449740 1758
1449750 1769
1449760 1769
1449770 1773
1449780 1773
1449790 1773
1449800 1773
1449810 1773
1449820 1773
1449830 1769
1449840 1762
1449850 1762
1449860 1757
1449870 1753
1449880 1750
1449890 1750
1449900 1747
1449910 1743
1449920 1743
1449930 1737
1449940 1733
1449950 1733
1449960 1728
1449970 1726
1449980 1726
1449990 1725
1450000 1726
1450010 1726
1450020 1728
1450030 1730
1450040 1732
1450050 1732
1450060 1733
1450070 1735
1450080 1735
1450090 1740
1450100 1746
1450110 1746
1450120 1750
1450130 1753
1450140 1753
1450150 1754
1450160 1752
1450170 1752
1450180 1750
1450190 1749
1450200 1755
1450210 1755
1450220 1754
1450230 1749
1450240 1749
1450250 1744
1450260 1739
1450270 1739
1450280 1735
1450290 1732
1450300 1732
1450310 1731
1450320 1732
1450330 1732
1450340 1733
1450350 1732
1450360 1732
1450370 1729
1450380 1725
1450390 1720
1450400 1720
1450410 1715
1450420 1711
1450430 1711
1450440 1708
1450450 1708
1450460 1708
1450470 1709
1450480 1711
1450490 1711
1450500 1713
1450510 1713
1450520 1713
1450530 1710
1450540 1703
1450550 1698
1450560 1698
1450570 1693
1450580 1686
1450590 1686
1450600 1681
1450610 1676
1450620 1676
1450630 1671
1450640 1667
1450650 1667
1450660 1662
1450670 1656
1450680 1656
1450690 1650
1450700 1644
1450710 1638
1450720 1638
1450730 1633
1450740 1629
1450750 1629
1450760 1626
1450770 1622
1450780 1622
1450790 1619
1450800 1615
1450810 1615
1450820 1612
1450830 1609
1450840 1609
1450850 1607
1450860 1607
1450870 1605
1450880 1605
1450890 1605
1450900 1605
1450910 1605
1450920 1605
1450930 1604
1450940 1604
1450950 1601
1450960 1598
1450970 1598
1450980 1598
1450990 1599
1451000 1599
1451010 1597
1451020 1594
1451030 1589
1451040 1589
1451050 1585
1451060 1580
1451070 1580
1451080 1575
1451090 1570
1451100 1570
1451110 1567
1451120 1564
1451130 1564
1451140 1563
1451150 1563
1451160 1563
1451170 1561
1451180 1559
1451190 1559
1451200 1557
1451210 1556
1451220 1556
1451230 1556
1451240 1556
1451250 1556
1451260 1556
1451270 1556
1451280 1555
1451290 1555
1451300 1555
1451310 1553
1451320 1553
1451330 1551
1451340 1547
1451350 1547
1451360 1540
1451370 1536
1451380 1541
1451390 1541
1451400 1547
1451410 1550
1451420 1550
1451430 1552
1451440 1552
1451450 1552
1451460 1554
1451470 1556
1451480 1556
1451490 1557
1451500 1557
1451510 1557
1451520 1558
1451530 1560
1451540 1563
1451550 1563
1451560 1566
1451570 1568
1451580 1568
1451590 1569
1451600 1570
1451610 1570
1451620 1570
1451630 1571
1451640 1571
1451650 1571
1451660 1572
1451670 1572
1451680 1571
1451690 1571
1451700 1572
1451710 1572
1451720 1572
1451730 1573
1451740 1573
1451750 1573
1451760 1571
1451770 1571
1451780 1569
1451790 1567
1451800 1567
1451810 1566
1451820 1569
1451830 1569
1451840 1575
1451850 1579
1451860 1581
1451870 1581
1451880 1584
1451890 1587
1451900 1587
1451910 1588
1451920 1590
1451930 1590
1451940 1592
1451950 1594
1451960 1594
1451970 1595
1451980 1597
1451990 1597
1452000 1599
1452010 1601
1452020 1601
1452030 1605
1452040 1610
1452050 1615
1452060 1615
1452070 1619
1452080 1623
1452090 1623
1452100 1626
1452110 1630
1452120 1630
1452130 1633
1452140 1635
1452150 1635
1452160 1637
1452170 1639
1452180 1639
1452190 1642
1452200 1645
1452210 1647
1452220 1647
1452230 1650
1452240 1655
1452250 1655
1452260 1660
1452270 1663
1452280 1663
1452290 1666
1452300 1670
1452310 1670
1452320 1673
1452330 1677
1452340 1677
1452350 1679
1452360 1680
1452370 1681
1452380 1681
1452390 1684
1452400 1685
1452410 1685
1452420 1685
1452430 1685
1452440 1685
1452450 1685
1452460 1683
1452470 1683
1452480 1682
1452490 1681
1452500 1681
1452510 1682
1452520 1683
1452530 1684
1452540 1684
1452550 1685
1452560 1687
1452570 1687
1452580 1689
1452590 1691
1452600 1691
1452610 1693
1452620 1694
1452630 1694
1452640 1695
1452650 1695
1452660 1695
1452670 1696
1452680 1697
1452690 1699
1452700 1699
1452710 1701
1452720 1703
1452730 1703
1452740 1705
1452750 1706
1452760 1706
1452770 1707
1452780 1709
1452790 1709
1452800 1712
1452810 1714
1452820 1714
1452830 1716
1452840 1718
1452850 1718
1452860 1720
1452870 1722
1452880 1724
1452890 1724
1452900 1727
1452910 1730
1452920 1730
1452930 1734
1452940 1737
1452950 1737
1452960 1741
1452970 1745
1452980 1745
1452990 1748
1453000 1750
1453010 1750
1453020 1750
1453030 1752
1453040 1755
1453050 1755
1453060 1759
1453070 1761
1453080 1761
1453090 1760
1453100 1761
1453110 1761
1453120 1764
1453130 1766
1453140 1766
1453150 1767
1453160 1770
1453170 1770
1453180 1772
1453190 1773
1453200 1774
1453210 1774
1453220 1775
1453230 1776
1453240 1776
1453250 1778
1453260 1783
1453270 1783
1453280 1784
1453290 1789
1453300 1789
1453310 1795
1453320 1803
1453330 1803
1453340 1811
1453350 1818
1453360 1826
1453370 1826
1453380 1838
1453390 1845
1453400 1845
1453410 1847
1453420 1849
1453430 1849
1453440 1851
1453450 1853
1453460 1853
1453470 1854
1453480 1857
1453490 1857
1453500 1861
1453510 1864
1453520 1864
1453530 1864
1453540 1851
1453550 1836
1453560 1836
1453570 1835
1453580 1843
1453590 1843
1453600 1844
1453610 1835
1453620 1835
1453630 1830
1453640 1830
1453650 1830
1453660 1823
1453670 1814
1453680 1814
1453690 1815
1453700 1822
1453710 1831
1453720 1831
1453730 1830
1453740 1820
1453750 1820
1453760 1816
1453770 1808
1453780 1808
1453790 1799
1453800 1804
1453810 1804
1453820 1803
1453830 1802
1453840 1802
1453850 1792
1453860 1786
1453870 1784
1453880 1784
1453890 1781
1453900 1789
1453910 1789
1453920 1804
1453930 1803
1453940 1803
1453950 1798
1453960 1793
1453970 1793
1453980 1788
1453990 1783
1454000 1783
1454010 1777
1454020 1770
1454030 1763
1454040 1763
1454050 1756
1454060 1750
1454070 1750
1454080 1739
1454090 1731
1454100 1731
1454110 1722
1454120 1713
1454130 1713
1454140 1704
1454150 1696
1454160 1696
1454170 1687
1454180 1668
1454190 1648
1454200 1648
1454210 1631
1454220 1604
1454230 1604
1454240 1596
1454250 1587
1454260 1587
1454270 1568
1454280 1539
1454290 1539
1454300 1527
1454310 1515
1454320 1515
1454330 1504
1454340 1501
1454350 1516
1454360 1516
1454370 1529
1454380 1537
1454390 1537
1454400 1540
1454410 1541
1454420 1541
1454430 1539
1454440 1537
1454450 1537
1454460 1536
1454470 1535
1454480 1535
1454490 1531
1454500 1527
1454510 1527
1454520 1525
1454530 1528
1454540 1530
1454550 1530
1454560 1532
1454570 1535
1454580 1535
1454590 1540
1454600 1541
1454610 1541
1454620 1540
1454630 1539
1454640 1539
1454650 1535
1454660 1527
1454670 1527
1454680 1519
1454690 1512
1454700 1505
1454710 1505
1454720 1491
1454730 1477
1454740 1477
1454750 1467
1454760 1462
1454770 1462
1454780 1448
1454790 1423
1454800 1423
1454810 1397
1454820 1408
1454830 1408
1454840 1421
1454850 1436
1454860 1441
1454870 1441
1454880 1447
1454890 1459
1454900 1459
1454910 1468
1454920 1471
1454930 1471
1454940 1472
1454950 1471
1454960 1471
1454970 1473
1454980 1471
1454990 1471
1455000 1462
1455010 1460
1455020 1462
1455030 1462
1455040 1465
1455050 1472
1455060 1472
1455070 1484
1455080 1495
1455090 1495
1455100 1505
1455110 1508
1455120 1508
1455130 1515
1455140 1517
1455150 1517
1455160 1520
1455170 1528
1455180 1540
1455190 1540
1455200 1546
1455210 1540
1455220 1540
1455230 1536
1455240 1535
1455250 1535
1455260 1529
1455270 1533
1455280 1533
1455290 1543
1455300 1560
1455310 1560
1455320 1566
1455330 1567
1455340 1567
1455350 1578
1455360 1590
1455370 1605
1455380 1605
1455390 1618
1455400 1627
1455410 1627
1455420 1636
1455430 1642
1455440 1642
1455450 1645
1455460 1644
1455470 1644
1455480 1641
1455490 1649
1455500 1649
1455510 1658
1455520 1665
1455530 1676
1455540 1676
1455550 1688
1455560 1695
1455570 1695
1455580 1698
1455590 1706
1455600 1706
1455610 1715
1455620 1712
1455630 1712
1455640 1704
1455650 1688
1455660 1688
1455670 1679
1455680 1671
1455690 1678
1455700 1678
1455710 1690
1455720 1704
1455730 1704
1455740 1717
1455750 1723
1455760 1723
1455770 1725
1455780 1726
1455790 1726
1455800 1729
1455810 1734
1455820 1734
1455830 1740
1455840 1743
1455850 1745
1455860 1745
1455870 1748
1455880 1761
1455890 1761
1455900 1770
1455910 1778
1455920 1778
1455930 1786
1455940 1793
1455950 1793
1455960 1799
1455970 1803
1455980 1803
1455990 1807
1456000 1812
1456010 1818
1456020 1818
1456030 1825
1456040 1833
1456050 1833
1456060 1840
1456070 1848
1456080 1848
1456090 1857
1456100 1864
1456110 1864
1456120 1873
1456130 1884
1456140 1884
1456150 1887
1456160 1888
1456170 1888
1456180 1888
1456190 1885
1456200 1881
1456210 1881
1456220 1877
1456230 1872
1456240 1872
1456250 1866
1456260 1860
1456270 1860
1456280 1854
1456290 1848
1456300 1848
1456310 1842
1456320 1835
1456330 1835
1456340 1828
1456350 1824
1456360 1824
1456370 1824
1456380 1821
1456390 1813
1456400 1813
1456410 1803
1456420 1793
1456430 1793
1456440 1786
1456450 1776
1456460 1776
1456470 1765
1456480 1755
1456490 1755
1456500 1743
1456510 1733
1456520 1724
1456530 1724
1456540 1716
1456550 1709
1456560 1709
1456570 1702
1456580 1696
1456590 1696
1456600 1690
1456610 1684
1456620 1684
1456630 1678
1456640 1673
1456650 1673
1456660 1667
1456670 1662
1456680 1656
1456690 1656
1456700 1651
1456710 1647
1456720 1647
1456730 1643
1456740 1639
1456750 1639
1456760 1634
1456770 1629
1456780 1629
1456790 1623
1456800 1615
1456810 1615
1456820 1606
1456830 1597
1456840 1589
1456850 1589
1456860 1581
1456870 1568
1456880 1568
1456890 1556
1456900 1549
1456910 1549
1456920 1542
1456930 1536
1456940 1536
1456950 1531
1456960 1527
1456970 1527
1456980 1524
1456990 1520
1457000 1520
1457010 1517
1457020 1513
1457030 1508
1457040 1508
1457050 1503
1457060 1499
1457070 1499
1457080 1494
1457090 1490
1457100 1490
1457110 1485
1457120 1482
1457130 1482
1457140 1478
1457150 1474
1457160 1474
1457170 1469
1457180 1466
1457190 1463
1457200 1463
1457210 1460
1457220 1458
1457230 1458
1457240 1455
1457250 1452
1457260 1452
1457270 1450
1457280 1448
1457290 1448
1457300 1447
1457310 1447
1457320 1447
1457330 1445
1457340 1443
1457350 1442
1457360 1442
1457370 1442
1457380 1440
1457390 1440
1457400 1440
1457410 1439
1457420 1439
1457430 1438
1457440 1437
1457450 1437
1457460 1435
1457470 1434
1457480 1434
1457490 1433
1457500 1433
1457510 1433
1457520 1433
1457530 1432
1457540 1432
1457550 1432
1457560 1434
1457570 1436
1457580 1436
1457590 1437
1457600 1438
1457610 1438
1457620 1439
1457630 1441
1457640 1441
1457650 1441
1457660 1439
1457670 1439
1457680 1439
1457690 1439
1457700 1439
1457710 1439
1457720 1440
1457730 1442
1457740 1442
1457750 1446
1457760 1450
1457770 1450
1457780 1454
1457790 1457
1457800 1457
1457810 1461
1457820 1465
1457830 1465
1457840 1470
1457850 1475
1457860 1481
1457870 1481
1457880 1487
1457890 1494
1457900 1494
1457910 1499
1457920 1503
1457930 1503
1457940 1507
1457950 1512
1457960 1512
1457970 1516
1457980 1519
1457990 1519
1458000 1521
1458010 1521
1458020 1520
1458030 1520
1458040 1521
1458050 1521
1458060 1521
1458070 1519
1458080 1514
1458090 1514
1458100 1510
1458110 1515
1458120 1515
1458130 1521
1458140 1527
1458150 1527
1458160 1533
1458170 1538
1458180 1544
1458190 1544
1458200 1550
1458210 1557
1458220 1557
1458230 1565
1458240 1574
1458250 1574
1458260 1586
1458270 1596
1458280 1596
1458290 1604
1458300 1611
1458310 1611
1458320 1617
1458330 1624
1458340 1632
1458350 1632
1458360 1640
1458370 1648
1458380 1648
1458390 1654
1458400 1661
1458410 1661
1458420 1669
1458430 1677
1458440 1677
1458450 1685
1458460 1693
1458470 1693
1458480 1700
1458490 1708
1458500 1714
1458510 1714
1458520 1720
1458530 1725
1458540 1725
1458550 1729
1458560 1733
1458570 1733
1458580 1736
1458590 1740
1458600 1740
1458610 1743
1458620 1745
1458630 1745
1458640 1746
1458650 1747
1458660 1747
1458670 1748
1458680 1750
1458690 1751
1458700 1751
1458710 1752
1458720 1753
1458730 1753
1458740 1753
1458750 1750
1458760 1750
1458770 1749
1458780 1751
1458790 1751
1458800 1752
1458810 1754
1458820 1754
1458830 1756
1458840 1758
1458850 1760
1458860 1760
1458870 1760
1458880 1759
1458890 1759
1458900 1758
1458910 1755
1458920 1755
1458930 1752
1458940 1750
1458950 1750
1458960 1748
1458970 1745
1458980 1745
1458990 1743
1459000 1742
1459010 1741
1459020 1741
1459030 1740
1459040 1739
1459050 1739
1459060 1738
1459070 1736
1459080 1736
1459090 1734
1459100 1731
1459110 1731
1459120 1727
1459130 1722
1459140 1722
1459150 1715
1459160 1708
1459170 1701
1459180 1701
1459190 1693
1459200 1686
1459210 1686
1459220 1679
1459230 1673
1459240 1673
1459250 1667
1459260 1662
1459270 1662
1459280 1657
1459290 1651
1459300 1651
1459310 1646
1459320 1643
1459330 1640
1459340 1640
1459350 1637
1459360 1633
1459370 1633
1459380 1628
1459390 1624
1459400 1624
1459410 1621
1459420 1619
1459430 1619
1459440 1618
1459450 1616
1459460 1616
1459470 1609
1459480 1600
1459490 1600
1459500 1592
1459510 1585
1459520 1577
1459530 1577
1459540 1570
1459550 1563
1459560 1563
1459570 1561
1459580 1561
1459590 1561
1459600 1559
1459610 1557
1459620 1557
1459630 1555
1459640 1554
1459650 1554
1459660 1553
1459670 1552
1459680 1551
1459690 1551
1459700 1551
1459710 1550
1459720 1550
1459730 1550
1459740 1549
1459750 1549
1459760 1549
1459770 1549
1459780 1549
1459790 1548
1459800 1546
1459810 1546
1459820 1544
1459830 1541
1459840 1538
1459850 1538
1459860 1536
1459870 1534
1459880 1534
1459890 1532
1459900 1529
1459910 1529
1459920 1525
1459930 1520
1459940 1520
1459950 1515
1459960 1510
1459970 1510
1459980 1503
1459990 1497
