1440000 1429
1440010 1429
1440020 1424
1440030 1415
1440040 1415
1440050 1414
1440060 1419
1440070 1422
1440080 1422
1440090 1422
1440100 1422
1440110 1422
1440120 1422
1440130 1422
1440140 1422
1440150 1421
1440160 1419
1440170 1419
1440180 1417
1440190 1416
1440200 1416
1440210 1414
1440220 1411
1440230 1408
1440240 1408
1440250 1407
1440260 1406
1440270 1406
1440280 1401
1440290 1397
1440300 1397
1440310 1391
1440320 1385
1440330 1385
1440340 1379
1440350 1370
1440360 1370
1440370 1370
1440380 1373
1440390 1380
1440400 1380
1440410 1387
1440420 1390
1440430 1390
1440440 1391
1440450 1396
1440460 1396
1440470 1400
1440480 1406
1440490 1406
1440500 1409
1440510 1406
1440520 1406
1440530 1401
1440540 1399
1440550 1396
1440560 1396
1440570 1394
1440580 1395
1440590 1395
1440600 1394
1440610 1394
1440620 1394
1440630 1393
1440640 1393
1440650 1393
1440660 1395
1440670 1392
1440680 1392
1440690 1388
1440700 1384
1440710 1384
1440720 1380
1440730 1377
1440740 1372
1440750 1372
1440760 1368
1440770 1365
1440780 1365
1440790 1360
1440800 1358
1440810 1358
1440820 1357
1440830 1355
1440840 1355
1440850 1352
1440860 1349
1440870 1349
1440880 1345
1440890 1341
1440900 1339
1440910 1339
1440920 1338
1440930 1336
1440940 1336
1440950 1333
1440960 1329
1440970 1329
1440980 1327
1440990 1329
1441000 1329
1441010 1335
1441020 1336
1441030 1336
1441040 1330
1441050 1322
1441060 1314
1441070 1314
1441080 1306
1441090 1296
1441100 1296
1441110 1288
1441120 1281
1441130 1281
1441140 1276
1441150 1271
1441160 1271
1441170 1261
1441180 1224
1441190 1224
1441200 1207
1441210 1202
1441220 1192
1441230 1192
1441240 1183
1441250 1176
1441260 1176
1441270 1170
1441280 1162
1441290 1162
1441300 1155
1441310 1149
1441320 1149
1441330 1143
1441340 1139
1441350 1139
1441360 1142
1441370 1147
1441380 1147
1441390 1152
1441400 1162
1441410 1168
1441420 1168
1441430 1176
1441440 1191
1441450 1191
1441460 1206
1441470 1211
1441480 1211
1441490 1210
1441500 1208
1441510 1208
1441520 1206
1441530 1206
1441540 1206
1441550 1206
1441560 1206
1441570 1206
1441580 1206
1441590 1203
1441600 1201
1441610 1201
1441620 1199
1441630 1197
1441640 1197
1441650 1196
1441660 1196
1441670 1196
1441680 1197
1441690 1197
1441700 1197
1441710 1197
1441720 1201
1441730 1206
1441740 1206
1441750 1213
1441760 1218
1441770 1218
1441780 1219
1441790 1219
1441800 1219
1441810 1218
1441820 1217
1441830 1217
1441840 1216
1441850 1215
1441860 1215
1441870 1216
1441880 1216
1441890 1216
1441900 1216
1441910 1218
1441920 1219
1441930 1219
1441940 1217
1441950 1215
1441960 1215
1441970 1209
1441980 1200
1441990 1200
1442000 1191
1442010 1182
1442020 1182
1442030 1173
1442040 1166
1442050 1166
1442060 1161
1442070 1155
1442080 1149
1442090 1149
1442100 1144
1442110 1139
1442120 1139
1442130 1136
1442140 1133
1442150 1133
1442160 1129
1442170 1126
1442180 1126
1442190 1122
1442200 1119
1442210 1119
1442220 1117
1442230 1114
1442240 1112
1442250 1112
1442260 1115
1442270 1123
1442280 1123
1442290 1128
1442300 1124
1442310 1124
1442320 1116
1442330 1109
1442340 1109
1442350 1102
1442360 1095
1442370 1095
1442380 1086
1442390 1070
1442400 1061
1442410 1061
1442420 1051
1442430 1043
1442440 1043
1442450 1033
1442460 1024
1442470 1024
1442480 1014
1442490 1005
1442500 1005
1442510 997
1442520 1000
1442530 1000
1442540 1008
1442550 1017
1442560 1027
1442570 1027
1442580 1036
1442590 1041
1442600 1041
1442610 1043
1442620 1048
1442630 1048
1442640 1056
1442650 1071
1442660 1071
1442670 1080
1442680 1088
1442690 1088
1442700 1098
1442710 1104
1442720 1104
1442730 1107
1442740 1108
1442750 1107
1442760 1107
1442770 1102
1442780 1096
1442790 1096
1442800 1092
1442810 1088
1442820 1088
1442830 1082
1442840 1075
1442850 1075
1442860 1067
1442870 1061
1442880 1061
1442890 1054
1442900 1047
1442910 1041
1442920 1041
1442930 1035
1442940 1029
1442950 1029
1442960 1026
1442970 1023
1442980 1023
1442990 1020
1443000 1016
1443010 1016
1443020 1012
1443030 1011
1443040 1011
1443050 1008
1443060 1004
1443070 998
1443080 998
1443090 991
1443100 984
1443110 984
1443120 979
1443130 977
1443140 977
1443150 976
1443160 976
1443170 976
1443180 974
1443190 973
1443200 973
1443210 969
1443220 964
1443230 959
1443240 959
1443250 953
1443260 951
1443270 951
1443280 953
1443290 954
1443300 954
1443310 958
1443320 964
1443330 964
1443340 968
1443350 969
1443360 969
1443370 971
1443380 972
1443390 972
1443400 972
1443410 973
1443420 975
1443430 975
1443440 978
1443450 981
1443460 981
1443470 982
1443480 983
1443490 983
1443500 986
1443510 992
1443520 992
1443530 998
1443540 1004
1443550 1004
1443560 1009
1443570 1011
1443580 1013
1443590 1013
1443600 1013
1443610 1016
1443620 1016
1443630 1020
1443640 1024
1443650 1024
1443660 1028
1443670 1034
1443680 1034
1443690 1040
1443700 1047
1443710 1047
1443720 1053
1443730 1057
1443740 1062
1443750 1062
1443760 1068
1443770 1074
1443780 1074
1443790 1080
1443800 1087
1443810 1087
1443820 1095
1443830 1102
1443840 1102
1443850 1109
1443860 1114
1443870 1114
1443880 1116
1443890 1117
1443900 1114
1443910 1114
1443920 1111
1443930 1110
1443940 1110
1443950 1112
1443960 1116
1443970 1116
1443980 1121
1443990 1125
1444000 1125
1444010 1128
1444020 1126
1444030 1126
1444040 1129
1444050 1132
1444060 1135
1444070 1135
1444080 1138
1444090 1138
1444100 1138
1444110 1137
1444120 1135
1444130 1135
1444140 1133
1444150 1132
1444160 1132
1444170 1132
1444180 1131
1444190 1131
1444200 1132
1444210 1132
1444220 1132
1444230 1131
1444240 1130
1444250 1130
1444260 1130
1444270 1130
1444280 1128
1444290 1128
1444300 1130
1444310 1134
1444320 1134
1444330 1135
1444340 1136
1444350 1136
1444360 1138
1444370 1142
1444380 1142
1444390 1145
1444400 1147
1444410 1151
1444420 1151
1444430 1155
1444440 1159
1444450 1159
1444460 1160
1444470 1159
1444480 1159
1444490 1158
1444500 1158
1444510 1158
1444520 1158
1444530 1160
1444540 1160
1444550 1164
1444560 1168
1444570 1172
1444580 1172
1444590 1174
1444600 1176
1444610 1176
1444620 1181
1444630 1186
1444640 1186
1444650 1191
1444660 1196
1444670 1196
1444680 1200
1444690 1204
1444700 1204
1444710 1205
1444720 1207
1444730 1211
1444740 1211
1444750 1215
1444760 1215
1444770 1215
1444780 1214
1444790 1213
1444800 1213
1444810 1217
1444820 1220
1444830 1220
1444840 1221
1444850 1223
1444860 1223
1444870 1225
1444880 1226
1444890 1226
1444900 1227
1444910 1228
1444920 1228
1444930 1228
1444940 1229
1444950 1231
1444960 1231
1444970 1232
1444980 1229
1444990 1229
1445000 1227
1445010 1227
1445020 1227
1445030 1226
1445040 1225
1445050 1225
1445060 1222
1445070 1222
1445080 1221
1445090 1221
1445100 1220
1445110 1219
1445120 1219
1445130 1218
1445140 1215
1445150 1215
1445160 1214
1445170 1217
1445180 1217
1445190 1221
1445200 1225
1445210 1225
1445220 1227
1445230 1230
1445240 1233
1445250 1233
1445260 1237
1445270 1241
1445280 1241
1445290 1245
1445300 1249
1445310 1249
1445320 1254
1445330 1260
1445340 1260
1445350 1266
1445360 1271
1445370 1271
1445380 1277
1445390 1284
1445400 1289
1445410 1289
1445420 1293
1445430 1297
1445440 1297
1445450 1301
1445460 1303
1445470 1303
1445480 1306
1445490 1308
1445500 1308
1445510 1309
1445520 1310
1445530 1316
1445540 1316
1445550 1312
1445560 1312
1445570 1308
1445580 1310
1445590 1315
1445600 1315
1445610 1322
1445620 1330
1445630 1330
1445640 1336
1445650 1341
1445660 1341
1445670 1344
1445680 1349
1445690 1349
1445700 1353
1445710 1356
1445720 1356
1445730 1360
1445740 1363
1445750 1364
1445760 1364
1445770 1364
1445780 1363
1445790 1363
1445800 1361
1445810 1359
1445820 1359
1445830 1357
1445840 1355
1445850 1355
1445860 1354
1445870 1352
1445880 1352
1445890 1348
1445900 1342
1445910 1336
1445920 1336
1445930 1331
1445940 1325
1445950 1325
1445960 1319
1445970 1313
1445980 1313
1445990 1307
1446000 1302
1446010 1302
1446020 1297
1446030 1291
1446040 1291
1446050 1286
1446060 1282
1446070 1280
1446080 1280
1446090 1279
1446100 1279
1446110 1279
1446120 1278
1446130 1277
1446140 1277
1446150 1275
1446160 1274
1446170 1274
1446180 1273
1446190 1271
1446200 1271
1446210 1267
1446220 1262
1446230 1262
1446240 1257
1446250 1252
1446260 1247
1446270 1247
1446280 1243
1446290 1238
1446300 1238
1446310 1232
1446320 1227
1446330 1227
1446340 1221
1446350 1215
1446360 1215
1446370 1209
1446380 1203
1446390 1203
1446400 1196
1446410 1190
1446420 1182
1446430 1182
1446440 1174
1446450 1166
1446460 1166
1446470 1160
1446480 1153
1446490 1153
1446500 1146
1446510 1127
1446520 1127
1446530 1112
1446540 1107
1446550 1107
1446560 1105
1446570 1106
1446580 1115
1446590 1115
1446600 1127
1446610 1133
1446620 1133
1446630 1145
1446640 1156
1446650 1156
1446660 1164
1446670 1172
1446680 1172
1446690 1179
1446700 1186
1446710 1186
1446720 1191
1446730 1193
1446740 1196
1446750 1196
1446760 1198
1446770 1198
1446780 1198
1446790 1197
1446800 1195
1446810 1195
1446820 1193
1446830 1193
1446840 1193
1446850 1191
1446860 1188
1446870 1188
1446880 1188
1446890 1189
1446900 1189
1446910 1190
1446920 1192
1446930 1195
1446940 1195
1446950 1199
1446960 1202
1446970 1202
1446980 1205
1446990 1207
1447000 1207
1447010 1206
1447020 1207
1447030 1207
1447040 1209
1447050 1208
1447060 1208
1447070 1208
1447080 1206
1447090 1208
1447100 1208
1447110 1217
1447120 1222
1447130 1222
1447140 1225
1447150 1220
1447160 1220
1447170 1223
1447180 1235
1447190 1235
1447200 1242
1447210 1249
1447220 1249
1447230 1253
1447240 1256
1447250 1260
1447260 1260
1447270 1264
1447280 1269
1447290 1269
1447300 1275
1447310 1281
1447320 1281
1447330 1287
1447340 1293
1447350 1293
1447360 1299
1447370 1303
1447380 1303
1447390 1306
1447400 1310
1447410 1315
1447420 1315
1447430 1319
1447440 1324
1447450 1324
1447460 1329
1447470 1334
1447480 1334
1447490 1339
1447500 1345
1447510 1345
1447520 1348
1447530 1350
1447540 1350
1447550 1351
1447560 1352
1447570 1352
1447580 1354
1447590 1355
1447600 1356
1447610 1356
1447620 1356
1447630 1357
1447640 1357
1447650 1357
1447660 1356
1447670 1356
1447680 1354
1447690 1354
1447700 1354
1447710 1357
1447720 1358
1447730 1358
1447740 1359
1447750 1361
1447760 1364
1447770 1364
1447780 1365
1447790 1365
1447800 1365
1447810 1365
1447820 1364
1447830 1364
1447840 1364
1447850 1363
1447860 1363
1447870 1362
1447880 1361
1447890 1361
1447900 1360
1447910 1358
1447920 1357
1447930 1357
1447940 1356
1447950 1351
1447960 1351
1447970 1348
1447980 1351
1447990 1351
1448000 1353
1448010 1354
1448020 1354
1448030 1355
1448040 1354
1448050 1354
1448060 1352
1448070 1348
1448080 1344
1448090 1344
1448100 1341
1448110 1338
1448120 1338
1448130 1335
1448140 1332
1448150 1332
1448160 1330
1448170 1326
1448180 1326
1448190 1323
1448200 1319
1448210 1319
1448220 1314
1448230 1310
1448240 1310
1448250 1306
1448260 1302
1448270 1298
1448280 1298
1448290 1294
1448300 1290
1448310 1290
1448320 1285
1448330 1279
1448340 1279
1448350 1273
1448360 1266
1448370 1266
1448380 1256
1448390 1246
1448400 1246
1448410 1242
1448420 1245
1448430 1248
1448440 1248
1448450 1247
1448460 1244
1448470 1244
1448480 1241
1448490 1236
1448500 1236
1448510 1232
1448520 1231
1448530 1231
1448540 1227
1448550 1222
1448560 1222
1448570 1215
1448580 1206
1448590 1197
1448600 1197
1448610 1196
1448620 1202
1448630 1202
1448640 1201
1448650 1207
1448660 1207
1448670 1211
1448680 1213
1448690 1213
1448700 1215
1448710 1218
1448720 1218
1448730 1222
1448740 1224
1448750 1227
1448760 1227
1448770 1229
1448780 1231
1448790 1231
1448800 1233
1448810 1234
1448820 1234
1448830 1235
1448840 1235
1448850 1235
1448860 1235
1448870 1234
1448880 1234
1448890 1233
1448900 1231
1448910 1231
1448920 1229
1448930 1226
1448940 1223
1448950 1223
1448960 1220
1448970 1216
1448980 1216
1448990 1212
1449000 1208
1449010 1208
1449020 1204
1449030 1201
1449040 1201
1449050 1197
1449060 1191
1449070 1191
1449080 1185
1449090 1177
1449100 1168
1449110 1168
1449120 1158
1449130 1149
1449140 1149
1449150 1141
1449160 1135
1449170 1135
1449180 1128
1449190 1122
1449200 1122
1449210 1116
1449220 1111
1449230 1111
1449240 1105
1449250 1098
1449260 1091
1449270 1091
1449280 1082
1449290 1076
1449300 1076
1449310 1070
1449320 1061
1449330 1061
1449340 1052
1449350 1040
1449360 1040
1449370 1029
1449380 1020
1449390 1020
1449400 1012
1449410 1006
1449420 1003
1449430 1003
1449440 1006
1449450 1010
1449460 1010
1449470 1015
1449480 1025
1449490 1025
1449500 1035
1449510 1043
1449520 1043
1449530 1047
1449540 1051
1449550 1051
1449560 1056
1449570 1060
1449580 1060
1449590 1065
1449600 1070
1449610 1076
1449620 1076
1449630 1081
1449640 1082
1449650 1082
1449660 1082
1449670 1081
1449680 1081
1449690 1080
1449700 1079
1449710 1079
1449720 1079
1449730 1078
1449740 1078
1449750 1078
1449760 1078
1449770 1077
1449780 1077
1449790 1075
1449800 1072
1449810 1072
1449820 1073
1449830 1072
1449840 1072
1449850 1073
1449860 1074
1449870 1074
1449880 1075
1449890 1076
1449900 1076
1449910 1077
1449920 1076
1449930 1075
1449940 1075
1449950 1077
1449960 1080
1449970 1080
1449980 1082
1449990 1083
1450000 1083
1450010 1083
1450020 1082
1450030 1082
1450040 1082
1450050 1082
1450060 1082
1450070 1082
1450080 1081
1450090 1080
1450100 1080
1450110 1078
1450120 1075
1450130 1075
1450140 1072
1450150 1067
1450160 1067
1450170 1065
1450180 1061
1450190 1061
1450200 1058
1450210 1056
1450220 1056
1450230 1059
1450240 1062
1450250 1062
1450260 1064
1450270 1065
1450280 1069
1450290 1069
1450300 1072
1450310 1071
1450320 1071
1450330 1064
1450340 1058
1450350 1058
1450360 1054
1450370 1052
1450380 1052
1450390 1050
1450400 1047
1450410 1047
1450420 1043
1450430 1043
1450440 1052
1450450 1052
1450460 1062
1450470 1073
1450480 1073
1450490 1084
1450500 1093
1450510 1093
1450520 1103
1450530 1110
1450540 1110
1450550 1117
1450560 1121
1450570 1121
1450580 1125
1450590 1127
1450600 1128
1450610 1128
1450620 1128
1450630 1127
1450640 1127
1450650 1128
1450660 1130
1450670 1130
1450680 1132
1450690 1134
1450700 1134
1450710 1137
1450720 1139
1450730 1139
1450740 1140
1450750 1142
1450760 1147
1450770 1147
1450780 1149
1450790 1151
1450800 1151
1450810 1152
1450820 1152
1450830 1152
1450840 1154
1450850 1156
1450860 1156
1450870 1157
1450880 1158
1450890 1158
1450900 1158
1450910 1157
1450920 1157
1450930 1156
1450940 1154
1450950 1152
1450960 1152
1450970 1151
1450980 1151
1450990 1151
1451000 1150
1451010 1149
1451020 1149
1451030 1148
1451040 1148
1451050 1148
1451060 1148
1451070 1147
1451080 1147
1451090 1147
1451100 1146
1451110 1146
1451120 1146
1451130 1145
1451140 1146
1451150 1146
1451160 1148
1451170 1149
1451180 1149
1451190 1152
1451200 1155
1451210 1155
1451220 1159
1451230 1160
1451240 1160
1451250 1160
1451260 1161
1451270 1165
1451280 1165
1451290 1169
1451300 1171
1451310 1171
1451320 1173
1451330 1174
1451340 1174
1451350 1174
1451360 1174
1451370 1174
1451380 1177
1451390 1180
1451400 1180
1451410 1182
1451420 1183
1451430 1183
1451440 1183
1451450 1184
1451460 1185
1451470 1185
1451480 1186
1451490 1185
1451500 1185
1451510 1186
1451520 1185
1451530 1185
1451540 1185
1451550 1184
1451560 1184
1451570 1181
1451580 1181
1451590 1181
1451600 1180
1451610 1179
1451620 1179
1451630 1179
1451640 1180
1451650 1178
1451660 1178
1451670 1175
1451680 1172
1451690 1172
1451700 1169
1451710 1167
1451720 1167
1451730 1165
1451740 1162
1451750 1162
1451760 1157
1451770 1153
1451780 1149
1451790 1149
1451800 1146
1451810 1141
1451820 1141
1451830 1132
1451840 1124
1451850 1124
1451860 1117
1451870 1111
1451880 1111
1451890 1106
1451900 1101
1451910 1101
1451920 1099
1451930 1098
1451940 1096
1451950 1096
1451960 1093
1451970 1092
1451980 1092
1451990 1091
1452000 1090
1452010 1090
1452020 1089
1452030 1087
1452040 1087
1452050 1086
1452060 1083
1452070 1083
1452080 1080
1452090 1079
1452100 1077
1452110 1077
1452120 1075
1452130 1072
1452140 1072
1452150 1068
1452160 1063
1452170 1063
1452180 1058
1452190 1054
1452200 1054
1452210 1051
1452220 1048
1452230 1048
1452240 1046
1452250 1047
1452260 1047
1452270 1050
1452280 1053
1452290 1054
1452300 1054
1452310 1054
1452320 1053
1452330 1053
1452340 1052
1452350 1052
1452360 1052
1452370 1050
1452380 1047
1452390 1047
1452400 1046
1452410 1044
1452420 1044
1452430 1043
1452440 1043
1452450 1043
1452460 1043
1452470 1043
1452480 1043
1452490 1043
1452500 1043
1452510 1043
1452520 1043
1452530 1043
1452540 1044
1452550 1044
1452560 1044
1452570 1042
1452580 1042
1452590 1042
1452600 1046
1452610 1053
1452620 1053
1452630 1055
1452640 1056
1452650 1056
1452660 1056
1452670 1057
1452680 1057
1452690 1055
1452700 1049
1452710 1049
1452720 1046
1452730 1047
1452740 1047
1452750 1048
1452760 1050
1452770 1054
1452780 1054
1452790 1059
1452800 1062
1452810 1062
1452820 1066
1452830 1068
1452840 1068
1452850 1067
1452860 1064
1452870 1064
1452880 1063
1452890 1068
1452900 1068
1452910 1074
1452920 1076
1452930 1076
1452940 1076
1452950 1076
1452960 1077
1452970 1077
1452980 1077
1452990 1076
1453000 1076
1453010 1076
1453020 1076
1453030 1076
1453040 1075
1453050 1075
1453060 1075
1453070 1075
1453080 1075
1453090 1075
1453100 1077
1453110 1078
1453120 1080
1453130 1080
1453140 1081
1453150 1082
1453160 1082
1453170 1083
1453180 1084
1453190 1084
1453200 1084
1453210 1085
1453220 1085
1453230 1085
1453240 1086
1453250 1086
1453260 1086
1453270 1086
1453280 1086
1453290 1086
1453300 1086
1453310 1086
1453320 1086
1453330 1086
1453340 1085
1453350 1085
1453360 1085
1453370 1085
1453380 1085
1453390 1085
1453400 1084
1453410 1084
1453420 1084
1453430 1083
1453440 1083
1453450 1083
1453460 1082
1453470 1082
1453480 1082
1453490 1081
1453500 1081
1453510 1081
1453520 1081
1453530 1081
1453540 1081
1453550 1081
1453560 1080
1453570 1080
1453580 1080
1453590 1080
1453600 1079
1453610 1079
1453620 1078
1453630 1077
1453640 1077
1453650 1076
1453660 1076
1453670 1076
1453680 1075
1453690 1075
1453700 1075
1453710 1074
1453720 1067
1453730 1067
1453740 1062
1453750 1069
1453760 1069
1453770 1074
1453780 1080
1453790 1085
1453800 1085
1453810 1088
1453820 1090
1453830 1090
1453840 1091
1453850 1093
1453860 1093
1453870 1094
1453880 1095
1453890 1095
1453900 1095
1453910 1096
1453920 1096
1453930 1096
1453940 1095
1453950 1095
1453960 1095
1453970 1096
1453980 1098
1453990 1098
1454000 1098
1454010 1098
1454020 1098
1454030 1099
1454040 1099
1454050 1099
1454060 1100
1454070 1100
1454080 1100
1454090 1100
1454100 1099
1454110 1098
1454120 1098
1454130 1098
1454140 1098
1454150 1098
1454160 1098
1454170 1098
1454180 1098
1454190 1097
1454200 1096
1454210 1096
1454220 1094
1454230 1092
1454240 1092
1454250 1090
1454260 1088
1454270 1086
1454280 1086
1454290 1084
1454300 1082
1454310 1082
1454320 1080
1454330 1078
1454340 1078
1454350 1077
1454360 1076
1454370 1076
1454380 1074
1454390 1073
1454400 1073
1454410 1071
1454420 1069
1454430 1069
1454440 1068
1454450 1066
1454460 1064
1454470 1064
1454480 1062
1454490 1060
1454500 1060
1454510 1058
1454520 1057
1454530 1057
1454540 1056
1454550 1055
1454560 1055
1454570 1055
1454580 1055
1454590 1055
1454600 1054
1454610 1053
1454620 1052
1454630 1052
1454640 1049
1454650 1046
1454660 1046
1454670 1043
1454680 1038
1454690 1038
1454700 1031
1454710 1020
1454720 1020
1454730 1012
1454740 1005
1454750 1005
1454760 997
1454770 986
1454780 972
1454790 972
1454800 958
1454810 947
1454820 947
1454830 938
1454840 933
1454850 933
1454860 925
1454870 918
1454880 918
1454890 914
1454900 913
1454910 913
1454920 915
1454930 916
1454940 920
1454950 920
1454960 926
1454970 928
1454980 928
1454990 932
1455000 938
1455010 938
1455020 942
1455030 948
1455040 948
1455050 955
1455060 964
1455070 964
1455080 977
1455090 987
1455100 987
1455110 995
1455120 1001
1455130 1006
1455140 1006
1455150 1011
1455160 1015
1455170 1015
1455180 1016
1455190 1019
1455200 1019
1455210 1024
1455220 1028
1455230 1028
1455240 1030
1455250 1032
1455260 1032
1455270 1034
1455280 1036
1455290 1037
1455300 1037
1455310 1038
1455320 1038
1455330 1038
1455340 1039
1455350 1039
1455360 1039
1455370 1041
1455380 1042
1455390 1042
1455400 1042
1455410 1043
1455420 1043
1455430 1044
1455440 1044
1455450 1045
1455460 1045
1455470 1046
1455480 1047
1455490 1047
1455500 1048
1455510 1050
1455520 1050
1455530 1051
1455540 1054
1455550 1054
1455560 1056
1455570 1058
1455580 1058
1455590 1060
1455600 1062
1455610 1062
1455620 1062
1455630 1061
1455640 1060
1455650 1060
1455660 1060
1455670 1061
1455680 1061
1455690 1063
1455700 1064
1455710 1064
1455720 1066
1455730 1068
1455740 1068
1455750 1069
1455760 1072
1455770 1072
1455780 1075
1455790 1077
1455800 1080
1455810 1080
1455820 1082
1455830 1083
1455840 1083
1455850 1084
1455860 1086
1455870 1086
1455880 1087
1455890 1089
1455900 1089
1455910 1089
1455920 1089
1455930 1089
1455940 1093
1455950 1095
1455960 1096
1455970 1096
1455980 1098
1455990 1099
1456000 1099
1456010 1100
1456020 1102
1456030 1102
1456040 1105
1456050 1107
1456060 1107
1456070 1109
1456080 1110
1456090 1110
1456100 1112
1456110 1114
1456120 1117
1456130 1117
1456140 1120
1456150 1121
1456160 1121
1456170 1120
1456180 1120
1456190 1120
1456200 1124
1456210 1127
1456220 1127
1456230 1129
1456240 1130
1456250 1130
1456260 1130
1456270 1130
1456280 1131
1456290 1131
1456300 1131
1456310 1131
1456320 1131
1456330 1135
1456340 1141
1456350 1141
1456360 1144
1456370 1149
1456380 1149
1456390 1154
1456400 1155
1456410 1155
1456420 1155
1456430 1155
1456440 1155
1456450 1155
1456460 1154
1456470 1155
1456480 1155
1456490 1156
1456500 1156
1456510 1156
1456520 1155
1456530 1155
1456540 1155
1456550 1153
1456560 1152
1456570 1152
1456580 1154
1456590 1156
1456600 1156
1456610 1157
1456620 1157
1456630 1157
1456640 1157
1456650 1158
1456660 1158
1456670 1158
1456680 1158
1456690 1158
1456700 1158
1456710 1157
1456720 1157
1456730 1157
1456740 1156
1456750 1157
1456760 1157
1456770 1157
1456780 1157
1456790 1157
1456800 1157
1456810 1156
1456820 1156
1456830 1156
1456840 1166
1456850 1168
1456860 1168
1456870 1169
1456880 1172
1456890 1172
1456900 1173
1456910 1174
1456920 1174
1456930 1174
1456940 1172
1456950 1172
1456960 1172
1456970 1171
1456980 1169
1456990 1169
1457000 1167
1457010 1163
1457020 1163
1457030 1156
1457040 1153
1457050 1153
1457060 1150
1457070 1146
1457080 1146
1457090 1142
1457100 1139
1457110 1139
1457120 1135
1457130 1130
1457140 1128
1457150 1128
1457160 1129
1457170 1132
1457180 1132
1457190 1133
1457200 1135
1457210 1135
1457220 1134
1457230 1133
1457240 1133
1457250 1134
1457260 1135
1457270 1135
1457280 1140
1457290 1142
1457300 1142
1457310 1142
1457320 1144
1457330 1148
1457340 1148
1457350 1151
1457360 1155
1457370 1155
1457380 1159
1457390 1160
1457400 1160
1457410 1162
1457420 1166
1457430 1166
1457440 1169
1457450 1175
1457460 1179
1457470 1179
1457480 1182
1457490 1183
1457500 1183
1457510 1183
1457520 1184
1457530 1184
1457540 1183
1457550 1181
1457560 1181
1457570 1179
1457580 1177
1457590 1177
1457600 1176
1457610 1173
1457620 1170
1457630 1170
1457640 1166
1457650 1162
1457660 1162
1457670 1158
1457680 1152
1457690 1152
1457700 1145
1457710 1137
1457720 1137
1457730 1132
1457740 1132
1457750 1132
1457760 1131
1457770 1126
1457780 1126
1457790 1121
1457800 1111
1457810 1102
1457820 1102
1457830 1094
1457840 1088
1457850 1088
1457860 1084
1457870 1080
1457880 1080
1457890 1073
1457900 1066
1457910 1066
1457920 1060
1457930 1057
1457940 1057
1457950 1056
1457960 1051
1457970 1046
1457980 1046
1457990 1044
1458000 1045
1458010 1045
1458020 1043
1458030 1037
1458040 1037
1458050 1042
1458060 1052
1458070 1052
1458080 1061
1458090 1063
1458100 1063
1458110 1062
1458120 1060
1458130 1061
1458140 1061
1458150 1060
1458160 1057
1458170 1057
1458180 1054
1458190 1051
1458200 1051
1458210 1046
1458220 1043
1458230 1043
1458240 1040
1458250 1038
1458260 1038
1458270 1034
1458280 1030
1458290 1028
1458300 1028
1458310 1024
1458320 1021
1458330 1021
1458340 1018
1458350 1014
1458360 1014
1458370 1011
1458380 1007
1458390 1007
1458400 1001
1458410 994
1458420 994
1458430 988
1458440 980
1458450 980
1458460 973
1458470 969
1458480 963
1458490 963
1458500 958
1458510 953
1458520 953
1458530 949
1458540 945
1458550 945
1458560 940
1458570 935
1458580 935
1458590 931
1458600 926
1458610 926
1458620 921
1458630 914
1458640 907
1458650 907
1458660 901
1458670 892
1458680 892
1458690 885
1458700 883
1458710 883
1458720 890
1458730 897
1458740 897
1458750 892
1458760 886
1458770 886
1458780 881
1458790 891
1458800 901
1458810 901
1458820 911
1458830 913
1458840 913
1458850 906
1458860 888
1458870 888
1458880 882
1458890 874
1458900 874
1458910 865
1458920 864
1458930 864
1458940 867
1458950 876
1458960 887
1458970 887
1458980 899
1458990 907
1459000 907
1459010 905
1459020 902
1459030 902
1459040 904
1459050 909
1459060 909
1459070 916
1459080 923
1459090 923
1459100 932
1459110 941
1459120 941
1459130 952
1459140 956
1459150 954
1459160 954
1459170 948
1459180 944
1459190 944
1459200 939
1459210 935
1459220 935
1459230 935
1459240 934
1459250 934
1459260 934
1459270 936
1459280 936
1459290 936
1459300 933
1459310 937
1459320 937
1459330 942
1459340 946
1459350 946
1459360 954
1459370 962
1459380 962
1459390 965
1459400 966
1459410 966
1459420 970
1459430 971
1459440 971
1459450 969
1459460 970
1459470 972
1459480 972
1459490 976
1459500 980
1459510 980
1459520 985
1459530 989
1459540 989
1459550 992
1459560 995
1459570 995
1459580 999
1459590 1002
1459600 1002
1459610 1004
1459620 1005
1459630 1005
1459640 1005
1459650 1004
1459660 1002
1459670 1002
1459680 999
1459690 998
1459700 998
1459710 995
1459720 993
1459730 993
1459740 989
1459750 991
1459760 991
1459770 994
1459780 992
1459790 992
1459800 987
1459810 983
1459820 982
1459830 982
1459840 982
1459850 983
1459860 983
1459870 986
1459880 991
1459890 991
1459900 994
1459910 994
1459920 994
1459930 993
1459940 992
1459950 992
1459960 991
1459970 991
1459980 990
1459990 990
