1440000 1400
1440010 1397
1440020 1397
1440030 1392
1440040 1392
1440050 1391
1440060 1391
1440070 1390
1440080 1390
1440090 1390
1440100 1388
1440110 1387
1440120 1387
1440130 1385
1440140 1385
1440150 1385
1440160 1383
1440170 1382
1440180 1382
1440190 1381
1440200 1381
1440210 1380
1440220 1380
1440230 1379
1440240 1377
1440250 1377
1440260 1375
1440270 1372
1440280 1372
1440290 1371
1440300 1370
1440310 1370
1440320 1367
1440330 1365
1440340 1365
1440350 1362
1440360 1359
1440370 1359
1440380 1357
1440390 1356
1440400 1354
1440410 1354
1440420 1351
1440430 1349
1440440 1349
1440450 1350
1440460 1347
1440470 1347
1440480 1340
1440490 1338
1440500 1338
1440510 1331
1440520 1323
1440530 1323
1440540 1318
1440550 1313
1440560 1310
1440570 1310
1440580 1308
1440590 1302
1440600 1302
1440610 1297
1440620 1292
1440630 1292
1440640 1289
1440650 1287
1440660 1287
1440670 1285
1440680 1283
1440690 1283
1440700 1280
1440710 1277
1440720 1274
1440730 1274
1440740 1271
1440750 1267
1440760 1267
1440770 1262
1440780 1257
1440790 1257
1440800 1252
1440810 1247
1440820 1247
1440830 1242
1440840 1238
1440850 1238
1440860 1234
1440870 1230
1440880 1230
1440890 1227
1440900 1223
1440910 1219
1440920 1219
1440930 1216
1440940 1212
1440950 1212
1440960 1207
1440970 1203
1440980 1203
1440990 1199
1441000 1196
1441010 1196
1441020 1194
1441030 1191
1441040 1191
1441050 1188
1441060 1183
1441070 1178
1441080 1178
1441090 1173
1441100 1169
1441110 1169
1441120 1166
1441130 1163
1441140 1163
1441150 1159
1441160 1155
1441170 1155
1441180 1149
1441190 1144
1441200 1144
1441210 1140
1441220 1136
1441230 1134
1441240 1134
1441250 1132
1441260 1129
1441270 1129
1441280 1127
1441290 1124
1441300 1124
1441310 1122
1441320 1122
1441330 1122
1441340 1121
1441350 1119
1441360 1119
1441370 1118
1441380 1117
1441390 1115
1441400 1115
1441410 1113
1441420 1111
1441430 1111
1441440 1109
1441450 1107
1441460 1107
1441470 1105
1441480 1103
1441490 1103
1441500 1101
1441510 1099
1441520 1099
1441530 1098
1441540 1093
1441550 1093
1441560 1091
1441570 1089
1441580 1087
1441590 1087
1441600 1085
1441610 1083
1441620 1083
1441630 1082
1441640 1080
1441650 1080
1441660 1078
1441670 1076
1441680 1076
1441690 1075
1441700 1074
1441710 1074
1441720 1073
1441730 1072
1441740 1071
1441750 1071
1441760 1069
1441770 1070
1441780 1070
1441790 1072
1441800 1073
1441810 1073
1441820 1074
1441830 1075
1441840 1075
1441850 1075
1441860 1076
1441870 1076
1441880 1076
1441890 1076
1441900 1076
1441910 1076
1441920 1076
1441930 1075
1441940 1075
1441950 1075
1441960 1074
1441970 1074
1441980 1073
1441990 1072
1442000 1072
1442010 1070
1442020 1068
1442030 1068
1442040 1067
1442050 1070
1442060 1071
1442070 1071
1442080 1073
1442090 1073
1442100 1073
1442110 1074
1442120 1075
1442130 1075
1442140 1076
1442150 1078
1442160 1078
1442170 1080
1442180 1082
1442190 1082
1442200 1086
1442210 1089
1442220 1089
1442230 1088
1442240 1084
1442250 1079
1442260 1079
1442270 1075
1442280 1073
1442290 1073
1442300 1074
1442310 1075
1442320 1075
1442330 1077
1442340 1078
1442350 1078
1442360 1078
1442370 1077
1442380 1077
1442390 1074
1442400 1072
1442410 1070
1442420 1070
1442430 1069
1442440 1068
1442450 1068
1442460 1067
1442470 1066
1442480 1066
1442490 1065
1442500 1064
1442510 1064
1442520 1062
1442530 1060
1442540 1060
1442550 1058
1442560 1057
1442570 1057
1442580 1057
1442590 1057
1442600 1056
1442610 1056
1442620 1056
1442630 1053
1442640 1053
1442650 1051
1442660 1048
1442670 1048
1442680 1046
1442690 1044
1442700 1044
1442710 1042
1442720 1039
1442730 1035
1442740 1035
1442750 1030
1442760 1025
1442770 1025
1442780 1021
1442790 1016
1442800 1016
1442810 1012
1442820 1008
1442830 1008
1442840 1005
1442850 1001
1442860 1001
1442870 1000
1442880 998
1442890 998
1442900 996
1442910 992
1442920 989
1442930 989
1442940 985
1442950 983
1442960 983
1442970 979
1442980 977
1442990 977
1443000 974
1443010 970
1443020 970
1443030 966
1443040 962
1443050 962
1443060 958
1443070 954
1443080 951
1443090 951
1443100 947
1443110 942
1443120 942
1443130 936
1443140 932
1443150 932
1443160 926
1443170 919
1443180 919
1443190 913
1443200 908
1443210 908
1443220 901
1443230 895
1443240 890
1443250 890
1443260 884
1443270 878
1443280 878
1443290 870
1443300 867
1443310 867
1443320 866
1443330 866
1443340 866
1443350 866
1443360 865
1443370 865
1443380 869
1443390 876
1443400 876
1443410 880
1443420 889
1443430 911
1443440 911
1443450 931
1443460 941
1443470 941
1443480 946
1443490 956
1443500 956
1443510 964
1443520 972
1443530 972
1443540 980
1443550 987
1443560 987
1443570 995
1443580 1003
1443590 1008
1443600 1008
1443610 1013
1443620 1018
1443630 1018
1443640 1024
1443650 1030
1443660 1030
1443670 1033
1443680 1035
1443690 1035
1443700 1036
1443710 1035
1443720 1035
1443730 1035
1443740 1037
1443750 1038
1443760 1038
1443770 1039
1443780 1041
1443790 1041
1443800 1043
1443810 1045
1443820 1045
1443830 1048
1443840 1053
1443850 1053
1443860 1058
1443870 1063
1443880 1063
1443890 1067
1443900 1072
1443910 1077
1443920 1077
1443930 1085
1443940 1092
1443950 1092
1443960 1100
1443970 1104
1443980 1104
1443990 1107
1444000 1111
1444010 1111
1444020 1114
1444030 1116
1444040 1116
1444050 1118
1444060 1119
1444070 1119
1444080 1119
1444090 1120
1444100 1117
1444110 1117
1444120 1115
1444130 1114
1444140 1114
1444150 1112
1444160 1111
1444170 1111
1444180 1112
1444190 1111
1444200 1111
1444210 1111
1444220 1111
1444230 1111
1444240 1113
1444250 1116
1444260 1119
1444270 1119
1444280 1121
1444290 1123
1444300 1123
1444310 1124
1444320 1126
1444330 1126
1444340 1127
1444350 1127
1444360 1127
1444370 1128
1444380 1128
1444390 1128
1444400 1127
1444410 1125
1444420 1124
1444430 1124
1444440 1123
1444450 1122
1444460 1122
1444470 1122
1444480 1121
1444490 1121
1444500 1121
1444510 1121
1444520 1121
1444530 1120
1444540 1118
1444550 1118
1444560 1115
1444570 1114
1444580 1112
1444590 1112
1444600 1111
1444610 1109
1444620 1109
1444630 1108
1444640 1107
1444650 1107
1444660 1107
1444670 1106
1444680 1106
1444690 1104
1444700 1101
1444710 1101
1444720 1099
1444730 1097
1444740 1097
1444750 1095
1444760 1093
1444770 1091
1444780 1091
1444790 1088
1444800 1086
1444810 1086
1444820 1084
1444830 1081
1444840 1081
1444850 1076
1444860 1069
1444870 1069
1444880 1063
1444890 1068
1444900 1068
1444910 1071
1444920 1072
1444930 1072
1444940 1072
1444950 1072
1444960 1071
1444970 1071
1444980 1068
1444990 1069
1445000 1069
1445010 1078
1445020 1084
1445030 1084
1445040 1087
1445050 1090
1445060 1090
1445070 1092
1445080 1092
1445090 1092
1445100 1092
1445110 1094
1445120 1095
1445130 1095
1445140 1095
1445150 1095
1445160 1095
1445170 1096
1445180 1096
1445190 1096
1445200 1095
1445210 1093
1445220 1093
1445230 1093
1445240 1094
1445250 1095
1445260 1095
1445270 1096
1445280 1097
1445290 1097
1445300 1098
1445310 1099
1445320 1099
1445330 1099
1445340 1099
1445350 1099
1445360 1099
1445370 1099
1445380 1099
1445390 1099
1445400 1099
1445410 1099
1445420 1097
1445430 1095
1445440 1093
1445450 1093
1445460 1091
1445470 1090
1445480 1090
1445490 1087
1445500 1084
1445510 1084
1445520 1081
1445530 1078
1445540 1078
1445550 1075
1445560 1074
1445570 1074
1445580 1071
1445590 1069
1445600 1067
1445610 1067
1445620 1064
1445630 1061
1445640 1061
1445650 1058
1445660 1054
1445670 1054
1445680 1050
1445690 1048
1445700 1048
1445710 1048
1445720 1047
1445730 1047
1445740 1044
1445750 1040
1445760 1039
1445770 1039
1445780 1038
1445790 1034
1445800 1034
1445810 1033
1445820 1032
1445830 1032
1445840 1030
1445850 1027
1445860 1027
1445870 1025
1445880 1020
1445890 1020
1445900 1013
1445910 1005
1445920 1005
1445930 1001
1445940 1010
1445950 1020
1445960 1020
1445970 1026
1445980 1029
1445990 1029
1446000 1030
1446010 1031
1446020 1031
1446030 1032
1446040 1033
1446050 1033
1446060 1032
1446070 1033
1446080 1033
1446090 1033
1446100 1031
1446110 1030
1446120 1030
1446130 1030
1446140 1031
1446150 1031
1446160 1032
1446170 1033
1446180 1033
1446190 1034
1446200 1034
1446210 1034
1446220 1033
1446230 1031
1446240 1031
1446250 1029
1446260 1029
1446270 1028
1446280 1028
1446290 1028
1446300 1028
1446310 1028
1446320 1029
1446330 1029
1446340 1029
1446350 1028
1446360 1027
1446370 1027
1446380 1023
1446390 1019
1446400 1019
1446410 1016
1446420 1016
1446430 1016
1446440 1016
1446450 1015
1446460 1012
1446470 1012
1446480 1008
1446490 1004
1446500 1004
1446510 1001
1446520 996
1446530 996
1446540 990
1446550 982
1446560 982
1446570 978
1446580 974
1446590 974
1446600 972
1446610 970
1446620 969
1446630 969
1446640 969
1446650 966
1446660 966
1446670 963
1446680 967
1446690 967
1446700 973
1446710 979
1446720 979
1446730 986
1446740 989
1446750 989
1446760 993
1446770 998
1446780 1003
1446790 1003
1446800 1007
1446810 1012
1446820 1012
1446830 1016
1446840 1020
1446850 1020
1446860 1023
1446870 1028
1446880 1028
1446890 1035
1446900 1042
1446910 1042
1446920 1048
1446930 1055
1446940 1062
1446950 1062
1446960 1069
1446970 1075
1446980 1075
1446990 1081
1447000 1087
1447010 1087
1447020 1093
1447030 1100
1447040 1100
1447050 1107
1447060 1117
1447070 1117
1447080 1122
1447090 1122
1447100 1120
1447110 1120
1447120 1116
1447130 1111
1447140 1111
1447150 1104
1447160 1094
1447170 1094
1447180 1089
1447190 1085
1447200 1085
1447210 1080
1447220 1074
1447230 1074
1447240 1068
1447250 1062
1447260 1062
1447270 1057
1447280 1053
1447290 1050
1447300 1050
1447310 1050
1447320 1047
1447330 1047
1447340 1043
1447350 1041
1447360 1041
1447370 1038
1447380 1036
1447390 1036
1447400 1034
1447410 1031
1447420 1031
1447430 1028
1447440 1024
1447450 1023
1447460 1023
1447470 1021
1447480 1018
1447490 1018
1447500 1015
1447510 1012
1447520 1012
1447530 1007
1447540 1000
1447550 1000
1447560 992
1447570 984
1447580 984
1447590 976
1447600 968
1447610 961
1447620 961
1447630 955
1447640 949
1447650 949
1447660 943
1447670 935
1447680 935
1447690 925
1447700 917
1447710 917
1447720 911
1447730 908
1447740 908
1447750 907
1447760 907
1447770 907
1447780 907
1447790 903
1447800 901
1447810 901
1447820 901
1447830 906
1447840 906
1447850 907
1447860 908
1447870 908
1447880 912
1447890 920
1447900 920
1447910 930
1447920 935
1447930 935
1447940 935
1447950 936
1447960 941
1447970 941
1447980 944
1447990 943
1448000 943
1448010 939
1448020 933
1448030 933
1448040 922
1448050 914
1448060 914
1448070 908
1448080 910
1448090 910
1448100 920
1448110 927
1448120 928
1448130 928
1448140 923
1448150 926
1448160 926
1448170 935
1448180 943
1448190 943
1448200 947
1448210 949
1448220 949
1448230 951
1448240 950
1448250 950
1448260 947
1448270 944
1448280 946
1448290 946
1448300 950
1448310 951
1448320 951
1448330 951
1448340 950
1448350 950
1448360 946
1448370 947
1448380 947
1448390 953
1448400 962
1448410 962
1448420 969
1448430 972
1448440 972
1448450 977
1448460 983
1448470 990
1448480 990
1448490 996
1448500 999
1448510 999
1448520 1000
1448530 1002
1448540 1002
1448550 1004
1448560 1008
1448570 1008
1448580 1009
1448590 1009
1448600 1009
1448610 1010
1448620 1011
1448630 1011
1448640 1011
1448650 1012
1448660 1014
1448670 1014
1448680 1015
1448690 1016
1448700 1016
1448710 1018
1448720 1020
1448730 1020
1448740 1020
1448750 1020
1448760 1020
1448770 1021
1448780 1027
1448790 1032
1448800 1032
1448810 1036
1448820 1039
1448830 1039
1448840 1041
1448850 1043
1448860 1043
1448870 1045
1448880 1046
1448890 1046
1448900 1045
1448910 1043
1448920 1043
1448930 1044
1448940 1045
1448950 1045
1448960 1045
1448970 1045
1448980 1043
1448990 1043
1449000 1041
1449010 1036
1449020 1036
1449030 1030
1449040 1028
1449050 1028
1449060 1022
1449070 1018
1449080 1018
1449090 1014
1449100 1003
1449110 1003
1449120 997
1449130 987
1449140 968
1449150 968
1449160 958
1449170 949
1449180 949
1449190 936
1449200 918
1449210 918
1449220 908
1449230 900
1449240 900
1449250 890
1449260 881
1449270 881
1449280 873
1449290 866
1449300 859
1449310 859
1449320 852
1449330 846
1449340 846
1449350 843
1449360 844
1449370 844
1449380 846
1449390 850
1449400 850
1449410 853
1449420 856
1449430 856
1449440 860
1449450 863
1449460 866
1449470 866
1449480 870
1449490 873
1449500 873
1449510 874
1449520 873
1449530 873
1449540 868
1449550 866
1449560 866
1449570 869
1449580 870
1449590 870
1449600 873
1449610 874
1449620 869
1449630 869
1449640 867
1449650 865
1449660 865
1449670 861
1449680 857
1449690 857
1449700 853
1449710 851
1449720 851
1449730 850
1449740 849
1449750 849
1449760 848
1449770 848
1449780 848
1449790 848
1449800 847
1449810 846
1449820 846
1449830 846
1449840 845
1449850 845
1449860 843
1449870 842
1449880 842
1449890 844
1449900 846
1449910 846
1449920 846
1449930 845
1449940 845
1449950 846
1449960 846
1449970 845
1449980 845
1449990 835
1450000 825
1450010 825
1450020 816
1450030 807
1450040 807
1450050 797
1450060 787
1450070 787
1450080 778
1450090 768
1450100 768
1450110 769
1450120 775
1450130 784
1450140 784
1450150 792
1450160 798
1450170 798
1450180 808
1450190 817
1450200 817
1450210 823
1450220 829
1450230 829
1450240 833
1450250 837
1450260 837
1450270 837
1450280 833
1450290 833
1450300 831
1450310 831
1450320 830
1450330 830
1450340 830
1450350 828
1450360 828
1450370 827
1450380 828
1450390 828
1450400 827
1450410 829
1450420 829
1450430 828
1450440 824
1450450 824
1450460 821
1450470 820
1450480 819
1450490 819
1450500 817
1450510 816
1450520 816
1450530 814
1450540 812
1450550 812
1450560 810
1450570 808
1450580 808
1450590 806
1450600 804
1450610 804
1450620 804
1450630 805
1450640 806
1450650 806
1450660 804
1450670 802
1450680 802
1450690 802
1450700 803
1450710 803
1450720 802
1450730 800
1450740 800
1450750 799
1450760 798
1450770 798
1450780 797
1450790 796
1450800 795
1450810 795
1450820 795
1450830 794
1450840 794
1450850 792
1450860 789
1450870 789
1450880 788
1450890 788
1450900 788
1450910 788
1450920 788
1450930 788
1450940 789
1450950 789
1450960 789
1450970 788
1450980 786
1450990 785
1451000 785
1451010 784
1451020 783
1451030 783
1451040 781
1451050 779
1451060 779
1451070 778
1451080 776
1451090 776
1451100 774
1451110 771
1451120 771
1451130 768
1451140 766
1451150 763
1451160 763
1451170 761
1451180 759
1451190 759
1451200 758
1451210 756
1451220 756
1451230 754
1451240 751
1451250 751
1451260 749
1451270 747
1451280 747
1451290 745
1451300 743
1451310 741
1451320 741
1451330 740
1451340 738
1451350 738
1451360 736
1451370 734
1451380 734
1451390 733
1451400 731
1451410 731
1451420 730
1451430 730
1451440 730
1451450 731
1451460 729
1451470 727
1451480 727
1451490 726
1451500 724
1451510 724
1451520 722
1451530 720
1451540 720
1451550 718
1451560 717
1451570 717
1451580 715
1451590 714
1451600 714
1451610 713
1451620 712
1451630 712
1451640 711
1451650 711
1451660 711
1451670 711
1451680 711
1451690 710
1451700 710
1451710 710
1451720 713
1451730 713
1451740 716
1451750 718
1451760 718
1451770 719
1451780 723
1451790 723
1451800 724
1451810 723
1451820 723
1451830 723
1451840 721
1451850 722
1451860 722
1451870 724
1451880 723
1451890 723
1451900 724
1451910 726
1451920 726
1451930 727
1451940 728
1451950 728
1451960 729
1451970 729
1451980 730
1451990 730
1452000 730
1452010 731
1452020 731
1452030 733
1452040 734
1452050 734
1452060 732
1452070 732
1452080 732
1452090 732
1452100 732
1452110 732
1452120 733
1452130 734
1452140 733
1452150 733
1452160 732
1452170 733
1452180 733
1452190 732
1452200 731
1452210 731
1452220 729
1452230 729
1452240 729
1452250 729
1452260 729
1452270 729
1452280 729
1452290 728
1452300 728
1452310 728
1452320 728
1452330 729
1452340 729
1452350 730
1452360 731
1452370 731
1452380 731
1452390 732
1452400 732
1452410 734
1452420 735
1452430 735
1452440 735
1452450 736
1452460 736
1452470 736
1452480 735
1452490 734
1452500 734
1452510 733
1452520 732
1452530 732
1452540 734
1452550 736
1452560 736
1452570 737
1452580 738
1452590 738
1452600 738
1452610 736
1452620 736
1452630 738
1452640 739
1452650 738
1452660 738
1452670 737
1452680 737
1452690 737
1452700 736
1452710 736
1452720 736
1452730 736
1452740 736
1452750 736
1452760 735
1452770 734
1452780 734
1452790 733
1452800 731
1452810 730
1452820 730
1452830 729
1452840 728
1452850 728
1452860 728
1452870 729
1452880 729
1452890 733
1452900 735
1452910 735
1452920 737
1452930 738
1452940 738
1452950 737
1452960 736
1452970 736
1452980 731
1452990 724
1453000 719
1453010 719
1453020 717
1453030 718
1453040 718
1453050 720
1453060 720
1453070 720
1453080 723
1453090 728
1453100 728
1453110 731
1453120 730
1453130 730
1453140 730
1453150 731
1453160 730
1453170 730
1453180 730
1453190 729
1453200 729
1453210 729
1453220 729
1453230 729
1453240 728
1453250 723
1453260 723
1453270 721
1453280 722
1453290 722
1453300 724
1453310 725
1453320 728
1453330 728
1453340 728
1453350 728
1453360 728
1453370 728
1453380 729
1453390 729
1453400 729
1453410 730
1453420 730
1453430 733
1453440 735
1453450 735
1453460 737
1453470 737
1453480 737
1453490 736
1453500 736
1453510 735
1453520 735
1453530 735
1453540 734
1453550 734
1453560 733
1453570 733
1453580 733
1453590 733
1453600 734
1453610 734
1453620 735
1453630 735
1453640 735
1453650 736
1453660 735
1453670 735
1453680 735
1453690 734
1453700 734
1453710 734
1453720 734
1453730 734
1453740 734
1453750 734
1453760 735
1453770 735
1453780 736
1453790 739
1453800 739
1453810 740
1453820 742
1453830 744
1453840 744
1453850 747
1453860 750
1453870 750
1453880 752
1453890 753
1453900 753
1453910 753
1453920 753
1453930 753
1453940 753
1453950 753
1453960 753
1453970 754
1453980 754
1453990 754
1454000 754
1454010 753
1454020 750
1454030 750
1454040 746
1454050 744
1454060 744
1454070 747
1454080 750
1454090 750
1454100 750
1454110 750
1454120 750
1454130 748
1454140 747
1454150 747
1454160 745
1454170 744
1454180 743
1454190 743
1454200 741
1454210 738
1454220 738
1454230 738
1454240 735
1454250 735
1454260 731
1454270 727
1454280 727
1454290 724
1454300 722
1454310 722
1454320 720
1454330 718
1454340 715
1454350 715
1454360 714
1454370 717
1454380 717
1454390 718
1454400 717
1454410 717
1454420 717
1454430 719
1454440 719
1454450 718
1454460 717
1454470 717
1454480 717
1454490 716
1454500 714
1454510 714
1454520 713
1454530 711
1454540 711
1454550 709
1454560 707
1454570 707
1454580 707
1454590 708
1454600 708
1454610 710
1454620 711
1454630 711
1454640 712
1454650 713
1454660 713
1454670 713
1454680 715
1454690 717
1454700 717
1454710 720
1454720 722
1454730 722
1454740 725
1454750 728
1454760 728
1454770 730
1454780 731
1454790 731
1454800 733
1454810 735
1454820 735
1454830 738
1454840 740
1454850 743
1454860 743
1454870 745
1454880 746
1454890 746
1454900 747
1454910 747
1454920 747
1454930 744
1454940 745
1454950 745
1454960 747
1454970 747
1454980 747
1454990 748
1455000 748
1455010 748
1455020 748
1455030 747
1455040 743
1455050 743
1455060 743
1455070 746
1455080 746
1455090 751
1455100 753
1455110 753
1455120 752
1455130 753
1455140 753
1455150 752
1455160 749
1455170 748
1455180 748
1455190 748
1455200 746
1455210 746
1455220 745
1455230 744
1455240 744
1455250 742
1455260 740
1455270 740
1455280 737
1455290 734
1455300 734
1455310 730
1455320 729
1455330 729
1455340 729
1455350 726
1455360 724
1455370 724
1455380 722
1455390 719
1455400 719
1455410 719
1455420 718
1455430 718
1455440 714
1455450 712
1455460 712
1455470 710
1455480 707
1455490 707
1455500 708
1455510 706
1455520 703
1455530 703
1455540 699
1455550 696
1455560 696
1455570 693
1455580 689
1455590 689
1455600 686
1455610 684
1455620 684
1455630 682
1455640 682
1455650 682
1455660 682
1455670 682
1455680 683
1455690 683
1455700 684
1455710 686
1455720 686
1455730 686
1455740 686
1455750 686
1455760 685
1455770 684
1455780 684
1455790 684
1455800 682
1455810 682
1455820 681
1455830 680
1455840 679
1455850 679
1455860 679
1455870 678
1455880 678
1455890 678
1455900 677
1455910 677
1455920 678
1455930 679
1455940 679
1455950 680
1455960 679
1455970 679
1455980 679
1455990 679
1456000 679
1456010 680
1456020 681
1456030 682
1456040 682
1456050 683
1456060 684
1456070 684
1456080 685
1456090 685
1456100 685
1456110 686
1456120 687
1456130 687
1456140 687
1456150 689
1456160 689
1456170 689
1456180 690
1456190 691
1456200 691
1456210 692
1456220 695
1456230 695
1456240 699
1456250 701
1456260 701
1456270 703
1456280 705
1456290 705
1456300 708
1456310 709
1456320 709
1456330 710
1456340 711
1456350 712
1456360 712
1456370 712
1456380 713
1456390 713
1456400 715
1456410 717
1456420 717
1456430 720
1456440 722
1456450 722
1456460 721
1456470 719
1456480 719
1456490 716
1456500 719
1456510 722
1456520 722
1456530 724
1456540 728
1456550 728
1456560 732
1456570 735
1456580 735
1456590 737
1456600 738
1456610 738
1456620 738
1456630 738
1456640 738
1456650 739
1456660 740
1456670 740
1456680 739
1456690 741
1456700 742
1456710 742
1456720 741
1456730 741
1456740 741
1456750 740
1456760 746
1456770 746
1456780 748
1456790 750
1456800 750
1456810 751
1456820 752
1456830 752
1456840 756
1456850 757
1456860 757
1456870 757
1456880 755
1456890 755
1456900 755
1456910 751
1456920 752
1456930 752
1456940 754
1456950 750
1456960 750
1456970 735
1456980 731
1456990 731
1457000 739
1457010 748
1457020 759
1457030 759
1457040 763
1457050 768
1457060 768
1457070 767
1457080 764
1457090 764
1457100 766
1457110 766
1457120 766
1457130 765
1457140 765
1457150 765
1457160 764
1457170 761
1457180 754
1457190 754
1457200 747
1457210 740
1457220 740
1457230 740
1457240 744
1457250 744
1457260 753
1457270 758
1457280 758
1457290 758
1457300 756
1457310 756
1457320 752
1457330 747
1457340 747
1457350 744
1457360 735
1457370 728
1457380 728
1457390 729
1457400 724
1457410 724
1457420 717
1457430 719
1457440 719
1457450 728
1457460 739
1457470 739
1457480 748
1457490 757
1457500 757
1457510 764
1457520 766
1457530 762
1457540 762
1457550 763
1457560 765
1457570 765
1457580 761
1457590 766
1457600 766
1457610 774
1457620 776
1457630 776
1457640 768
1457650 758
1457660 758
1457670 748
1457680 743
1457690 749
1457700 749
1457710 756
1457720 761
1457730 761
1457740 765
1457750 770
1457760 770
1457770 778
1457780 790
1457790 790
1457800 799
1457810 800
1457820 800
1457830 800
1457840 799
1457850 798
1457860 798
1457870 798
1457880 797
1457890 797
1457900 795
1457910 793
1457920 793
1457930 790
1457940 787
1457950 787
1457960 784
1457970 780
1457980 780
1457990 774
1458000 776
1458010 776
1458020 778
1458030 778
1458040 777
1458050 777
1458060 771
1458070 764
1458080 764
1458090 754
1458100 743
1458110 743
1458120 736
1458130 744
1458140 744
1458150 753
1458160 761
1458170 761
1458180 775
1458190 786
1458200 794
1458210 794
1458220 799
1458230 802
1458240 802
1458250 803
1458260 804
1458270 804
1458280 809
1458290 811
1458300 811
1458310 810
1458320 810
1458330 810
1458340 809
1458350 805
1458360 803
1458370 803
1458380 798
1458390 791
1458400 791
1458410 787
1458420 788
1458430 788
1458440 797
1458450 801
1458460 801
1458470 797
1458480 802
1458490 802
1458500 806
1458510 806
1458520 806
1458530 805
1458540 802
1458550 794
1458560 794
1458570 784
1458580 776
1458590 776
1458600 763
1458610 765
1458620 765
1458630 775
1458640 775
1458650 775
1458660 777
1458670 786
1458680 786
1458690 788
1458700 782
1458710 788
1458720 788
1458730 792
1458740 790
1458750 790
1458760 789
1458770 789
1458780 789
1458790 790
1458800 794
1458810 794
1458820 797
1458830 797
1458840 797
1458850 798
1458860 798
1458870 798
1458880 798
1458890 797
1458900 796
1458910 796
1458920 794
1458930 793
1458940 793
1458950 791
1458960 790
1458970 790
1458980 789
1458990 788
1459000 788
1459010 786
1459020 785
1459030 782
1459040 782
1459050 774
1459060 769
1459070 769
1459080 767
1459090 760
1459100 760
1459110 748
1459120 734
1459130 734
1459140 728
1459150 721
1459160 721
1459170 710
1459180 702
1459190 702
1459200 699
1459210 691
1459220 680
1459230 680
1459240 675
1459250 675
1459260 675
1459270 678
1459280 686
1459290 686
1459300 695
1459310 700
1459320 700
1459330 708
1459340 719
1459350 719
1459360 730
1459370 741
1459380 751
1459390 751
1459400 762
1459410 771
1459420 771
1459430 780
1459440 786
1459450 786
1459460 794
1459470 801
1459480 801
1459490 809
1459500 817
1459510 817
1459520 823
1459530 829
1459540 834
1459550 834
1459560 839
1459570 846
1459580 846
1459590 850
1459600 851
1459610 851
1459620 852
1459630 851
1459640 851
1459650 849
1459660 845
1459670 845
1459680 840
1459690 836
1459700 834
1459710 834
1459720 832
1459730 830
1459740 830
1459750 828
1459760 825
1459770 825
1459780 823
1459790 822
1459800 822
1459810 820
1459820 819
1459830 819
1459840 816
1459850 814
1459860 814
1459870 812
1459880 809
1459890 809
1459900 809
1459910 812
1459920 812
1459930 812
1459940 812
1459950 811
1459960 811
1459970 812
1459980 813
1459990 813
