1440000 1442
1440010 1437
1440020 1434
1440030 1434
1440040 1433
1440050 1431
1440060 1431
1440070 1424
1440080 1416
1440090 1416
1440100 1409
1440110 1405
1440120 1401
1440130 1401
1440140 1396
1440150 1390
1440160 1390
1440170 1385
1440180 1381
1440190 1381
1440200 1379
1440210 1378
1440220 1378
1440230 1376
1440240 1373
1440250 1373
1440260 1371
1440270 1367
1440280 1367
1440290 1365
1440300 1364
1440310 1362
1440320 1362
1440330 1361
1440340 1362
1440350 1362
1440360 1362
1440370 1361
1440380 1361
1440390 1361
1440400 1361
1440410 1361
1440420 1360
1440430 1359
1440440 1359
1440450 1358
1440460 1357
1440470 1355
1440480 1355
1440490 1353
1440500 1351
1440510 1351
1440520 1349
1440530 1348
1440540 1348
1440550 1347
1440560 1346
1440570 1346
1440580 1346
1440590 1346
1440600 1346
1440610 1346
1440620 1346
1440630 1344
1440640 1344
1440650 1343
1440660 1342
1440670 1342
1440680 1340
1440690 1339
1440700 1339
1440710 1337
1440720 1336
1440730 1336
1440740 1335
1440750 1333
1440760 1333
1440770 1331
1440780 1329
1440790 1327
1440800 1327
1440810 1326
1440820 1325
1440830 1325
1440840 1323
1440850 1321
1440860 1321
1440870 1318
1440880 1317
1440890 1317
1440900 1316
1440910 1314
1440920 1314
1440930 1310
1440940 1306
1440950 1306
1440960 1303
1440970 1300
1440980 1297
1440990 1297
1441000 1294
1441010 1291
1441020 1291
1441030 1288
1441040 1285
1441050 1285
1441060 1282
1441070 1280
1441080 1280
1441090 1279
1441100 1279
1441110 1279
1441120 1279
1441130 1280
1441140 1280
1441150 1280
1441160 1282
1441170 1283
1441180 1283
1441190 1284
1441200 1283
1441210 1283
1441220 1281
1441230 1281
1441240 1281
1441250 1282
1441260 1283
1441270 1283
1441280 1285
1441290 1285
1441300 1285
1441310 1285
1441320 1285
1441330 1284
1441340 1284
1441350 1283
1441360 1280
1441370 1280
1441380 1277
1441390 1276
1441400 1276
1441410 1275
1441420 1274
1441430 1274
1441440 1274
1441450 1272
1441460 1271
1441470 1271
1441480 1270
1441490 1269
1441500 1269
1441510 1266
1441520 1264
1441530 1264
1441540 1263
1441550 1260
1441560 1260
1441570 1255
1441580 1250
1441590 1250
1441600 1244
1441610 1239
1441620 1239
1441630 1235
1441640 1234
1441650 1235
1441660 1235
1441670 1234
1441680 1233
1441690 1233
1441700 1232
1441710 1232
1441720 1232
1441730 1230
1441740 1227
1441750 1227
1441760 1224
1441770 1220
1441780 1220
1441790 1217
1441800 1216
1441810 1213
1441820 1213
1441830 1209
1441840 1205
1441850 1205
1441860 1199
1441870 1192
1441880 1192
1441890 1186
1441900 1181
1441910 1181
1441920 1177
1441930 1174
1441940 1174
1441950 1169
1441960 1167
1441970 1164
1441980 1164
1441990 1160
1442000 1156
1442010 1156
1442020 1153
1442030 1150
1442040 1150
1442050 1146
1442060 1144
1442070 1144
1442080 1143
1442090 1142
1442100 1142
1442110 1141
1442120 1140
1442130 1140
1442140 1139
1442150 1137
1442160 1134
1442170 1134
1442180 1132
1442190 1131
1442200 1131
1442210 1131
1442220 1132
1442230 1132
1442240 1133
1442250 1132
1442260 1132
1442270 1129
1442280 1125
1442290 1125
1442300 1121
1442310 1116
1442320 1111
1442330 1111
1442340 1106
1442350 1102
1442360 1102
1442370 1098
1442380 1094
1442390 1094
1442400 1092
1442410 1089
1442420 1089
1442430 1086
1442440 1083
1442450 1083
1442460 1080
1442470 1077
1442480 1075
1442490 1075
1442500 1072
1442510 1070
1442520 1070
1442530 1067
1442540 1065
1442550 1065
1442560 1062
1442570 1060
1442580 1060
1442590 1059
1442600 1057
1442610 1057
1442620 1055
1442630 1053
1442640 1050
1442650 1050
1442660 1048
1442670 1047
1442680 1047
1442690 1045
1442700 1042
1442710 1042
1442720 1039
1442730 1036
1442740 1036
1442750 1031
1442760 1027
1442770 1027
1442780 1023
1442790 1017
1442800 1017
1442810 1009
1442820 1004
1442830 1000
1442840 1000
1442850 997
1442860 992
1442870 992
1442880 988
1442890 983
1442900 983
1442910 978
1442920 971
1442930 971
1442940 963
1442950 955
1442960 955
1442970 949
1442980 944
1442990 940
1443000 940
1443010 935
1443020 932
1443030 932
1443040 929
1443050 925
1443060 925
1443070 922
1443080 918
1443090 918
1443100 915
1443110 912
1443120 912
1443130 909
1443140 908
1443150 907
1443160 907
1443170 904
1443180 902
1443190 902
1443200 899
1443210 892
1443220 892
1443230 887
1443240 882
1443250 882
1443260 878
1443270 875
1443280 875
1443290 871
1443300 866
1443310 866
1443320 862
1443330 857
1443340 852
1443350 852
1443360 844
1443370 836
1443380 836
1443390 832
1443400 831
1443410 831
1443420 831
1443430 834
1443440 834
1443450 838
1443460 842
1443470 842
1443480 846
1443490 851
1443500 857
1443510 857
1443520 864
1443530 870
1443540 870
1443550 874
1443560 880
1443570 880
1443580 882
1443590 884
1443600 884
1443610 886
1443620 890
1443630 890
1443640 897
1443650 903
1443660 910
1443670 910
1443680 915
1443690 922
1443700 922
1443710 933
1443720 942
1443730 942
1443740 950
1443750 956
1443760 956
1443770 962
1443780 969
1443790 969
1443800 974
1443810 978
1443820 982
1443830 982
1443840 987
1443850 994
1443860 994
1443870 1003
1443880 1011
1443890 1011
1443900 1017
1443910 1025
1443920 1025
1443930 1031
1443940 1038
1443950 1038
1443960 1043
1443970 1050
1443980 1050
1443990 1057
1444000 1061
1444010 1062
1444020 1062
1444030 1064
1444040 1066
1444050 1066
1444060 1068
1444070 1068
1444080 1068
1444090 1066
1444100 1065
1444110 1065
1444120 1065
1444130 1063
1444140 1063
1444150 1060
1444160 1059
1444170 1059
1444180 1059
1444190 1055
1444200 1052
1444210 1052
1444220 1051
1444230 1050
1444240 1050
1444250 1048
1444260 1045
1444270 1045
1444280 1043
1444290 1039
1444300 1039
1444310 1035
1444320 1032
1444330 1032
1444340 1032
1444350 1033
1444360 1033
1444370 1033
1444380 1031
1444390 1031
1444400 1031
1444410 1031
1444420 1029
1444430 1030
1444440 1027
1444450 1024
1444460 1024
1444470 1020
1444480 1018
1444490 1018
1444500 1017
1444510 1017
1444520 1018
1444530 1018
1444540 1018
1444550 1017
1444560 1017
1444570 1017
1444580 1017
1444590 1017
1444600 1017
1444610 1016
1444620 1016
1444630 1015
1444640 1013
1444650 1013
1444660 1012
1444670 1011
1444680 1010
1444690 1010
1444700 1009
1444710 1009
1444720 1009
1444730 1009
1444740 1009
1444750 1009
1444760 1009
1444770 1009
1444780 1009
1444790 1009
1444800 1008
1444810 1008
1444820 1007
1444830 1006
1444840 1003
1444850 1003
1444860 1001
1444870 1004
1444880 1004
1444890 1005
1444900 1006
1444910 1006
1444920 1011
1444930 1016
1444940 1016
1444950 1018
1444960 1019
1444970 1019
1444980 1019
1444990 1021
1445000 1022
1445010 1022
1445020 1022
1445030 1020
1445040 1020
1445050 1017
1445060 1014
1445070 1014
1445080 1012
1445090 1010
1445100 1010
1445110 1010
1445120 1009
1445130 1009
1445140 1008
1445150 1005
1445160 1005
1445170 1001
1445180 999
1445190 999
1445200 999
1445210 1002
1445220 1005
1445230 1005
1445240 1007
1445250 1009
1445260 1009
1445270 1009
1445280 1008
1445290 1008
1445300 1008
1445310 1008
1445320 1008
1445330 1008
1445340 1007
1445350 1004
1445360 1004
1445370 1002
1445380 1000
1445390 1000
1445400 998
1445410 996
1445420 996
1445430 994
1445440 992
1445450 992
1445460 988
1445470 985
1445480 985
1445490 983
1445500 982
1445510 981
1445520 981
1445530 981
1445540 981
1445550 981
1445560 980
1445570 977
1445580 977
1445590 975
1445600 973
1445610 973
1445620 971
1445630 969
1445640 969
1445650 967
1445660 967
1445670 967
1445680 967
1445690 966
1445700 964
1445710 964
1445720 962
1445730 960
1445740 960
1445750 960
1445760 960
1445770 960
1445780 959
1445790 958
1445800 958
1445810 957
1445820 956
1445830 956
1445840 956
1445850 954
1445860 950
1445870 950
1445880 945
1445890 940
1445900 940
1445910 936
1445920 935
1445930 935
1445940 935
1445950 936
1445960 936
1445970 937
1445980 934
1445990 934
1446000 931
1446010 929
1446020 928
1446030 928
1446040 926
1446050 925
1446060 925
1446070 924
1446080 923
1446090 923
1446100 921
1446110 916
1446120 916
1446130 910
1446140 899
1446150 899
1446160 887
1446170 883
1446180 894
1446190 894
1446200 907
1446210 914
1446220 914
1446230 920
1446240 927
1446250 927
1446260 934
1446270 940
1446280 940
1446290 945
1446300 950
1446310 950
1446320 953
1446330 955
1446340 955
1446350 958
1446360 963
1446370 966
1446380 966
1446390 971
1446400 976
1446410 976
1446420 981
1446430 985
1446440 985
1446450 987
1446460 988
1446470 988
1446480 988
1446490 987
1446500 987
1446510 987
1446520 987
1446530 987
1446540 987
1446550 987
1446560 987
1446570 987
1446580 987
1446590 987
1446600 987
1446610 987
1446620 986
1446630 986
1446640 985
1446650 984
1446660 984
1446670 983
1446680 982
1446690 982
1446700 982
1446710 980
1446720 977
1446730 977
1446740 972
1446750 970
1446760 970
1446770 968
1446780 965
1446790 965
1446800 962
1446810 959
1446820 959
1446830 959
1446840 960
1446850 960
1446860 960
1446870 965
1446880 967
1446890 967
1446900 969
1446910 972
1446920 972
1446930 973
1446940 974
1446950 974
1446960 974
1446970 973
1446980 973
1446990 971
1447000 972
1447010 972
1447020 973
1447030 973
1447040 972
1447050 972
1447060 971
1447070 971
1447080 971
1447090 968
1447100 968
1447110 968
1447120 969
1447130 971
1447140 971
1447150 972
1447160 975
1447170 975
1447180 977
1447190 979
1447200 980
1447210 980
1447220 980
1447230 981
1447240 981
1447250 982
1447260 984
1447270 984
1447280 986
1447290 985
1447300 985
1447310 983
1447320 980
1447330 980
1447340 977
1447350 975
1447360 973
1447370 973
1447380 971
1447390 966
1447400 966
1447410 962
1447420 957
1447430 957
1447440 952
1447450 948
1447460 948
1447470 942
1447480 936
1447490 936
1447500 939
1447510 942
1447520 942
1447530 941
1447540 941
1447550 941
1447560 941
1447570 942
1447580 939
1447590 939
1447600 940
1447610 938
1447620 938
1447630 930
1447640 910
1447650 910
1447660 895
1447670 903
1447680 903
1447690 903
1447700 914
1447710 903
1447720 903
1447730 883
1447740 875
1447750 875
1447760 876
1447770 872
1447780 872
1447790 863
1447800 860
1447810 860
1447820 851
1447830 845
1447840 845
1447850 838
1447860 829
1447870 831
1447880 831
1447890 833
1447900 831
1447910 831
1447920 826
1447930 828
1447940 828
1447950 830
1447960 824
1447970 824
1447980 805
1447990 797
1448000 797
1448010 792
1448020 788
1448030 790
1448040 790
1448050 789
1448060 788
1448070 788
1448080 786
1448090 783
1448100 783
1448110 780
1448120 779
1448130 779
1448140 773
1448150 765
1448160 765
1448170 756
1448180 744
1448190 744
1448200 732
1448210 722
1448220 717
1448230 717
1448240 713
1448250 708
1448260 708
1448270 701
1448280 715
1448290 715
1448300 726
1448310 733
1448320 733
1448330 740
1448340 748
1448350 748
1448360 750
1448370 757
1448380 779
1448390 779
1448400 803
1448410 809
1448420 809
1448430 799
1448440 797
1448450 797
1448460 808
1448470 818
1448480 818
1448490 829
1448500 827
1448510 827
1448520 837
1448530 836
1448540 840
1448550 840
1448560 838
1448570 834
1448580 834
1448590 826
1448600 830
1448610 830
1448620 838
1448630 849
1448640 849
1448650 858
1448660 866
1448670 866
1448680 873
1448690 880
1448700 880
1448710 885
1448720 887
1448730 887
1448740 887
1448750 887
1448760 886
1448770 886
1448780 885
1448790 884
1448800 884
1448810 882
1448820 881
1448830 881
1448840 877
1448850 876
1448860 876
1448870 870
1448880 852
1448890 846
1448900 846
1448910 838
1448920 831
1448930 831
1448940 834
1448950 840
1448960 840
1448970 846
1448980 855
1448990 855
1449000 866
1449010 873
1449020 873
1449030 874
1449040 874
1449050 873
1449060 873
1449070 870
1449080 868
1449090 868
1449100 868
1449110 867
1449120 867
1449130 864
1449140 860
1449150 860
1449160 856
1449170 854
1449180 854
1449190 851
1449200 846
1449210 841
1449220 841
1449230 837
1449240 833
1449250 833
1449260 828
1449270 824
1449280 824
1449290 823
1449300 823
1449310 823
1449320 822
1449330 821
1449340 821
1449350 819
1449360 816
1449370 816
1449380 815
1449390 814
1449400 812
1449410 812
1449420 810
1449430 809
1449440 809
1449450 807
1449460 805
1449470 805
1449480 803
1449490 803
1449500 803
1449510 802
1449520 801
1449530 801
1449540 798
1449550 795
1449560 794
1449570 794
1449580 794
1449590 793
1449600 793
1449610 790
1449620 786
1449630 786
1449640 782
1449650 780
1449660 780
1449670 777
1449680 776
1449690 776
1449700 777
1449710 777
1449720 775
1449730 775
1449740 771
1449750 770
1449760 770
1449770 769
1449780 765
1449790 765
1449800 761
1449810 761
1449820 761
1449830 759
1449840 758
1449850 758
1449860 756
1449870 754
1449880 754
1449890 751
1449900 749
1449910 748
1449920 748
1449930 747
1449940 745
1449950 745
1449960 744
1449970 743
1449980 743
1449990 743
1450000 741
1450010 741
1450020 738
1450030 736
1450040 736
1450050 735
1450060 736
1450070 735
1450080 735
1450090 733
1450100 732
1450110 732
1450120 731
1450130 731
1450140 731
1450150 731
1450160 730
1450170 730
1450180 729
1450190 730
1450200 730
1450210 732
1450220 734
1450230 736
1450240 736
1450250 735
1450260 730
1450270 730
1450280 724
1450290 718
1450300 718
1450310 712
1450320 708
1450330 708
1450340 706
1450350 705
1450360 705
1450370 704
1450380 704
1450390 703
1450400 703
1450410 702
1450420 701
1450430 701
1450440 700
1450450 699
1450460 699
1450470 698
1450480 697
1450490 697
1450500 696
1450510 695
1450520 695
1450530 695
1450540 692
1450550 692
1450560 690
1450570 690
1450580 691
1450590 691
1450600 691
1450610 690
1450620 690
1450630 688
1450640 687
1450650 687
1450660 686
1450670 686
1450680 686
1450690 685
1450700 684
1450710 684
1450720 684
1450730 683
1450740 681
1450750 681
1450760 679
1450770 678
1450780 678
1450790 677
1450800 677
1450810 677
1450820 676
1450830 676
1450840 676
1450850 676
1450860 676
1450870 676
1450880 676
1450890 675
1450900 674
1450910 674
1450920 674
1450930 673
1450940 673
1450950 672
1450960 671
1450970 671
1450980 670
1450990 670
1451000 670
1451010 669
1451020 668
1451030 668
1451040 667
1451050 667
1451060 666
1451070 666
1451080 666
1451090 665
1451100 665
1451110 664
1451120 663
1451130 663
1451140 663
1451150 662
1451160 662
1451170 661
1451180 661
1451190 661
1451200 660
1451210 660
1451220 660
1451230 659
1451240 658
1451250 658
1451260 658
1451270 657
1451280 657
1451290 657
1451300 656
1451310 655
1451320 655
1451330 655
1451340 654
1451350 654
1451360 654
1451370 653
1451380 653
1451390 652
1451400 651
1451410 651
1451420 651
1451430 650
1451440 649
1451450 649
1451460 649
1451470 648
1451480 648
1451490 648
1451500 647
1451510 647
1451520 647
1451530 647
1451540 647
1451550 646
1451560 645
1451570 645
1451580 645
1451590 644
1451600 644
1451610 644
1451620 643
1451630 643
1451640 643
1451650 642
1451660 642
1451670 642
1451680 641
1451690 640
1451700 640
1451710 640
1451720 639
1451730 639
1451740 639
1451750 638
1451760 637
1451770 637
1451780 637
1451790 636
1451800 636
1451810 636
1451820 635
1451830 635
1451840 635
1451850 634
1451860 634
1451870 633
1451880 633
1451890 633
1451900 632
1451910 631
1451920 630
1451930 630
1451940 630
1451950 629
1451960 629
1451970 629
1451980 629
1451990 629
1452000 629
1452010 629
1452020 629
1452030 629
1452040 629
1452050 629
1452060 628
1452070 628
1452080 627
1452090 627
1452100 626
1452110 625
1452120 625
1452130 625
1452140 625
1452150 625
1452160 626
1452170 627
1452180 627
1452190 628
1452200 630
1452210 630
1452220 631
1452230 633
1452240 634
1452250 634
1452260 635
1452270 634
1452280 634
1452290 634
1452300 632
1452310 632
1452320 631
1452330 630
1452340 630
1452350 629
1452360 629
1452370 629
1452380 628
1452390 628
1452400 628
1452410 627
1452420 627
1452430 626
1452440 626
1452450 625
1452460 625
1452470 625
1452480 623
1452490 621
1452500 621
1452510 620
1452520 619
1452530 619
1452540 618
1452550 617
1452560 617
1452570 616
1452580 615
1452590 613
1452600 613
1452610 612
1452620 612
1452630 612
1452640 612
1452650 611
1452660 611
1452670 611
1452680 611
1452690 611
1452700 610
1452710 610
1452720 610
1452730 610
1452740 609
1452750 609
1452760 609
1452770 609
1452780 608
1452790 608
1452800 608
1452810 608
1452820 608
1452830 608
1452840 608
1452850 608
1452860 608
1452870 606
1452880 606
1452890 606
1452900 606
1452910 606
1452920 606
1452930 606
1452940 606
1452950 606
1452960 606
1452970 606
1452980 606
1452990 606
1453000 605
1453010 605
1453020 604
1453030 604
1453040 604
1453050 604
1453060 604
1453070 604
1453080 604
1453090 604
1453100 604
1453110 604
1453120 604
1453130 604
1453140 604
1453150 604
1453160 604
1453170 604
1453180 604
1453190 604
1453200 604
1453210 604
1453220 604
1453230 604
1453240 604
1453250 604
1453260 604
1453270 604
1453280 604
1453290 604
1453300 604
1453310 604
1453320 604
1453330 604
1453340 604
1453350 604
1453360 604
1453370 604
1453380 604
1453390 604
1453400 604
1453410 604
1453420 604
1453430 604
1453440 604
1453450 604
1453460 604
1453470 604
1453480 604
1453490 604
1453500 604
1453510 604
1453520 604
1453530 604
1453540 604
1453550 604
1453560 604
1453570 604
1453580 604
1453590 604
1453600 604
1453610 604
1453620 604
1453630 604
1453640 604
1453650 604
1453660 604
1453670 604
1453680 604
1453690 604
1453700 604
1453710 604
1453720 604
1453730 604
1453740 604
1453750 604
1453760 604
1453770 604
1453780 604
1453790 604
1453800 605
1453810 605
1453820 604
1453830 605
1453840 605
1453850 605
1453860 605
1453870 605
1453880 606
1453890 607
1453900 607
1453910 607
1453920 608
1453930 609
1453940 609
1453950 609
1453960 609
1453970 609
1453980 609
1453990 610
1454000 610
1454010 611
1454020 612
1454030 612
1454040 613
1454050 614
1454060 614
1454070 614
1454080 614
1454090 614
1454100 614
1454110 613
1454120 615
1454130 615
1454140 616
1454150 616
1454160 616
1454170 616
1454180 617
1454190 617
1454200 618
1454210 620
1454220 620
1454230 620
1454240 620
1454250 620
1454260 623
1454270 625
1454280 628
1454290 628
1454300 630
1454310 631
1454320 631
1454330 630
1454340 632
1454350 632
1454360 634
1454370 635
1454380 635
1454390 636
1454400 637
1454410 637
1454420 637
1454430 639
1454440 640
1454450 640
1454460 641
1454470 642
1454480 642
1454490 644
1454500 645
1454510 645
1454520 647
1454530 648
1454540 648
1454550 649
1454560 649
1454570 649
1454580 649
1454590 648
1454600 649
1454610 649
1454620 651
1454630 652
1454640 652
1454650 652
1454660 652
1454670 652
1454680 652
1454690 652
1454700 652
1454710 651
1454720 651
1454730 651
1454740 651
1454750 652
1454760 652
1454770 653
1454780 653
1454790 655
1454800 655
1454810 657
1454820 657
1454830 657
1454840 657
1454850 657
1454860 657
1454870 658
1454880 658
1454890 658
1454900 660
1454910 661
1454920 661
1454930 663
1454940 663
1454950 663
1454960 663
1454970 664
1454980 665
1454990 665
1455000 664
1455010 663
1455020 663
1455030 662
1455040 662
1455050 662
1455060 661
1455070 661
1455080 661
1455090 661
1455100 660
1455110 656
1455120 656
1455130 652
1455140 650
1455150 650
1455160 648
1455170 646
1455180 646
1455190 648
1455200 647
1455210 647
1455220 646
1455230 645
1455240 645
1455250 645
1455260 644
1455270 642
1455280 642
1455290 641
1455300 642
1455310 642
1455320 641
1455330 638
1455340 638
1455350 636
1455360 634
1455370 634
1455380 633
1455390 632
1455400 632
1455410 631
1455420 630
1455430 630
1455440 629
1455450 628
1455460 627
1455470 627
1455480 627
1455490 626
1455500 626
1455510 627
1455520 628
1455530 628
1455540 628
1455550 626
1455560 626
1455570 625
1455580 623
1455590 623
1455600 622
1455610 620
1455620 620
1455630 620
1455640 620
1455650 619
1455660 619
1455670 619
1455680 618
1455690 618
1455700 617
1455710 616
1455720 616
1455730 615
1455740 614
1455750 614
1455760 612
1455770 611
1455780 609
1455790 609
1455800 607
1455810 607
1455820 607
1455830 606
1455840 605
1455850 605
1455860 605
1455870 605
1455880 605
1455890 604
1455900 604
1455910 604
1455920 604
1455930 604
1455940 604
1455950 604
1455960 604
1455970 603
1455980 603
1455990 603
1456000 603
1456010 603
1456020 603
1456030 603
1456040 603
1456050 603
1456060 603
1456070 603
1456080 604
1456090 604
1456100 604
1456110 604
1456120 602
1456130 602
1456140 602
1456150 602
1456160 602
1456170 602
1456180 602
1456190 602
1456200 602
1456210 602
1456220 602
1456230 602
1456240 602
1456250 602
1456260 602
1456270 602
1456280 602
1456290 602
1456300 602
1456310 601
1456320 601
1456330 601
1456340 601
1456350 601
1456360 601
1456370 601
1456380 601
1456390 601
1456400 601
1456410 601
1456420 601
1456430 601
1456440 601
1456450 601
1456460 601
1456470 601
1456480 601
1456490 601
1456500 601
1456510 601
1456520 601
1456530 601
1456540 601
1456550 601
1456560 601
1456570 601
1456580 601
1456590 601
1456600 601
1456610 601
1456620 602
1456630 604
1456640 605
1456650 605
1456660 606
1456670 607
1456680 607
1456690 608
1456700 609
1456710 609
1456720 609
1456730 610
1456740 610
1456750 611
1456760 611
1456770 611
1456780 612
1456790 611
1456800 611
1456810 611
1456820 613
1456830 614
1456840 614
1456850 615
1456860 614
1456870 614
1456880 614
1456890 616
1456900 616
1456910 619
1456920 619
1456930 619
1456940 620
1456950 621
1456960 621
1456970 621
1456980 622
1456990 622
1457000 622
1457010 622
1457020 621
1457030 621
1457040 620
1457050 620
1457060 620
1457070 621
1457080 623
1457090 623
1457100 624
1457110 627
1457120 629
1457130 629
1457140 630
1457150 632
1457160 632
1457170 630
1457180 628
1457190 628
1457200 627
1457210 629
1457220 629
1457230 629
1457240 633
1457250 633
1457260 641
1457270 648
1457280 648
1457290 650
1457300 651
1457310 650
1457320 650
1457330 652
1457340 653
1457350 653
1457360 656
1457370 661
1457380 661
1457390 664
1457400 665
1457410 665
1457420 664
1457430 664
1457440 664
1457450 665
1457460 664
1457470 663
1457480 663
1457490 662
1457500 661
1457510 661
1457520 660
1457530 659
1457540 659
1457550 660
1457560 661
1457570 661
1457580 661
1457590 660
1457600 660
1457610 659
1457620 658
1457630 655
1457640 655
1457650 651
1457660 650
1457670 650
1457680 648
1457690 647
1457700 647
1457710 645
1457720 644
1457730 644
1457740 642
1457750 641
1457760 641
1457770 640
1457780 639
1457790 639
1457800 638
1457810 636
1457820 634
1457830 634
1457840 632
1457850 631
1457860 631
1457870 629
1457880 623
1457890 623
1457900 623
1457910 626
1457920 626
1457930 626
1457940 624
1457950 624
1457960 627
1457970 627
1457980 630
1457990 630
1458000 632
1458010 630
1458020 630
1458030 630
1458040 627
1458050 627
1458060 628
1458070 628
1458080 628
1458090 628
1458100 629
1458110 629
1458120 630
1458130 631
1458140 632
1458150 632
1458160 633
1458170 633
1458180 633
1458190 632
1458200 633
1458210 633
1458220 634
1458230 637
1458240 637
1458250 639
1458260 640
1458270 640
1458280 641
1458290 643
1458300 646
1458310 646
1458320 649
1458330 651
1458340 651
1458350 652
1458360 651
1458370 651
1458380 650
1458390 650
1458400 650
1458410 650
1458420 650
1458430 650
1458440 651
1458450 652
1458460 652
1458470 653
1458480 655
1458490 654
1458500 654
1458510 653
1458520 652
1458530 652
1458540 652
1458550 652
1458560 652
1458570 651
1458580 651
1458590 651
1458600 649
1458610 647
1458620 647
1458630 647
1458640 647
1458650 649
1458660 649
1458670 649
1458680 649
1458690 649
1458700 646
1458710 643
1458720 643
1458730 642
1458740 645
1458750 645
1458760 645
1458770 645
1458780 645
1458790 647
1458800 648
1458810 648
1458820 648
1458830 648
1458840 648
1458850 648
1458860 650
1458870 653
1458880 653
1458890 654
1458900 655
1458910 655
1458920 654
1458930 655
1458940 655
1458950 657
1458960 657
1458970 657
1458980 657
1458990 656
1459000 657
1459010 657
1459020 657
1459030 655
1459040 655
1459050 654
1459060 655
1459070 655
1459080 651
1459090 642
1459100 642
1459110 634
1459120 631
1459130 631
1459140 630
1459150 633
1459160 635
1459170 635
1459180 636
1459190 637
1459200 637
1459210 641
1459220 648
1459230 648
1459240 650
1459250 649
1459260 649
1459270 648
1459280 647
1459290 647
1459300 647
1459310 648
1459320 649
1459330 649
1459340 648
1459350 647
1459360 647
1459370 647
1459380 648
1459390 648
1459400 649
1459410 650
1459420 650
1459430 650
1459440 649
1459450 649
1459460 648
1459470 648
1459480 646
1459490 646
1459500 646
1459510 647
1459520 647
1459530 649
1459540 650
1459550 650
1459560 650
1459570 650
1459580 650
1459590 651
1459600 652
1459610 652
1459620 655
1459630 655
1459640 655
1459650 657
1459660 656
1459670 657
1459680 657
1459690 658
1459700 660
1459710 660
1459720 660
1459730 662
1459740 662
1459750 664
1459760 667
1459770 667
1459780 669
1459790 670
1459800 670
1459810 672
1459820 674
1459830 677
1459840 677
1459850 679
1459860 682
1459870 682
1459880 686
1459890 689
1459900 689
1459910 691
1459920 693
1459930 693
1459940 696
1459950 697
1459960 697
1459970 707
1459980 709
1459990 711
