1440000 1185
1440010 1185
1440020 1183
1440030 1181
1440040 1181
1440050 1181
1440060 1180
1440070 1180
1440080 1180
1440090 1178
1440100 1178
1440110 1177
1440120 1177
1440130 1177
1440140 1176
1440150 1176
1440160 1175
1440170 1175
1440180 1174
1440190 1174
1440200 1174
1440210 1173
1440220 1171
1440230 1171
1440240 1169
1440250 1168
1440260 1168
1440270 1165
1440280 1161
1440290 1161
1440300 1158
1440310 1155
1440320 1155
1440330 1148
1440340 1143
1440350 1141
1440360 1141
1440370 1143
1440380 1143
1440390 1143
1440400 1142
1440410 1140
1440420 1140
1440430 1137
1440440 1134
1440450 1134
1440460 1131
1440470 1127
1440480 1127
1440490 1122
1440500 1119
1440510 1117
1440520 1117
1440530 1116
1440540 1115
1440550 1115
1440560 1113
1440570 1112
1440580 1112
1440590 1111
1440600 1110
1440610 1110
1440620 1108
1440630 1107
1440640 1107
1440650 1106
1440660 1105
1440670 1104
1440680 1104
1440690 1104
1440700 1103
1440710 1103
1440720 1102
1440730 1102
1440740 1102
1440750 1101
1440760 1100
1440770 1100
1440780 1100
1440790 1099
1440800 1099
1440810 1099
1440820 1098
1440830 1098
1440840 1098
1440850 1098
1440860 1097
1440870 1097
1440880 1097
1440890 1097
1440900 1097
1440910 1096
1440920 1096
1440930 1096
1440940 1096
1440950 1095
1440960 1095
1440970 1094
1440980 1094
1440990 1094
1441000 1094
1441010 1093
1441020 1093
1441030 1093
1441040 1093
1441050 1092
1441060 1092
1441070 1092
1441080 1092
1441090 1092
1441100 1092
1441110 1092
1441120 1092
1441130 1091
1441140 1091
1441150 1091
1441160 1091
1441170 1091
1441180 1092
1441190 1092
1441200 1092
1441210 1093
1441220 1093
1441230 1093
1441240 1094
1441250 1094
1441260 1095
1441270 1096
1441280 1096
1441290 1096
1441300 1096
1441310 1096
1441320 1098
1441330 1099
1441340 1100
1441350 1100
1441360 1103
1441370 1104
1441380 1104
1441390 1104
1441400 1105
1441410 1105
1441420 1106
1441430 1107
1441440 1107
1441450 1106
1441460 1106
1441470 1106
1441480 1106
1441490 1108
1441500 1108
1441510 1109
1441520 1111
1441530 1114
1441540 1114
1441550 1114
1441560 1115
1441570 1115
1441580 1117
1441590 1117
1441600 1117
1441610 1117
1441620 1115
1441630 1115
1441640 1114
1441650 1114
1441660 1114
1441670 1114
1441680 1114
1441690 1113
1441700 1113
1441710 1116
1441720 1117
1441730 1117
1441740 1118
1441750 1117
1441760 1117
1441770 1112
1441780 1108
1441790 1108
1441800 1105
1441810 1104
1441820 1104
1441830 1103
1441840 1101
1441850 1098
1441860 1098
1441870 1096
1441880 1091
1441890 1091
1441900 1087
1441910 1086
1441920 1086
1441930 1087
1441940 1086
1441950 1086
1441960 1085
1441970 1080
1441980 1080
1441990 1074
1442000 1074
1442010 1074
1442020 1076
1442030 1077
1442040 1080
1442050 1080
1442060 1082
1442070 1079
1442080 1079
1442090 1074
1442100 1071
1442110 1071
1442120 1068
1442130 1066
1442140 1066
1442150 1063
1442160 1059
1442170 1059
1442180 1055
1442190 1052
1442200 1050
1442210 1050
1442220 1049
1442230 1049
1442240 1049
1442250 1049
1442260 1051
1442270 1051
1442280 1052
1442290 1050
1442300 1050
1442310 1047
1442320 1042
1442330 1042
1442340 1036
1442350 1028
1442360 1020
1442370 1020
1442380 1013
1442390 1006
1442400 1006
1442410 1000
1442420 994
1442430 994
1442440 988
1442450 984
1442460 984
1442470 981
1442480 978
1442490 978
1442500 975
1442510 973
1442520 970
1442530 970
1442540 969
1442550 967
1442560 967
1442570 964
1442580 961
1442590 961
1442600 959
1442610 956
1442620 956
1442630 953
1442640 951
1442650 951
1442660 950
1442670 949
1442680 949
1442690 945
1442700 941
1442710 938
1442720 938
1442730 935
1442740 932
1442750 932
1442760 930
1442770 927
1442780 927
1442790 923
1442800 919
1442810 919
1442820 915
1442830 911
1442840 911
1442850 909
1442860 907
1442870 905
1442880 905
1442890 904
1442900 902
1442910 902
1442920 901
1442930 902
1442940 902
1442950 901
1442960 900
1442970 900
1442980 897
1442990 895
1443000 895
1443010 893
1443020 891
1443030 887
1443040 887
1443050 884
1443060 880
1443070 880
1443080 878
1443090 876
1443100 876
1443110 874
1443120 873
1443130 873
1443140 872
1443150 870
1443160 870
1443170 864
1443180 855
1443190 855
1443200 846
1443210 836
1443220 826
1443230 826
1443240 814
1443250 806
1443260 806
1443270 805
1443280 803
1443290 803
1443300 795
1443310 788
1443320 788
1443330 779
1443340 772
1443350 772
1443360 768
1443370 766
1443380 760
1443390 760
1443400 751
1443410 741
1443420 741
1443430 732
1443440 728
1443450 728
1443460 725
1443470 721
1443480 721
1443490 716
1443500 712
1443510 712
1443520 708
1443530 707
1443540 714
1443550 714
1443560 721
1443570 732
1443580 732
1443590 757
1443600 792
1443610 792
1443620 822
1443630 839
1443640 839
1443650 846
1443660 850
1443670 850
1443680 859
1443690 866
1443700 866
1443710 874
1443720 881
1443730 890
1443740 890
1443750 900
1443760 908
1443770 908
1443780 913
1443790 920
1443800 920
1443810 926
1443820 932
1443830 932
1443840 938
1443850 945
1443860 945
1443870 951
1443880 957
1443890 962
1443900 962
1443910 966
1443920 969
1443930 969
1443940 972
1443950 977
1443960 977
1443970 981
1443980 987
1443990 987
1444000 991
1444010 994
1444020 994
1444030 996
1444040 997
1444050 997
1444060 997
1444070 998
1444080 998
1444090 998
1444100 996
1444110 995
1444120 995
1444130 995
1444140 992
1444150 992
1444160 988
1444170 985
1444180 985
1444190 982
1444200 981
1444210 980
1444220 980
1444230 980
1444240 980
1444250 980
1444260 980
1444270 980
1444280 980
1444290 979
1444300 976
1444310 976
1444320 974
1444330 974
1444340 974
1444350 974
1444360 974
1444370 974
1444380 973
1444390 973
1444400 972
1444410 972
1444420 970
1444430 965
1444440 965
1444450 960
1444460 956
1444470 956
1444480 953
1444490 950
1444500 950
1444510 948
1444520 946
1444530 946
1444540 944
1444550 941
1444560 938
1444570 938
1444580 936
1444590 934
1444600 934
1444610 933
1444620 932
1444630 932
1444640 931
1444650 931
1444660 931
1444670 931
1444680 931
1444690 931
1444700 930
1444710 929
1444720 927
1444730 927
1444740 927
1444750 927
1444760 927
1444770 927
1444780 927
1444790 927
1444800 927
1444810 927
1444820 927
1444830 927
1444840 926
1444850 926
1444860 925
1444870 924
1444880 924
1444890 923
1444900 923
1444910 922
1444920 922
1444930 921
1444940 920
1444950 920
1444960 919
1444970 920
1444980 920
1444990 921
1445000 922
1445010 922
1445020 924
1445030 926
1445040 926
1445050 928
1445060 931
1445070 933
1445080 933
1445090 935
1445100 935
1445110 935
1445120 934
1445130 932
1445140 932
1445150 931
1445160 929
1445170 929
1445180 928
1445190 923
1445200 923
1445210 917
1445220 911
1445230 907
1445240 907
1445250 904
1445260 901
1445270 901
1445280 898
1445290 897
1445300 897
1445310 896
1445320 894
1445330 894
1445340 894
1445350 894
1445360 894
1445370 894
1445380 892
1445390 890
1445400 890
1445410 888
1445420 885
1445430 885
1445440 883
1445450 880
1445460 880
1445470 877
1445480 874
1445490 874
1445500 870
1445510 863
1445520 863
1445530 855
1445540 843
1445550 843
1445560 831
1445570 822
1445580 809
1445590 809
1445600 799
1445610 780
1445620 780
1445630 763
1445640 754
1445650 754
1445660 746
1445670 753
1445680 753
1445690 764
1445700 774
1445710 774
1445720 783
1445730 787
1445740 789
1445750 789
1445760 789
1445770 791
1445780 791
1445790 794
1445800 799
1445810 799
1445820 804
1445830 810
1445840 810
1445850 818
1445860 827
1445870 827
1445880 837
1445890 846
1445900 855
1445910 855
1445920 864
1445930 868
1445940 868
1445950 871
1445960 873
1445970 873
1445980 874
1445990 875
1446000 875
1446010 874
1446020 873
1446030 873
1446040 875
1446050 877
1446060 877
1446070 876
1446080 873
1446090 866
1446100 866
1446110 862
1446120 858
1446130 858
1446140 854
1446150 851
1446160 851
1446170 850
1446180 851
1446190 851
1446200 852
1446210 852
1446220 852
1446230 853
1446240 853
1446250 854
1446260 854
1446270 856
1446280 855
1446290 855
1446300 854
1446310 855
1446320 855
1446330 856
1446340 856
1446350 856
1446360 857
1446370 857
1446380 857
1446390 856
1446400 857
1446410 858
1446420 858
1446430 861
1446440 863
1446450 863
1446460 862
1446470 860
1446480 860
1446490 857
1446500 854
1446510 854
1446520 852
1446530 850
1446540 850
1446550 846
1446560 841
1446570 841
1446580 837
1446590 834
1446600 831
1446610 831
1446620 828
1446630 825
1446640 825
1446650 824
1446660 824
1446670 824
1446680 823
1446690 821
1446700 821
1446710 818
1446720 815
1446730 815
1446740 812
1446750 809
1446760 808
1446770 808
1446780 806
1446790 805
1446800 805
1446810 804
1446820 802
1446830 802
1446840 799
1446850 794
1446860 794
1446870 789
1446880 785
1446890 785
1446900 784
1446910 784
1446920 785
1446930 785
1446940 786
1446950 787
1446960 787
1446970 788
1446980 788
1446990 788
1447000 788
1447010 789
1447020 789
1447030 789
1447040 787
1447050 787
1447060 785
1447070 781
1447080 777
1447090 777
1447100 772
1447110 766
1447120 766
1447130 761
1447140 758
1447150 758
1447160 755
1447170 752
1447180 752
1447190 749
1447200 746
1447210 746
1447220 744
1447230 743
1447240 743
1447250 740
1447260 738
1447270 735
1447280 735
1447290 732
1447300 729
1447310 729
1447320 724
1447330 717
1447340 717
1447350 713
1447360 716
1447370 716
1447380 717
1447390 718
1447400 718
1447410 719
1447420 721
1447430 721
1447440 721
1447450 720
1447460 719
1447470 719
1447480 717
1447490 714
1447500 714
1447510 711
1447520 709
1447530 709
1447540 708
1447550 707
1447560 707
1447570 706
1447580 704
1447590 701
1447600 701
1447610 699
1447620 698
1447630 698
1447640 695
1447650 693
1447660 693
1447670 691
1447680 688
1447690 688
1447700 686
1447710 685
1447720 685
1447730 683
1447740 680
1447750 680
1447760 677
1447770 674
1447780 671
1447790 671
1447800 669
1447810 667
1447820 667
1447830 665
1447840 665
1447850 665
1447860 665
1447870 663
1447880 663
1447890 663
1447900 663
1447910 663
1447920 663
1447930 663
1447940 663
1447950 663
1447960 663
1447970 663
1447980 663
1447990 663
1448000 663
1448010 663
1448020 663
1448030 662
1448040 662
1448050 661
1448060 660
1448070 660
1448080 658
1448090 655
1448100 648
1448110 648
1448120 644
1448130 645
1448140 645
1448150 643
1448160 643
1448170 643
1448180 644
1448190 641
1448200 641
1448210 639
1448220 639
1448230 639
1448240 640
1448250 642
1448260 642
1448270 642
1448280 639
1448290 639
1448300 639
1448310 639
1448320 638
1448330 638
1448340 638
1448350 638
1448360 638
1448370 637
1448380 635
1448390 635
1448400 636
1448410 640
1448420 640
1448430 640
1448440 639
1448450 639
1448460 639
1448470 638
1448480 638
1448490 638
1448500 637
1448510 637
1448520 637
1448530 636
1448540 635
1448550 635
1448560 635
1448570 635
1448580 635
1448590 634
1448600 633
1448610 632
1448620 632
1448630 631
1448640 630
1448650 630
1448660 629
1448670 629
1448680 629
1448690 628
1448700 628
1448710 628
1448720 629
1448730 628
1448740 628
1448750 628
1448760 628
1448770 628
1448780 628
1448790 627
1448800 627
1448810 627
1448820 627
1448830 626
1448840 626
1448850 626
1448860 625
1448870 625
1448880 625
1448890 625
1448900 625
1448910 625
1448920 626
1448930 626
1448940 627
1448950 628
1448960 630
1448970 630
1448980 631
1448990 633
1449000 633
1449010 633
1449020 633
1449030 633
1449040 627
1449050 624
1449060 624
1449070 623
1449080 625
1449090 625
1449100 630
1449110 630
1449120 629
1449130 629
1449140 628
1449150 627
1449160 627
1449170 625
1449180 624
1449190 624
1449200 622
1449210 621
1449220 621
1449230 619
1449240 619
1449250 619
1449260 619
1449270 619
1449280 618
1449290 618
1449300 617
1449310 615
1449320 615
1449330 613
1449340 611
1449350 611
1449360 611
1449370 610
1449380 610
1449390 610
1449400 610
1449410 610
1449420 610
1449430 610
1449440 610
1449450 610
1449460 610
1449470 610
1449480 610
1449490 610
1449500 610
1449510 610
1449520 610
1449530 610
1449540 610
1449550 610
1449560 610
1449570 610
1449580 610
1449590 610
1449600 610
1449610 610
1449620 610
1449630 610
1449640 610
1449650 610
1449660 610
1449670 610
1449680 610
1449690 610
1449700 610
1449710 610
1449720 610
1449730 610
1449740 610
1449750 610
1449760 610
1449770 610
1449780 610
1449790 610
1449800 610
1449810 609
1449820 609
1449830 609
1449840 609
1449850 609
1449860 609
1449870 610
1449880 610
1449890 610
1449900 610
1449910 610
1449920 610
1449930 610
1449940 610
1449950 610
1449960 610
1449970 610
1449980 610
1449990 610
1450000 610
1450010 610
1450020 610
1450030 610
1450040 610
1450050 610
1450060 610
1450070 609
1450080 609
1450090 609
1450100 610
1450110 610
1450120 610
1450130 610
1450140 610
1450150 610
1450160 610
1450170 609
1450180 609
1450190 607
1450200 606
1450210 606
1450220 606
1450230 606
1450240 606
1450250 606
1450260 606
1450270 606
1450280 606
1450290 607
1450300 607
1450310 607
1450320 608
1450330 608
1450340 608
1450350 608
1450360 609
1450370 609
1450380 609
1450390 609
1450400 609
1450410 609
1450420 609
1450430 609
1450440 609
1450450 608
1450460 608
1450470 608
1450480 607
1450490 607
1450500 607
1450510 607
1450520 607
1450530 607
1450540 607
1450550 606
1450560 606
1450570 606
1450580 606
1450590 606
1450600 606
1450610 606
1450620 606
1450630 606
1450640 606
1450650 606
1450660 606
1450670 606
1450680 606
1450690 606
1450700 606
1450710 606
1450720 606
1450730 606
1450740 606
1450750 606
1450760 606
1450770 606
1450780 606
1450790 606
1450800 606
1450810 606
1450820 606
1450830 606
1450840 606
1450850 606
1450860 606
1450870 606
1450880 606
1450890 607
1450900 607
1450910 607
1450920 609
1450930 612
1450940 612
1450950 612
1450960 613
1450970 616
1450980 616
1450990 618
1451000 623
1451010 623
1451020 628
1451030 628
1451040 628
1451050 630
1451060 631
1451070 631
1451080 633
1451090 634
1451100 634
1451110 638
1451120 638
1451130 638
1451140 636
1451150 636
1451160 638
1451170 638
1451180 642
1451190 647
1451200 647
1451210 654
1451220 660
1451230 660
1451240 666
1451250 674
1451260 674
1451270 681
1451280 687
1451290 687
1451300 689
1451310 690
1451320 691
1451330 691
1451340 691
1451350 691
1451360 691
1451370 691
1451380 691
1451390 691
1451400 690
1451410 690
1451420 690
1451430 689
1451440 685
1451450 685
1451460 682
1451470 677
1451480 673
1451490 673
1451500 671
1451510 667
1451520 667
1451530 665
1451540 662
1451550 662
1451560 659
1451570 655
1451580 655
1451590 651
1451600 648
1451610 648
1451620 647
1451630 646
1451640 645
1451650 645
1451660 644
1451670 644
1451680 644
1451690 643
1451700 643
1451710 643
1451720 641
1451730 639
1451740 639
1451750 640
1451760 640
1451770 640
1451780 640
1451790 639
1451800 639
1451810 639
1451820 639
1451830 638
1451840 638
1451850 635
1451860 632
1451870 632
1451880 629
1451890 626
1451900 626
1451910 622
1451920 618
1451930 618
1451940 614
1451950 611
1451960 611
1451970 610
1451980 609
1451990 608
1452000 608
1452010 609
1452020 611
1452030 611
1452040 612
1452050 611
1452060 611
1452070 612
1452080 611
1452090 611
1452100 609
1452110 607
1452120 607
1452130 606
1452140 606
1452150 606
1452160 606
1452170 606
1452180 606
1452190 606
1452200 606
1452210 606
1452220 606
1452230 606
1452240 606
1452250 606
1452260 606
1452270 606
1452280 606
1452290 606
1452300 606
1452310 606
1452320 606
1452330 606
1452340 606
1452350 606
1452360 606
1452370 606
1452380 606
1452390 606
1452400 606
1452410 606
1452420 606
1452430 606
1452440 606
1452450 606
1452460 606
1452470 606
1452480 606
1452490 606
1452500 606
1452510 606
1452520 606
1452530 606
1452540 606
1452550 606
1452560 606
1452570 606
1452580 607
1452590 607
1452600 607
1452610 606
1452620 605
1452630 605
1452640 603
1452650 603
1452660 603
1452670 603
1452680 603
1452690 603
1452700 603
1452710 604
1452720 606
1452730 606
1452740 606
1452750 606
1452760 606
1452770 606
1452780 606
1452790 606
1452800 606
1452810 606
1452820 605
1452830 605
1452840 605
1452850 605
1452860 605
1452870 605
1452880 605
1452890 605
1452900 605
1452910 605
1452920 605
1452930 605
1452940 605
1452950 605
1452960 605
1452970 605
1452980 605
1452990 605
1453000 605
1453010 605
1453020 605
1453030 605
1453040 605
1453050 605
1453060 605
1453070 605
1453080 605
1453090 605
1453100 605
1453110 605
1453120 605
1453130 605
1453140 605
1453150 604
1453160 604
1453170 604
1453180 604
1453190 604
1453200 604
1453210 604
1453220 604
1453230 604
1453240 604
1453250 604
1453260 604
1453270 604
1453280 604
1453290 604
1453300 604
1453310 604
1453320 604
1453330 604
1453340 604
1453350 604
1453360 604
1453370 604
1453380 604
1453390 604
1453400 604
1453410 604
1453420 604
1453430 604
1453440 604
1453450 604
1453460 604
1453470 604
1453480 604
1453490 604
1453500 604
1453510 604
1453520 604
1453530 604
1453540 604
1453550 604
1453560 604
1453570 604
1453580 604
1453590 604
1453600 604
1453610 604
1453620 604
1453630 604
1453640 604
1453650 604
1453660 604
1453670 604
1453680 604
1453690 604
1453700 604
1453710 604
1453720 604
1453730 604
1453740 604
1453750 604
1453760 604
1453770 604
1453780 604
1453790 604
1453800 604
1453810 604
1453820 604
1453830 604
1453840 604
1453850 604
1453860 604
1453870 603
1453880 603
1453890 603
1453900 603
1453910 603
1453920 603
1453930 603
1453940 603
1453950 603
1453960 603
1453970 603
1453980 603
1453990 603
1454000 603
1454010 603
1454020 603
1454030 603
1454040 603
1454050 603
1454060 603
1454070 603
1454080 603
1454090 603
1454100 603
1454110 603
1454120 603
1454130 603
1454140 603
1454150 603
1454160 603
1454170 603
1454180 603
1454190 603
1454200 603
1454210 603
1454220 603
1454230 603
1454240 603
1454250 603
1454260 603
1454270 603
1454280 603
1454290 603
1454300 603
1454310 603
1454320 603
1454330 603
1454340 603
1454350 603
1454360 603
1454370 603
1454380 603
1454390 603
1454400 603
1454410 603
1454420 603
1454430 603
1454440 603
1454450 603
1454460 603
1454470 603
1454480 603
1454490 603
1454500 603
1454510 603
1454520 603
1454530 602
1454540 602
1454550 602
1454560 602
1454570 602
1454580 602
1454590 603
1454600 603
1454610 603
1454620 603
1454630 603
1454640 603
1454650 603
1454660 603
1454670 603
1454680 603
1454690 603
1454700 603
1454710 603
1454720 603
1454730 603
1454740 603
1454750 603
1454760 603
1454770 603
1454780 603
1454790 603
1454800 603
1454810 603
1454820 603
1454830 603
1454840 603
1454850 603
1454860 603
1454870 603
1454880 603
1454890 603
1454900 603
1454910 603
1454920 603
1454930 603
1454940 603
1454950 603
1454960 603
1454970 602
1454980 602
1454990 602
1455000 602
1455010 602
1455020 602
1455030 602
1455040 602
1455050 602
1455060 602
1455070 602
1455080 603
1455090 603
1455100 603
1455110 603
1455120 603
1455130 603
1455140 603
1455150 603
1455160 603
1455170 603
1455180 603
1455190 603
1455200 603
1455210 603
1455220 603
1455230 603
1455240 603
1455250 603
1455260 602
1455270 603
1455280 603
1455290 603
1455300 603
1455310 603
1455320 603
1455330 602
1455340 602
1455350 602
1455360 601
1455370 601
1455380 601
1455390 602
1455400 603
1455410 603
1455420 602
1455430 602
1455440 602
1455450 601
1455460 601
1455470 601
1455480 602
1455490 602
1455500 602
1455510 602
1455520 602
1455530 601
1455540 601
1455550 602
1455560 603
1455570 603
1455580 603
1455590 603
1455600 603
1455610 603
1455620 603
1455630 603
1455640 603
1455650 603
1455660 603
1455670 603
1455680 602
1455690 602
1455700 602
1455710 602
1455720 602
1455730 602
1455740 602
1455750 602
1455760 602
1455770 602
1455780 602
1455790 602
1455800 602
1455810 602
1455820 602
1455830 602
1455840 602
1455850 602
1455860 602
1455870 602
1455880 602
1455890 602
1455900 602
1455910 603
1455920 603
1455930 604
1455940 604
1455950 604
1455960 604
1455970 602
1455980 602
1455990 602
1456000 602
1456010 602
1456020 602
1456030 603
1456040 603
1456050 603
1456060 604
1456070 603
1456080 603
1456090 603
1456100 602
1456110 602
1456120 602
1456130 602
1456140 602
1456150 602
1456160 602
1456170 602
1456180 602
1456190 602
1456200 603
1456210 603
1456220 602
1456230 602
1456240 602
1456250 602
1456260 603
1456270 603
1456280 603
1456290 603
1456300 603
1456310 603
1456320 603
1456330 603
1456340 603
1456350 603
1456360 603
1456370 603
1456380 603
1456390 604
1456400 604
1456410 604
1456420 604
1456430 604
1456440 604
1456450 604
1456460 604
1456470 604
1456480 605
1456490 605
1456500 605
1456510 606
1456520 606
1456530 605
1456540 603
1456550 604
1456560 604
1456570 605
1456580 605
1456590 605
1456600 605
1456610 605
1456620 605
1456630 604
1456640 604
1456650 604
1456660 604
1456670 604
1456680 604
1456690 604
1456700 604
1456710 603
1456720 603
1456730 603
1456740 603
1456750 603
1456760 603
1456770 603
1456780 603
1456790 603
1456800 603
1456810 603
1456820 603
1456830 603
1456840 603
1456850 603
1456860 603
1456870 603
1456880 603
1456890 603
1456900 603
1456910 603
1456920 602
1456930 602
1456940 602
1456950 602
1456960 602
1456970 602
1456980 602
1456990 602
1457000 602
1457010 602
1457020 602
1457030 602
1457040 602
1457050 602
1457060 602
1457070 602
1457080 602
1457090 602
1457100 602
1457110 602
1457120 602
1457130 602
1457140 602
1457150 602
1457160 602
1457170 601
1457180 601
1457190 601
1457200 601
1457210 601
1457220 601
1457230 601
1457240 601
1457250 601
1457260 601
1457270 601
1457280 601
1457290 601
1457300 601
1457310 601
1457320 601
1457330 601
1457340 601
1457350 601
1457360 600
1457370 600
1457380 600
1457390 600
1457400 600
1457410 600
1457420 600
1457430 600
1457440 600
1457450 600
1457460 600
1457470 600
1457480 600
1457490 600
1457500 600
1457510 600
1457520 600
1457530 600
1457540 600
1457550 600
1457560 599
1457570 599
1457580 599
1457590 599
1457600 599
1457610 599
1457620 599
1457630 599
1457640 599
1457650 599
1457660 599
1457670 599
1457680 599
1457690 599
1457700 599
1457710 599
1457720 599
1457730 600
1457740 600
1457750 601
1457760 601
1457770 601
1457780 600
1457790 599
1457800 599
1457810 599
1457820 599
1457830 599
1457840 599
1457850 599
1457860 599
1457870 599
1457880 599
1457890 599
1457900 599
1457910 599
1457920 599
1457930 599
1457940 599
1457950 599
1457960 599
1457970 599
1457980 599
1457990 599
1458000 599
1458010 599
1458020 599
1458030 599
1458040 599
1458050 599
1458060 599
1458070 599
1458080 599
1458090 599
1458100 600
1458110 599
1458120 599
1458130 599
1458140 600
1458150 600
1458160 600
1458170 600
1458180 600
1458190 600
1458200 600
1458210 600
1458220 600
1458230 600
1458240 600
1458250 600
1458260 600
1458270 600
1458280 600
1458290 598
1458300 597
1458310 597
1458320 597
1458330 597
1458340 597
1458350 597
1458360 597
1458370 597
1458380 597
1458390 596
1458400 596
1458410 596
1458420 597
1458430 599
1458440 599
1458450 599
1458460 599
1458470 599
1458480 599
1458490 598
1458500 598
1458510 599
1458520 599
1458530 599
1458540 599
1458550 600
1458560 600
1458570 600
1458580 601
1458590 601
1458600 601
1458610 601
1458620 601
1458630 601
1458640 602
1458650 602
1458660 602
1458670 602
1458680 603
1458690 603
1458700 603
1458710 603
1458720 603
1458730 604
1458740 603
1458750 604
1458760 604
1458770 604
1458780 605
1458790 605
1458800 605
1458810 605
1458820 605
1458830 606
1458840 606
1458850 606
1458860 606
1458870 606
1458880 606
1458890 606
1458900 606
1458910 606
1458920 606
1458930 606
1458940 606
1458950 606
1458960 606
1458970 606
1458980 606
1458990 606
1459000 606
1459010 606
1459020 606
1459030 607
1459040 607
1459050 607
1459060 607
1459070 607
1459080 607
1459090 606
1459100 606
1459110 606
1459120 606
1459130 606
1459140 606
1459150 606
1459160 606
1459170 606
1459180 606
1459190 606
1459200 606
1459210 605
1459220 604
1459230 604
1459240 604
1459250 604
1459260 603
1459270 603
1459280 603
1459290 602
1459300 602
1459310 602
1459320 601
1459330 601
1459340 601
1459350 600
1459360 600
1459370 600
1459380 600
1459390 600
1459400 600
1459410 600
1459420 600
1459430 600
1459440 600
1459450 602
1459460 602
1459470 605
1459480 607
1459490 607
1459500 607
1459510 607
1459520 607
1459530 607
1459540 607
1459550 607
1459560 607
1459570 607
1459580 606
1459590 606
1459600 606
1459610 606
1459620 606
1459630 606
1459640 606
1459650 606
1459660 606
1459670 606
1459680 606
1459690 606
1459700 605
1459710 605
1459720 605
1459730 605
1459740 605
1459750 606
1459760 606
1459770 605
1459780 605
1459790 604
1459800 606
1459810 606
1459820 606
1459830 606
1459840 606
1459850 607
1459860 607
1459870 607
1459880 607
1459890 608
1459900 608
1459910 608
1459920 608
1459930 608
1459940 608
1459950 608
1459960 608
1459970 608
1459980 608
1459990 608
