1440000 1137
1440010 1137
1440020 1136
1440030 1135
1440040 1135
1440050 1134
1440060 1133
1440070 1133
1440080 1131
1440090 1129
1440100 1129
1440110 1125
1440120 1124
1440130 1122
1440140 1122
1440150 1120
1440160 1118
1440170 1118
1440180 1116
1440190 1114
1440200 1114
1440210 1112
1440220 1111
1440230 1111
1440240 1111
1440250 1110
1440260 1110
1440270 1108
1440280 1105
1440290 1103
1440300 1103
1440310 1101
1440320 1100
1440330 1100
1440340 1100
1440350 1099
1440360 1099
1440370 1097
1440380 1095
1440390 1095
1440400 1095
1440410 1093
1440420 1093
1440430 1089
1440440 1085
1440450 1082
1440460 1082
1440470 1080
1440480 1077
1440490 1077
1440500 1075
1440510 1073
1440520 1073
1440530 1069
1440540 1065
1440550 1065
1440560 1062
1440570 1059
1440580 1059
1440590 1057
1440600 1055
1440610 1055
1440620 1053
1440630 1049
1440640 1047
1440650 1047
1440660 1045
1440670 1042
1440680 1042
1440690 1039
1440700 1037
1440710 1037
1440720 1035
1440730 1032
1440740 1032
1440750 1028
1440760 1025
1440770 1025
1440780 1023
1440790 1020
1440800 1017
1440810 1017
1440820 1015
1440830 1014
1440840 1014
1440850 1016
1440860 1019
1440870 1019
1440880 1018
1440890 1018
1440900 1018
1440910 1019
1440920 1020
1440930 1020
1440940 1019
1440950 1017
1440960 1014
1440970 1014
1440980 1010
1440990 1008
1441000 1008
1441010 1006
1441020 1004
1441030 1004
1441040 1003
1441050 1001
1441060 1001
1441070 1001
1441080 1001
1441090 1001
1441100 1001
1441110 1000
1441120 1000
1441130 1000
1441140 999
1441150 996
1441160 996
1441170 995
1441180 993
1441190 993
1441200 992
1441210 991
1441220 991
1441230 991
1441240 990
1441250 990
1441260 989
1441270 988
1441280 988
1441290 986
1441300 986
1441310 986
1441320 986
1441330 987
1441340 986
1441350 986
1441360 985
1441370 984
1441380 984
1441390 984
1441400 984
1441410 984
1441420 984
1441430 985
1441440 985
1441450 984
1441460 982
1441470 980
1441480 980
1441490 977
1441500 976
1441510 976
1441520 976
1441530 975
1441540 975
1441550 974
1441560 974
1441570 974
1441580 974
1441590 973
1441600 973
1441610 971
1441620 969
1441630 970
1441640 970
1441650 971
1441660 971
1441670 971
1441680 970
1441690 968
1441700 968
1441710 965
1441720 961
1441730 961
1441740 956
1441750 952
1441760 952
1441770 949
1441780 947
1441790 947
1441800 943
1441810 940
1441820 937
1441830 937
1441840 934
1441850 932
1441860 932
1441870 930
1441880 927
1441890 927
1441900 923
1441910 922
1441920 922
1441930 920
1441940 919
1441950 919
1441960 919
1441970 918
1441980 918
1441990 918
1442000 918
1442010 917
1442020 917
1442030 917
1442040 915
1442050 915
1442060 913
1442070 912
1442080 912
1442090 911
1442100 909
1442110 909
1442120 907
1442130 905
1442140 904
1442150 904
1442160 904
1442170 903
1442180 903
1442190 903
1442200 904
1442210 904
1442220 904
1442230 904
1442240 904
1442250 904
1442260 904
1442270 904
1442280 905
1442290 906
1442300 906
1442310 907
1442320 908
1442330 910
1442340 910
1442350 912
1442360 914
1442370 914
1442380 916
1442390 916
1442400 916
1442410 917
1442420 918
1442430 918
1442440 920
1442450 921
1442460 921
1442470 921
1442480 921
1442490 920
1442500 920
1442510 919
1442520 918
1442530 918
1442540 914
1442550 911
1442560 911
1442570 909
1442580 907
1442590 907
1442600 904
1442610 904
1442620 904
1442630 905
1442640 907
1442650 909
1442660 909
1442670 913
1442680 911
1442690 911
1442700 909
1442710 908
1442720 908
1442730 908
1442740 909
1442750 909
1442760 909
1442770 910
1442780 910
1442790 913
1442800 915
1442810 918
1442820 918
1442830 922
1442840 925
1442850 925
1442860 926
1442870 926
1442880 926
1442890 925
1442900 923
1442910 923
1442920 919
1442930 914
1442940 914
1442950 906
1442960 895
1442970 895
1442980 884
1442990 872
1443000 863
1443010 863
1443020 857
1443030 849
1443040 849
1443050 839
1443060 802
1443070 802
1443080 780
1443090 771
1443100 771
1443110 762
1443120 755
1443130 755
1443140 750
1443150 742
1443160 732
1443170 732
1443180 723
1443190 715
1443200 715
1443210 708
1443220 704
1443230 704
1443240 699
1443250 695
1443260 695
1443270 691
1443280 688
1443290 688
1443300 688
1443310 689
1443320 689
1443330 689
1443340 693
1443350 701
1443360 701
1443370 709
1443380 717
1443390 717
1443400 726
1443410 732
1443420 732
1443430 741
1443440 750
1443450 750
1443460 758
1443470 766
1443480 766
1443490 774
1443500 783
1443510 791
1443520 791
1443530 799
1443540 802
1443550 802
1443560 805
1443570 811
1443580 811
1443590 811
1443600 811
1443610 811
1443620 812
1443630 813
1443640 813
1443650 814
1443660 815
1443670 817
1443680 817
1443690 819
1443700 823
1443710 823
1443720 827
1443730 831
1443740 831
1443750 832
1443760 833
1443770 833
1443780 835
1443790 837
1443800 837
1443810 839
1443820 841
1443830 844
1443840 844
1443850 847
1443860 850
1443870 850
1443880 854
1443890 858
1443900 858
1443910 865
1443920 872
1443930 872
1443940 877
1443950 881
1443960 881
1443970 885
1443980 889
1443990 889
1444000 893
1444010 896
1444020 903
1444030 903
1444040 911
1444050 917
1444060 917
1444070 917
1444080 916
1444090 916
1444100 917
1444110 917
1444120 917
1444130 919
1444140 922
1444150 922
1444160 924
1444170 927
1444180 929
1444190 929
1444200 932
1444210 937
1444220 937
1444230 942
1444240 953
1444250 953
1444260 957
1444270 957
1444280 957
1444290 958
1444300 960
1444310 960
1444320 962
1444330 964
1444340 964
1444350 964
1444360 964
1444370 964
1444380 964
1444390 965
1444400 966
1444410 966
1444420 967
1444430 966
1444440 966
1444450 967
1444460 969
1444470 969
1444480 974
1444490 978
1444500 979
1444510 979
1444520 979
1444530 979
1444540 979
1444550 977
1444560 976
1444570 976
1444580 976
1444590 976
1444600 976
1444610 978
1444620 980
1444630 980
1444640 979
1444650 977
1444660 977
1444670 975
1444680 975
1444690 973
1444700 973
1444710 972
1444720 972
1444730 972
1444740 973
1444750 974
1444760 974
1444770 976
1444780 976
1444790 976
1444800 974
1444810 972
1444820 972
1444830 971
1444840 970
1444850 971
1444860 971
1444870 971
1444880 969
1444890 969
1444900 964
1444910 959
1444920 959
1444930 955
1444940 952
1444950 952
1444960 950
1444970 948
1444980 948
1444990 946
1445000 944
1445010 943
1445020 943
1445030 941
1445040 939
1445050 939
1445060 937
1445070 934
1445080 934
1445090 931
1445100 927
1445110 927
1445120 923
1445130 920
1445140 920
1445150 917
1445160 914
1445170 914
1445180 910
1445190 907
1445200 905
1445210 905
1445220 903
1445230 898
1445240 898
1445250 893
1445260 887
1445270 887
1445280 883
1445290 878
1445300 878
1445310 872
1445320 867
1445330 867
1445340 863
1445350 859
1445360 854
1445370 854
1445380 850
1445390 845
1445400 845
1445410 840
1445420 834
1445430 834
1445440 828
1445450 821
1445460 821
1445470 816
1445480 810
1445490 810
1445500 805
1445510 802
1445520 799
1445530 799
1445540 797
1445550 797
1445560 797
1445570 795
1445580 792
1445590 792
1445600 788
1445610 782
1445620 782
1445630 773
1445640 767
1445650 767
1445660 762
1445670 757
1445680 757
1445690 748
1445700 738
1445710 729
1445720 729
1445730 719
1445740 710
1445750 710
1445760 711
1445770 716
1445780 716
1445790 720
1445800 731
1445810 731
1445820 730
1445830 730
1445840 730
1445850 735
1445860 738
1445870 741
1445880 741
1445890 744
1445900 747
1445910 747
1445920 750
1445930 753
1445940 753
1445950 755
1445960 757
1445970 757
1445980 758
1445990 759
1446000 759
1446010 760
1446020 760
1446030 759
1446040 759
1446050 762
1446060 768
1446070 768
1446080 768
1446090 764
1446100 764
1446110 761
1446120 761
1446130 761
1446140 760
1446150 761
1446160 761
1446170 761
1446180 762
1446190 761
1446200 761
1446210 758
1446220 753
1446230 753
1446240 748
1446250 744
1446260 744
1446270 740
1446280 737
1446290 737
1446300 734
1446310 729
1446320 729
1446330 724
1446340 722
1446350 722
1446360 721
1446370 719
1446380 717
1446390 717
1446400 715
1446410 714
1446420 714
1446430 713
1446440 712
1446450 712
1446460 711
1446470 710
1446480 710
1446490 709
1446500 709
1446510 709
1446520 708
1446530 708
1446540 707
1446550 707
1446560 705
1446570 704
1446580 704
1446590 704
1446600 705
1446610 705
1446620 706
1446630 707
1446640 707
1446650 707
1446660 707
1446670 707
1446680 707
1446690 705
1446700 704
1446710 704
1446720 703
1446730 704
1446740 704
1446750 703
1446760 703
1446770 703
1446780 703
1446790 703
1446800 703
1446810 702
1446820 702
1446830 702
1446840 702
1446850 700
1446860 700
1446870 699
1446880 699
1446890 697
1446900 697
1446910 695
1446920 693
1446930 693
1446940 691
1446950 688
1446960 688
1446970 687
1446980 687
1446990 687
1447000 686
1447010 685
1447020 685
1447030 685
1447040 684
1447050 683
1447060 683
1447070 684
1447080 687
1447090 687
1447100 689
1447110 689
1447120 689
1447130 688
1447140 686
1447150 686
1447160 681
1447170 678
1447180 678
1447190 675
1447200 672
1447210 669
1447220 669
1447230 665
1447240 660
1447250 660
1447260 659
1447270 657
1447280 657
1447290 653
1447300 654
1447310 654
1447320 657
1447330 659
1447340 659
1447350 658
1447360 657
1447370 657
1447380 660
1447390 660
1447400 660
1447410 660
1447420 661
1447430 662
1447440 662
1447450 661
1447460 657
1447470 657
1447480 655
1447490 654
1447500 654
1447510 651
1447520 649
1447530 649
1447540 647
1447550 645
1447560 642
1447570 642
1447580 639
1447590 636
1447600 636
1447610 635
1447620 635
1447630 635
1447640 634
1447650 633
1447660 633
1447670 633
1447680 632
1447690 632
1447700 630
1447710 628
1447720 626
1447730 626
1447740 626
1447750 624
1447760 624
1447770 624
1447780 625
1447790 625
1447800 626
1447810 625
1447820 625
1447830 624
1447840 623
1447850 623
1447860 622
1447870 620
1447880 620
1447890 618
1447900 617
1447910 616
1447920 616
1447930 616
1447940 616
1447950 616
1447960 616
1447970 617
1447980 617
1447990 617
1448000 618
1448010 618
1448020 618
1448030 618
1448040 618
1448050 619
1448060 619
1448070 620
1448080 620
1448090 622
1448100 624
1448110 624
1448120 623
1448130 623
1448140 623
1448150 623
1448160 623
1448170 623
1448180 623
1448190 624
1448200 624
1448210 623
1448220 623
1448230 623
1448240 623
1448250 623
1448260 623
1448270 623
1448280 624
1448290 625
1448300 625
1448310 628
1448320 628
1448330 628
1448340 627
1448350 626
1448360 626
1448370 626
1448380 626
1448390 626
1448400 626
1448410 626
1448420 626
1448430 626
1448440 626
1448450 622
1448460 622
1448470 621
1448480 624
1448490 624
1448500 625
1448510 625
1448520 625
1448530 624
1448540 624
1448550 624
1448560 623
1448570 622
1448580 621
1448590 621
1448600 621
1448610 620
1448620 620
1448630 620
1448640 619
1448650 619
1448660 618
1448670 617
1448680 617
1448690 617
1448700 616
1448710 616
1448720 615
1448730 615
1448740 614
1448750 614
1448760 613
1448770 613
1448780 613
1448790 613
1448800 612
1448810 612
1448820 612
1448830 612
1448840 612
1448850 611
1448860 611
1448870 611
1448880 611
1448890 611
1448900 611
1448910 611
1448920 611
1448930 611
1448940 611
1448950 611
1448960 611
1448970 611
1448980 611
1448990 611
1449000 611
1449010 611
1449020 611
1449030 611
1449040 611
1449050 611
1449060 611
1449070 611
1449080 611
1449090 610
1449100 610
1449110 610
1449120 611
1449130 611
1449140 610
1449150 610
1449160 610
1449170 610
1449180 610
1449190 610
1449200 610
1449210 610
1449220 610
1449230 610
1449240 610
1449250 610
1449260 610
1449270 610
1449280 610
1449290 610
1449300 610
1449310 610
1449320 610
1449330 610
1449340 610
1449350 610
1449360 610
1449370 610
1449380 610
1449390 610
1449400 610
1449410 610
1449420 610
1449430 610
1449440 610
1449450 610
1449460 610
1449470 610
1449480 610
1449490 610
1449500 610
1449510 610
1449520 610
1449530 610
1449540 610
1449550 610
1449560 610
1449570 610
1449580 610
1449590 611
1449600 611
1449610 611
1449620 611
1449630 611
1449640 611
1449650 611
1449660 610
1449670 610
1449680 610
1449690 610
1449700 610
1449710 611
1449720 611
1449730 611
1449740 610
1449750 610
1449760 610
1449770 610
1449780 610
1449790 611
1449800 611
1449810 611
1449820 611
1449830 611
1449840 611
1449850 611
1449860 611
1449870 611
1449880 611
1449890 611
1449900 610
1449910 609
1449920 607
1449930 607
1449940 607
1449950 607
1449960 607
1449970 607
1449980 607
1449990 607
1450000 608
1450010 610
1450020 610
1450030 611
1450040 610
1450050 610
1450060 610
1450070 610
1450080 610
1450090 610
1450100 610
1450110 610
1450120 610
1450130 610
1450140 610
1450150 610
1450160 610
1450170 610
1450180 610
1450190 609
1450200 609
1450210 609
1450220 609
1450230 609
1450240 609
1450250 609
1450260 609
1450270 609
1450280 609
1450290 609
1450300 609
1450310 609
1450320 609
1450330 609
1450340 609
1450350 609
1450360 609
1450370 609
1450380 609
1450390 609
1450400 609
1450410 609
1450420 609
1450430 609
1450440 609
1450450 609
1450460 609
1450470 609
1450480 609
1450490 609
1450500 609
1450510 609
1450520 609
1450530 609
1450540 609
1450550 609
1450560 609
1450570 609
1450580 609
1450590 609
1450600 609
1450610 608
1450620 608
1450630 608
1450640 608
1450650 608
1450660 608
1450670 608
1450680 608
1450690 608
1450700 608
1450710 608
1450720 608
1450730 608
1450740 608
1450750 608
1450760 608
1450770 608
1450780 608
1450790 608
1450800 608
1450810 608
1450820 608
1450830 608
1450840 608
1450850 608
1450860 608
1450870 608
1450880 608
1450890 608
1450900 608
1450910 608
1450920 608
1450930 608
1450940 608
1450950 608
1450960 608
1450970 608
1450980 608
1450990 608
1451000 608
1451010 608
1451020 608
1451030 608
1451040 608
1451050 608
1451060 608
1451070 608
1451080 608
1451090 608
1451100 608
1451110 608
1451120 608
1451130 608
1451140 608
1451150 608
1451160 608
1451170 608
1451180 608
1451190 608
1451200 608
1451210 608
1451220 608
1451230 608
1451240 608
1451250 608
1451260 608
1451270 608
1451280 608
1451290 608
1451300 608
1451310 608
1451320 608
1451330 608
1451340 608
1451350 608
1451360 608
1451370 608
1451380 608
1451390 608
1451400 608
1451410 608
1451420 608
1451430 608
1451440 608
1451450 608
1451460 608
1451470 608
1451480 608
1451490 608
1451500 608
1451510 608
1451520 608
1451530 608
1451540 608
1451550 608
1451560 608
1451570 608
1451580 608
1451590 608
1451600 608
1451610 607
1451620 607
1451630 607
1451640 606
1451650 606
1451660 606
1451670 605
1451680 605
1451690 605
1451700 604
1451710 604
1451720 604
1451730 604
1451740 604
1451750 604
1451760 604
1451770 604
1451780 604
1451790 604
1451800 604
1451810 604
1451820 604
1451830 604
1451840 604
1451850 604
1451860 604
1451870 604
1451880 604
1451890 604
1451900 604
1451910 604
1451920 604
1451930 604
1451940 604
1451950 604
1451960 604
1451970 604
1451980 604
1451990 605
1452000 605
1452010 605
1452020 605
1452030 605
1452040 605
1452050 605
1452060 605
1452070 605
1452080 605
1452090 605
1452100 605
1452110 604
1452120 604
1452130 604
1452140 604
1452150 604
1452160 604
1452170 604
1452180 604
1452190 604
1452200 604
1452210 604
1452220 604
1452230 604
1452240 604
1452250 604
1452260 604
1452270 604
1452280 605
1452290 605
1452300 607
1452310 607
1452320 607
1452330 607
1452340 607
1452350 607
1452360 607
1452370 607
1452380 607
1452390 606
1452400 606
1452410 606
1452420 606
1452430 606
1452440 606
1452450 606
1452460 606
1452470 606
1452480 606
1452490 606
1452500 606
1452510 606
1452520 606
1452530 606
1452540 606
1452550 606
1452560 606
1452570 606
1452580 606
1452590 606
1452600 606
1452610 606
1452620 606
1452630 606
1452640 606
1452650 606
1452660 606
1452670 606
1452680 606
1452690 606
1452700 606
1452710 606
1452720 605
1452730 605
1452740 605
1452750 605
1452760 605
1452770 605
1452780 606
1452790 605
1452800 605
1452810 605
1452820 605
1452830 605
1452840 605
1452850 605
1452860 605
1452870 605
1452880 605
1452890 605
1452900 605
1452910 605
1452920 605
1452930 605
1452940 605
1452950 605
1452960 605
1452970 605
1452980 605
1452990 605
1453000 605
1453010 605
1453020 605
1453030 605
1453040 605
1453050 605
1453060 605
1453070 605
1453080 605
1453090 605
1453100 605
1453110 605
1453120 604
1453130 604
1453140 604
1453150 604
1453160 604
1453170 604
1453180 604
1453190 604
1453200 604
1453210 604
1453220 603
1453230 604
1453240 604
1453250 604
1453260 604
1453270 604
1453280 604
1453290 604
1453300 604
1453310 604
1453320 604
1453330 604
1453340 604
1453350 604
1453360 604
1453370 604
1453380 604
1453390 604
1453400 604
1453410 604
1453420 603
1453430 603
1453440 604
1453450 604
1453460 604
1453470 604
1453480 604
1453490 604
1453500 604
1453510 604
1453520 604
1453530 604
1453540 604
1453550 604
1453560 604
1453570 604
1453580 604
1453590 604
1453600 604
1453610 604
1453620 604
1453630 604
1453640 604
1453650 604
1453660 604
1453670 604
1453680 604
1453690 604
1453700 604
1453710 604
1453720 604
1453730 604
1453740 604
1453750 604
1453760 604
1453770 604
1453780 604
1453790 604
1453800 604
1453810 604
1453820 604
1453830 604
1453840 604
1453850 604
1453860 603
1453870 603
1453880 603
1453890 604
1453900 603
1453910 603
1453920 603
1453930 603
1453940 603
1453950 603
1453960 603
1453970 603
1453980 603
1453990 603
1454000 603
1454010 603
1454020 603
1454030 603
1454040 603
1454050 603
1454060 603
1454070 603
1454080 603
1454090 602
1454100 602
1454110 603
1454120 603
1454130 603
1454140 603
1454150 603
1454160 603
1454170 603
1454180 603
1454190 603
1454200 603
1454210 603
1454220 603
1454230 603
1454240 603
1454250 602
1454260 602
1454270 602
1454280 602
1454290 602
1454300 602
1454310 602
1454320 602
1454330 602
1454340 602
1454350 602
1454360 602
1454370 603
1454380 603
1454390 603
1454400 603
1454410 603
1454420 603
1454430 603
1454440 603
1454450 603
1454460 603
1454470 603
1454480 603
1454490 603
1454500 603
1454510 603
1454520 603
1454530 603
1454540 603
1454550 603
1454560 603
1454570 603
1454580 603
1454590 603
1454600 603
1454610 603
1454620 603
1454630 603
1454640 603
1454650 603
1454660 603
1454670 603
1454680 603
1454690 603
1454700 602
1454710 602
1454720 602
1454730 602
1454740 602
1454750 602
1454760 602
1454770 602
1454780 602
1454790 602
1454800 602
1454810 602
1454820 602
1454830 602
1454840 602
1454850 602
1454860 602
1454870 602
1454880 602
1454890 602
1454900 602
1454910 602
1454920 602
1454930 602
1454940 602
1454950 602
1454960 602
1454970 602
1454980 602
1454990 602
1455000 602
1455010 603
1455020 603
1455030 603
1455040 603
1455050 604
1455060 604
1455070 604
1455080 604
1455090 604
1455100 604
1455110 604
1455120 604
1455130 604
1455140 604
1455150 604
1455160 604
1455170 604
1455180 604
1455190 604
1455200 604
1455210 604
1455220 604
1455230 604
1455240 604
1455250 604
1455260 604
1455270 604
1455280 604
1455290 604
1455300 604
1455310 604
1455320 604
1455330 604
1455340 604
1455350 604
1455360 604
1455370 604
1455380 604
1455390 604
1455400 604
1455410 604
1455420 604
1455430 603
1455440 603
1455450 603
1455460 602
1455470 602
1455480 602
1455490 602
1455500 602
1455510 602
1455520 602
1455530 602
1455540 602
1455550 602
1455560 602
1455570 602
1455580 602
1455590 602
1455600 602
1455610 602
1455620 602
1455630 602
1455640 602
1455650 602
1455660 602
1455670 602
1455680 603
1455690 604
1455700 604
1455710 604
1455720 604
1455730 604
1455740 604
1455750 603
1455760 603
1455770 603
1455780 603
1455790 603
1455800 603
1455810 603
1455820 603
1455830 604
1455840 604
1455850 604
1455860 604
1455870 604
1455880 604
1455890 604
1455900 606
1455910 605
1455920 605
1455930 605
1455940 605
1455950 605
1455960 604
1455970 604
1455980 604
1455990 604
1456000 604
1456010 605
1456020 605
1456030 606
1456040 606
1456050 606
1456060 606
1456070 605
1456080 605
1456090 605
1456100 604
1456110 604
1456120 604
1456130 604
1456140 604
1456150 605
1456160 605
1456170 605
1456180 605
1456190 605
1456200 605
1456210 605
1456220 605
1456230 605
1456240 605
1456250 605
1456260 605
1456270 605
1456280 605
1456290 605
1456300 605
1456310 605
1456320 606
1456330 606
1456340 606
1456350 606
1456360 606
1456370 606
1456380 606
1456390 606
1456400 606
1456410 606
1456420 607
1456430 607
1456440 607
1456450 607
1456460 607
1456470 607
1456480 607
1456490 607
1456500 608
1456510 609
1456520 609
1456530 609
1456540 609
1456550 609
1456560 609
1456570 610
1456580 610
1456590 610
1456600 610
1456610 610
1456620 610
1456630 611
1456640 610
1456650 610
1456660 610
1456670 610
1456680 610
1456690 610
1456700 610
1456710 609
1456720 609
1456730 609
1456740 609
1456750 609
1456760 608
1456770 608
1456780 608
1456790 608
1456800 608
1456810 608
1456820 608
1456830 608
1456840 608
1456850 608
1456860 608
1456870 608
1456880 608
1456890 608
1456900 608
1456910 608
1456920 608
1456930 608
1456940 608
1456950 608
1456960 607
1456970 607
1456980 607
1456990 607
1457000 607
1457010 607
1457020 607
1457030 607
1457040 607
1457050 607
1457060 607
1457070 607
1457080 607
1457090 607
1457100 607
1457110 607
1457120 607
1457130 607
1457140 607
1457150 607
1457160 607
1457170 606
1457180 606
1457190 606
1457200 606
1457210 606
1457220 606
1457230 606
1457240 606
1457250 605
1457260 605
1457270 605
1457280 605
1457290 605
1457300 605
1457310 605
1457320 605
1457330 605
1457340 605
1457350 605
1457360 605
1457370 605
1457380 605
1457390 605
1457400 605
1457410 605
1457420 605
1457430 604
1457440 604
1457450 604
1457460 605
1457470 605
1457480 605
1457490 605
1457500 605
1457510 605
1457520 604
1457530 604
1457540 604
1457550 604
1457560 604
1457570 604
1457580 604
1457590 604
1457600 603
1457610 603
1457620 603
1457630 603
1457640 603
1457650 603
1457660 603
1457670 603
1457680 603
1457690 603
1457700 603
1457710 603
1457720 603
1457730 603
1457740 603
1457750 603
1457760 602
1457770 602
1457780 603
1457790 603
1457800 603
1457810 602
1457820 602
1457830 602
1457840 601
1457850 601
1457860 601
1457870 601
1457880 601
1457890 601
1457900 601
1457910 601
1457920 601
1457930 601
1457940 600
1457950 600
1457960 600
1457970 600
1457980 600
1457990 600
1458000 600
1458010 600
1458020 600
1458030 599
1458040 599
1458050 599
1458060 599
1458070 598
1458080 598
1458090 598
1458100 598
1458110 598
1458120 598
1458130 598
1458140 598
1458150 598
1458160 598
1458170 598
1458180 598
1458190 598
1458200 599
1458210 600
1458220 600
1458230 600
1458240 600
1458250 600
1458260 599
1458270 598
1458280 598
1458290 598
1458300 598
1458310 598
1458320 599
1458330 599
1458340 599
1458350 599
1458360 599
1458370 599
1458380 599
1458390 599
1458400 599
1458410 599
1458420 599
1458430 599
1458440 599
1458450 599
1458460 599
1458470 599
1458480 599
1458490 599
1458500 599
1458510 599
1458520 599
1458530 599
1458540 599
1458550 599
1458560 599
1458570 599
1458580 599
1458590 599
1458600 599
1458610 599
1458620 599
1458630 599
1458640 599
1458650 599
1458660 599
1458670 599
1458680 599
1458690 599
1458700 598
1458710 596
1458720 596
1458730 596
1458740 596
1458750 596
1458760 596
1458770 596
1458780 596
1458790 596
1458800 597
1458810 598
1458820 598
1458830 599
1458840 599
1458850 599
1458860 599
1458870 599
1458880 599
1458890 599
1458900 599
1458910 599
1458920 599
1458930 599
1458940 599
1458950 599
1458960 598
1458970 598
1458980 598
1458990 599
1459000 598
1459010 598
1459020 598
1459030 598
1459040 598
1459050 598
1459060 598
1459070 598
1459080 598
1459090 598
1459100 598
1459110 598
1459120 598
1459130 598
1459140 598
1459150 598
1459160 598
1459170 598
1459180 598
1459190 598
1459200 598
1459210 598
1459220 598
1459230 598
1459240 598
1459250 598
1459260 598
1459270 598
1459280 598
1459290 598
1459300 598
1459310 598
1459320 598
1459330 598
1459340 598
1459350 598
1459360 598
1459370 598
1459380 598
1459390 598
1459400 598
1459410 598
1459420 598
1459430 598
1459440 598
1459450 598
1459460 598
1459470 598
1459480 598
1459490 598
1459500 598
1459510 598
1459520 598
1459530 598
1459540 598
1459550 597
1459560 597
1459570 597
1459580 597
1459590 597
1459600 597
1459610 598
1459620 598
1459630 597
1459640 597
1459650 597
1459660 597
1459670 597
1459680 597
1459690 597
1459700 597
1459710 597
1459720 597
1459730 597
1459740 597
1459750 597
1459760 597
1459770 597
1459780 597
1459790 597
1459800 597
1459810 597
1459820 598
1459830 598
1459840 598
1459850 598
1459860 598
1459870 598
1459880 598
1459890 599
1459900 599
1459910 599
1459920 600
1459930 600
1459940 600
1459950 601
1459960 601
1459970 601
1459980 602
1459990 602
