1440000 624
1440010 624
1440020 624
1440030 624
1440040 624
1440050 624
1440060 624
1440070 624
1440080 624
1440090 624
1440100 624
1440110 624
1440120 624
1440130 624
1440140 624
1440150 624
1440160 624
1440170 624
1440180 624
1440190 624
1440200 624
1440210 624
1440220 624
1440230 624
1440240 624
1440250 624
1440260 624
1440270 624
1440280 624
1440290 624
1440300 624
1440310 624
1440320 624
1440330 624
1440340 624
1440350 624
1440360 624
1440370 624
1440380 624
1440390 624
1440400 624
1440410 624
1440420 624
1440430 624
1440440 624
1440450 624
1440460 624
1440470 624
1440480 624
1440490 624
1440500 624
1440510 624
1440520 624
1440530 624
1440540 624
1440550 624
1440560 624
1440570 624
1440580 624
1440590 624
1440600 624
1440610 624
1440620 624
1440630 624
1440640 624
1440650 624
1440660 624
1440670 624
1440680 624
1440690 624
1440700 624
1440710 624
1440720 624
1440730 624
1440740 624
1440750 624
1440760 624
1440770 624
1440780 625
1440790 625
1440800 625
1440810 625
1440820 625
1440830 625
1440840 625
1440850 625
1440860 625
1440870 625
1440880 625
1440890 625
1440900 625
1440910 626
1440920 625
1440930 625
1440940 622
1440950 622
1440960 622
1440970 622
1440980 622
1440990 622
1441000 624
1441010 626
1441020 626
1441030 624
1441040 624
1441050 624
1441060 624
1441070 624
1441080 624
1441090 624
1441100 624
1441110 624
1441120 624
1441130 624
1441140 624
1441150 624
1441160 624
1441170 623
1441180 623
1441190 623
1441200 623
1441210 623
1441220 623
1441230 623
1441240 623
1441250 623
1441260 623
1441270 623
1441280 623
1441290 623
1441300 623
1441310 623
1441320 623
1441330 623
1441340 623
1441350 623
1441360 623
1441370 623
1441380 623
1441390 623
1441400 623
1441410 623
1441420 623
1441430 623
1441440 623
1441450 623
1441460 623
1441470 623
1441480 623
1441490 623
1441500 623
1441510 622
1441520 622
1441530 622
1441540 622
1441550 622
1441560 622
1441570 622
1441580 622
1441590 622
1441600 622
1441610 622
1441620 622
1441630 622
1441640 622
1441650 622
1441660 622
1441670 622
1441680 622
1441690 622
1441700 622
1441710 622
1441720 622
1441730 622
1441740 622
1441750 622
1441760 622
1441770 622
1441780 622
1441790 622
1441800 622
1441810 622
1441820 622
1441830 622
1441840 622
1441850 622
1441860 622
1441870 622
1441880 622
1441890 622
1441900 622
1441910 622
1441920 622
1441930 622
1441940 622
1441950 622
1441960 622
1441970 622
1441980 622
1441990 622
1442000 622
1442010 622
1442020 622
1442030 622
1442040 622
1442050 621
1442060 621
1442070 621
1442080 621
1442090 621
1442100 621
1442110 621
1442120 621
1442130 622
1442140 622
1442150 622
1442160 622
1442170 622
1442180 622
1442190 622
1442200 622
1442210 622
1442220 622
1442230 622
1442240 622
1442250 622
1442260 622
1442270 622
1442280 622
1442290 622
1442300 622
1442310 622
1442320 622
1442330 622
1442340 622
1442350 622
1442360 622
1442370 622
1442380 622
1442390 622
1442400 623
1442410 623
1442420 622
1442430 622
1442440 621
1442450 621
1442460 621
1442470 621
1442480 621
1442490 621
1442500 621
1442510 621
1442520 621
1442530 621
1442540 621
1442550 621
1442560 621
1442570 621
1442580 621
1442590 621
1442600 621
1442610 621
1442620 621
1442630 621
1442640 621
1442650 621
1442660 621
1442670 621
1442680 621
1442690 622
1442700 621
1442710 621
1442720 621
1442730 621
1442740 622
1442750 622
1442760 622
1442770 622
1442780 622
1442790 621
1442800 622
1442810 622
1442820 624
1442830 622
1442840 622
1442850 621
1442860 621
1442870 621
1442880 621
1442890 621
1442900 621
1442910 621
1442920 621
1442930 621
1442940 621
1442950 621
1442960 621
1442970 621
1442980 621
1442990 621
1443000 621
1443010 621
1443020 621
1443030 621
1443040 623
1443050 629
1443060 629
1443070 634
1443080 635
1443090 636
1443100 636
1443110 636
1443120 637
1443130 637
1443140 639
1443150 639
1443160 639
1443170 639
1443180 640
1443190 640
1443200 640
1443210 641
1443220 641
1443230 642
1443240 642
1443250 643
1443260 643
1443270 644
1443280 646
1443290 646
1443300 646
1443310 647
1443320 647
1443330 647
1443340 648
1443350 648
1443360 649
1443370 650
1443380 650
1443390 651
1443400 652
1443410 652
1443420 653
1443430 654
1443440 655
1443450 655
1443460 656
1443470 656
1443480 656
1443490 654
1443500 653
1443510 653
1443520 654
1443530 655
1443540 655
1443550 656
1443560 658
1443570 658
1443580 661
1443590 667
1443600 674
1443610 674
1443620 684
1443630 693
1443640 693
1443650 700
1443660 708
1443670 708
1443680 715
1443690 720
1443700 720
1443710 727
1443720 735
1443730 735
1443740 743
1443750 751
1443760 763
1443770 763
1443780 776
1443790 784
1443800 784
1443810 791
1443820 798
1443830 798
1443840 806
1443850 813
1443860 813
1443870 820
1443880 825
1443890 825
1443900 827
1443910 822
1443920 822
1443930 818
1443940 814
1443950 812
1443960 812
1443970 813
1443980 817
1443990 817
1444000 821
1444010 826
1444020 826
1444030 830
1444040 830
1444050 830
1444060 830
1444070 831
1444080 831
1444090 834
1444100 838
1444110 845
1444120 845
1444130 854
1444140 855
1444150 855
1444160 851
1444170 856
1444180 856
1444190 855
1444200 850
1444210 850
1444220 848
1444230 854
1444240 854
1444250 865
1444260 872
1444270 872
1444280 875
1444290 877
1444300 885
1444310 885
1444320 895
1444330 900
1444340 900
1444350 899
1444360 899
1444370 899
1444380 897
1444390 896
1444400 896
1444410 895
1444420 894
1444430 894
1444440 891
1444450 887
1444460 882
1444470 882
1444480 876
1444490 869
1444500 869
1444510 858
1444520 845
1444530 845
1444540 833
1444550 818
1444560 806
1444570 788
1444580 782
1444590 782
1444600 775
1444610 772
1444620 771
1444630 771
1444640 768
1444650 764
1444660 764
1444670 760
1444680 756
1444690 756
1444700 753
1444710 750
1444720 750
1444730 746
1444740 742
1444750 742
1444760 738
1444770 734
1444780 734
1444790 730
1444800 725
1444810 719
1444820 719
1444830 715
1444840 710
1444850 710
1444860 704
1444870 700
1444880 700
1444890 695
1444900 690
1444910 690
1444920 684
1444930 679
1444940 679
1444950 675
1444960 669
1444970 667
1444980 667
1444990 665
1445000 661
1445010 661
1445020 658
1445030 656
1445040 656
1445050 652
1445060 648
1445070 648
1445080 645
1445090 644
1445100 644
1445110 643
1445120 641
1445130 639
1445140 639
1445150 637
1445160 635
1445170 635
1445180 633
1445190 632
1445200 632
1445210 631
1445220 630
1445230 630
1445240 629
1445250 629
1445260 629
1445270 629
1445280 629
1445290 629
1445300 630
1445310 630
1445320 630
1445330 630
1445340 631
1445350 631
1445360 631
1445370 631
1445380 632
1445390 632
1445400 632
1445410 632
1445420 632
1445430 633
1445440 633
1445450 633
1445460 634
1445470 634
1445480 634
1445490 634
1445500 634
1445510 635
1445520 635
1445530 635
1445540 635
1445550 635
1445560 635
1445570 636
1445580 636
1445590 636
1445600 637
1445610 637
1445620 637
1445630 637
1445640 638
1445650 638
1445660 638
1445670 639
1445680 639
1445690 639
1445700 639
1445710 639
1445720 640
1445730 640
1445740 640
1445750 641
1445760 642
1445770 642
1445780 642
1445790 643
1445800 643
1445810 644
1445820 644
1445830 645
1445840 645
1445850 645
1445860 646
1445870 646
1445880 646
1445890 647
1445900 647
1445910 647
1445920 648
1445930 648
1445940 648
1445950 649
1445960 649
1445970 650
1445980 651
1445990 653
1446000 653
1446010 654
1446020 656
1446030 656
1446040 658
1446050 661
1446060 661
1446070 664
1446080 669
1446090 669
1446100 673
1446110 677
1446120 677
1446130 679
1446140 679
1446150 678
1446160 678
1446170 677
1446180 676
1446190 676
1446200 675
1446210 674
1446220 674
1446230 673
1446240 672
1446250 672
1446260 673
1446270 674
1446280 674
1446290 673
1446300 671
1446310 671
1446320 668
1446330 666
1446340 666
1446350 666
1446360 667
1446370 667
1446380 667
1446390 668
1446400 669
1446410 669
1446420 670
1446430 670
1446440 670
1446450 670
1446460 671
1446470 671
1446480 672
1446490 671
1446500 670
1446510 670
1446520 671
1446530 671
1446540 671
1446550 671
1446560 672
1446570 672
1446580 673
1446590 673
1446600 673
1446610 673
1446620 673
1446630 673
1446640 674
1446650 674
1446660 674
1446670 674
1446680 674
1446690 673
1446700 673
1446710 672
1446720 673
1446730 673
1446740 675
1446750 675
1446760 675
1446770 678
1446780 686
1446790 686
1446800 693
1446810 700
1446820 700
1446830 706
1446840 712
1446850 717
1446860 717
1446870 722
1446880 726
1446890 726
1446900 728
1446910 730
1446920 730
1446930 729
1446940 728
1446950 728
1446960 727
1446970 728
1446980 728
1446990 728
1447000 728
1447010 727
1447020 727
1447030 726
1447040 725
1447050 725
1447060 724
1447070 722
1447080 722
1447090 722
1447100 722
1447110 722
1447120 722
1447130 720
1447140 720
1447150 719
1447160 719
1447170 719
1447180 720
1447190 721
1447200 721
1447210 721
1447220 721
1447230 722
1447240 722
1447250 723
1447260 723
1447270 723
1447280 722
1447290 722
1447300 722
1447310 723
1447320 724
1447330 724
1447340 724
1447350 724
1447360 725
1447370 725
1447380 724
1447390 724
1447400 724
1447410 723
1447420 723
1447430 723
1447440 723
1447450 723
1447460 723
1447470 722
1447480 722
1447490 722
1447500 722
1447510 722
1447520 722
1447530 722
1447540 722
1447550 722
1447560 722
1447570 722
1447580 723
1447590 723
1447600 723
1447610 723
1447620 723
1447630 723
1447640 723
1447650 723
1447660 723
1447670 724
1447680 724
1447690 723
1447700 723
1447710 723
1447720 723
1447730 722
1447740 722
1447750 722
1447760 722
1447770 722
1447780 722
1447790 722
1447800 721
1447810 721
1447820 721
1447830 721
1447840 721
1447850 721
1447860 721
1447870 721
1447880 721
1447890 722
1447900 722
1447910 722
1447920 723
1447930 723
1447940 723
1447950 722
1447960 722
1447970 722
1447980 722
1447990 722
1448000 722
1448010 722
1448020 721
1448030 721
1448040 721
1448050 721
1448060 721
1448070 721
1448080 721
1448090 721
1448100 721
1448110 721
1448120 720
1448130 720
1448140 717
1448150 716
1448160 716
1448170 715
1448180 716
1448190 716
1448200 716
1448210 717
1448220 720
1448230 720
1448240 722
1448250 723
1448260 723
1448270 722
1448280 722
1448290 722
1448300 722
1448310 722
1448320 722
1448330 722
1448340 724
1448350 724
1448360 728
1448370 730
1448380 731
1448390 731
1448400 731
1448410 731
1448420 731
1448430 730
1448440 728
1448450 728
1448460 726
1448470 725
1448480 725
1448490 724
1448500 723
1448510 723
1448520 722
1448530 722
1448540 722
1448550 723
1448560 726
1448570 730
1448580 730
1448590 732
1448600 736
1448610 736
1448620 739
1448630 740
1448640 740
1448650 740
1448660 740
1448670 740
1448680 741
1448690 741
1448700 741
1448710 740
1448720 733
1448730 730
1448740 730
1448750 729
1448760 728
1448770 728
1448780 731
1448790 738
1448800 738
1448810 744
1448820 745
1448830 745
1448840 746
1448850 746
1448860 746
1448870 747
1448880 748
1448890 749
1448900 749
1448910 749
1448920 749
1448930 749
1448940 749
1448950 749
1448960 749
1448970 748
1448980 748
1448990 748
1449000 747
1449010 747
1449020 747
1449030 747
1449040 747
1449050 747
1449060 748
1449070 748
1449080 748
1449090 748
1449100 748
1449110 749
1449120 749
1449130 749
1449140 749
1449150 749
1449160 748
1449170 748
1449180 748
1449190 748
1449200 747
1449210 747
1449220 747
1449230 747
1449240 747
1449250 747
1449260 747
1449270 747
1449280 747
1449290 747
1449300 746
1449310 746
1449320 746
1449330 746
1449340 746
1449350 746
1449360 747
1449370 747
1449380 748
1449390 748
1449400 747
1449410 747
1449420 746
1449430 746
1449440 746
1449450 746
1449460 746
1449470 746
1449480 746
1449490 746
1449500 746
1449510 746
1449520 746
1449530 746
1449540 746
1449550 745
1449560 745
1449570 745
1449580 745
1449590 745
1449600 745
1449610 745
1449620 745
1449630 745
1449640 746
1449650 746
1449660 746
1449670 746
1449680 746
1449690 746
1449700 746
1449710 746
1449720 746
1449730 746
1449740 746
1449750 746
1449760 746
1449770 746
1449780 746
1449790 746
1449800 746
1449810 747
1449820 747
1449830 748
1449840 746
1449850 746
1449860 746
1449870 746
1449880 746
1449890 747
1449900 747
1449910 747
1449920 747
1449930 747
1449940 746
1449950 746
1449960 746
1449970 746
1449980 746
1449990 746
1450000 747
1450010 747
1450020 747
1450030 747
1450040 747
1450050 747
1450060 747
1450070 747
1450080 747
1450090 747
1450100 747
1450110 747
1450120 747
1450130 748
1450140 748
1450150 747
1450160 748
1450170 748
1450180 748
1450190 748
1450200 748
1450210 748
1450220 748
1450230 748
1450240 748
1450250 744
1450260 744
1450270 744
1450280 744
1450290 744
1450300 744
1450310 743
1450320 743
1450330 743
1450340 744
1450350 745
1450360 745
1450370 745
1450380 744
1450390 744
1450400 747
1450410 750
1450420 752
1450430 752
1450440 751
1450450 747
1450460 747
1450470 745
1450480 741
1450490 741
1450500 738
1450510 736
1450520 736
1450530 734
1450540 733
1450550 733
1450560 733
1450570 733
1450580 733
1450590 733
1450600 734
1450610 735
1450620 735
1450630 737
1450640 738
1450650 738
1450660 738
1450670 738
1450680 738
1450690 738
1450700 739
1450710 739
1450720 739
1450730 739
1450740 739
1450750 740
1450760 741
1450770 741
1450780 741
1450790 742
1450800 744
1450810 744
1450820 745
1450830 745
1450840 745
1450850 746
1450860 747
1450870 747
1450880 749
1450890 751
1450900 751
1450910 752
1450920 754
1450930 754
1450940 754
1450950 755
1450960 756
1450970 756
1450980 758
1450990 759
1451000 759
1451010 761
1451020 762
1451030 762
1451040 764
1451050 765
1451060 765
1451070 766
1451080 767
1451090 767
1451100 767
1451110 766
1451120 764
1451130 764
1451140 761
1451150 759
1451160 759
1451170 762
1451180 767
1451190 767
1451200 769
1451210 771
1451220 771
1451230 773
1451240 774
1451250 774
1451260 776
1451270 776
1451280 775
1451290 775
1451300 776
1451310 775
1451320 775
1451330 774
1451340 772
1451350 772
1451360 777
1451370 782
1451380 782
1451390 782
1451400 780
1451410 780
1451420 775
1451430 778
1451440 778
1451450 783
1451460 788
1451470 791
1451480 791
1451490 793
1451500 794
1451510 794
1451520 793
1451530 791
1451540 791
1451550 789
1451560 788
1451570 788
1451580 788
1451590 788
1451600 788
1451610 790
1451620 793
1451630 795
1451640 795
1451650 797
1451660 799
1451670 799
1451680 801
1451690 803
1451700 803
1451710 804
1451720 805
1451730 805
1451740 806
1451750 808
1451760 808
1451770 809
1451780 810
1451790 811
1451800 811
1451810 812
1451820 813
1451830 813
1451840 811
1451850 809
1451860 809
1451870 806
1451880 800
1451890 800
1451900 795
1451910 797
1451920 797
1451930 800
1451940 798
1451950 798
1451960 801
1451970 807
1451980 813
1451990 813
1452000 819
1452010 823
1452020 823
1452030 824
1452040 825
1452050 825
1452060 826
1452070 829
1452080 829
1452090 833
1452100 837
1452110 837
1452120 837
1452130 831
1452140 827
1452150 827
1452160 825
1452170 827
1452180 827
1452190 824
1452200 826
1452210 826
1452220 829
1452230 829
1452240 829
1452250 833
1452260 835
1452270 835
1452280 838
1452290 840
1452300 842
1452310 842
1452320 844
1452330 847
1452340 847
1452350 851
1452360 856
1452370 856
1452380 859
1452390 861
1452400 861
1452410 865
1452420 868
1452430 868
1452440 870
1452450 872
1452460 872
1452470 874
1452480 875
1452490 873
1452500 873
1452510 868
1452520 864
1452530 864
1452540 864
1452550 868
1452560 868
1452570 877
1452580 882
1452590 882
1452600 884
1452610 886
1452620 886
1452630 887
1452640 889
1452650 892
1452660 892
1452670 895
1452680 897
1452690 897
1452700 900
1452710 902
1452720 902
1452730 905
1452740 908
1452750 908
1452760 910
1452770 911
1452780 911
1452790 914
1452800 915
1452810 914
1452820 914
1452830 915
1452840 920
1452850 920
1452860 923
1452870 925
1452880 925
1452890 926
1452900 927
1452910 927
1452920 929
1452930 931
1452940 931
1452950 934
1452960 937
1452970 937
1452980 939
1452990 940
1453000 942
1453010 942
1453020 944
1453030 946
1453040 946
1453050 947
1453060 949
1453070 949
1453080 952
1453090 954
1453100 954
1453110 955
1453120 957
1453130 957
1453140 959
1453150 961
1453160 963
1453170 963
1453180 964
1453190 966
1453200 966
1453210 967
1453220 968
1453230 968
1453240 968
1453250 970
1453260 970
1453270 971
1453280 970
1453290 970
1453300 968
1453310 967
1453320 967
1453330 966
1453340 967
1453350 968
1453360 968
1453370 970
1453380 972
1453390 972
1453400 973
1453410 974
1453420 974
1453430 975
1453440 975
1453450 975
1453460 975
1453470 975
1453480 975
1453490 975
1453500 977
1453510 978
1453520 978
1453530 979
1453540 980
1453550 980
1453560 981
1453570 982
1453580 982
1453590 983
1453600 984
1453610 984
1453620 985
1453630 985
1453640 985
1453650 984
1453660 982
1453670 981
1453680 981
1453690 980
1453700 979
1453710 979
1453720 980
1453730 980
1453740 980
1453750 981
1453760 981
1453770 981
1453780 982
1453790 981
1453800 981
1453810 980
1453820 981
1453830 981
1453840 981
1453850 982
1453860 982
1453870 982
1453880 982
1453890 981
1453900 981
1453910 982
1453920 983
1453930 983
1453940 985
1453950 988
1453960 988
1453970 990
1453980 993
1453990 993
1454000 995
1454010 996
1454020 996
1454030 996
1454040 996
1454050 996
1454060 996
1454070 996
1454080 997
1454090 997
1454100 997
1454110 996
1454120 996
1454130 995
1454140 994
1454150 994
1454160 993
1454170 993
1454180 993
1454190 993
1454200 993
1454210 992
1454220 992
1454230 992
1454240 992
1454250 992
1454260 992
1454270 992
1454280 992
1454290 991
1454300 990
1454310 990
1454320 989
1454330 989
1454340 989
1454350 988
1454360 989
1454370 983
1454380 983
1454390 979
1454400 984
1454410 984
1454420 984
1454430 984
1454440 984
1454450 982
1454460 983
1454470 983
1454480 984
1454490 983
1454500 983
1454510 982
1454520 982
1454530 981
1454540 981
1454550 980
1454560 979
1454570 979
1454580 978
1454590 976
1454600 976
1454610 975
1454620 967
1454630 967
1454640 958
1454650 967
1454660 967
1454670 972
1454680 973
1454690 972
1454700 972
1454710 972
1454720 973
1454730 973
1454740 975
1454750 976
1454760 976
1454770 974
1454780 972
1454790 972
1454800 971
1454810 969
1454820 969
1454830 969
1454840 968
1454850 968
1454860 967
1454870 967
1454880 965
1454890 965
1454900 962
1454910 959
1454920 959
1454930 956
1454940 954
1454950 954
1454960 952
1454970 950
1454980 950
1454990 948
1455000 947
1455010 947
1455020 945
1455030 943
1455040 942
1455050 942
1455060 941
1455070 939
1455080 939
1455090 937
1455100 935
1455110 935
1455120 934
1455130 932
1455140 932
1455150 930
1455160 929
1455170 929
1455180 927
1455190 925
1455200 923
1455210 923
1455220 921
1455230 919
1455240 919
1455250 917
1455260 915
1455270 915
1455280 913
1455290 912
1455300 912
1455310 908
1455320 901
1455330 901
1455340 890
1455350 884
1455360 884
1455370 892
1455380 899
1455390 898
1455400 898
1455410 897
1455420 896
1455430 896
1455440 895
1455450 895
1455460 895
1455470 894
1455480 891
1455490 891
1455500 891
1455510 890
1455520 890
1455530 889
1455540 889
1455550 888
1455560 888
1455570 882
1455580 876
1455590 876
1455600 873
1455610 871
1455620 871
1455630 870
1455640 870
1455650 870
1455660 868
1455670 865
1455680 865
1455690 864
1455700 864
1455710 864
1455720 865
1455730 869
1455740 866
1455750 866
1455760 864
1455770 861
1455780 861
1455790 859
1455800 856
1455810 856
1455820 854
1455830 852
1455840 852
1455850 851
1455860 850
1455870 850
1455880 848
1455890 847
1455900 846
1455910 846
1455920 845
1455930 844
1455940 844
1455950 843
1455960 841
1455970 841
1455980 840
1455990 838
1456000 838
1456010 837
1456020 835
1456030 835
1456040 833
1456050 831
1456060 829
1456070 829
1456080 827
1456090 826
1456100 826
1456110 825
1456120 823
1456130 823
1456140 822
1456150 820
1456160 820
1456170 816
1456180 812
1456190 812
1456200 810
1456210 808
1456220 808
1456230 806
1456240 803
1456250 800
1456260 800
1456270 799
1456280 802
1456290 802
1456300 802
1456310 802
1456320 802
1456330 803
1456340 804
1456350 804
1456360 804
1456370 804
1456380 804
1456390 804
1456400 804
1456410 804
1456420 804
1456430 803
1456440 803
1456450 803
1456460 802
1456470 800
1456480 800
1456490 799
1456500 796
1456510 796
1456520 796
1456530 798
1456540 798
1456550 800
1456560 802
1456570 805
1456580 805
1456590 809
1456600 813
1456610 813
1456620 819
1456630 824
1456640 824
1456650 825
1456660 824
1456670 824
1456680 823
1456690 822
1456700 822
1456710 821
1456720 821
1456730 821
1456740 821
1456750 821
1456760 821
1456770 821
1456780 822
1456790 823
1456800 823
1456810 827
1456820 832
1456830 832
1456840 836
1456850 836
1456860 836
1456870 832
1456880 824
1456890 824
1456900 813
1456910 804
1456920 800
1456930 800
1456940 795
1456950 788
1456960 788
1456970 781
1456980 768
1456990 768
1457000 749
1457010 740
1457020 740
1457030 729
1457040 719
1457050 719
1457060 713
1457070 711
1457080 711
1457090 711
1457100 714
1457110 718
1457120 718
1457130 718
1457140 717
1457150 717
1457160 716
1457170 717
1457180 717
1457190 723
1457200 723
1457210 723
1457220 722
1457230 724
1457240 724
1457250 728
1457260 731
1457270 734
1457280 734
1457290 740
1457300 744
1457310 744
1457320 747
1457330 751
1457340 751
1457350 755
1457360 761
1457370 761
1457380 766
1457390 767
1457400 767
1457410 770
1457420 777
1457430 785
1457440 785
1457450 786
1457460 785
1457470 785
1457480 785
1457490 785
1457500 785
1457510 785
1457520 787
1457530 787
1457540 788
1457550 790
1457560 790
1457570 791
1457580 792
1457590 793
1457600 793
1457610 793
1457620 793
1457630 793
1457640 792
1457650 792
1457660 792
1457670 792
1457680 792
1457690 792
1457700 793
1457710 794
1457720 794
1457730 794
1457740 795
1457750 795
1457760 795
1457770 794
1457780 792
1457790 792
1457800 791
1457810 791
1457820 791
1457830 791
1457840 792
1457850 792
1457860 793
1457870 794
1457880 794
1457890 793
1457900 792
1457910 792
1457920 792
1457930 793
1457940 795
1457950 795
1457960 795
1457970 796
1457980 796
1457990 798
1458000 797
1458010 797
1458020 795
1458030 795
1458040 795
1458050 794
1458060 794
1458070 794
1458080 793
1458090 793
1458100 792
1458110 792
1458120 792
1458130 792
1458140 792
1458150 792
1458160 792
1458170 792
1458180 792
1458190 792
1458200 792
1458210 792
1458220 792
1458230 792
1458240 793
1458250 793
1458260 793
1458270 792
1458280 791
1458290 791
1458300 791
1458310 791
1458320 791
1458330 791
1458340 792
1458350 792
1458360 792
1458370 793
1458380 793
1458390 793
1458400 792
1458410 790
1458420 790
1458430 791
1458440 793
1458450 795
1458460 795
1458470 797
1458480 799
1458490 799
1458500 802
1458510 805
1458520 805
1458530 807
1458540 809
1458550 809
1458560 811
1458570 813
1458580 813
1458590 813
1458600 808
1458610 808
1458620 804
1458630 803
1458640 805
1458650 805
1458660 814
1458670 824
1458680 824
1458690 831
1458700 832
1458710 832
1458720 831
1458730 831
1458740 831
1458750 832
1458760 830
1458770 830
1458780 825
1458790 820
1458800 817
1458810 817
1458820 819
1458830 823
1458840 823
1458850 824
1458860 823
1458870 823
1458880 822
1458890 822
1458900 822
1458910 821
1458920 821
1458930 821
1458940 823
1458950 826
1458960 829
1458970 829
1458980 832
1458990 835
1459000 835
1459010 839
1459020 841
1459030 841
1459040 839
1459050 834
1459060 834
1459070 828
1459080 826
1459090 826
1459100 824
1459110 823
1459120 823
1459130 826
1459140 838
1459150 845
1459160 845
1459170 847
1459180 851
1459190 851
1459200 855
1459210 857
1459220 857
1459230 857
1459240 855
1459250 855
1459260 855
1459270 856
1459280 856
1459290 857
1459300 859
1459310 860
1459320 860
1459330 862
1459340 863
1459350 863
1459360 863
1459370 863
1459380 863
1459390 862
1459400 862
1459410 862
1459420 863
1459430 865
1459440 865
1459450 867
1459460 868
1459470 869
1459480 869
1459490 870
1459500 871
1459510 871
1459520 872
1459530 874
1459540 874
1459550 875
1459560 876
1459570 876
1459580 877
1459590 877
1459600 877
1459610 878
1459620 879
1459630 879
1459640 879
1459650 880
1459660 881
1459670 881
1459680 882
1459690 882
1459700 882
1459710 882
1459720 882
1459730 882
1459740 882
1459750 882
1459760 882
1459770 881
1459780 880
1459790 880
1459800 880
1459810 880
1459820 879
1459830 879
1459840 878
1459850 878
1459860 878
1459870 877
1459880 877
1459890 877
1459900 877
1459910 877
1459920 877
1459930 876
1459940 875
1459950 875
1459960 873
1459970 871
1459980 868
1459990 868
