1440000 626
1440010 626
1440020 626
1440030 626
1440040 626
1440050 626
1440060 626
1440070 626
1440080 626
1440090 627
1440100 627
1440110 627
1440120 627
1440130 627
1440140 627
1440150 627
1440160 627
1440170 627
1440180 627
1440190 627
1440200 628
1440210 628
1440220 628
1440230 625
1440240 625
1440250 624
1440260 624
1440270 624
1440280 624
1440290 624
1440300 624
1440310 624
1440320 627
1440330 628
1440340 628
1440350 628
1440360 626
1440370 626
1440380 626
1440390 625
1440400 625
1440410 625
1440420 625
1440430 625
1440440 625
1440450 625
1440460 625
1440470 625
1440480 625
1440490 625
1440500 625
1440510 625
1440520 625
1440530 625
1440540 625
1440550 625
1440560 625
1440570 625
1440580 625
1440590 625
1440600 625
1440610 627
1440620 627
1440630 626
1440640 625
1440650 625
1440660 624
1440670 625
1440680 626
1440690 626
1440700 627
1440710 628
1440720 628
1440730 632
1440740 634
1440750 634
1440760 637
1440770 642
1440780 642
1440790 646
1440800 649
1440810 649
1440820 653
1440830 656
1440840 659
1440850 659
1440860 663
1440870 668
1440880 668
1440890 671
1440900 672
1440910 672
1440920 674
1440930 678
1440940 678
1440950 681
1440960 685
1440970 685
1440980 690
1440990 695
1441000 701
1441010 701
1441020 706
1441030 709
1441040 709
1441050 713
1441060 717
1441070 717
1441080 723
1441090 727
1441100 727
1441110 731
1441120 736
1441130 736
1441140 742
1441150 747
1441160 747
1441170 751
1441180 755
1441190 759
1441200 759
1441210 763
1441220 767
1441230 767
1441240 771
1441250 775
1441260 775
1441270 778
1441280 779
1441290 779
1441300 780
1441310 781
1441320 781
1441330 783
1441340 785
1441350 788
1441360 788
1441370 792
1441380 797
1441390 797
1441400 802
1441410 805
1441420 805
1441430 806
1441440 818
1441450 818
1441460 833
1441470 854
1441480 854
1441490 864
1441500 873
1441510 873
1441520 880
1441530 894
1441540 911
1441550 911
1441560 930
1441570 953
1441580 953
1441590 958
1441600 954
1441610 954
1441620 948
1441630 942
1441640 942
1441650 936
1441660 930
1441670 930
1441680 924
1441690 917
1441700 909
1441710 909
1441720 900
1441730 889
1441740 889
1441750 877
1441760 865
1441770 865
1441780 853
1441790 842
1441800 842
1441810 835
1441820 827
1441830 827
1441840 831
1441850 839
1441860 843
1441870 843
1441880 843
1441890 844
1441900 844
1441910 845
1441920 849
1441930 849
1441940 851
1441950 852
1441960 852
1441970 850
1441980 849
1441990 849
1442000 848
1442010 853
1442020 853
1442030 856
1442040 857
1442050 858
1442060 858
1442070 858
1442080 857
1442090 857
1442100 852
1442110 857
1442120 857
1442130 866
1442140 874
1442150 874
1442160 878
1442170 878
1442180 878
1442190 870
1442200 863
1442210 864
1442220 864
1442230 871
1442240 878
1442250 878
1442260 888
1442270 906
1442280 906
1442290 919
1442300 927
1442310 927
1442320 933
1442330 934
1442340 934
1442350 936
1442360 938
1442370 938
1442380 940
1442390 933
1442400 933
1442410 933
1442420 933
1442430 931
1442440 931
1442450 933
1442460 938
1442470 938
1442480 942
1442490 946
1442500 946
1442510 947
1442520 946
1442530 946
1442540 946
1442550 949
1442560 952
1442570 952
1442580 954
1442590 954
1442600 954
1442610 957
1442620 959
1442630 959
1442640 961
1442650 962
1442660 962
1442670 962
1442680 960
1442690 960
1442700 959
1442710 959
1442720 959
1442730 959
1442740 959
1442750 958
1442760 958
1442770 957
1442780 957
1442790 957
1442800 957
1442810 958
1442820 958
1442830 958
1442840 958
1442850 958
1442860 956
1442870 955
1442880 955
1442890 953
1442900 952
1442910 951
1442920 951
1442930 950
1442940 949
1442950 949
1442960 950
1442970 952
1442980 952
1442990 953
1443000 957
1443010 957
1443020 960
1443030 964
1443040 964
1443050 967
1443060 967
1443070 966
1443080 966
1443090 964
1443100 964
1443110 964
1443120 963
1443130 962
1443140 962
1443150 963
1443160 966
1443170 966
1443180 968
1443190 970
1443200 970
1443210 973
1443220 975
1443230 977
1443240 977
1443250 980
1443260 983
1443270 983
1443280 985
1443290 985
1443300 985
1443310 985
1443320 985
1443330 985
1443340 985
1443350 983
1443360 983
1443370 981
1443380 980
1443390 980
1443400 979
1443410 976
1443420 974
1443430 974
1443440 969
1443450 966
1443460 966
1443470 960
1443480 954
1443490 954
1443500 949
1443510 945
1443520 945
1443530 941
1443540 937
1443550 937
1443560 932
1443570 926
1443580 917
1443590 917
1443600 912
1443610 908
1443620 908
1443630 899
1443640 891
1443650 891
1443660 880
1443670 871
1443680 871
1443690 863
1443700 856
1443710 856
1443720 849
1443730 843
1443740 843
1443750 836
1443760 830
1443770 823
1443780 823
1443790 814
1443800 806
1443810 806
1443820 800
1443830 795
1443840 795
1443850 788
1443860 781
1443870 781
1443880 778
1443890 779
1443900 779
1443910 784
1443920 788
1443930 794
1443940 794
1443950 802
1443960 812
1443970 812
1443980 820
1443990 829
1444000 829
1444010 843
1444020 855
1444030 855
1444040 867
1444050 877
1444060 877
1444070 884
1444080 892
1444090 901
1444100 901
1444110 908
1444120 915
1444130 915
1444140 924
1444150 934
1444160 934
1444170 943
1444180 951
1444190 951
1444200 958
1444210 966
1444220 966
1444230 974
1444240 981
1444250 981
1444260 985
1444270 992
1444280 1001
1444290 1001
1444300 1009
1444310 1016
1444320 1016
1444330 1027
1444340 1032
1444350 1032
1444360 1035
1444370 1039
1444380 1039
1444390 1045
1444400 1065
1444410 1065
1444420 1073
1444430 1076
1444440 1076
1444450 1076
1444460 1076
1444470 1075
1444480 1075
1444490 1075
1444500 1077
1444510 1077
1444520 1077
1444530 1077
1444540 1077
1444550 1078
1444560 1080
1444570 1080
1444580 1081
1444590 1082
1444600 1082
1444610 1083
1444620 1085
1444630 1086
1444640 1086
1444650 1087
1444660 1088
1444670 1088
1444680 1088
1444690 1087
1444700 1087
1444710 1084
1444720 1079
1444730 1079
1444740 1075
1444750 1073
1444760 1073
1444770 1072
1444780 1068
1444790 1063
1444800 1063
1444810 1060
1444820 1059
1444830 1059
1444840 1058
1444850 1057
1444860 1057
1444870 1054
1444880 1048
1444890 1048
1444900 1040
1444910 1034
1444920 1034
1444930 1031
1444940 1028
1444950 1025
1444960 1025
1444970 1023
1444980 1020
1444990 1020
1445000 1017
1445010 1014
1445020 1014
1445030 1011
1445040 1008
1445050 1008
1445060 1005
1445070 1002
1445080 1002
1445090 1000
1445100 998
1445110 998
1445120 995
1445130 993
1445140 991
1445150 991
1445160 989
1445170 988
1445180 988
1445190 986
1445200 984
1445210 984
1445220 983
1445230 981
1445240 981
1445250 979
1445260 978
1445270 978
1445280 977
1445290 976
1445300 975
1445310 975
1445320 974
1445330 974
1445340 974
1445350 973
1445360 971
1445370 971
1445380 970
1445390 969
1445400 969
1445410 968
1445420 967
1445430 967
1445440 967
1445450 966
1445460 966
1445470 966
1445480 965
1445490 965
1445500 965
1445510 965
1445520 964
1445530 964
1445540 963
1445550 959
1445560 959
1445570 956
1445580 954
1445590 954
1445600 953
1445610 953
1445620 953
1445630 953
1445640 953
1445650 953
1445660 953
1445670 953
1445680 951
1445690 951
1445700 950
1445710 949
1445720 949
1445730 947
1445740 945
1445750 945
1445760 944
1445770 941
1445780 941
1445790 940
1445800 939
1445810 939
1445820 939
1445830 938
1445840 937
1445850 937
1445860 937
1445870 936
1445880 936
1445890 936
1445900 936
1445910 936
1445920 936
1445930 938
1445940 938
1445950 939
1445960 940
1445970 940
1445980 941
1445990 941
1446000 941
1446010 941
1446020 941
1446030 940
1446040 940
1446050 939
1446060 936
1446070 936
1446080 935
1446090 933
1446100 933
1446110 932
1446120 932
1446130 932
1446140 929
1446150 924
1446160 920
1446170 920
1446180 911
1446190 904
1446200 904
1446210 899
1446220 896
1446230 896
1446240 892
1446250 889
1446260 889
1446270 888
1446280 886
1446290 886
1446300 883
1446310 878
1446320 873
1446330 873
1446340 869
1446350 865
1446360 865
1446370 852
1446380 839
1446390 839
1446400 830
1446410 816
1446420 816
1446430 805
1446440 797
1446450 797
1446460 789
1446470 780
1446480 780
1446490 773
1446500 764
1446510 756
1446520 756
1446530 755
1446540 756
1446550 756
1446560 761
1446570 768
1446580 768
1446590 774
1446600 778
1446610 778
1446620 782
1446630 786
1446640 786
1446650 790
1446660 797
1446670 805
1446680 805
1446690 811
1446700 815
1446710 815
1446720 823
1446730 831
1446740 831
1446750 837
1446760 844
1446770 844
1446780 851
1446790 857
1446800 857
1446810 864
1446820 870
1446830 870
1446840 869
1446850 868
1446860 868
1446870 868
1446880 864
1446890 861
1446900 861
1446910 856
1446920 856
1446930 856
1446940 857
1446950 856
1446960 856
1446970 857
1446980 856
1446990 856
1447000 860
1447010 865
1447020 869
1447030 869
1447040 874
1447050 880
1447060 880
1447070 886
1447080 889
1447090 889
1447100 889
1447110 889
1447120 889
1447130 888
1447140 888
1447150 888
1447160 887
1447170 886
1447180 886
1447190 886
1447200 885
1447210 884
1447220 884
1447230 883
1447240 882
1447250 882
1447260 882
1447270 881
1447280 881
1447290 881
1447300 880
1447310 880
1447320 880
1447330 879
1447340 879
1447350 879
1447360 878
1447370 877
1447380 877
1447390 877
1447400 877
1447410 877
1447420 876
1447430 875
1447440 875
1447450 875
1447460 875
1447470 875
1447480 875
1447490 875
1447500 875
1447510 876
1447520 877
1447530 878
1447540 878
1447550 878
1447560 879
1447570 879
1447580 879
1447590 880
1447600 880
1447610 881
1447620 882
1447630 882
1447640 883
1447650 884
1447660 884
1447670 886
1447680 888
1447690 889
1447700 889
1447710 890
1447720 891
1447730 891
1447740 891
1447750 892
1447760 892
1447770 892
1447780 892
1447790 892
1447800 891
1447810 892
1447820 892
1447830 893
1447840 895
1447850 895
1447860 896
1447870 897
1447880 897
1447890 897
1447900 897
1447910 897
1447920 897
1447930 895
1447940 894
1447950 894
1447960 894
1447970 895
1447980 895
1447990 896
1448000 897
1448010 897
1448020 899
1448030 900
1448040 901
1448050 901
1448060 902
1448070 902
1448080 902
1448090 903
1448100 903
1448110 903
1448120 903
1448130 903
1448140 903
1448150 903
1448160 903
1448170 903
1448180 903
1448190 903
1448200 903
1448210 904
1448220 904
1448230 905
1448240 905
1448250 907
1448260 910
1448270 910
1448280 910
1448290 911
1448300 911
1448310 912
1448320 912
1448330 912
1448340 913
1448350 913
1448360 913
1448370 913
1448380 913
1448390 913
1448400 913
1448410 913
1448420 912
1448430 912
1448440 911
1448450 910
1448460 910
1448470 910
1448480 910
1448490 910
1448500 910
1448510 910
1448520 910
1448530 909
1448540 908
1448550 907
1448560 907
1448570 906
1448580 906
1448590 906
1448600 906
1448610 906
1448620 906
1448630 906
1448640 906
1448650 906
1448660 906
1448670 905
1448680 905
1448690 905
1448700 903
1448710 903
1448720 903
1448730 901
1448740 895
1448750 895
1448760 886
1448770 880
1448780 880
1448790 876
1448800 872
1448810 872
1448820 868
1448830 870
1448840 876
1448850 884
1448860 893
1448870 893
1448880 898
1448890 898
1448900 896
1448910 896
1448920 896
1448930 895
1448940 895
1448950 894
1448960 895
1448970 895
1448980 895
1448990 896
1449000 896
1449010 897
1449020 898
1449030 898
1449040 897
1449050 896
1449060 896
1449070 891
1449080 888
1449090 892
1449100 892
1449110 894
1449120 895
1449130 895
1449140 897
1449150 898
1449160 898
1449170 900
1449180 900
1449190 900
1449200 897
1449210 895
1449220 895
1449230 893
1449240 894
1449250 894
1449260 894
1449270 890
1449280 886
1449290 886
1449300 887
1449310 889
1449320 889
1449330 890
1449340 891
1449350 891
1449360 892
1449370 893
1449380 893
1449390 896
1449400 900
1449410 902
1449420 902
1449430 902
1449440 901
1449450 901
1449460 901
1449470 900
1449480 900
1449490 901
1449500 903
1449510 903
1449520 902
1449530 902
1449540 902
1449550 903
1449560 906
1449570 906
1449580 909
1449590 909
1449600 907
1449610 907
1449620 902
1449630 902
1449640 902
1449650 902
1449660 901
1449670 901
1449680 896
1449690 893
1449700 893
1449710 892
1449720 889
1449730 889
1449740 889
1449750 897
1449760 903
1449770 903
1449780 907
1449790 909
1449800 909
1449810 911
1449820 912
1449830 912
1449840 911
1449850 904
1449860 904
1449870 901
1449880 902
1449890 902
1449900 905
1449910 908
1449920 911
1449930 911
1449940 912
1449950 913
1449960 913
1449970 916
1449980 919
1449990 919
1450000 922
1450010 926
1450020 926
1450030 932
1450040 937
1450050 937
1450060 939
1450070 941
1450080 941
1450090 942
1450100 943
1450110 944
1450120 944
1450130 945
1450140 945
1450150 945
1450160 945
1450170 942
1450180 942
1450190 944
1450200 946
1450210 946
1450220 947
1450230 948
1450240 948
1450250 948
1450260 949
1450270 950
1450280 950
1450290 948
1450300 945
1450310 945
1450320 939
1450330 934
1450340 934
1450350 930
1450360 926
1450370 926
1450380 919
1450390 911
1450400 911
1450410 904
1450420 898
1450430 898
1450440 892
1450450 886
1450460 881
1450470 881
1450480 874
1450490 864
1450500 864
1450510 868
1450520 878
1450530 878
1450540 884
1450550 894
1450560 894
1450570 900
1450580 906
1450590 906
1450600 910
1450610 917
1450620 922
1450630 922
1450640 926
1450650 932
1450660 932
1450670 938
1450680 947
1450690 947
1450700 955
1450710 964
1450720 964
1450730 972
1450740 982
1450750 982
1450760 992
1450770 997
1450780 1003
1450790 1003
1450800 1010
1450810 1015
1450820 1015
1450830 1012
1450840 1011
1450850 1011
1450860 1013
1450870 1016
1450880 1016
1450890 1019
1450900 1022
1450910 1022
1450920 1025
1450930 1029
1450940 1029
1450950 1031
1450960 1034
1450970 1036
1450980 1036
1450990 1037
1451000 1040
1451010 1040
1451020 1043
1451030 1045
1451040 1045
1451050 1046
1451060 1048
1451070 1048
1451080 1050
1451090 1051
1451100 1051
1451110 1052
1451120 1053
1451130 1054
1451140 1054
1451150 1054
1451160 1054
1451170 1054
1451180 1056
1451190 1057
1451200 1057
1451210 1058
1451220 1059
1451230 1059
1451240 1061
1451250 1062
1451260 1062
1451270 1064
1451280 1065
1451290 1065
1451300 1067
1451310 1069
1451320 1070
1451330 1070
1451340 1071
1451350 1073
1451360 1073
1451370 1074
1451380 1075
1451390 1075
1451400 1077
1451410 1078
1451420 1078
1451430 1078
1451440 1075
1451450 1075
1451460 1073
1451470 1074
1451480 1076
1451490 1076
1451500 1079
1451510 1083
1451520 1083
1451530 1089
1451540 1092
1451550 1092
1451560 1095
1451570 1098
1451580 1098
1451590 1099
1451600 1100
1451610 1100
1451620 1099
1451630 1099
1451640 1099
1451650 1099
1451660 1098
1451670 1098
1451680 1098
1451690 1098
1451700 1098
1451710 1098
1451720 1098
1451730 1099
1451740 1099
1451750 1099
1451760 1099
1451770 1099
1451780 1099
1451790 1100
1451800 1100
1451810 1101
1451820 1101
1451830 1102
1451840 1102
1451850 1103
1451860 1103
1451870 1103
1451880 1103
1451890 1104
1451900 1104
1451910 1104
1451920 1104
1451930 1104
1451940 1105
1451950 1105
1451960 1105
1451970 1106
1451980 1106
1451990 1106
1452000 1106
1452010 1107
1452020 1107
1452030 1107
1452040 1107
1452050 1106
1452060 1106
1452070 1105
1452080 1106
1452090 1106
1452100 1106
1452110 1107
1452120 1107
1452130 1108
1452140 1111
1452150 1113
1452160 1113
1452170 1114
1452180 1116
1452190 1116
1452200 1118
1452210 1121
1452220 1121
1452230 1125
1452240 1130
1452250 1130
1452260 1134
1452270 1138
1452280 1138
1452290 1140
1452300 1139
1452310 1139
1452320 1141
1452330 1140
1452340 1139
1452350 1139
1452360 1140
1452370 1143
1452380 1143
1452390 1146
1452400 1148
1452410 1148
1452420 1151
1452430 1152
1452440 1152
1452450 1153
1452460 1154
1452470 1154
1452480 1157
1452490 1160
1452500 1163
1452510 1163
1452520 1167
1452530 1172
1452540 1172
1452550 1177
1452560 1173
1452570 1173
1452580 1175
1452590 1177
1452600 1177
1452610 1178
1452620 1179
1452630 1179
1452640 1181
1452650 1183
1452660 1183
1452670 1184
1452680 1186
1452690 1187
1452700 1187
1452710 1188
1452720 1189
1452730 1189
1452740 1189
1452750 1190
1452760 1190
1452770 1190
1452780 1191
1452790 1191
1452800 1192
1452810 1192
1452820 1192
1452830 1193
1452840 1196
1452850 1198
1452860 1198
1452870 1201
1452880 1203
1452890 1203
1452900 1208
1452910 1210
1452920 1210
1452930 1212
1452940 1213
1452950 1213
1452960 1216
1452970 1219
1452980 1219
1452990 1221
1453000 1225
1453010 1228
1453020 1228
1453030 1230
1453040 1231
1453050 1231
1453060 1231
1453070 1233
1453080 1233
1453090 1236
1453100 1238
1453110 1238
1453120 1241
1453130 1244
1453140 1244
1453150 1246
1453160 1248
1453170 1248
1453180 1250
1453190 1252
1453200 1253
1453210 1253
1453220 1255
1453230 1257
1453240 1257
1453250 1258
1453260 1260
1453270 1260
1453280 1258
1453290 1253
1453300 1253
1453310 1259
1453320 1264
1453330 1264
1453340 1268
1453350 1270
1453360 1271
1453370 1271
1453380 1272
1453390 1273
1453400 1273
1453410 1274
1453420 1274
1453430 1274
1453440 1275
1453450 1277
1453460 1277
1453470 1278
1453480 1279
1453490 1279
1453500 1280
1453510 1280
1453520 1283
1453530 1283
1453540 1286
1453550 1287
1453560 1287
1453570 1288
1453580 1290
1453590 1290
1453600 1291
1453610 1291
1453620 1291
1453630 1292
1453640 1290
1453650 1290
1453660 1292
1453670 1293
1453680 1293
1453690 1291
1453700 1292
1453710 1298
1453720 1298
1453730 1304
1453740 1307
1453750 1307
1453760 1308
1453770 1309
1453780 1309
1453790 1311
1453800 1312
1453810 1312
1453820 1313
1453830 1313
1453840 1313
1453850 1313
1453860 1315
1453870 1316
1453880 1316
1453890 1313
1453900 1314
1453910 1314
1453920 1315
1453930 1315
1453940 1315
1453950 1316
1453960 1315
1453970 1315
1453980 1316
1453990 1316
1454000 1316
1454010 1317
1454020 1316
1454030 1316
1454040 1315
1454050 1317
1454060 1317
1454070 1317
1454080 1317
1454090 1318
1454100 1318
1454110 1318
1454120 1318
1454130 1318
1454140 1317
1454150 1317
1454160 1317
1454170 1317
1454180 1316
1454190 1316
1454200 1315
1454210 1311
1454220 1309
1454230 1309
1454240 1308
1454250 1307
1454260 1307
1454270 1306
1454280 1302
1454290 1302
1454300 1298
1454310 1299
1454320 1299
1454330 1301
1454340 1301
1454350 1301
1454360 1300
1454370 1299
1454380 1298
1454390 1298
1454400 1297
1454410 1297
1454420 1297
1454430 1298
1454440 1296
1454450 1296
1454460 1295
1454470 1295
1454480 1295
1454490 1295
1454500 1294
1454510 1294
1454520 1295
1454530 1296
1454540 1296
1454550 1294
1454560 1290
1454570 1290
1454580 1290
1454590 1292
1454600 1292
1454610 1292
1454620 1291
1454630 1291
1454640 1291
1454650 1289
1454660 1287
1454670 1287
1454680 1288
1454690 1287
1454700 1287
1454710 1286
1454720 1286
1454730 1286
1454740 1286
1454750 1285
1454760 1284
1454770 1284
1454780 1281
1454790 1278
1454800 1278
1454810 1274
1454820 1272
1454830 1272
1454840 1271
1454850 1270
1454860 1270
1454870 1268
1454880 1267
1454890 1267
1454900 1267
1454910 1267
1454920 1268
1454930 1268
1454940 1267
1454950 1266
1454960 1266
1454970 1265
1454980 1265
1454990 1265
1455000 1265
1455010 1265
1455020 1265
1455030 1265
1455040 1264
1455050 1264
1455060 1262
1455070 1261
1455080 1260
1455090 1260
1455100 1258
1455110 1257
1455120 1257
1455130 1256
1455140 1252
1455150 1252
1455160 1248
1455170 1244
1455180 1244
1455190 1240
1455200 1236
1455210 1236
1455220 1238
1455230 1247
1455240 1254
1455250 1254
1455260 1255
1455270 1255
1455280 1255
1455290 1254
1455300 1254
1455310 1254
1455320 1251
1455330 1250
1455340 1250
1455350 1248
1455360 1248
1455370 1248
1455380 1247
1455390 1245
1455400 1245
1455410 1244
1455420 1245
1455430 1245
1455440 1245
1455450 1243
1455460 1242
1455470 1242
1455480 1241
1455490 1239
1455500 1239
1455510 1239
1455520 1238
1455530 1238
1455540 1236
1455550 1233
1455560 1233
1455570 1231
1455580 1227
1455590 1223
1455600 1223
1455610 1220
1455620 1217
1455630 1217
1455640 1213
1455650 1209
1455660 1209
1455670 1206
1455680 1202
1455690 1202
1455700 1196
1455710 1192
1455720 1192
1455730 1189
1455740 1186
1455750 1185
1455760 1185
1455770 1182
1455780 1180
1455790 1180
1455800 1177
1455810 1174
1455820 1174
1455830 1174
1455840 1172
1455850 1172
1455860 1168
1455870 1165
1455880 1165
1455890 1162
1455900 1156
1455910 1156
1455920 1150
1455930 1143
1455940 1137
1455950 1137
1455960 1133
1455970 1135
1455980 1135
1455990 1136
1456000 1136
1456010 1136
1456020 1133
1456030 1129
1456040 1129
1456050 1125
1456060 1120
1456070 1120
1456080 1114
1456090 1109
1456100 1102
1456110 1102
1456120 1095
1456130 1089
1456140 1089
1456150 1083
1456160 1078
1456170 1078
1456180 1074
1456190 1069
1456200 1069
1456210 1062
1456220 1058
1456230 1058
1456240 1061
1456250 1067
1456260 1067
1456270 1068
1456280 1066
1456290 1062
1456300 1062
1456310 1058
1456320 1056
1456330 1056
1456340 1054
1456350 1053
1456360 1053
1456370 1052
1456380 1050
1456390 1050
1456400 1049
1456410 1048
1456420 1048
1456430 1047
1456440 1046
1456450 1045
1456460 1045
1456470 1045
1456480 1042
1456490 1042
1456500 1036
1456510 1027
1456520 1027
1456530 1023
1456540 1017
1456550 1017
1456560 1019
1456570 1023
1456580 1023
1456590 1023
1456600 1020
1456610 1017
1456620 1017
1456630 1014
1456640 1011
1456650 1011
1456660 1008
1456670 1006
1456680 1006
1456690 1004
1456700 1002
1456710 1002
1456720 1000
1456730 999
1456740 999
1456750 999
1456760 999
1456770 996
1456780 997
1456790 996
1456800 996
1456810 996
1456820 995
1456830 995
1456840 995
1456850 995
1456860 994
1456870 994
1456880 994
1456890 993
1456900 993
1456910 992
1456920 992
1456930 992
1456940 990
1456950 989
1456960 988
1456970 988
1456980 987
1456990 984
1457000 984
1457010 982
1457020 977
1457030 977
1457040 971
1457050 963
1457060 963
1457070 963
1457080 966
1457090 966
1457100 963
1457110 964
1457120 964
1457130 963
1457140 957
1457150 948
1457160 948
1457170 940
1457180 933
1457190 933
1457200 926
1457210 920
1457220 920
1457230 913
1457240 907
1457250 907
1457260 899
1457270 888
1457280 888
1457290 878
1457300 871
1457310 871
1457320 871
1457330 871
1457340 870
1457350 870
1457360 877
1457370 887
1457380 887
1457390 897
1457400 906
1457410 906
1457420 914
1457430 922
1457440 922
1457450 929
1457460 935
1457470 942
1457480 942
1457490 949
1457500 957
1457510 957
1457520 964
1457530 972
1457540 972
1457550 980
1457560 987
1457570 987
1457580 995
1457590 1004
1457600 1004
1457610 1015
1457620 1023
1457630 1023
1457640 1030
1457650 1038
1457660 1046
1457670 1046
1457680 1053
1457690 1059
1457700 1059
1457710 1066
1457720 1070
1457730 1070
1457740 1075
1457750 1079
1457760 1079
1457770 1083
1457780 1085
1457790 1085
1457800 1088
1457810 1093
1457820 1098
1457830 1098
1457840 1103
1457850 1107
1457860 1107
1457870 1110
1457880 1114
1457890 1114
1457900 1118
1457910 1121
1457920 1121
1457930 1125
1457940 1130
1457950 1130
1457960 1136
1457970 1140
1457980 1140
1457990 1140
1458000 1140
1458010 1141
1458020 1141
1458030 1143
1458040 1148
1458050 1148
1458060 1154
1458070 1157
1458080 1157
1458090 1159
1458100 1160
1458110 1160
1458120 1161
1458130 1161
1458140 1161
1458150 1160
1458160 1158
1458170 1158
1458180 1158
1458190 1158
1458200 1159
1458210 1159
1458220 1159
1458230 1160
1458240 1160
1458250 1162
1458260 1163
1458270 1163
1458280 1163
1458290 1164
1458300 1164
1458310 1164
1458320 1165
1458330 1164
1458340 1164
1458350 1163
1458360 1162
1458370 1162
1458380 1161
1458390 1161
1458400 1161
1458410 1160
1458420 1159
1458430 1159
1458440 1158
1458450 1157
1458460 1157
1458470 1157
1458480 1156
1458490 1156
1458500 1155
1458510 1154
1458520 1153
1458530 1153
1458540 1152
1458550 1150
1458560 1150
1458570 1145
1458580 1139
1458590 1139
1458600 1137
1458610 1142
1458620 1142
1458630 1146
1458640 1147
1458650 1147
1458660 1146
1458670 1146
1458680 1149
1458690 1149
1458700 1150
1458710 1148
1458720 1148
1458730 1147
1458740 1145
1458750 1145
1458760 1144
1458770 1142
1458780 1142
1458790 1139
1458800 1136
1458810 1136
1458820 1134
1458830 1132
1458840 1129
1458850 1129
1458860 1126
1458870 1123
1458880 1123
1458890 1121
1458900 1120
1458910 1120
1458920 1120
1458930 1118
1458940 1118
1458950 1118
1458960 1117
1458970 1117
1458980 1116
1458990 1115
1459000 1115
1459010 1115
1459020 1115
1459030 1116
1459040 1116
1459050 1117
1459060 1119
1459070 1119
1459080 1120
1459090 1119
1459100 1119
1459110 1118
1459120 1115
1459130 1115
1459140 1112
1459150 1115
1459160 1115
1459170 1122
1459180 1126
1459190 1130
1459200 1130
1459210 1134
1459220 1136
1459230 1136
1459240 1136
1459250 1137
1459260 1137
1459270 1138
1459280 1137
1459290 1137
1459300 1137
1459310 1136
1459320 1136
1459330 1136
1459340 1135
1459350 1137
1459360 1137
1459370 1136
1459380 1134
1459390 1134
1459400 1134
1459410 1141
1459420 1141
1459430 1146
1459440 1148
1459450 1148
1459460 1148
1459470 1147
1459480 1147
1459490 1141
1459500 1142
1459510 1142
1459520 1149
1459530 1153
1459540 1156
1459550 1156
1459560 1157
1459570 1158
1459580 1158
1459590 1158
1459600 1160
1459610 1160
1459620 1161
1459630 1162
1459640 1162
1459650 1163
1459660 1164
1459670 1164
1459680 1164
1459690 1165
1459700 1166
1459710 1166
1459720 1166
1459730 1167
1459740 1167
1459750 1168
1459760 1170
1459770 1170
1459780 1171
1459790 1173
1459800 1173
1459810 1173
1459820 1173
1459830 1173
1459840 1172
1459850 1171
1459860 1171
1459870 1170
1459880 1170
1459890 1169
1459900 1169
1459910 1169
1459920 1168
1459930 1168
1459940 1168
1459950 1168
1459960 1168
1459970 1168
1459980 1168
1459990 1168
