1440000 627
1440010 629
1440020 629
1440030 628
1440040 627
1440050 627
1440060 626
1440070 626
1440080 626
1440090 626
1440100 626
1440110 626
1440120 626
1440130 626
1440140 626
1440150 626
1440160 626
1440170 628
1440180 628
1440190 628
1440200 627
1440210 627
1440220 626
1440230 627
1440240 628
1440250 628
1440260 628
1440270 628
1440280 628
1440290 629
1440300 632
1440310 632
1440320 633
1440330 636
1440340 636
1440350 640
1440360 644
1440370 644
1440380 648
1440390 651
1440400 651
1440410 654
1440420 658
1440430 664
1440440 664
1440450 669
1440460 673
1440470 673
1440480 677
1440490 682
1440500 682
1440510 685
1440520 689
1440530 689
1440540 693
1440550 699
1440560 699
1440570 704
1440580 709
1440590 715
1440600 715
1440610 721
1440620 726
1440630 726
1440640 731
1440650 736
1440660 736
1440670 742
1440680 749
1440690 749
1440700 756
1440710 763
1440720 763
1440730 772
1440740 779
1440750 786
1440760 786
1440770 792
1440780 797
1440790 797
1440800 799
1440810 800
1440820 800
1440830 806
1440840 818
1440850 818
1440860 820
1440870 827
1440880 827
1440890 837
1440900 846
1440910 846
1440920 849
1440930 854
1440940 865
1440950 865
1440960 882
1440970 893
1440980 893
1440990 888
1441000 884
1441010 884
1441020 885
1441030 897
1441040 897
1441050 909
1441060 924
1441070 924
1441080 940
1441090 945
1441100 935
1441110 935
1441120 934
1441130 942
1441140 942
1441150 949
1441160 962
1441170 962
1441180 984
1441190 993
1441200 993
1441210 1006
1441220 1019
1441230 1019
1441240 1032
1441250 1049
1441260 1049
1441270 1065
1441280 1076
1441290 1085
1441300 1085
1441310 1096
1441320 1105
1441330 1105
1441340 1130
1441350 1148
1441360 1148
1441370 1155
1441380 1157
1441390 1157
1441400 1157
1441410 1157
1441420 1157
1441430 1154
1441440 1151
1441450 1147
1441460 1147
1441470 1143
1441480 1137
1441490 1137
1441500 1134
1441510 1133
1441520 1133
1441530 1133
1441540 1133
1441550 1133
1441560 1133
1441570 1133
1441580 1133
1441590 1130
1441600 1116
1441610 1101
1441620 1101
1441630 1094
1441640 1096
1441650 1096
1441660 1102
1441670 1110
1441680 1110
1441690 1117
1441700 1119
1441710 1119
1441720 1117
1441730 1121
1441740 1121
1441750 1130
1441760 1116
1441770 1116
1441780 1110
1441790 1097
1441800 1082
1441810 1082
1441820 1082
1441830 1089
1441840 1089
1441850 1102
1441860 1112
1441870 1112
1441880 1112
1441890 1113
1441900 1113
1441910 1115
1441920 1116
1441930 1116
1441940 1117
1441950 1115
1441960 1110
1441970 1110
1441980 1109
1441990 1110
1442000 1110
1442010 1110
1442020 1109
1442030 1109
1442040 1112
1442050 1116
1442060 1116
1442070 1120
1442080 1124
1442090 1124
1442100 1124
1442110 1123
1442120 1120
1442130 1120
1442140 1116
1442150 1112
1442160 1112
1442170 1107
1442180 1101
1442190 1101
1442200 1095
1442210 1093
1442220 1093
1442230 1092
1442240 1090
1442250 1090
1442260 1088
1442270 1086
1442280 1086
1442290 1085
1442300 1085
1442310 1085
1442320 1085
1442330 1084
1442340 1083
1442350 1083
1442360 1081
1442370 1080
1442380 1080
1442390 1078
1442400 1078
1442410 1078
1442420 1077
1442430 1076
1442440 1076
1442450 1075
1442460 1074
1442470 1073
1442480 1073
1442490 1072
1442500 1070
1442510 1070
1442520 1066
1442530 1062
1442540 1062
1442550 1062
1442560 1064
1442570 1064
1442580 1065
1442590 1063
1442600 1063
1442610 1060
1442620 1058
1442630 1058
1442640 1056
1442650 1053
1442660 1050
1442670 1050
1442680 1048
1442690 1046
1442700 1046
1442710 1043
1442720 1039
1442730 1039
1442740 1035
1442750 1033
1442760 1033
1442770 1032
1442780 1030
1442790 1030
1442800 1029
1442810 1028
1442820 1027
1442830 1027
1442840 1027
1442850 1026
1442860 1026
1442870 1026
1442880 1026
1442890 1026
1442900 1026
1442910 1025
1442920 1025
1442930 1024
1442940 1022
1442950 1022
1442960 1018
1442970 1015
1442980 1011
1442990 1011
1443000 1005
1443010 1000
1443020 1000
1443030 996
1443040 991
1443050 991
1443060 987
1443070 983
1443080 983
1443090 978
1443100 971
1443110 971
1443120 965
1443130 965
1443140 965
1443150 963
1443160 960
1443170 956
1443180 956
1443190 951
1443200 946
1443210 946
1443220 944
1443230 943
1443240 943
1443250 942
1443260 936
1443270 936
1443280 927
1443290 919
1443300 919
1443310 911
1443320 903
1443330 895
1443340 895
1443350 888
1443360 882
1443370 882
1443380 874
1443390 866
1443400 866
1443410 857
1443420 850
1443430 850
1443440 847
1443450 848
1443460 848
1443470 850
1443480 855
1443490 855
1443500 863
1443510 871
1443520 876
1443530 876
1443540 878
1443550 883
1443560 883
1443570 889
1443580 884
1443590 884
1443600 886
1443610 894
1443620 894
1443630 898
1443640 896
1443650 896
1443660 897
1443670 905
1443680 921
1443690 921
1443700 937
1443710 942
1443720 942
1443730 946
1443740 948
1443750 948
1443760 948
1443770 951
1443780 951
1443790 958
1443800 964
1443810 964
1443820 969
1443830 975
1443840 981
1443850 981
1443860 987
1443870 992
1443880 992
1443890 996
1443900 1000
1443910 1000
1443920 1004
1443930 1007
1443940 1007
1443950 1009
1443960 1012
1443970 1012
1443980 1014
1443990 1014
1444000 1014
1444010 1013
1444020 1012
1444030 1010
1444040 1010
1444050 1009
1444060 1007
1444070 1007
1444080 1006
1444090 1007
1444100 1007
1444110 1006
1444120 1005
1444130 1005
1444140 1004
1444150 1004
1444160 1004
1444170 1003
1444180 1003
1444190 1002
1444200 1002
1444210 1000
1444220 998
1444230 998
1444240 996
1444250 994
1444260 994
1444270 992
1444280 990
1444290 990
1444300 988
1444310 986
1444320 986
1444330 983
1444340 981
1444350 981
1444360 978
1444370 975
1444380 972
1444390 972
1444400 971
1444410 970
1444420 970
1444430 969
1444440 968
1444450 968
1444460 968
1444470 968
1444480 968
1444490 968
1444500 968
1444510 968
1444520 969
1444530 969
1444540 969
1444550 969
1444560 968
1444570 968
1444580 968
1444590 968
1444600 968
1444610 968
1444620 968
1444630 968
1444640 968
1444650 967
1444660 965
1444670 965
1444680 962
1444690 958
1444700 954
1444710 954
1444720 951
1444730 948
1444740 948
1444750 945
1444760 940
1444770 940
1444780 936
1444790 933
1444800 933
1444810 931
1444820 928
1444830 928
1444840 925
1444850 923
1444860 923
1444870 920
1444880 918
1444890 916
1444900 916
1444910 915
1444920 914
1444930 914
1444940 914
1444950 916
1444960 916
1444970 915
1444980 917
1444990 917
1445000 918
1445010 918
1445020 918
1445030 918
1445040 917
1445050 916
1445060 916
1445070 915
1445080 914
1445090 914
1445100 913
1445110 912
1445120 912
1445130 910
1445140 909
1445150 909
1445160 908
1445170 907
1445180 907
1445190 907
1445200 906
1445210 906
1445220 907
1445230 907
1445240 906
1445250 906
1445260 905
1445270 903
1445280 903
1445290 902
1445300 901
1445310 901
1445320 901
1445330 902
1445340 902
1445350 899
1445360 899
1445370 899
1445380 900
1445390 901
1445400 899
1445410 899
1445420 897
1445430 896
1445440 896
1445450 898
1445460 899
1445470 899
1445480 899
1445490 899
1445500 899
1445510 900
1445520 901
1445530 901
1445540 901
1445550 902
1445560 903
1445570 903
1445580 903
1445590 901
1445600 901
1445610 902
1445620 906
1445630 906
1445640 907
1445650 906
1445660 906
1445670 902
1445680 894
1445690 894
1445700 887
1445710 880
1445720 880
1445730 874
1445740 867
1445750 862
1445760 862
1445770 857
1445780 857
1445790 857
1445800 864
1445810 868
1445820 868
1445830 872
1445840 878
1445850 878
1445860 884
1445870 888
1445880 888
1445890 889
1445900 888
1445910 888
1445920 888
1445930 889
1445940 891
1445950 889
1445960 886
1445970 879
1445980 879
1445990 872
1446000 866
1446010 866
1446020 860
1446030 854
1446040 854
1446050 858
1446060 862
1446070 862
1446080 859
1446090 857
1446100 855
1446110 855
1446120 848
1446130 842
1446140 842
1446150 837
1446160 830
1446170 830
1446180 823
1446190 816
1446200 816
1446210 811
1446220 806
1446230 806
1446240 801
1446250 797
1446260 794
1446270 794
1446280 790
1446290 787
1446300 787
1446310 787
1446320 790
1446330 790
1446340 799
1446350 820
1446360 820
1446370 829
1446380 832
1446390 832
1446400 842
1446410 854
1446420 863
1446430 863
1446440 871
1446450 882
1446460 882
1446470 893
1446480 906
1446490 906
1446500 913
1446510 918
1446520 918
1446530 921
1446540 924
1446550 924
1446560 927
1446570 929
1446580 929
1446590 930
1446600 931
1446610 933
1446620 933
1446630 933
1446640 934
1446650 934
1446660 937
1446670 940
1446680 940
1446690 940
1446700 942
1446710 942
1446720 943
1446730 946
1446740 946
1446750 948
1446760 952
1446770 955
1446780 955
1446790 958
1446800 961
1446810 961
1446820 963
1446830 966
1446840 966
1446850 970
1446860 973
1446870 973
1446880 977
1446890 979
1446900 979
1446910 981
1446920 982
1446930 982
1446940 983
1446950 984
1446960 985
1446970 985
1446980 986
1446990 987
1447000 987
1447010 988
1447020 990
1447030 990
1447040 992
1447050 994
1447060 994
1447070 995
1447080 996
1447090 996
1447100 997
1447110 999
1447120 999
1447130 999
1447140 997
1447150 997
1447160 997
1447170 999
1447180 999
1447190 999
1447200 999
1447210 1000
1447220 1000
1447230 1000
1447240 1002
1447250 1002
1447260 1003
1447270 1004
1447280 1004
1447290 1004
1447300 1005
1447310 1005
1447320 1005
1447330 1005
1447340 1006
1447350 1006
1447360 1006
1447370 1006
1447380 1006
1447390 1007
1447400 1007
1447410 1007
1447420 1007
1447430 1007
1447440 1007
1447450 1007
1447460 1007
1447470 1005
1447480 1005
1447490 1004
1447500 1004
1447510 1004
1447520 1002
1447530 1002
1447540 1002
1447550 1001
1447560 1001
1447570 1001
1447580 1002
1447590 1002
1447600 1002
1447610 1003
1447620 1003
1447630 1004
1447640 1004
1447650 1004
1447660 1005
1447670 1005
1447680 1006
1447690 1006
1447700 1006
1447710 1008
1447720 1010
1447730 1010
1447740 1011
1447750 1013
1447760 1013
1447770 1014
1447780 1015
1447790 1015
1447800 1015
1447810 1012
1447820 1007
1447830 1007
1447840 1012
1447850 1020
1447860 1020
1447870 1022
1447880 1024
1447890 1024
1447900 1026
1447910 1027
1447920 1027
1447930 1028
1447940 1030
1447950 1030
1447960 1031
1447970 1033
1447980 1033
1447990 1033
1448000 1034
1448010 1034
1448020 1034
1448030 1034
1448040 1034
1448050 1034
1448060 1034
1448070 1035
1448080 1035
1448090 1034
1448100 1034
1448110 1034
1448120 1032
1448130 1031
1448140 1031
1448150 1031
1448160 1031
1448170 1030
1448180 1030
1448190 1031
1448200 1030
1448210 1030
1448220 1030
1448230 1029
1448240 1029
1448250 1028
1448260 1026
1448270 1026
1448280 1025
1448290 1025
1448300 1025
1448310 1024
1448320 1025
1448330 1025
1448340 1025
1448350 1025
1448360 1027
1448370 1027
1448380 1028
1448390 1028
1448400 1028
1448410 1030
1448420 1032
1448430 1032
1448440 1033
1448450 1034
1448460 1034
1448470 1034
1448480 1033
1448490 1034
1448500 1034
1448510 1036
1448520 1036
1448530 1036
1448540 1036
1448550 1034
1448560 1034
1448570 1034
1448580 1034
1448590 1034
1448600 1035
1448610 1035
1448620 1035
1448630 1035
1448640 1035
1448650 1036
1448660 1036
1448670 1036
1448680 1034
1448690 1034
1448700 1031
1448710 1027
1448720 1027
1448730 1023
1448740 1024
1448750 1024
1448760 1025
1448770 1025
1448780 1025
1448790 1024
1448800 1022
1448810 1022
1448820 1021
1448830 1016
1448840 1011
1448850 1011
1448860 1012
1448870 1029
1448880 1029
1448890 1041
1448900 1048
1448910 1048
1448920 1050
1448930 1052
1448940 1052
1448950 1054
1448960 1054
1448970 1054
1448980 1057
1448990 1058
1449000 1059
1449010 1059
1449020 1060
1449030 1060
1449040 1060
1449050 1057
1449060 1055
1449070 1055
1449080 1059
1449090 1062
1449100 1062
1449110 1064
1449120 1066
1449130 1066
1449140 1069
1449150 1072
1449160 1072
1449170 1075
1449180 1077
1449190 1079
1449200 1079
1449210 1080
1449220 1080
1449230 1080
1449240 1082
1449250 1084
1449260 1084
1449270 1085
1449280 1086
1449290 1086
1449300 1086
1449310 1084
1449320 1084
1449330 1083
1449340 1084
1449350 1080
1449360 1080
1449370 1081
1449380 1082
1449390 1082
1449400 1083
1449410 1081
1449420 1081
1449430 1079
1449440 1081
1449450 1081
1449460 1082
1449470 1083
1449480 1083
1449490 1083
1449500 1083
1449510 1084
1449520 1084
1449530 1084
1449540 1084
1449550 1084
1449560 1082
1449570 1080
1449580 1080
1449590 1078
1449600 1078
1449610 1078
1449620 1077
1449630 1075
1449640 1075
1449650 1073
1449660 1069
1449670 1069
1449680 1067
1449690 1068
1449700 1067
1449710 1067
1449720 1067
1449730 1066
1449740 1066
1449750 1065
1449760 1063
1449770 1063
1449780 1064
1449790 1064
1449800 1064
1449810 1064
1449820 1065
1449830 1065
1449840 1067
1449850 1069
1449860 1072
1449870 1072
1449880 1074
1449890 1075
1449900 1075
1449910 1077
1449920 1079
1449930 1079
1449940 1081
1449950 1081
1449960 1081
1449970 1081
1449980 1080
1449990 1080
1450000 1077
1450010 1073
1450020 1073
1450030 1072
1450040 1076
1450050 1078
1450060 1078
1450070 1079
1450080 1079
1450090 1079
1450100 1080
1450110 1080
1450120 1080
1450130 1079
1450140 1079
1450150 1079
1450160 1079
1450170 1078
1450180 1078
1450190 1078
1450200 1077
1450210 1073
1450220 1073
1450230 1072
1450240 1069
1450250 1069
1450260 1070
1450270 1075
1450280 1075
1450290 1078
1450300 1079
1450310 1079
1450320 1078
1450330 1076
1450340 1076
1450350 1072
1450360 1067
1450370 1062
1450380 1062
1450390 1057
1450400 1050
1450410 1050
1450420 1038
1450430 1029
1450440 1029
1450450 1020
1450460 1011
1450470 1011
1450480 1003
1450490 999
1450500 999
1450510 999
1450520 999
1450530 999
1450540 999
1450550 1005
1450560 1012
1450570 1012
1450580 1022
1450590 1035
1450600 1035
1450610 1054
1450620 1067
1450630 1067
1450640 1073
1450650 1079
1450660 1079
1450670 1085
1450680 1090
1450690 1090
1450700 1096
1450710 1102
1450720 1107
1450730 1107
1450740 1110
1450750 1111
1450760 1111
1450770 1111
1450780 1112
1450790 1112
1450800 1114
1450810 1115
1450820 1115
1450830 1118
1450840 1121
1450850 1121
1450860 1124
1450870 1129
1450880 1129
1450890 1136
1450900 1145
1450910 1156
1450920 1156
1450930 1162
1450940 1164
1450950 1164
1450960 1164
1450970 1166
1450980 1166
1450990 1170
1451000 1175
1451010 1175
1451020 1179
1451030 1183
1451040 1183
1451050 1190
1451060 1192
1451070 1194
1451080 1194
1451090 1194
1451100 1193
1451110 1193
1451120 1193
1451130 1194
1451140 1194
1451150 1196
1451160 1197
1451170 1197
1451180 1198
1451190 1197
1451200 1197
1451210 1198
1451220 1200
1451230 1200
1451240 1200
1451250 1198
1451260 1199
1451270 1199
1451280 1200
1451290 1199
1451300 1199
1451310 1199
1451320 1201
1451330 1201
1451340 1202
1451350 1201
1451360 1201
1451370 1203
1451380 1204
1451390 1204
1451400 1209
1451410 1213
1451420 1216
1451430 1216
1451440 1218
1451450 1220
1451460 1220
1451470 1221
1451480 1224
1451490 1224
1451500 1228
1451510 1230
1451520 1230
1451530 1232
1451540 1232
1451550 1232
1451560 1231
1451570 1230
1451580 1228
1451590 1228
1451600 1227
1451610 1226
1451620 1226
1451630 1226
1451640 1226
1451650 1226
1451660 1226
1451670 1226
1451680 1226
1451690 1226
1451700 1225
1451710 1225
1451720 1226
1451730 1230
1451740 1230
1451750 1234
1451760 1237
1451770 1238
1451780 1238
1451790 1239
1451800 1239
1451810 1239
1451820 1241
1451830 1242
1451840 1242
1451850 1246
1451860 1248
1451870 1248
1451880 1250
1451890 1250
1451900 1250
1451910 1251
1451920 1253
1451930 1256
1451940 1256
1451950 1258
1451960 1260
1451970 1260
1451980 1260
1451990 1262
1452000 1262
1452010 1259
1452020 1260
1452030 1260
1452040 1264
1452050 1275
1452060 1275
1452070 1279
1452080 1281
1452090 1289
1452100 1289
1452110 1293
1452120 1296
1452130 1296
1452140 1298
1452150 1301
1452160 1301
1452170 1305
1452180 1308
1452190 1308
1452200 1311
1452210 1312
1452220 1312
1452230 1313
1452240 1315
1452250 1315
1452260 1317
1452270 1318
1452280 1320
1452290 1320
1452300 1321
1452310 1322
1452320 1322
1452330 1324
1452340 1326
1452350 1326
1452360 1327
1452370 1329
1452380 1329
1452390 1331
1452400 1332
1452410 1332
1452420 1334
1452430 1336
1452440 1340
1452450 1340
1452460 1345
1452470 1349
1452480 1349
1452490 1356
1452500 1361
1452510 1361
1452520 1364
1452530 1368
1452540 1368
1452550 1370
1452560 1373
1452570 1373
1452580 1373
1452590 1374
1452600 1374
1452610 1376
1452620 1377
1452630 1379
1452640 1379
1452650 1380
1452660 1381
1452670 1381
1452680 1382
1452690 1384
1452700 1384
1452710 1384
1452720 1384
1452730 1384
1452740 1385
1452750 1385
1452760 1385
1452770 1386
1452780 1386
1452790 1387
1452800 1387
1452810 1389
1452820 1391
1452830 1391
1452840 1393
1452850 1396
1452860 1396
1452870 1397
1452880 1398
1452890 1398
1452900 1400
1452910 1402
1452920 1402
1452930 1404
1452940 1406
1452950 1408
1452960 1408
1452970 1409
1452980 1411
1452990 1411
1453000 1412
1453010 1412
1453020 1412
1453030 1413
1453040 1413
1453050 1413
1453060 1414
1453070 1415
1453080 1415
1453090 1417
1453100 1418
1453110 1418
1453120 1419
1453130 1419
1453140 1414
1453150 1414
1453160 1417
1453170 1421
1453180 1421
1453190 1422
1453200 1423
1453210 1423
1453220 1424
1453230 1426
1453240 1426
1453250 1427
1453260 1428
1453270 1428
1453280 1428
1453290 1428
1453300 1428
1453310 1428
1453320 1428
1453330 1428
1453340 1428
1453350 1428
1453360 1425
1453370 1425
1453380 1417
1453390 1416
1453400 1416
1453410 1421
1453420 1421
1453430 1421
1453440 1422
1453450 1426
1453460 1426
1453470 1427
1453480 1429
1453490 1432
1453500 1432
1453510 1435
1453520 1436
1453530 1436
1453540 1437
1453550 1438
1453560 1438
1453570 1439
1453580 1440
1453590 1440
1453600 1441
1453610 1442
1453620 1442
1453630 1443
1453640 1444
1453650 1445
1453660 1445
1453670 1445
1453680 1443
1453690 1443
1453700 1444
1453710 1446
1453720 1446
1453730 1448
1453740 1451
1453750 1451
1453760 1452
1453770 1453
1453780 1453
1453790 1453
1453800 1455
1453810 1455
1453820 1455
1453830 1455
1453840 1455
1453850 1455
1453860 1456
1453870 1457
1453880 1457
1453890 1458
1453900 1459
1453910 1459
1453920 1460
1453930 1461
1453940 1461
1453950 1461
1453960 1460
1453970 1460
1453980 1459
1453990 1460
1454000 1460
1454010 1460
1454020 1461
1454030 1461
1454040 1461
1454050 1461
1454060 1461
1454070 1461
1454080 1461
1454090 1461
1454100 1461
1454110 1461
1454120 1460
1454130 1460
1454140 1458
1454150 1455
1454160 1453
1454170 1453
1454180 1454
1454190 1453
1454200 1453
1454210 1453
1454220 1455
1454230 1455
1454240 1453
1454250 1452
1454260 1452
1454270 1453
1454280 1453
1454290 1453
1454300 1452
1454310 1451
1454320 1450
1454330 1450
1454340 1449
1454350 1447
1454360 1447
1454370 1446
1454380 1446
1454390 1446
1454400 1446
1454410 1445
1454420 1445
1454430 1443
1454440 1442
1454450 1442
1454460 1441
1454470 1440
1454480 1440
1454490 1440
1454500 1438
1454510 1436
1454520 1436
1454530 1435
1454540 1435
1454550 1435
1454560 1435
1454570 1436
1454580 1436
1454590 1437
1454600 1436
1454610 1436
1454620 1436
1454630 1436
1454640 1436
1454650 1436
1454660 1434
1454670 1430
1454680 1430
1454690 1427
1454700 1424
1454710 1424
1454720 1421
1454730 1417
1454740 1417
1454750 1415
1454760 1415
1454770 1415
1454780 1414
1454790 1412
1454800 1412
1454810 1410
1454820 1409
1454830 1409
1454840 1409
1454850 1408
1454860 1407
1454870 1407
1454880 1404
1454890 1400
1454900 1400
1454910 1399
1454920 1396
1454930 1396
1454940 1394
1454950 1394
1454960 1394
1454970 1394
1454980 1393
1454990 1393
1455000 1390
1455010 1389
1455020 1389
1455030 1389
1455040 1389
1455050 1389
1455060 1389
1455070 1385
1455080 1378
1455090 1378
1455100 1369
1455110 1360
1455120 1360
1455130 1356
1455140 1353
1455150 1353
1455160 1351
1455170 1355
1455180 1358
1455190 1358
1455200 1358
1455210 1358
1455220 1358
1455230 1359
1455240 1361
1455250 1361
1455260 1365
1455270 1369
1455280 1369
1455290 1373
1455300 1374
1455310 1374
1455320 1375
1455330 1375
1455340 1375
1455350 1375
1455360 1376
1455370 1375
1455380 1375
1455390 1373
1455400 1372
1455410 1372
1455420 1370
1455430 1369
1455440 1369
1455450 1368
1455460 1367
1455470 1367
1455480 1365
1455490 1365
1455500 1365
1455510 1363
1455520 1361
1455530 1361
1455540 1361
1455550 1358
1455560 1354
1455570 1354
1455580 1351
1455590 1350
1455600 1350
1455610 1349
1455620 1349
1455630 1349
1455640 1348
1455650 1348
1455660 1348
1455670 1347
1455680 1344
1455690 1344
1455700 1340
1455710 1334
1455720 1329
1455730 1329
1455740 1324
1455750 1320
1455760 1320
1455770 1319
1455780 1317
1455790 1317
1455800 1316
1455810 1314
1455820 1314
1455830 1311
1455840 1308
1455850 1308
1455860 1304
1455870 1300
1455880 1294
1455890 1294
1455900 1290
1455910 1284
1455920 1284
1455930 1278
1455940 1272
1455950 1272
1455960 1268
1455970 1266
1455980 1266
1455990 1265
1456000 1264
1456010 1264
1456020 1265
1456030 1266
1456040 1269
1456050 1269
1456060 1271
1456070 1271
1456080 1271
1456090 1269
1456100 1266
1456110 1266
1456120 1262
1456130 1258
1456140 1258
1456150 1252
1456160 1246
1456170 1246
1456180 1242
1456190 1241
1456200 1241
1456210 1242
1456220 1242
1456230 1243
1456240 1243
1456250 1244
1456260 1242
1456270 1242
1456280 1239
1456290 1236
1456300 1236
1456310 1233
1456320 1231
1456330 1231
1456340 1228
1456350 1221
1456360 1221
1456370 1217
1456380 1214
1456390 1210
1456400 1210
1456410 1204
1456420 1200
1456430 1200
1456440 1196
1456450 1193
1456460 1193
1456470 1190
1456480 1187
1456490 1187
1456500 1185
1456510 1182
1456520 1182
1456530 1179
1456540 1178
1456550 1178
1456560 1176
1456570 1173
1456580 1171
1456590 1171
1456600 1167
1456610 1160
1456620 1160
1456630 1154
1456640 1149
1456650 1149
1456660 1143
1456670 1139
1456680 1139
1456690 1136
1456700 1132
1456710 1132
1456720 1129
1456730 1125
1456740 1122
1456750 1122
1456760 1118
1456770 1112
1456780 1112
1456790 1102
1456800 1092
1456810 1092
1456820 1082
1456830 1071
1456840 1071
1456850 1062
1456860 1062
1456870 1062
1456880 1069
1456890 1074
1456900 1078
1456910 1078
1456920 1081
1456930 1086
1456940 1086
1456950 1089
1456960 1094
1456970 1094
1456980 1096
1456990 1095
1457000 1095
1457010 1090
1457020 1083
1457030 1083
1457040 1077
1457050 1070
1457060 1070
1457070 1062
1457080 1054
1457090 1049
1457100 1049
1457110 1043
1457120 1037
1457130 1037
1457140 1031
1457150 1023
1457160 1023
1457170 1016
1457180 1011
1457190 1011
1457200 1007
1457210 1004
1457220 1004
1457230 1001
1457240 997
1457250 992
1457260 992
1457270 987
1457280 982
1457290 982
1457300 978
1457310 975
1457320 975
1457330 971
1457340 967
1457350 967
1457360 958
1457370 950
1457380 950
1457390 943
1457400 937
1457410 937
1457420 931
1457430 921
1457440 917
1457450 917
1457460 913
1457470 909
1457480 909
1457490 907
1457500 909
1457510 909
1457520 910
1457530 912
1457540 912
1457550 915
1457560 925
1457570 925
1457580 933
1457590 940
1457600 949
1457610 949
1457620 960
1457630 973
1457640 973
1457650 980
1457660 986
1457670 986
1457680 992
1457690 998
1457700 998
1457710 1004
1457720 1009
1457730 1009
1457740 1015
1457750 1022
1457760 1028
1457770 1028
1457780 1035
1457790 1042
1457800 1042
1457810 1048
1457820 1055
1457830 1055
1457840 1062
1457850 1069
1457860 1069
1457870 1077
1457880 1084
1457890 1084
1457900 1089
1457910 1094
1457920 1094
1457930 1098
1457940 1102
1457950 1107
1457960 1107
1457970 1112
1457980 1119
1457990 1119
1458000 1126
1458010 1133
1458020 1133
1458030 1139
1458040 1146
1458050 1146
1458060 1153
1458070 1159
1458080 1159
1458090 1166
1458100 1173
1458110 1181
1458120 1181
1458130 1188
1458140 1195
1458150 1195
1458160 1201
1458170 1206
1458180 1206
1458190 1211
1458200 1216
1458210 1216
1458220 1220
1458230 1223
1458240 1223
1458250 1225
1458260 1226
1458270 1226
1458280 1228
1458290 1229
1458300 1230
1458310 1230
1458320 1233
1458330 1235
1458340 1235
1458350 1236
1458360 1237
1458370 1237
1458380 1238
1458390 1238
1458400 1238
1458410 1237
1458420 1237
1458430 1237
1458440 1239
1458450 1242
1458460 1247
1458470 1247
1458480 1251
1458490 1253
1458500 1253
1458510 1254
1458520 1258
1458530 1258
1458540 1264
1458550 1268
1458560 1268
1458570 1270
1458580 1274
1458590 1274
1458600 1278
1458610 1281
1458620 1282
1458630 1282
1458640 1284
1458650 1286
1458660 1286
1458670 1287
1458680 1288
1458690 1288
1458700 1289
1458710 1289
1458720 1289
1458730 1290
1458740 1292
1458750 1292
1458760 1292
1458770 1293
1458780 1293
1458790 1293
1458800 1292
1458810 1292
1458820 1292
1458830 1291
1458840 1290
1458850 1290
1458860 1289
1458870 1289
1458880 1289
1458890 1288
1458900 1286
1458910 1286
1458920 1285
1458930 1284
1458940 1284
1458950 1283
1458960 1283
1458970 1283
1458980 1283
1458990 1282
1459000 1282
1459010 1282
1459020 1281
1459030 1281
1459040 1281
1459050 1281
1459060 1281
1459070 1281
1459080 1281
1459090 1281
1459100 1281
1459110 1281
1459120 1281
1459130 1281
1459140 1281
1459150 1281
1459160 1281
1459170 1281
1459180 1281
1459190 1281
1459200 1281
1459210 1282
1459220 1282
1459230 1282
1459240 1282
1459250 1284
1459260 1284
1459270 1285
1459280 1284
1459290 1284
1459300 1282
1459310 1279
1459320 1279
1459330 1279
1459340 1278
1459350 1278
1459360 1278
1459370 1279
1459380 1280
1459390 1280
1459400 1281
1459410 1283
1459420 1283
1459430 1286
1459440 1287
1459450 1287
1459460 1286
1459470 1284
1459480 1284
1459490 1284
1459500 1290
1459510 1292
1459520 1292
1459530 1291
1459540 1291
1459550 1291
1459560 1290
1459570 1290
1459580 1290
1459590 1289
1459600 1289
1459610 1289
1459620 1288
1459630 1288
1459640 1288
1459650 1289
1459660 1289
1459670 1291
1459680 1291
1459690 1291
1459700 1290
1459710 1290
1459720 1289
1459730 1287
1459740 1287
1459750 1286
1459760 1285
1459770 1285
1459780 1284
1459790 1283
1459800 1283
1459810 1282
1459820 1282
1459830 1281
1459840 1281
1459850 1281
1459860 1281
1459870 1281
1459880 1280
1459890 1280
1459900 1280
1459910 1280
1459920 1280
1459930 1280
1459940 1281
1459950 1281
1459960 1281
1459970 1282
1459980 1282
1459990 1282
