1440000 658
1440010 662
1440020 665
1440030 665
1440040 671
1440050 677
1440060 677
1440070 683
1440080 688
1440090 688
1440100 691
1440110 701
1440120 701
1440130 705
1440140 711
1440150 711
1440160 714
1440170 721
1440180 729
1440190 729
1440200 740
1440210 747
1440220 747
1440230 766
1440240 780
1440250 780
1440260 793
1440270 803
1440280 803
1440290 812
1440300 832
1440310 832
1440320 838
1440330 838
1440340 841
1440350 841
1440360 844
1440370 839
1440380 839
1440390 845
1440400 856
1440410 856
1440420 863
1440430 864
1440440 864
1440450 881
1440460 899
1440470 899
1440480 910
1440490 925
1440500 936
1440510 936
1440520 948
1440530 955
1440540 955
1440550 949
1440560 943
1440570 943
1440580 934
1440590 942
1440600 942
1440610 957
1440620 970
1440630 970
1440640 979
1440650 985
1440660 985
1440670 996
1440680 1005
1440690 1013
1440700 1013
1440710 1022
1440720 1034
1440730 1034
1440740 1044
1440750 1054
1440760 1054
1440770 1070
1440780 1085
1440790 1085
1440800 1097
1440810 1106
1440820 1106
1440830 1118
1440840 1131
1440850 1141
1440860 1141
1440870 1150
1440880 1159
1440890 1159
1440900 1169
1440910 1178
1440920 1178
1440930 1187
1440940 1197
1440950 1197
1440960 1211
1440970 1220
1440980 1220
1440990 1230
1441000 1239
1441010 1239
1441020 1245
1441030 1249
1441040 1256
1441050 1256
1441060 1264
1441070 1268
1441080 1268
1441090 1270
1441100 1273
1441110 1273
1441120 1280
1441130 1285
1441140 1285
1441150 1290
1441160 1291
1441170 1291
1441180 1291
1441190 1293
1441200 1294
1441210 1294
1441220 1294
1441230 1289
1441240 1289
1441250 1282
1441260 1277
1441270 1277
1441280 1273
1441290 1269
1441300 1269
1441310 1268
1441320 1269
1441330 1269
1441340 1269
1441350 1267
1441360 1265
1441370 1265
1441380 1267
1441390 1271
1441400 1271
1441410 1273
1441420 1274
1441430 1274
1441440 1275
1441450 1276
1441460 1276
1441470 1276
1441480 1274
1441490 1274
1441500 1270
1441510 1265
1441520 1265
1441530 1263
1441540 1263
1441550 1262
1441560 1262
1441570 1260
1441580 1258
1441590 1258
1441600 1255
1441610 1250
1441620 1250
1441630 1248
1441640 1251
1441650 1251
1441660 1251
1441670 1250
1441680 1250
1441690 1248
1441700 1244
1441710 1235
1441720 1235
1441730 1228
1441740 1225
1441750 1225
1441760 1225
1441770 1225
1441780 1225
1441790 1225
1441800 1226
1441810 1226
1441820 1228
1441830 1225
1441840 1225
1441850 1220
1441860 1214
1441870 1214
1441880 1209
1441890 1206
1441900 1204
1441910 1204
1441920 1203
1441930 1201
1441940 1201
1441950 1198
1441960 1194
1441970 1194
1441980 1189
1441990 1183
1442000 1183
1442010 1175
1442020 1166
1442030 1166
1442040 1160
1442050 1157
1442060 1154
1442070 1154
1442080 1149
1442090 1145
1442100 1145
1442110 1142
1442120 1140
1442130 1140
1442140 1139
1442150 1137
1442160 1137
1442170 1133
1442180 1130
1442190 1130
1442200 1125
1442210 1122
1442220 1119
1442230 1119
1442240 1117
1442250 1115
1442260 1115
1442270 1113
1442280 1111
1442290 1111
1442300 1108
1442310 1105
1442320 1105
1442330 1102
1442340 1100
1442350 1100
1442360 1098
1442370 1095
1442380 1095
1442390 1091
1442400 1088
1442410 1086
1442420 1086
1442430 1083
1442440 1079
1442450 1079
1442460 1076
1442470 1072
1442480 1072
1442490 1068
1442500 1065
1442510 1065
1442520 1061
1442530 1057
1442540 1057
1442550 1054
1442560 1051
1442570 1046
1442580 1046
1442590 1043
1442600 1040
1442610 1040
1442620 1037
1442630 1034
1442640 1034
1442650 1032
1442660 1032
1442670 1032
1442680 1032
1442690 1033
1442700 1033
1442710 1031
1442720 1027
1442730 1027
1442740 1019
1442750 1008
1442760 998
1442770 998
1442780 991
1442790 983
1442800 983
1442810 976
1442820 970
1442830 970
1442840 964
1442850 956
1442860 956
1442870 949
1442880 941
1442890 941
1442900 935
1442910 936
1442920 941
1442930 941
1442940 947
1442950 953
1442960 953
1442970 962
1442980 970
1442990 970
1443000 977
1443010 986
1443020 986
1443030 992
1443040 995
1443050 995
1443060 994
1443070 994
1443080 995
1443090 991
1443100 992
1443110 992
1443120 992
1443130 993
1443140 995
1443150 995
1443160 992
1443170 986
1443180 986
1443190 984
1443200 989
1443210 989
1443220 990
1443230 991
1443240 991
1443250 992
1443260 993
1443270 995
1443280 995
1443290 998
1443300 1002
1443310 1002
1443320 1005
1443330 1006
1443340 1006
1443350 1005
1443360 1003
1443370 1003
1443380 1003
1443390 1003
1443400 1003
1443410 1004
1443420 1006
1443430 1008
1443440 1008
1443450 1009
1443460 1011
1443470 1011
1443480 1013
1443490 1016
1443500 1016
1443510 1018
1443520 1022
1443530 1022
1443540 1026
1443550 1030
1443560 1030
1443570 1033
1443580 1037
1443590 1037
1443600 1037
1443610 1037
1443620 1037
1443630 1037
1443640 1037
1443650 1039
1443660 1039
1443670 1041
1443680 1044
1443690 1044
1443700 1048
1443710 1050
1443720 1050
1443730 1049
1443740 1047
1443750 1047
1443760 1046
1443770 1044
1443780 1042
1443790 1042
1443800 1039
1443810 1036
1443820 1036
1443830 1034
1443840 1033
1443850 1033
1443860 1032
1443870 1032
1443880 1032
1443890 1031
1443900 1030
1443910 1030
1443920 1029
1443930 1028
1443940 1027
1443950 1027
1443960 1026
1443970 1023
1443980 1023
1443990 1022
1444000 1023
1444010 1023
1444020 1023
1444030 1023
1444040 1023
1444050 1022
1444060 1021
1444070 1021
1444080 1021
1444090 1021
1444100 1021
1444110 1021
1444120 1020
1444130 1020
1444140 1020
1444150 1020
1444160 1019
1444170 1019
1444180 1018
1444190 1017
1444200 1017
1444210 1017
1444220 1018
1444230 1018
1444240 1018
1444250 1017
1444260 1017
1444270 1017
1444280 1016
1444290 1015
1444300 1015
1444310 1014
1444320 1013
1444330 1013
1444340 1012
1444350 1010
1444360 1010
1444370 1008
1444380 1010
1444390 1010
1444400 1012
1444410 1012
1444420 1012
1444430 1012
1444440 1011
1444450 1011
1444460 1011
1444470 1011
1444480 1010
1444490 1010
1444500 1009
1444510 1004
1444520 1004
1444530 1000
1444540 997
1444550 997
1444560 999
1444570 1004
1444580 1004
1444590 1007
1444600 1008
1444610 1008
1444620 1009
1444630 1009
1444640 1010
1444650 1010
1444660 1011
1444670 1013
1444680 1013
1444690 1014
1444700 1014
1444710 1014
1444720 1015
1444730 1015
1444740 1015
1444750 1015
1444760 1016
1444770 1016
1444780 1016
1444790 1016
1444800 1016
1444810 1016
1444820 1016
1444830 1016
1444840 1016
1444850 1015
1444860 1015
1444870 1015
1444880 1015
1444890 1014
1444900 1014
1444910 1012
1444920 1012
1444930 1012
1444940 1013
1444950 1013
1444960 1013
1444970 1011
1444980 1011
1444990 1010
1445000 1010
1445010 1010
1445020 1009
1445030 1009
1445040 1008
1445050 1007
1445060 1007
1445070 1006
1445080 1004
1445090 1004
1445100 1003
1445110 1002
1445120 1002
1445130 1001
1445140 999
1445150 997
1445160 997
1445170 997
1445180 996
1445190 996
1445200 995
1445210 993
1445220 993
1445230 991
1445240 990
1445250 990
1445260 989
1445270 986
1445280 986
1445290 985
1445300 983
1445310 983
1445320 982
1445330 980
1445340 980
1445350 980
1445360 979
1445370 977
1445380 977
1445390 974
1445400 970
1445410 970
1445420 968
1445430 965
1445440 965
1445450 962
1445460 958
1445470 958
1445480 954
1445490 948
1445500 947
1445510 947
1445520 952
1445530 953
1445540 953
1445550 954
1445560 955
1445570 955
1445580 953
1445590 950
1445600 950
1445610 947
1445620 944
1445630 944
1445640 939
1445650 934
1445660 930
1445670 930
1445680 926
1445690 922
1445700 922
1445710 919
1445720 916
1445730 916
1445740 913
1445750 912
1445760 912
1445770 912
1445780 911
1445790 911
1445800 911
1445810 910
1445820 910
1445830 909
1445840 908
1445850 909
1445860 909
1445870 915
1445880 920
1445890 920
1445900 927
1445910 934
1445920 934
1445930 940
1445940 941
1445950 941
1445960 942
1445970 943
1445980 943
1445990 943
1446000 937
1446010 929
1446020 929
1446030 922
1446040 914
1446050 914
1446060 907
1446070 901
1446080 901
1446090 895
1446100 888
1446110 888
1446120 881
1446130 873
1446140 873
1446150 865
1446160 858
1446170 858
1446180 849
1446190 842
1446200 836
1446210 836
1446220 830
1446230 827
1446240 827
1446250 823
1446260 816
1446270 816
1446280 819
1446290 825
1446300 825
1446310 839
1446320 849
1446330 849
1446340 857
1446350 867
1446360 877
1446370 877
1446380 885
1446390 892
1446400 892
1446410 897
1446420 902
1446430 902
1446440 906
1446450 906
1446460 906
1446470 907
1446480 907
1446490 907
1446500 915
1446510 923
1446520 930
1446530 930
1446540 939
1446550 947
1446560 947
1446570 954
1446580 962
1446590 962
1446600 969
1446610 976
1446620 976
1446630 982
1446640 987
1446650 987
1446660 992
1446670 998
1446680 998
1446690 1004
1446700 1007
1446710 1013
1446720 1013
1446730 1018
1446740 1022
1446750 1022
1446760 1026
1446770 1031
1446780 1031
1446790 1036
1446800 1041
1446810 1041
1446820 1043
1446830 1047
1446840 1047
1446850 1050
1446860 1053
1446870 1056
1446880 1056
1446890 1058
1446900 1061
1446910 1061
1446920 1063
1446930 1065
1446940 1065
1446950 1067
1446960 1068
1446970 1068
1446980 1069
1446990 1070
1447000 1070
1447010 1071
1447020 1071
1447030 1071
1447040 1071
1447050 1072
1447060 1073
1447070 1073
1447080 1074
1447090 1077
1447100 1077
1447110 1080
1447120 1080
1447130 1080
1447140 1079
1447150 1082
1447160 1082
1447170 1085
1447180 1087
1447190 1087
1447200 1087
1447210 1089
1447220 1090
1447230 1090
1447240 1091
1447250 1090
1447260 1090
1447270 1089
1447280 1090
1447290 1090
1447300 1092
1447310 1093
1447320 1093
1447330 1096
1447340 1100
1447350 1100
1447360 1104
1447370 1108
1447380 1112
1447390 1112
1447400 1115
1447410 1118
1447420 1118
1447430 1122
1447440 1124
1447450 1124
1447460 1125
1447470 1127
1447480 1127
1447490 1128
1447500 1129
1447510 1129
1447520 1131
1447530 1133
1447540 1133
1447550 1134
1447560 1132
1447570 1132
1447580 1132
1447590 1134
1447600 1136
1447610 1136
1447620 1138
1447630 1140
1447640 1140
1447650 1142
1447660 1142
1447670 1142
1447680 1144
1447690 1144
1447700 1144
1447710 1145
1447720 1144
1447730 1144
1447740 1144
1447750 1143
1447760 1142
1447770 1142
1447780 1139
1447790 1135
1447800 1135
1447810 1132
1447820 1130
1447830 1130
1447840 1134
1447850 1135
1447860 1135
1447870 1136
1447880 1137
1447890 1137
1447900 1139
1447910 1140
1447920 1142
1447930 1142
1447940 1143
1447950 1145
1447960 1145
1447970 1146
1447980 1146
1447990 1146
1448000 1144
1448010 1145
1448020 1145
1448030 1146
1448040 1146
1448050 1146
1448060 1150
1448070 1154
1448080 1158
1448090 1158
1448100 1162
1448110 1164
1448120 1164
1448130 1165
1448140 1165
1448150 1165
1448160 1164
1448170 1162
1448180 1162
1448190 1161
1448200 1161
1448210 1161
1448220 1161
1448230 1161
1448240 1161
1448250 1160
1448260 1159
1448270 1159
1448280 1159
1448290 1158
1448300 1159
1448310 1159
1448320 1161
1448330 1162
1448340 1162
1448350 1162
1448360 1163
1448370 1163
1448380 1164
1448390 1165
1448400 1165
1448410 1165
1448420 1166
1448430 1166
1448440 1166
1448450 1166
1448460 1166
1448470 1166
1448480 1163
1448490 1163
1448500 1163
1448510 1163
1448520 1163
1448530 1163
1448540 1162
1448550 1162
1448560 1162
1448570 1161
1448580 1161
1448590 1160
1448600 1160
1448610 1160
1448620 1160
1448630 1160
1448640 1161
1448650 1163
1448660 1163
1448670 1163
1448680 1163
1448690 1163
1448700 1164
1448710 1164
1448720 1164
1448730 1164
1448740 1165
1448750 1165
1448760 1169
1448770 1171
1448780 1171
1448790 1171
1448800 1171
1448810 1171
1448820 1171
1448830 1172
1448840 1173
1448850 1173
1448860 1175
1448870 1177
1448880 1177
1448890 1179
1448900 1180
1448910 1180
1448920 1180
1448930 1179
1448940 1175
1448950 1175
1448960 1167
1448970 1158
1448980 1158
1448990 1151
1449000 1159
1449010 1159
1449020 1170
1449030 1180
1449040 1180
1449050 1188
1449060 1193
1449070 1193
1449080 1195
1449090 1197
1449100 1197
1449110 1200
1449120 1203
1449130 1204
1449140 1204
1449150 1203
1449160 1201
1449170 1201
1449180 1196
1449190 1199
1449200 1199
1449210 1206
1449220 1214
1449230 1214
1449240 1222
1449250 1227
1449260 1227
1449270 1231
1449280 1236
1449290 1239
1449300 1239
1449310 1241
1449320 1243
1449330 1243
1449340 1244
1449350 1246
1449360 1246
1449370 1248
1449380 1249
1449390 1249
1449400 1249
1449410 1246
1449420 1246
1449430 1250
1449440 1257
1449450 1262
1449460 1262
1449470 1263
1449480 1266
1449490 1266
1449500 1266
1449510 1266
1449520 1266
1449530 1264
1449540 1262
1449550 1262
1449560 1262
1449570 1264
1449580 1264
1449590 1266
1449600 1267
1449610 1267
1449620 1268
1449630 1270
1449640 1272
1449650 1272
1449660 1272
1449670 1273
1449680 1270
1449690 1270
1449700 1272
1449710 1272
1449720 1273
1449730 1273
1449740 1273
1449750 1272
1449760 1270
1449770 1270
1449780 1268
1449790 1266
1449800 1265
1449810 1265
1449820 1263
1449830 1259
1449840 1259
1449850 1255
1449860 1252
1449870 1252
1449880 1249
1449890 1247
1449900 1247
1449910 1247
1449920 1246
1449930 1246
1449940 1245
1449950 1243
1449960 1243
1449970 1241
1449980 1239
1449990 1237
1450000 1237
1450010 1235
1450020 1232
1450030 1232
1450040 1226
1450050 1222
1450060 1222
1450070 1218
1450080 1213
1450090 1213
1450100 1211
1450110 1210
1450120 1210
1450130 1210
1450140 1209
1450150 1205
1450160 1205
1450170 1201
1450180 1197
1450190 1197
1450200 1193
1450210 1192
1450220 1192
1450230 1190
1450240 1189
1450250 1189
1450260 1189
1450270 1191
1450280 1191
1450290 1193
1450300 1193
1450310 1192
1450320 1192
1450330 1189
1450340 1185
1450350 1185
1450360 1180
1450370 1172
1450380 1172
1450390 1165
1450400 1162
1450410 1162
1450420 1159
1450430 1157
1450440 1157
1450450 1155
1450460 1154
1450470 1154
1450480 1150
1450490 1145
1450500 1141
1450510 1141
1450520 1140
1450530 1138
1450540 1138
1450550 1136
1450560 1134
1450570 1134
1450580 1132
1450590 1132
1450600 1132
1450610 1132
1450620 1131
1450630 1131
1450640 1130
1450650 1130
1450660 1131
1450670 1131
1450680 1134
1450690 1134
1450700 1134
1450710 1131
1450720 1126
1450730 1126
1450740 1120
1450750 1113
1450760 1113
1450770 1107
1450780 1104
1450790 1104
1450800 1100
1450810 1095
1450820 1095
1450830 1089
1450840 1083
1450850 1082
1450860 1082
1450870 1083
1450880 1088
1450890 1088
1450900 1095
1450910 1104
1450920 1104
1450930 1114
1450940 1123
1450950 1123
1450960 1135
1450970 1146
1450980 1146
1450990 1159
1451000 1173
1451010 1183
1451020 1183
1451030 1188
1451040 1192
1451050 1192
1451060 1193
1451070 1195
1451080 1195
1451090 1198
1451100 1200
1451110 1200
1451120 1201
1451130 1203
1451140 1203
1451150 1208
1451160 1228
1451170 1242
1451180 1242
1451190 1249
1451200 1256
1451210 1256
1451220 1262
1451230 1268
1451240 1268
1451250 1273
1451260 1279
1451270 1279
1451280 1285
1451290 1291
1451300 1291
1451310 1295
1451320 1299
1451330 1299
1451340 1302
1451350 1306
1451360 1310
1451370 1310
1451380 1314
1451390 1318
1451400 1318
1451410 1322
1451420 1326
1451430 1326
1451440 1331
1451450 1335
1451460 1335
1451470 1338
1451480 1342
1451490 1342
1451500 1346
1451510 1350
1451520 1354
1451530 1354
1451540 1358
1451550 1360
1451560 1360
1451570 1365
1451580 1370
1451590 1370
1451600 1375
1451610 1379
1451620 1379
1451630 1384
1451640 1389
1451650 1389
1451660 1394
1451670 1397
1451680 1397
1451690 1399
1451700 1402
1451710 1405
1451720 1405
1451730 1409
1451740 1412
1451750 1412
1451760 1415
1451770 1419
1451780 1419
1451790 1422
1451800 1425
1451810 1425
1451820 1428
1451830 1430
1451840 1430
1451850 1434
1451860 1438
1451870 1442
1451880 1442
1451890 1445
1451900 1447
1451910 1447
1451920 1449
1451930 1453
1451940 1453
1451950 1455
1451960 1455
1451970 1455
1451980 1457
1451990 1458
1452000 1458
1452010 1458
1452020 1459
1452030 1461
1452040 1461
1452050 1463
1452060 1465
1452070 1465
1452080 1467
1452090 1470
1452100 1470
1452110 1473
1452120 1474
1452130 1474
1452140 1475
1452150 1476
1452160 1476
1452170 1477
1452180 1479
1452190 1479
1452200 1482
1452210 1485
1452220 1486
1452230 1486
1452240 1486
1452250 1489
1452260 1489
1452270 1488
1452280 1489
1452290 1489
1452300 1489
1452310 1489
1452320 1489
1452330 1488
1452340 1488
1452350 1488
1452360 1489
1452370 1490
1452380 1492
1452390 1492
1452400 1493
1452410 1496
1452420 1496
1452430 1497
1452440 1498
1452450 1498
1452460 1498
1452470 1498
1452480 1498
1452490 1500
1452500 1501
1452510 1501
1452520 1503
1452530 1505
1452540 1505
1452550 1507
1452560 1508
1452570 1511
1452580 1511
1452590 1514
1452600 1516
1452610 1516
1452620 1519
1452630 1522
1452640 1522
1452650 1524
1452660 1527
1452670 1527
1452680 1529
1452690 1532
1452700 1532
1452710 1535
1452720 1538
1452730 1540
1452740 1540
1452750 1543
1452760 1545
1452770 1545
1452780 1546
1452790 1548
1452800 1548
1452810 1549
1452820 1549
1452830 1549
1452840 1548
1452850 1547
1452860 1547
1452870 1545
1452880 1542
1452890 1543
1452900 1543
1452910 1545
1452920 1547
1452930 1547
1452940 1549
1452950 1551
1452960 1551
1452970 1555
1452980 1559
1452990 1559
1453000 1563
1453010 1568
1453020 1568
1453030 1572
1453040 1574
1453050 1574
1453060 1576
1453070 1575
1453080 1577
1453090 1577
1453100 1576
1453110 1575
1453120 1575
1453130 1575
1453140 1575
1453150 1575
1453160 1576
1453170 1578
1453180 1578
1453190 1579
1453200 1580
1453210 1580
1453220 1580
1453230 1578
1453240 1576
1453250 1576
1453260 1576
1453270 1576
1453280 1576
1453290 1576
1453300 1575
1453310 1575
1453320 1575
1453330 1574
1453340 1574
1453350 1574
1453360 1574
1453370 1574
1453380 1574
1453390 1574
1453400 1574
1453410 1572
1453420 1571
1453430 1573
1453440 1573
1453450 1574
1453460 1575
1453470 1575
1453480 1576
1453490 1577
1453500 1577
1453510 1577
1453520 1573
1453530 1573
1453540 1573
1453550 1574
1453560 1574
1453570 1576
1453580 1577
1453590 1578
1453600 1578
1453610 1578
1453620 1579
1453630 1579
1453640 1580
1453650 1581
1453660 1581
1453670 1581
1453680 1581
1453690 1581
1453700 1581
1453710 1583
1453720 1583
1453730 1584
1453740 1590
1453750 1596
1453760 1596
1453770 1600
1453780 1600
1453790 1600
1453800 1599
1453810 1599
1453820 1599
1453830 1601
1453840 1601
1453850 1601
1453860 1600
1453870 1599
1453880 1599
1453890 1598
1453900 1597
1453910 1597
1453920 1598
1453930 1601
1453940 1604
1453950 1604
1453960 1604
1453970 1605
1453980 1605
1453990 1606
1454000 1607
1454010 1607
1454020 1606
1454030 1607
1454040 1607
1454050 1610
1454060 1611
1454070 1611
1454080 1611
1454090 1612
1454100 1612
1454110 1612
1454120 1612
1454130 1611
1454140 1611
1454150 1611
1454160 1611
1454170 1611
1454180 1610
1454190 1610
1454200 1610
1454210 1609
1454220 1609
1454230 1609
1454240 1608
1454250 1607
1454260 1607
1454270 1607
1454280 1608
1454290 1608
1454300 1608
1454310 1608
1454320 1607
1454330 1607
1454340 1607
1454350 1607
1454360 1607
1454370 1607
1454380 1606
1454390 1606
1454400 1604
1454410 1602
1454420 1602
1454430 1602
1454440 1601
1454450 1598
1454460 1598
1454470 1596
1454480 1594
1454490 1594
1454500 1592
1454510 1590
1454520 1590
1454530 1586
1454540 1582
1454550 1582
1454560 1579
1454570 1579
1454580 1579
1454590 1580
1454600 1583
1454610 1584
1454620 1584
1454630 1584
1454640 1582
1454650 1582
1454660 1579
1454670 1576
1454680 1576
1454690 1571
1454700 1567
1454710 1567
1454720 1565
1454730 1563
1454740 1563
1454750 1562
1454760 1565
1454770 1565
1454780 1569
1454790 1569
1454800 1567
1454810 1567
1454820 1567
1454830 1566
1454840 1566
1454850 1564
1454860 1560
1454870 1560
1454880 1560
1454890 1558
1454900 1558
1454910 1552
1454920 1545
1454930 1545
1454940 1540
1454950 1539
1454960 1537
1454970 1537
1454980 1535
1454990 1533
1455000 1533
1455010 1529
1455020 1524
1455030 1524
1455040 1519
1455050 1514
1455060 1514
1455070 1508
1455080 1502
1455090 1502
1455100 1496
1455110 1492
1455120 1492
1455130 1492
1455140 1491
1455150 1489
1455160 1489
1455170 1487
1455180 1488
1455190 1488
1455200 1489
1455210 1490
1455220 1490
1455230 1490
1455240 1489
1455250 1489
1455260 1490
1455270 1490
1455280 1490
1455290 1490
1455300 1489
1455310 1489
1455320 1489
1455330 1488
1455340 1485
1455350 1485
1455360 1481
1455370 1480
1455380 1480
1455390 1480
1455400 1477
1455410 1477
1455420 1473
1455430 1471
1455440 1471
1455450 1468
1455460 1464
1455470 1459
1455480 1459
1455490 1455
1455500 1451
1455510 1451
1455520 1447
1455530 1444
1455540 1444
1455550 1444
1455560 1444
1455570 1444
1455580 1444
1455590 1445
1455600 1445
1455610 1443
1455620 1440
1455630 1440
1455640 1440
1455650 1442
1455660 1442
1455670 1442
1455680 1443
1455690 1442
1455700 1442
1455710 1440
1455720 1437
1455730 1437
1455740 1435
1455750 1428
1455760 1428
1455770 1422
1455780 1418
1455790 1418
1455800 1417
1455810 1419
1455820 1420
1455830 1420
1455840 1418
1455850 1416
1455860 1416
1455870 1414
1455880 1412
1455890 1412
1455900 1408
1455910 1407
1455920 1407
1455930 1409
1455940 1410
1455950 1410
1455960 1412
1455970 1412
1455980 1412
1455990 1411
1456000 1410
1456010 1409
1456020 1409
1456030 1409
1456040 1408
1456050 1408
1456060 1407
1456070 1405
1456080 1405
1456090 1403
1456100 1401
1456110 1401
1456120 1399
1456130 1397
1456140 1397
1456150 1395
1456160 1390
1456170 1385
1456180 1385
1456190 1378
1456200 1372
1456210 1372
1456220 1365
1456230 1359
1456240 1359
1456250 1353
1456260 1346
1456270 1346
1456280 1339
1456290 1333
1456300 1333
1456310 1326
1456320 1318
1456330 1318
1456340 1312
1456350 1314
1456360 1319
1456370 1319
1456380 1316
1456390 1310
1456400 1310
1456410 1304
1456420 1298
1456430 1298
1456440 1295
1456450 1292
1456460 1292
1456470 1289
1456480 1288
1456490 1288
1456500 1286
1456510 1284
1456520 1279
1456530 1279
1456540 1273
1456550 1265
1456560 1265
1456570 1258
1456580 1250
1456590 1250
1456600 1252
1456610 1259
1456620 1259
1456630 1260
1456640 1257
1456650 1257
1456660 1257
1456670 1258
1456680 1259
1456690 1259
1456700 1257
1456710 1253
1456720 1253
1456730 1249
1456740 1246
1456750 1246
1456760 1245
1456770 1246
1456780 1246
1456790 1247
1456800 1245
1456810 1245
1456820 1239
1456830 1232
1456840 1232
1456850 1225
1456860 1218
1456870 1212
1456880 1212
1456890 1206
1456900 1200
1456910 1200
1456920 1195
1456930 1188
1456940 1188
1456950 1181
1456960 1174
1456970 1174
1456980 1168
1456990 1163
1457000 1163
1457010 1159
1457020 1155
1457030 1151
1457040 1151
1457050 1150
1457060 1149
1457070 1149
1457080 1144
1457090 1138
1457100 1138
1457110 1133
1457120 1126
1457130 1126
1457140 1121
1457150 1115
1457160 1115
1457170 1110
1457180 1105
1457190 1105
1457200 1100
1457210 1096
1457220 1094
1457230 1094
1457240 1093
1457250 1090
1457260 1090
1457270 1087
1457280 1083
1457290 1083
1457300 1080
1457310 1078
1457320 1078
1457330 1076
1457340 1073
1457350 1073
1457360 1070
1457370 1063
1457380 1056
1457390 1056
1457400 1050
1457410 1044
1457420 1044
1457430 1037
1457440 1031
1457450 1031
1457460 1026
1457470 1020
1457480 1020
1457490 1015
1457500 1009
1457510 1009
1457520 1003
1457530 996
1457540 990
1457550 990
1457560 984
1457570 975
1457580 975
1457590 967
1457600 958
1457610 958
1457620 954
1457630 955
1457640 955
1457650 957
1457660 960
1457670 960
1457680 971
1457690 979
1457700 979
1457710 987
1457720 997
1457730 1004
1457740 1004
1457750 1008
1457760 1013
1457770 1013
1457780 1024
1457790 1033
1457800 1033
1457810 1043
1457820 1053
1457830 1053
1457840 1063
1457850 1075
1457860 1075
1457870 1080
1457880 1083
1457890 1085
1457900 1085
1457910 1089
1457920 1090
1457930 1090
1457940 1087
1457950 1084
1457960 1084
1457970 1086
1457980 1090
1457990 1090
1458000 1093
1458010 1103
1458020 1103
1458030 1113
1458040 1122
1458050 1122
1458060 1130
1458070 1138
1458080 1145
1458090 1145
1458100 1153
1458110 1161
1458120 1161
1458130 1170
1458140 1181
1458150 1181
1458160 1196
1458170 1209
1458180 1209
1458190 1215
1458200 1220
1458210 1220
1458220 1225
1458230 1231
1458240 1236
1458250 1236
1458260 1241
1458270 1246
1458280 1246
1458290 1252
1458300 1257
1458310 1257
1458320 1261
1458330 1265
1458340 1265
1458350 1270
1458360 1274
1458370 1274
1458380 1278
1458390 1283
1458400 1287
1458410 1287
1458420 1290
1458430 1295
1458440 1295
1458450 1299
1458460 1304
1458470 1304
1458480 1310
1458490 1314
1458500 1314
1458510 1319
1458520 1322
1458530 1322
1458540 1328
1458550 1333
1458560 1333
1458570 1338
1458580 1343
1458590 1347
1458600 1347
1458610 1350
1458620 1353
1458630 1353
1458640 1354
1458650 1354
1458660 1354
1458670 1354
1458680 1354
1458690 1354
1458700 1354
1458710 1355
1458720 1355
1458730 1354
1458740 1352
1458750 1352
1458760 1352
1458770 1351
1458780 1351
1458790 1351
1458800 1354
1458810 1355
1458820 1355
1458830 1355
1458840 1356
1458850 1356
1458860 1357
1458870 1356
1458880 1356
1458890 1356
1458900 1357
1458910 1357
1458920 1358
1458930 1358
1458940 1359
1458950 1359
1458960 1360
1458970 1361
1458980 1361
1458990 1362
1459000 1364
1459010 1364
1459020 1366
1459030 1368
1459040 1368
1459050 1370
1459060 1372
1459070 1372
1459080 1373
1459090 1375
1459100 1376
1459110 1376
1459120 1377
1459130 1378
1459140 1378
1459150 1378
1459160 1379
1459170 1379
1459180 1380
1459190 1380
1459200 1380
1459210 1380
1459220 1381
1459230 1381
1459240 1381
1459250 1383
1459260 1385
1459270 1385
1459280 1387
1459290 1389
1459300 1389
1459310 1391
1459320 1393
1459330 1393
1459340 1394
1459350 1393
1459360 1393
1459370 1393
1459380 1391
1459390 1391
1459400 1391
1459410 1390
1459420 1390
1459430 1390
1459440 1389
1459450 1389
1459460 1389
1459470 1390
1459480 1390
1459490 1390
1459500 1389
1459510 1390
1459520 1390
1459530 1390
1459540 1390
1459550 1390
1459560 1390
1459570 1390
1459580 1390
1459590 1391
1459600 1391
1459610 1392
1459620 1392
1459630 1392
1459640 1392
1459650 1392
1459660 1392
1459670 1393
1459680 1393
1459690 1393
1459700 1394
1459710 1394
1459720 1392
1459730 1388
1459740 1388
1459750 1391
1459760 1393
1459770 1393
1459780 1393
1459790 1392
1459800 1392
1459810 1392
1459820 1393
1459830 1392
1459840 1392
1459850 1391
1459860 1391
1459870 1391
1459880 1392
1459890 1392
1459900 1392
1459910 1391
1459920 1391
1459930 1391
1459940 1390
1459950 1385
1459960 1384
1459970 1384
1459980 1388
1459990 1388
