1440000 651
1440010 655
1440020 660
1440030 660
1440040 665
1440050 670
1440060 670
1440070 673
1440080 676
1440090 676
1440100 683
1440110 689
1440120 689
1440130 694
1440140 702
1440150 702
1440160 709
1440170 714
1440180 720
1440190 720
1440200 730
1440210 740
1440220 740
1440230 757
1440240 765
1440250 765
1440260 779
1440270 794
1440280 794
1440290 798
1440300 820
1440310 820
1440320 828
1440330 831
1440340 834
1440350 834
1440360 838
1440370 835
1440380 835
1440390 831
1440400 846
1440410 846
1440420 857
1440430 852
1440440 852
1440450 855
1440460 877
1440470 877
1440480 891
1440490 900
1440500 919
1440510 919
1440520 935
1440530 935
1440540 935
1440550 935
1440560 926
1440570 926
1440580 920
1440590 927
1440600 927
1440610 944
1440620 960
1440630 960
1440640 974
1440650 982
1440660 982
1440670 990
1440680 1000
1440690 1009
1440700 1009
1440710 1018
1440720 1032
1440730 1032
1440740 1044
1440750 1054
1440760 1054
1440770 1064
1440780 1077
1440790 1077
1440800 1088
1440810 1100
1440820 1100
1440830 1113
1440840 1126
1440850 1137
1440860 1137
1440870 1143
1440880 1150
1440890 1150
1440900 1162
1440910 1174
1440920 1174
1440930 1181
1440940 1189
1440950 1189
1440960 1202
1440970 1212
1440980 1212
1440990 1220
1441000 1231
1441010 1231
1441020 1235
1441030 1240
1441040 1249
1441050 1249
1441060 1259
1441070 1264
1441080 1264
1441090 1267
1441100 1272
1441110 1272
1441120 1279
1441130 1284
1441140 1284
1441150 1288
1441160 1290
1441170 1290
1441180 1290
1441190 1290
1441200 1292
1441210 1292
1441220 1292
1441230 1288
1441240 1288
1441250 1283
1441260 1280
1441270 1280
1441280 1275
1441290 1271
1441300 1271
1441310 1268
1441320 1267
1441330 1267
1441340 1267
1441350 1265
1441360 1264
1441370 1264
1441380 1265
1441390 1268
1441400 1268
1441410 1269
1441420 1268
1441430 1268
1441440 1269
1441450 1270
1441460 1270
1441470 1272
1441480 1272
1441490 1272
1441500 1268
1441510 1266
1441520 1266
1441530 1266
1441540 1264
1441550 1261
1441560 1261
1441570 1257
1441580 1254
1441590 1254
1441600 1252
1441610 1250
1441620 1250
1441630 1246
1441640 1248
1441650 1248
1441660 1250
1441670 1249
1441680 1249
1441690 1246
1441700 1244
1441710 1237
1441720 1237
1441730 1229
1441740 1224
1441750 1224
1441760 1222
1441770 1223
1441780 1223
1441790 1224
1441800 1223
1441810 1223
1441820 1223
1441830 1222
1441840 1222
1441850 1219
1441860 1215
1441870 1215
1441880 1209
1441890 1207
1441900 1205
1441910 1205
1441920 1204
1441930 1202
1441940 1202
1441950 1199
1441960 1195
1441970 1195
1441980 1192
1441990 1187
1442000 1187
1442010 1182
1442020 1175
1442030 1175
1442040 1164
1442050 1157
1442060 1153
1442070 1153
1442080 1149
1442090 1146
1442100 1146
1442110 1146
1442120 1145
1442130 1145
1442140 1143
1442150 1139
1442160 1139
1442170 1135
1442180 1132
1442190 1132
1442200 1128
1442210 1124
1442220 1121
1442230 1121
1442240 1119
1442250 1117
1442260 1117
1442270 1115
1442280 1114
1442290 1114
1442300 1111
1442310 1107
1442320 1107
1442330 1104
1442340 1102
1442350 1102
1442360 1101
1442370 1100
1442380 1100
1442390 1098
1442400 1096
1442410 1094
1442420 1094
1442430 1091
1442440 1087
1442450 1087
1442460 1082
1442470 1078
1442480 1078
1442490 1075
1442500 1071
1442510 1071
1442520 1068
1442530 1064
1442540 1064
1442550 1061
1442560 1057
1442570 1054
1442580 1054
1442590 1050
1442600 1046
1442610 1046
1442620 1041
1442630 1038
1442640 1038
1442650 1034
1442660 1030
1442670 1030
1442680 1026
1442690 1024
1442700 1024
1442710 1024
1442720 1024
1442730 1024
1442740 1020
1442750 1012
1442760 1005
1442770 1005
1442780 998
1442790 993
1442800 993
1442810 986
1442820 978
1442830 978
1442840 972
1442850 965
1442860 965
1442870 955
1442880 948
1442890 948
1442900 941
1442910 934
1442920 931
1442930 931
1442940 936
1442950 942
1442960 942
1442970 948
1442980 955
1442990 955
1443000 961
1443010 969
1443020 969
1443030 975
1443040 981
1443050 981
1443060 984
1443070 985
1443080 987
1443090 987
1443100 987
1443110 987
1443120 987
1443130 988
1443140 990
1443150 990
1443160 990
1443170 986
1443180 986
1443190 981
1443200 986
1443210 986
1443220 987
1443230 988
1443240 988
1443250 988
1443260 989
1443270 992
1443280 992
1443290 995
1443300 998
1443310 998
1443320 1001
1443330 1002
1443340 1002
1443350 1001
1443360 999
1443370 999
1443380 999
1443390 1000
1443400 1000
1443410 1002
1443420 1004
1443430 1005
1443440 1005
1443450 1007
1443460 1008
1443470 1008
1443480 1011
1443490 1014
1443500 1014
1443510 1017
1443520 1021
1443530 1021
1443540 1024
1443550 1027
1443560 1027
1443570 1030
1443580 1030
1443590 1030
1443600 1029
1443610 1029
1443620 1029
1443630 1029
1443640 1030
1443650 1032
1443660 1032
1443670 1034
1443680 1037
1443690 1037
1443700 1043
1443710 1048
1443720 1048
1443730 1050
1443740 1050
1443750 1050
1443760 1049
1443770 1048
1443780 1046
1443790 1046
1443800 1043
1443810 1040
1443820 1040
1443830 1037
1443840 1033
1443850 1033
1443860 1031
1443870 1030
1443880 1030
1443890 1029
1443900 1028
1443910 1028
1443920 1028
1443930 1027
1443940 1026
1443950 1026
1443960 1025
1443970 1022
1443980 1022
1443990 1020
1444000 1020
1444010 1020
1444020 1019
1444030 1019
1444040 1019
1444050 1018
1444060 1018
1444070 1018
1444080 1017
1444090 1017
1444100 1017
1444110 1017
1444120 1017
1444130 1017
1444140 1017
1444150 1016
1444160 1015
1444170 1015
1444180 1015
1444190 1015
1444200 1015
1444210 1014
1444220 1014
1444230 1014
1444240 1015
1444250 1014
1444260 1014
1444270 1014
1444280 1013
1444290 1013
1444300 1013
1444310 1011
1444320 1010
1444330 1010
1444340 1009
1444350 1008
1444360 1008
1444370 1005
1444380 1007
1444390 1007
1444400 1008
1444410 1008
1444420 1008
1444430 1007
1444440 1007
1444450 1007
1444460 1007
1444470 1007
1444480 1006
1444490 1006
1444500 1005
1444510 1003
1444520 1003
1444530 999
1444540 994
1444550 994
1444560 995
1444570 1000
1444580 1000
1444590 1003
1444600 1005
1444610 1005
1444620 1005
1444630 1005
1444640 1006
1444650 1006
1444660 1007
1444670 1008
1444680 1008
1444690 1010
1444700 1011
1444710 1011
1444720 1011
1444730 1012
1444740 1012
1444750 1012
1444760 1012
1444770 1012
1444780 1012
1444790 1012
1444800 1012
1444810 1013
1444820 1013
1444830 1012
1444840 1012
1444850 1012
1444860 1012
1444870 1012
1444880 1012
1444890 1012
1444900 1012
1444910 1011
1444920 1009
1444930 1009
1444940 1011
1444950 1010
1444960 1010
1444970 1009
1444980 1009
1444990 1009
1445000 1009
1445010 1008
1445020 1007
1445030 1007
1445040 1006
1445050 1004
1445060 1003
1445070 1002
1445080 1001
1445090 1001
1445100 999
1445110 999
1445120 999
1445130 998
1445140 996
1445150 994
1445160 994
1445170 994
1445180 993
1445190 993
1445200 992
1445210 991
1445220 991
1445230 989
1445240 987
1445250 987
1445260 986
1445270 984
1445280 984
1445290 982
1445300 981
1445310 981
1445320 980
1445330 980
1445340 979
1445350 979
1445360 977
1445370 974
1445380 974
1445390 972
1445400 970
1445410 970
1445420 967
1445430 962
1445440 962
1445450 958
1445460 953
1445470 953
1445480 949
1445490 945
1445500 937
1445510 937
1445520 935
1445530 940
1445540 940
1445550 944
1445560 945
1445570 945
1445580 944
1445590 941
1445600 941
1445610 940
1445620 939
1445630 939
1445640 936
1445650 932
1445660 932
1445670 927
1445680 923
1445690 919
1445700 919
1445710 916
1445720 913
1445730 913
1445740 910
1445750 908
1445760 908
1445770 908
1445780 907
1445790 907
1445800 906
1445810 904
1445820 904
1445830 904
1445840 908
1445850 913
1445860 913
1445870 919
1445880 926
1445890 926
1445900 931
1445910 936
1445920 936
1445930 937
1445940 938
1445950 938
1445960 939
1445970 942
1445980 942
1445990 943
1446000 939
1446010 931
1446020 931
1446030 925
1446040 921
1446050 921
1446060 914
1446070 907
1446080 907
1446090 899
1446100 890
1446110 890
1446120 882
1446130 872
1446140 872
1446150 862
1446160 853
1446170 853
1446180 846
1446190 840
1446200 834
1446210 834
1446220 828
1446230 825
1446240 825
1446250 819
1446260 816
1446270 816
1446280 820
1446290 824
1446300 824
1446310 836
1446320 846
1446330 846
1446340 854
1446350 860
1446360 870
1446370 870
1446380 878
1446390 884
1446400 884
1446410 887
1446420 886
1446430 886
1446440 890
1446450 894
1446460 894
1446470 897
1446480 902
1446490 902
1446500 911
1446510 921
1446520 921
1446530 930
1446540 938
1446550 946
1446560 946
1446570 953
1446580 961
1446590 961
1446600 967
1446610 974
1446620 974
1446630 980
1446640 985
1446650 985
1446660 990
1446670 996
1446680 996
1446690 1001
1446700 1005
1446710 1011
1446720 1011
1446730 1016
1446740 1020
1446750 1020
1446760 1023
1446770 1027
1446780 1027
1446790 1032
1446800 1036
1446810 1036
1446820 1040
1446830 1043
1446840 1043
1446850 1046
1446860 1049
1446870 1052
1446880 1052
1446890 1055
1446900 1057
1446910 1057
1446920 1059
1446930 1061
1446940 1061
1446950 1063
1446960 1065
1446970 1065
1446980 1067
1446990 1068
1447000 1068
1447010 1069
1447020 1069
1447030 1069
1447040 1069
1447050 1069
1447060 1070
1447070 1070
1447080 1072
1447090 1075
1447100 1075
1447110 1078
1447120 1078
1447130 1078
1447140 1079
1447150 1082
1447160 1082
1447170 1084
1447180 1085
1447190 1085
1447200 1086
1447210 1088
1447220 1090
1447230 1090
1447240 1090
1447250 1090
1447260 1090
1447270 1089
1447280 1088
1447290 1088
1447300 1089
1447310 1090
1447320 1090
1447330 1093
1447340 1097
1447350 1097
1447360 1101
1447370 1105
1447380 1105
1447390 1109
1447400 1112
1447410 1115
1447420 1115
1447430 1118
1447440 1121
1447450 1121
1447460 1123
1447470 1124
1447480 1124
1447490 1126
1447500 1127
1447510 1127
1447520 1128
1447530 1129
1447540 1129
1447550 1129
1447560 1129
1447570 1133
1447580 1133
1447590 1133
1447600 1135
1447610 1135
1447620 1136
1447630 1138
1447640 1138
1447650 1140
1447660 1141
1447670 1141
1447680 1142
1447690 1142
1447700 1142
1447710 1143
1447720 1142
1447730 1142
1447740 1142
1447750 1141
1447760 1140
1447770 1140
1447780 1137
1447790 1133
1447800 1133
1447810 1130
1447820 1128
1447830 1128
1447840 1130
1447850 1132
1447860 1132
1447870 1133
1447880 1135
1447890 1135
1447900 1137
1447910 1139
1447920 1141
1447930 1141
1447940 1142
1447950 1143
1447960 1143
1447970 1143
1447980 1143
1447990 1143
1448000 1139
1448010 1139
1448020 1139
1448030 1140
1448040 1143
1448050 1143
1448060 1148
1448070 1152
1448080 1158
1448090 1158
1448100 1161
1448110 1163
1448120 1163
1448130 1161
1448140 1161
1448150 1161
1448160 1160
1448170 1160
1448180 1160
1448190 1159
1448200 1159
1448210 1159
1448220 1160
1448230 1160
1448240 1160
1448250 1159
1448260 1158
1448270 1158
1448280 1158
1448290 1157
1448300 1155
1448310 1155
1448320 1155
1448330 1156
1448340 1156
1448350 1157
1448360 1157
1448370 1157
1448380 1152
1448390 1154
1448400 1154
1448410 1156
1448420 1158
1448430 1158
1448440 1158
1448450 1158
1448460 1157
1448470 1157
1448480 1155
1448490 1155
1448500 1155
1448510 1155
1448520 1155
1448530 1155
1448540 1155
1448550 1155
1448560 1155
1448570 1153
1448580 1152
1448590 1151
1448600 1151
1448610 1152
1448620 1151
1448630 1151
1448640 1152
1448650 1155
1448660 1155
1448670 1156
1448680 1157
1448690 1157
1448700 1157
1448710 1156
1448720 1156
1448730 1156
1448740 1158
1448750 1158
1448760 1160
1448770 1161
1448780 1161
1448790 1161
1448800 1160
1448810 1159
1448820 1159
1448830 1158
1448840 1159
1448850 1159
1448860 1162
1448870 1164
1448880 1164
1448890 1169
1448900 1171
1448910 1171
1448920 1173
1448930 1169
1448940 1165
1448950 1165
1448960 1159
1448970 1151
1448980 1151
1448990 1145
1449000 1153
1449010 1153
1449020 1162
1449030 1173
1449040 1173
1449050 1180
1449060 1185
1449070 1185
1449080 1190
1449090 1192
1449100 1192
1449110 1196
1449120 1198
1449130 1196
1449140 1196
1449150 1194
1449160 1191
1449170 1191
1449180 1190
1449190 1194
1449200 1194
1449210 1200
1449220 1206
1449230 1206
1449240 1211
1449250 1216
1449260 1216
1449270 1221
1449280 1226
1449290 1228
1449300 1228
1449310 1230
1449320 1232
1449330 1232
1449340 1233
1449350 1233
1449360 1233
1449370 1234
1449380 1235
1449390 1235
1449400 1235
1449410 1234
1449420 1234
1449430 1234
1449440 1238
1449450 1242
1449460 1242
1449470 1245
1449480 1246
1449490 1246
1449500 1248
1449510 1247
1449520 1247
1449530 1249
1449540 1252
1449550 1252
1449560 1254
1449570 1256
1449580 1256
1449590 1257
1449600 1257
1449610 1257
1449620 1258
1449630 1259
1449640 1263
1449650 1263
1449660 1265
1449670 1266
1449680 1266
1449690 1266
1449700 1268
1449710 1268
1449720 1268
1449730 1268
1449740 1268
1449750 1268
1449760 1266
1449770 1266
1449780 1264
1449790 1262
1449800 1260
1449810 1260
1449820 1258
1449830 1256
1449840 1256
1449850 1252
1449860 1249
1449870 1249
1449880 1246
1449890 1243
1449900 1243
1449910 1241
1449920 1240
1449930 1240
1449940 1238
1449950 1236
1449960 1236
1449970 1234
1449980 1233
1449990 1232
1450000 1232
1450010 1229
1450020 1225
1450030 1225
1450040 1220
1450050 1215
1450060 1215
1450070 1210
1450080 1207
1450090 1207
1450100 1206
1450110 1205
1450120 1205
1450130 1205
1450140 1206
1450150 1205
1450160 1205
1450170 1201
1450180 1196
1450190 1196
1450200 1191
1450210 1189
1450220 1189
1450230 1186
1450240 1184
1450250 1184
1450260 1184
1450270 1185
1450280 1185
1450290 1187
1450300 1186
1450310 1185
1450320 1185
1450330 1184
1450340 1181
1450350 1181
1450360 1177
1450370 1172
1450380 1172
1450390 1164
1450400 1157
1450410 1157
1450420 1152
1450430 1147
1450440 1147
1450450 1147
1450460 1149
1450470 1149
1450480 1145
1450490 1142
1450500 1139
1450510 1139
1450520 1137
1450530 1135
1450540 1135
1450550 1132
1450560 1129
1450570 1129
1450580 1128
1450590 1128
1450600 1128
1450610 1127
1450620 1126
1450630 1126
1450640 1125
1450650 1125
1450660 1126
1450670 1126
1450680 1127
1450690 1127
1450700 1127
1450710 1125
1450720 1122
1450730 1122
1450740 1116
1450750 1108
1450760 1108
1450770 1102
1450780 1098
1450790 1098
1450800 1093
1450810 1088
1450820 1088
1450830 1083
1450840 1078
1450850 1081
1450860 1081
1450870 1084
1450880 1092
1450890 1092
1450900 1099
1450910 1107
1450920 1107
1450930 1116
1450940 1125
1450950 1125
1450960 1136
1450970 1150
1450980 1150
1450990 1162
1451000 1177
1451010 1183
1451020 1183
1451030 1189
1451040 1194
1451050 1194
1451060 1198
1451070 1201
1451080 1201
1451090 1204
1451100 1208
1451110 1208
1451120 1212
1451130 1215
1451140 1215
1451150 1216
1451160 1222
1451170 1222
1451180 1240
1451190 1250
1451200 1258
1451210 1258
1451220 1264
1451230 1269
1451240 1269
1451250 1275
1451260 1281
1451270 1281
1451280 1287
1451290 1293
1451300 1293
1451310 1297
1451320 1300
1451330 1300
1451340 1304
1451350 1307
1451360 1311
1451370 1311
1451380 1315
1451390 1318
1451400 1318
1451410 1323
1451420 1327
1451430 1327
1451440 1331
1451450 1335
1451460 1335
1451470 1339
1451480 1343
1451490 1343
1451500 1346
1451510 1349
1451520 1353
1451530 1353
1451540 1355
1451550 1357
1451560 1357
1451570 1361
1451580 1366
1451590 1366
1451600 1370
1451610 1375
1451620 1375
1451630 1379
1451640 1383
1451650 1383
1451660 1388
1451670 1391
1451680 1391
1451690 1395
1451700 1399
1451710 1401
1451720 1401
1451730 1404
1451740 1407
1451750 1407
1451760 1410
1451770 1413
1451780 1413
1451790 1417
1451800 1420
1451810 1420
1451820 1423
1451830 1426
1451840 1426
1451850 1430
1451860 1434
1451870 1437
1451880 1437
1451890 1440
1451900 1442
1451910 1442
1451920 1443
1451930 1445
1451940 1445
1451950 1446
1451960 1448
1451970 1448
1451980 1451
1451990 1453
1452000 1453
1452010 1453
1452020 1453
1452030 1453
1452040 1455
1452050 1450
1452060 1452
1452070 1452
1452080 1454
1452090 1456
1452100 1456
1452110 1458
1452120 1460
1452130 1460
1452140 1462
1452150 1464
1452160 1464
1452170 1464
1452180 1465
1452190 1465
1452200 1466
1452210 1467
1452220 1469
1452230 1469
1452240 1471
1452250 1472
1452260 1472
1452270 1474
1452280 1475
1452290 1475
1452300 1477
1452310 1478
1452320 1478
1452330 1479
1452340 1481
1452350 1481
1452360 1483
1452370 1485
1452380 1488
1452390 1488
1452400 1491
1452410 1493
1452420 1493
1452430 1494
1452440 1495
1452450 1495
1452460 1496
1452470 1496
1452480 1496
1452490 1497
1452500 1498
1452510 1498
1452520 1498
1452530 1500
1452540 1500
1452550 1501
1452560 1503
1452570 1505
1452580 1505
1452590 1508
1452600 1511
1452610 1511
1452620 1514
1452630 1518
1452640 1518
1452650 1520
1452660 1522
1452670 1522
1452680 1525
1452690 1527
1452700 1527
1452710 1529
1452720 1531
1452730 1533
1452740 1533
1452750 1534
1452760 1535
1452770 1535
1452780 1537
1452790 1538
1452800 1538
1452810 1538
1452820 1538
1452830 1538
1452840 1537
1452850 1536
1452860 1536
1452870 1535
1452880 1535
1452890 1535
1452900 1535
1452910 1538
1452920 1540
1452930 1540
1452940 1544
1452950 1547
1452960 1547
1452970 1549
1452980 1552
1452990 1552
1453000 1553
1453010 1554
1453020 1554
1453030 1556
1453040 1559
1453050 1559
1453060 1561
1453070 1563
1453080 1565
1453090 1565
1453100 1565
1453110 1565
1453120 1565
1453130 1565
1453140 1565
1453150 1565
1453160 1566
1453170 1568
1453180 1568
1453190 1569
1453200 1570
1453210 1570
1453220 1569
1453230 1568
1453240 1568
1453250 1568
1453260 1569
1453270 1569
1453280 1569
1453290 1568
1453300 1567
1453310 1567
1453320 1566
1453330 1566
1453340 1566
1453350 1566
1453360 1566
1453370 1566
1453380 1566
1453390 1566
1453400 1566
1453410 1566
1453420 1563
1453430 1564
1453440 1564
1453450 1567
1453460 1568
1453470 1568
1453480 1568
1453490 1569
1453500 1569
1453510 1568
1453520 1568
1453530 1568
1453540 1569
1453550 1570
1453560 1570
1453570 1571
1453580 1572
1453590 1571
1453600 1571
1453610 1572
1453620 1573
1453630 1573
1453640 1574
1453650 1575
1453660 1575
1453670 1575
1453680 1575
1453690 1575
1453700 1575
1453710 1577
1453720 1577
1453730 1578
1453740 1583
1453750 1583
1453760 1589
1453770 1593
1453780 1594
1453790 1594
1453800 1593
1453810 1593
1453820 1593
1453830 1594
1453840 1594
1453850 1594
1453860 1593
1453870 1592
1453880 1592
1453890 1592
1453900 1592
1453910 1592
1453920 1593
1453930 1594
1453940 1596
1453950 1596
1453960 1597
1453970 1599
1453980 1599
1453990 1601
1454000 1603
1454010 1603
1454020 1603
1454030 1604
1454040 1604
1454050 1605
1454060 1607
1454070 1607
1454080 1608
1454090 1608
1454100 1608
1454110 1608
1454120 1606
1454130 1606
1454140 1606
1454150 1606
1454160 1606
1454170 1606
1454180 1606
1454190 1606
1454200 1606
1454210 1605
1454220 1604
1454230 1604
1454240 1603
1454250 1603
1454260 1603
1454270 1602
1454280 1603
1454290 1603
1454300 1603
1454310 1602
1454320 1603
1454330 1603
1454340 1603
1454350 1603
1454360 1603
1454370 1604
1454380 1603
1454390 1603
1454400 1601
1454410 1599
1454420 1599
1454430 1599
1454440 1598
1454450 1596
1454460 1596
1454470 1594
1454480 1592
1454490 1592
1454500 1590
1454510 1588
1454520 1588
1454530 1585
1454540 1582
1454550 1582
1454560 1577
1454570 1574
1454580 1574
1454590 1576
1454600 1579
1454610 1579
1454620 1580
1454630 1580
1454640 1578
1454650 1578
1454660 1575
1454670 1572
1454680 1572
1454690 1568
1454700 1564
1454710 1564
1454720 1562
1454730 1560
1454740 1560
1454750 1558
1454760 1559
1454770 1559
1454780 1563
1454790 1564
1454800 1563
1454810 1563
1454820 1562
1454830 1561
1454840 1561
1454850 1559
1454860 1555
1454870 1555
1454880 1555
1454890 1554
1454900 1554
1454910 1549
1454920 1542
1454930 1542
1454940 1535
1454950 1532
1454960 1529
1454970 1529
1454980 1528
1454990 1528
1455000 1528
1455010 1525
1455020 1521
1455030 1521
1455040 1516
1455050 1511
1455060 1511
1455070 1506
1455080 1499
1455090 1499
1455100 1492
1455110 1489
1455120 1489
1455130 1489
1455140 1487
1455150 1485
1455160 1485
1455170 1483
1455180 1485
1455190 1485
1455200 1486
1455210 1487
1455220 1487
1455230 1488
1455240 1487
1455250 1487
1455260 1487
1455270 1488
1455280 1488
1455290 1487
1455300 1487
1455310 1486
1455320 1486
1455330 1485
1455340 1482
1455350 1482
1455360 1479
1455370 1477
1455380 1477
1455390 1477
1455400 1474
1455410 1474
1455420 1471
1455430 1469
1455440 1469
1455450 1466
1455460 1461
1455470 1461
1455480 1457
1455490 1453
1455500 1448
1455510 1448
1455520 1444
1455530 1439
1455540 1439
1455550 1436
1455560 1437
1455570 1437
1455580 1437
1455590 1438
1455600 1438
1455610 1438
1455620 1436
1455630 1436
1455640 1433
1455650 1433
1455660 1434
1455670 1434
1455680 1435
1455690 1435
1455700 1435
1455710 1435
1455720 1433
1455730 1433
1455740 1429
1455750 1424
1455760 1424
1455770 1417
1455780 1413
1455790 1413
1455800 1412
1455810 1413
1455820 1413
1455830 1413
1455840 1413
1455850 1410
1455860 1410
1455870 1409
1455880 1407
1455890 1407
1455900 1404
1455910 1402
1455920 1402
1455930 1404
1455940 1406
1455950 1406
1455960 1408
1455970 1408
1455980 1408
1455990 1408
1456000 1407
1456010 1406
1456020 1406
1456030 1406
1456040 1406
1456050 1406
1456060 1404
1456070 1403
1456080 1403
1456090 1400
1456100 1398
1456110 1398
1456120 1397
1456130 1395
1456140 1395
1456150 1393
1456160 1390
1456170 1386
1456180 1386
1456190 1381
1456200 1376
1456210 1376
1456220 1369
1456230 1363
1456240 1363
1456250 1357
1456260 1349
1456270 1349
1456280 1341
1456290 1334
1456300 1334
1456310 1327
1456320 1320
1456330 1320
1456340 1314
1456350 1303
1456360 1300
1456370 1300
1456380 1298
1456390 1294
1456400 1294
1456410 1289
1456420 1283
1456430 1283
1456440 1278
1456450 1274
1456460 1274
1456470 1272
1456480 1271
1456490 1271
1456500 1270
1456510 1268
1456520 1264
1456530 1264
1456540 1259
1456550 1254
1456560 1254
1456570 1250
1456580 1242
1456590 1242
1456600 1237
1456610 1243
1456620 1243
1456630 1244
1456640 1242
1456650 1242
1456660 1243
1456670 1246
1456680 1248
1456690 1248
1456700 1248
1456710 1245
1456720 1245
1456730 1241
1456740 1237
1456750 1237
1456760 1233
1456770 1233
1456780 1233
1456790 1236
1456800 1238
1456810 1238
1456820 1237
1456830 1232
1456840 1232
1456850 1225
1456860 1218
1456870 1211
1456880 1211
1456890 1204
1456900 1197
1456910 1197
1456920 1191
1456930 1184
1456940 1184
1456950 1176
1456960 1168
1456970 1168
1456980 1163
1456990 1159
1457000 1159
1457010 1155
1457020 1150
1457030 1145
1457040 1145
1457050 1142
1457060 1137
1457070 1137
1457080 1134
1457090 1129
1457100 1129
1457110 1123
1457120 1118
1457130 1118
1457140 1113
1457150 1109
1457160 1109
1457170 1105
1457180 1101
1457190 1101
1457200 1097
1457210 1092
1457220 1088
1457230 1088
1457240 1085
1457250 1084
1457260 1084
1457270 1082
1457280 1078
1457290 1078
1457300 1075
1457310 1073
1457320 1073
1457330 1071
1457340 1069
1457350 1069
1457360 1066
1457370 1062
1457380 1056
1457390 1056
1457400 1049
1457410 1043
1457420 1043
1457430 1036
1457440 1028
1457450 1028
1457460 1021
1457470 1014
1457480 1014
1457490 1008
1457500 1002
1457510 1002
1457520 996
1457530 989
1457540 982
1457550 982
1457560 976
1457570 968
1457580 968
1457590 961
1457600 955
1457610 955
1457620 952
1457630 953
1457640 953
1457650 954
1457660 956
1457670 956
1457680 967
1457690 974
1457700 974
1457710 980
1457720 986
1457730 993
1457740 993
1457750 1001
1457760 1013
1457770 1013
1457780 1021
1457790 1029
1457800 1029
1457810 1036
1457820 1045
1457830 1045
1457840 1057
1457850 1067
1457860 1067
1457870 1073
1457880 1073
1457890 1075
1457900 1075
1457910 1079
1457920 1079
1457930 1079
1457940 1076
1457950 1077
1457960 1077
1457970 1081
1457980 1087
1457990 1087
1458000 1096
1458010 1105
1458020 1105
1458030 1114
1458040 1121
1458050 1121
1458060 1129
1458070 1137
1458080 1145
1458090 1145
1458100 1153
1458110 1162
1458120 1162
1458130 1171
1458140 1182
1458150 1182
1458160 1193
1458170 1207
1458180 1207
1458190 1213
1458200 1219
1458210 1219
1458220 1224
1458230 1229
1458240 1234
1458250 1234
1458260 1239
1458270 1244
1458280 1244
1458290 1249
1458300 1254
1458310 1254
1458320 1258
1458330 1264
1458340 1264
1458350 1269
1458360 1274
1458370 1274
1458380 1278
1458390 1282
1458400 1287
1458410 1287
1458420 1291
1458430 1296
1458440 1296
1458450 1300
1458460 1305
1458470 1305
1458480 1309
1458490 1314
1458500 1314
1458510 1318
1458520 1321
1458530 1321
1458540 1326
1458550 1331
1458560 1331
1458570 1336
1458580 1340
1458590 1344
1458600 1344
1458610 1347
1458620 1348
1458630 1348
1458640 1349
1458650 1350
1458660 1350
1458670 1350
1458680 1350
1458690 1350
1458700 1351
1458710 1350
1458720 1350
1458730 1349
1458740 1349
1458750 1349
1458760 1349
1458770 1349
1458780 1351
1458790 1351
1458800 1352
1458810 1353
1458820 1353
1458830 1353
1458840 1353
1458850 1353
1458860 1353
1458870 1353
1458880 1353
1458890 1353
1458900 1354
1458910 1354
1458920 1354
1458930 1355
1458940 1356
1458950 1356
1458960 1357
1458970 1360
1458980 1360
1458990 1361
1459000 1363
1459010 1363
1459020 1364
1459030 1365
1459040 1365
1459050 1367
1459060 1368
1459070 1368
1459080 1369
1459090 1370
1459100 1371
1459110 1371
1459120 1373
1459130 1373
1459140 1373
1459150 1374
1459160 1375
1459170 1375
1459180 1375
1459190 1376
1459200 1376
1459210 1377
1459220 1378
1459230 1378
1459240 1379
1459250 1381
1459260 1383
1459270 1383
1459280 1385
1459290 1386
1459300 1386
1459310 1388
1459320 1390
1459330 1390
1459340 1390
1459350 1389
1459360 1389
1459370 1388
1459380 1388
1459390 1388
1459400 1387
1459410 1387
1459420 1387
1459430 1387
1459440 1387
1459450 1386
1459460 1386
1459470 1387
1459480 1387
1459490 1387
1459500 1387
1459510 1387
1459520 1387
1459530 1387
1459540 1388
1459550 1388
1459560 1387
1459570 1388
1459580 1388
1459590 1388
1459600 1388
1459610 1390
1459620 1390
1459630 1390
1459640 1390
1459650 1390
1459660 1390
1459670 1390
1459680 1390
1459690 1390
1459700 1391
1459710 1391
1459720 1390
1459730 1386
1459740 1386
1459750 1388
1459760 1390
1459770 1390
1459780 1389
1459790 1388
1459800 1388
1459810 1388
1459820 1388
1459830 1388
1459840 1388
1459850 1387
1459860 1387
1459870 1387
1459880 1387
1459890 1387
1459900 1387
1459910 1386
1459920 1386
1459930 1386
1459940 1385
1459950 1382
1459960 1380
1459970 1380
1459980 1383
1459990 1383
