1440000 1013
1440010 1013
1440020 1025
1440030 1035
1440040 1035
1440050 1045
1440060 1054
1440070 1054
1440080 1063
1440090 1072
1440100 1072
1440110 1082
1440120 1093
1440130 1093
1440140 1106
1440150 1123
1440160 1135
1440170 1135
1440180 1145
1440190 1153
1440200 1153
1440210 1161
1440220 1166
1440230 1166
1440240 1171
1440250 1175
1440260 1175
1440270 1177
1440280 1179
1440290 1179
1440300 1181
1440310 1182
1440320 1183
1440330 1183
1440340 1185
1440350 1186
1440360 1186
1440370 1191
1440380 1198
1440390 1198
1440400 1204
1440410 1210
1440420 1210
1440430 1214
1440440 1219
1440450 1219
1440460 1224
1440470 1227
1440480 1227
1440490 1230
1440500 1232
1440510 1233
1440520 1233
1440530 1233
1440540 1234
1440550 1234
1440560 1235
1440570 1235
1440580 1235
1440590 1236
1440600 1236
1440610 1236
1440620 1236
1440630 1237
1440640 1237
1440650 1238
1440660 1239
1440670 1240
1440680 1240
1440690 1242
1440700 1243
1440710 1243
1440720 1244
1440730 1244
1440740 1244
1440750 1244
1440760 1245
1440770 1245
1440780 1246
1440790 1246
1440800 1246
1440810 1247
1440820 1249
1440830 1249
1440840 1251
1440850 1253
1440860 1254
1440870 1254
1440880 1255
1440890 1257
1440900 1257
1440910 1259
1440920 1260
1440930 1260
1440940 1262
1440950 1264
1440960 1264
1440970 1266
1440980 1268
1440990 1268
1441000 1271
1441010 1274
1441020 1276
1441030 1276
1441040 1279
1441050 1282
1441060 1282
1441070 1284
1441080 1286
1441090 1286
1441100 1288
1441110 1290
1441120 1290
1441130 1292
1441140 1293
1441150 1293
1441160 1295
1441170 1296
1441180 1297
1441190 1297
1441200 1298
1441210 1300
1441220 1300
1441230 1301
1441240 1303
1441250 1303
1441260 1304
1441270 1305
1441280 1305
1441290 1305
1441300 1305
1441310 1305
1441320 1305
1441330 1303
1441340 1303
1441350 1302
1441360 1302
1441370 1302
1441380 1302
1441390 1302
1441400 1302
1441410 1302
1441420 1302
1441430 1301
1441440 1301
1441450 1301
1441460 1300
1441470 1300
1441480 1300
1441490 1300
1441500 1300
1441510 1300
1441520 1301
1441530 1301
1441540 1301
1441550 1301
1441560 1300
1441570 1300
1441580 1299
1441590 1297
1441600 1297
1441610 1294
1441620 1290
1441630 1290
1441640 1288
1441650 1285
1441660 1285
1441670 1281
1441680 1279
1441690 1279
1441700 1276
1441710 1272
1441720 1269
1441730 1269
1441740 1266
1441750 1263
1441760 1263
1441770 1260
1441780 1256
1441790 1256
1441800 1251
1441810 1246
1441820 1246
1441830 1239
1441840 1234
1441850 1234
1441860 1229
1441870 1228
1441880 1227
1441890 1227
1441900 1226
1441910 1226
1441920 1226
1441930 1226
1441940 1226
1441950 1226
1441960 1227
1441970 1227
1441980 1227
1441990 1227
1442000 1228
1442010 1228
1442020 1229
1442030 1230
1442040 1230
1442050 1231
1442060 1230
1442070 1224
1442080 1224
1442090 1220
1442100 1231
1442110 1231
1442120 1236
1442130 1237
1442140 1237
1442150 1238
1442160 1239
1442170 1239
1442180 1239
1442190 1238
1442200 1238
1442210 1238
1442220 1239
1442230 1239
1442240 1239
1442250 1239
1442260 1239
1442270 1239
1442280 1239
1442290 1240
1442300 1240
1442310 1238
1442320 1235
1442330 1235
1442340 1235
1442350 1239
1442360 1239
1442370 1242
1442380 1243
1442390 1243
1442400 1243
1442410 1244
1442420 1246
1442430 1246
1442440 1247
1442450 1248
1442460 1248
1442470 1247
1442480 1250
1442490 1250
1442500 1251
1442510 1251
1442520 1251
1442530 1251
1442540 1252
1442550 1252
1442560 1252
1442570 1250
1442580 1251
1442590 1251
1442600 1253
1442610 1252
1442620 1252
1442630 1253
1442640 1254
1442650 1254
1442660 1258
1442670 1262
1442680 1262
1442690 1264
1442700 1266
1442710 1266
1442720 1267
1442730 1269
1442740 1275
1442750 1275
1442760 1280
1442770 1283
1442780 1283
1442790 1284
1442800 1286
1442810 1286
1442820 1289
1442830 1291
1442840 1291
1442850 1294
1442860 1297
1442870 1297
1442880 1301
1442890 1305
1442900 1305
1442910 1307
1442920 1309
1442930 1310
1442940 1310
1442950 1311
1442960 1312
1442970 1312
1442980 1313
1442990 1314
1443000 1314
1443010 1315
1443020 1316
1443030 1316
1443040 1317
1443050 1318
1443060 1318
1443070 1319
1443080 1320
1443090 1321
1443100 1321
1443110 1323
1443120 1324
1443130 1324
1443140 1325
1443150 1327
1443160 1327
1443170 1329
1443180 1327
1443190 1327
1443200 1325
1443210 1331
1443220 1331
1443230 1335
1443240 1337
1443250 1339
1443260 1339
1443270 1339
1443280 1340
1443290 1335
1443300 1337
1443310 1339
1443320 1339
1443330 1339
1443340 1340
1443350 1340
1443360 1341
1443370 1341
1443380 1341
1443390 1342
1443400 1342
1443410 1342
1443420 1343
1443430 1343
1443440 1344
1443450 1344
1443460 1345
1443470 1346
1443480 1346
1443490 1346
1443500 1346
1443510 1346
1443520 1347
1443530 1348
1443540 1348
1443550 1349
1443560 1351
1443570 1351
1443580 1352
1443590 1354
1443600 1355
1443610 1355
1443620 1356
1443630 1356
1443640 1356
1443650 1357
1443660 1358
1443670 1358
1443680 1359
1443690 1360
1443700 1360
1443710 1362
1443720 1363
1443730 1363
1443740 1363
1443750 1363
1443760 1363
1443770 1363
1443780 1363
1443790 1362
1443800 1362
1443810 1360
1443820 1357
1443830 1357
1443840 1354
1443850 1353
1443860 1353
1443870 1352
1443880 1353
1443890 1353
1443900 1355
1443910 1357
1443920 1357
1443930 1358
1443940 1359
1443950 1360
1443960 1360
1443970 1362
1443980 1363
1443990 1363
1444000 1362
1444010 1360
1444020 1360
1444030 1361
1444040 1362
1444050 1362
1444060 1363
1444070 1362
1444080 1362
1444090 1362
1444100 1363
1444110 1363
1444120 1361
1444130 1363
1444140 1364
1444150 1364
1444160 1364
1444170 1363
1444180 1363
1444190 1362
1444200 1362
1444210 1362
1444220 1363
1444230 1364
1444240 1364
1444250 1364
1444260 1364
1444270 1364
1444280 1364
1444290 1363
1444300 1362
1444310 1362
1444320 1362
1444330 1362
1444340 1362
1444350 1362
1444360 1362
1444370 1362
1444380 1363
1444390 1363
1444400 1363
1444410 1363
1444420 1362
1444430 1362
1444440 1362
1444450 1360
1444460 1360
1444470 1358
1444480 1356
1444490 1355
1444500 1355
1444510 1354
1444520 1354
1444530 1354
1444540 1353
1444550 1352
1444560 1352
1444570 1351
1444580 1350
1444590 1350
1444600 1348
1444610 1344
1444620 1344
1444630 1344
1444640 1344
1444650 1343
1444660 1343
1444670 1342
1444680 1340
1444690 1340
1444700 1338
1444710 1336
1444720 1336
1444730 1334
1444740 1332
1444750 1332
1444760 1330
1444770 1328
1444780 1328
1444790 1325
1444800 1321
1444810 1322
1444820 1322
1444830 1320
1444840 1318
1444850 1318
1444860 1315
1444870 1312
1444880 1312
1444890 1309
1444900 1307
1444910 1307
1444920 1305
1444930 1303
1444940 1303
1444950 1300
1444960 1295
1444970 1295
1444980 1290
1444990 1289
1445000 1293
1445010 1293
1445020 1293
1445030 1293
1445040 1293
1445050 1291
1445060 1288
1445070 1288
1445080 1286
1445090 1282
1445100 1282
1445110 1282
1445120 1284
1445130 1284
1445140 1282
1445150 1278
1445160 1274
1445170 1274
1445180 1271
1445190 1268
1445200 1268
1445210 1265
1445220 1262
1445230 1262
1445240 1258
1445250 1255
1445260 1255
1445270 1251
1445280 1247
1445290 1247
1445300 1242
1445310 1235
1445320 1235
1445330 1228
1445340 1222
1445350 1218
1445360 1218
1445370 1214
1445380 1210
1445390 1210
1445400 1206
1445410 1200
1445420 1200
1445430 1194
1445440 1192
1445450 1192
1445460 1188
1445470 1184
1445480 1184
1445490 1176
1445500 1165
1445510 1165
1445520 1165
1445530 1165
1445540 1161
1445550 1161
1445560 1157
1445570 1154
1445580 1154
1445590 1150
1445600 1148
1445610 1148
1445620 1148
1445630 1145
1445640 1145
1445650 1140
1445660 1136
1445670 1131
1445680 1131
1445690 1126
1445700 1122
1445710 1122
1445720 1121
1445730 1119
1445740 1119
1445750 1115
1445760 1113
1445770 1113
1445780 1110
1445790 1106
1445800 1106
1445810 1101
1445820 1097
1445830 1097
1445840 1094
1445850 1091
1445860 1087
1445870 1087
1445880 1083
1445890 1080
1445900 1080
1445910 1077
1445920 1075
1445930 1075
1445940 1074
1445950 1072
1445960 1072
1445970 1072
1445980 1074
1445990 1074
1446000 1075
1446010 1074
1446020 1069
1446030 1069
1446040 1065
1446050 1062
1446060 1062
1446070 1059
1446080 1056
1446090 1056
1446100 1053
1446110 1048
1446120 1048
1446130 1039
1446140 1033
1446150 1033
1446160 1029
1446170 1025
1446180 1025
1446190 1018
1446200 1010
1446210 1003
1446220 1003
1446230 996
1446240 991
1446250 991
1446260 986
1446270 982
1446280 982
1446290 977
1446300 972
1446310 972
1446320 966
1446330 959
1446340 959
1446350 952
1446360 944
1446370 938
1446380 938
1446390 932
1446400 926
1446410 926
1446420 916
1446430 908
1446440 908
1446450 902
1446460 900
1446470 898
1446480 897
1446490 901
1446500 901
1446510 907
1446520 914
1446530 914
1446540 922
1446550 928
1446560 934
1446570 934
1446580 940
1446590 947
1446600 947
1446610 957
1446620 973
1446630 973
1446640 983
1446650 986
1446660 986
1446670 988
1446680 991
1446690 991
1446700 994
1446710 998
1446720 1003
1446730 1003
1446740 1008
1446750 1014
1446760 1014
1446770 1018
1446780 1024
1446790 1024
1446800 1030
1446810 1033
1446820 1033
1446830 1038
1446840 1046
1446850 1046
1446860 1054
1446870 1062
1446880 1062
1446890 1073
1446900 1081
1446910 1088
1446920 1088
1446930 1094
1446940 1100
1446950 1100
1446960 1104
1446970 1107
1446980 1107
1446990 1109
1447000 1111
1447010 1111
1447020 1115
1447030 1118
1447040 1118
1447050 1120
1447060 1122
1447070 1128
1447080 1128
1447090 1135
1447100 1144
1447110 1144
1447120 1150
1447130 1155
1447140 1155
1447150 1160
1447160 1165
1447170 1165
1447180 1170
1447190 1175
1447200 1175
1447210 1180
1447220 1185
1447230 1191
1447240 1191
1447250 1197
1447260 1202
1447270 1202
1447280 1208
1447290 1214
1447300 1214
1447310 1221
1447320 1224
1447330 1224
1447340 1228
1447350 1236
1447360 1236
1447370 1242
1447380 1248
1447390 1248
1447400 1255
1447410 1261
1447420 1268
1447430 1268
1447440 1273
1447450 1277
1447460 1277
1447470 1281
1447480 1284
1447490 1284
1447500 1286
1447510 1290
1447520 1290
1447530 1297
1447540 1305
1447550 1305
1447560 1314
1447570 1323
1447580 1333
1447590 1333
1447600 1339
1447610 1344
1447620 1344
1447630 1348
1447640 1352
1447650 1352
1447660 1357
1447670 1361
1447680 1361
1447690 1367
1447700 1373
1447710 1373
1447720 1378
1447730 1381
1447740 1381
1447750 1388
1447760 1392
1447770 1396
1447780 1396
1447790 1399
1447800 1403
1447810 1403
1447820 1406
1447830 1409
1447840 1409
1447850 1412
1447860 1415
1447870 1415
1447880 1418
1447890 1422
1447900 1422
1447910 1426
1447920 1431
1447930 1435
1447940 1435
1447950 1440
1447960 1443
1447970 1443
1447980 1446
1447990 1448
1448000 1448
1448010 1450
1448020 1453
1448030 1453
1448040 1456
1448050 1459
1448060 1459
1448070 1462
1448080 1464
1448090 1464
1448100 1468
1448110 1469
1448120 1472
1448130 1472
1448140 1474
1448150 1477
1448160 1477
1448170 1479
1448180 1481
1448190 1481
1448200 1483
1448210 1485
1448220 1485
1448230 1487
1448240 1489
1448250 1489
1448260 1491
1448270 1493
1448280 1497
1448290 1497
1448300 1501
1448310 1505
1448320 1505
1448330 1508
1448340 1510
1448350 1510
1448360 1512
1448370 1513
1448380 1513
1448390 1515
1448400 1516
1448410 1516
1448420 1518
1448430 1520
1448440 1522
1448450 1522
1448460 1523
1448470 1525
1448480 1525
1448490 1527
1448500 1528
1448510 1528
1448520 1530
1448530 1533
1448540 1533
1448550 1535
1448560 1536
1448570 1536
1448580 1537
1448590 1538
1448600 1538
1448610 1539
1448620 1539
1448630 1539
1448640 1539
1448650 1538
1448660 1538
1448670 1538
1448680 1538
1448690 1538
1448700 1538
1448710 1538
1448720 1538
1448730 1538
1448740 1538
1448750 1539
1448760 1539
1448770 1540
1448780 1539
1448790 1539
1448800 1539
1448810 1539
1448820 1539
1448830 1539
1448840 1539
1448850 1539
1448860 1539
1448870 1539
1448880 1538
1448890 1538
1448900 1538
1448910 1537
1448920 1537
1448930 1537
1448940 1537
1448950 1537
1448960 1538
1448970 1537
1448980 1537
1448990 1537
1449000 1537
1449010 1537
1449020 1537
1449030 1536
1449040 1535
1449050 1535
1449060 1535
1449070 1533
1449080 1533
1449090 1532
1449100 1531
1449110 1531
1449120 1531
1449130 1531
1449140 1530
1449150 1530
1449160 1530
1449170 1529
1449180 1529
1449190 1526
1449200 1521
1449210 1521
1449220 1516
1449230 1510
1449240 1510
1449250 1506
1449260 1500
1449270 1500
1449280 1495
1449290 1488
1449300 1488
1449310 1479
1449320 1473
1449330 1477
1449340 1477
1449350 1476
1449360 1479
1449370 1479
1449380 1490
1449390 1498
1449400 1498
1449410 1504
1449420 1508
1449430 1508
1449440 1508
1449450 1509
1449460 1509
1449470 1509
1449480 1509
1449490 1507
1449500 1507
1449510 1507
1449520 1510
1449530 1510
1449540 1512
1449550 1513
1449560 1513
1449570 1514
1449580 1514
1449590 1514
1449600 1515
1449610 1517
1449620 1517
1449630 1519
1449640 1522
1449650 1526
1449660 1526
1449670 1531
1449680 1534
1449690 1534
1449700 1537
1449710 1542
1449720 1542
1449730 1545
1449740 1549
1449750 1549
1449760 1551
1449770 1553
1449780 1553
1449790 1553
1449800 1552
1449810 1552
1449820 1551
1449830 1549
1449840 1548
1449850 1548
1449860 1547
1449870 1547
1449880 1547
1449890 1546
1449900 1545
1449910 1545
1449920 1543
1449930 1539
1449940 1533
1449950 1522
1449960 1513
1449970 1513
1449980 1507
1449990 1503
1450000 1499
1450010 1499
1450020 1496
1450030 1492
1450040 1492
1450050 1490
1450060 1486
1450070 1486
1450080 1482
1450090 1479
1450100 1479
1450110 1477
1450120 1477
1450130 1477
1450140 1478
1450150 1479
1450160 1479
1450170 1480
1450180 1482
1450190 1483
1450200 1483
1450210 1484
1450220 1484
1450230 1484
1450240 1483
1450250 1483
1450260 1483
1450270 1484
1450280 1486
1450290 1486
1450300 1487
1450310 1488
1450320 1488
1450330 1488
1450340 1486
1450350 1482
1450360 1482
1450370 1478
1450380 1474
1450390 1474
1450400 1473
1450410 1474
1450420 1474
1450430 1473
1450440 1472
1450450 1472
1450460 1470
1450470 1467
1450480 1467
1450490 1464
1450500 1463
1450510 1463
1450520 1463
1450530 1463
1450540 1460
1450550 1460
1450560 1455
1450570 1448
1450580 1448
1450590 1450
1450600 1452
1450610 1452
1450620 1452
1450630 1452
1450640 1452
1450650 1450
1450660 1451
1450670 1451
1450680 1454
1450690 1453
1450700 1451
1450710 1451
1450720 1446
1450730 1449
1450740 1449
1450750 1450
1450760 1451
1450770 1451
1450780 1451
1450790 1451
1450800 1451
1450810 1449
1450820 1446
1450830 1446
1450840 1445
1450850 1443
1450860 1440
1450870 1440
1450880 1438
1450890 1439
1450900 1439
1450910 1439
1450920 1439
1450930 1439
1450940 1436
1450950 1434
1450960 1434
1450970 1432
1450980 1432
1450990 1432
1451000 1432
1451010 1430
1451020 1430
1451030 1430
1451040 1430
1451050 1428
1451060 1428
1451070 1425
1451080 1422
1451090 1422
1451100 1419
1451110 1416
1451120 1416
1451130 1415
1451140 1416
1451150 1416
1451160 1416
1451170 1417
1451180 1417
1451190 1416
1451200 1415
1451210 1412
1451220 1412
1451230 1408
1451240 1404
1451250 1404
1451260 1399
1451270 1395
1451280 1395
1451290 1396
1451300 1397
1451310 1397
1451320 1397
1451330 1393
1451340 1393
1451350 1388
1451360 1391
1451370 1391
1451380 1392
1451390 1392
1451400 1391
1451410 1391
1451420 1393
1451430 1394
1451440 1394
1451450 1394
1451460 1395
1451470 1395
1451480 1397
1451490 1401
1451500 1401
1451510 1403
1451520 1403
1451530 1403
1451540 1403
1451550 1407
1451560 1407
1451570 1407
1451580 1407
1451590 1406
1451600 1406
1451610 1406
1451620 1408
1451630 1408
1451640 1410
1451650 1413
1451660 1413
1451670 1416
1451680 1420
1451690 1420
1451700 1424
1451710 1427
1451720 1427
1451730 1429
1451740 1431
1451750 1433
1451760 1433
1451770 1435
1451780 1440
1451790 1440
1451800 1442
1451810 1440
1451820 1440
1451830 1436
1451840 1430
1451850 1430
1451860 1425
1451870 1419
1451880 1419
1451890 1413
1451900 1409
1451910 1414
1451920 1414
1451930 1421
1451940 1429
1451950 1429
1451960 1437
1451970 1446
1451980 1446
1451990 1452
1452000 1459
1452010 1459
1452020 1465
1452030 1473
1452040 1473
1452050 1482
1452060 1492
1452070 1502
1452080 1502
1452090 1508
1452100 1513
1452110 1513
1452120 1517
1452130 1521
1452140 1521
1452150 1524
1452160 1526
1452170 1526
1452180 1529
1452190 1533
1452200 1533
1452210 1537
1452220 1543
1452230 1543
1452240 1549
1452250 1554
1452260 1561
1452270 1561
1452280 1568
1452290 1576
1452300 1576
1452310 1585
1452320 1593
1452330 1593
1452340 1602
1452350 1610
1452360 1610
1452370 1617
1452380 1626
1452390 1626
1452400 1634
1452410 1640
1452420 1646
1452430 1646
1452440 1650
1452450 1656
1452460 1656
1452470 1661
1452480 1666
1452490 1666
1452500 1672
1452510 1678
1452520 1678
1452530 1683
1452540 1688
1452550 1688
1452560 1693
1452570 1700
1452580 1700
1452590 1707
1452600 1713
1452610 1720
1452620 1720
1452630 1727
1452640 1735
1452650 1735
1452660 1743
1452670 1751
1452680 1751
1452690 1757
1452700 1764
1452710 1764
1452720 1769
1452730 1774
1452740 1774
1452750 1778
1452760 1783
1452770 1788
1452780 1788
1452790 1794
1452800 1801
1452810 1801
1452820 1807
1452830 1813
1452840 1813
1452850 1820
1452860 1826
1452870 1826
1452880 1833
1452890 1839
1452900 1839
1452910 1846
1452920 1852
1452930 1858
1452940 1858
1452950 1863
1452960 1868
1452970 1868
1452980 1873
1452990 1877
1453000 1877
1453010 1882
1453020 1886
1453030 1886
1453040 1891
1453050 1896
1453060 1896
1453070 1901
1453080 1904
1453090 1904
1453100 1906
1453110 1907
1453120 1908
1453130 1908
1453140 1908
1453150 1908
1453160 1908
1453170 1908
1453180 1908
1453190 1908
1453200 1907
1453210 1904
1453220 1904
1453230 1901
1453240 1899
1453250 1899
1453260 1900
1453270 1902
1453280 1903
1453290 1903
1453300 1903
1453310 1903
1453320 1903
1453330 1902
1453340 1903
1453350 1903
1453360 1904
1453370 1905
1453380 1905
1453390 1903
1453400 1902
1453410 1902
1453420 1900
1453430 1898
1453440 1898
1453450 1896
1453460 1897
1453470 1897
1453480 1897
1453490 1898
1453500 1898
1453510 1898
1453520 1900
1453530 1902
1453540 1902
1453550 1903
1453560 1904
1453570 1904
1453580 1904
1453590 1903
1453600 1903
1453610 1899
1453620 1898
1453630 1903
1453640 1903
1453650 1905
1453660 1906
1453670 1906
1453680 1907
1453690 1907
1453700 1907
1453710 1906
1453720 1904
1453730 1904
1453740 1902
1453750 1900
1453760 1900
1453770 1900
1453780 1901
1453790 1901
1453800 1900
1453810 1901
1453820 1900
1453830 1900
1453840 1895
1453850 1889
1453860 1889
1453870 1887
1453880 1886
1453890 1886
1453900 1883
1453910 1882
1453920 1882
1453930 1883
1453940 1884
1453950 1884
1453960 1884
1453970 1883
1453980 1880
1453990 1880
1454000 1877
1454010 1873
1454020 1873
1454030 1870
1454040 1866
1454050 1866
1454060 1867
1454070 1867
1454080 1867
1454090 1867
1454100 1867
1454110 1867
1454120 1866
1454130 1865
1454140 1865
1454150 1865
1454160 1864
1454170 1864
1454180 1864
1454190 1864
1454200 1864
1454210 1864
1454220 1865
1454230 1865
1454240 1865
1454250 1864
1454260 1864
1454270 1864
1454280 1864
1454290 1863
1454300 1863
1454310 1863
1454320 1863
1454330 1864
1454340 1864
1454350 1866
1454360 1866
1454370 1866
1454380 1865
1454390 1862
1454400 1862
1454410 1860
1454420 1858
1454430 1858
1454440 1856
1454450 1855
1454460 1855
1454470 1853
1454480 1852
1454490 1849
1454500 1849
1454510 1848
1454520 1846
1454530 1846
1454540 1845
1454550 1844
1454560 1844
1454570 1843
1454580 1840
1454590 1840
1454600 1833
1454610 1829
1454620 1829
1454630 1827
1454640 1826
1454650 1826
1454660 1827
1454670 1828
1454680 1827
1454690 1827
1454700 1826
1454710 1827
1454720 1827
1454730 1826
1454740 1825
1454750 1825
1454760 1824
1454770 1821
1454780 1821
1454790 1817
1454800 1811
1454810 1811
1454820 1805
1454830 1801
1454840 1799
1454850 1799
1454860 1797
1454870 1794
1454880 1794
1454890 1793
1454900 1793
1454910 1793
1454920 1791
1454930 1788
1454940 1788
1454950 1785
1454960 1782
1454970 1782
1454980 1778
1454990 1774
1455000 1774
1455010 1772
1455020 1769
1455030 1767
1455040 1767
1455050 1765
1455060 1764
1455070 1764
1455080 1761
1455090 1760
1455100 1760
1455110 1758
1455120 1756
1455130 1756
1455140 1755
1455150 1753
1455160 1753
1455170 1750
1455180 1749
1455190 1748
1455200 1748
1455210 1746
1455220 1745
1455230 1745
1455240 1743
1455250 1740
1455260 1740
1455270 1737
1455280 1735
1455290 1735
1455300 1735
1455310 1734
1455320 1734
1455330 1729
1455340 1728
1455350 1725
1455360 1725
1455370 1722
1455380 1717
1455390 1717
1455400 1714
1455410 1709
1455420 1709
1455430 1703
1455440 1698
1455450 1698
1455460 1697
1455470 1696
1455480 1696
1455490 1696
1455500 1695
1455510 1695
1455520 1693
1455530 1691
1455540 1689
1455550 1689
1455560 1687
1455570 1685
1455580 1685
1455590 1683
1455600 1681
1455610 1681
1455620 1680
1455630 1678
1455640 1678
1455650 1677
1455660 1676
1455670 1676
1455680 1673
1455690 1671
1455700 1669
1455710 1669
1455720 1666
1455730 1663
1455740 1663
1455750 1661
1455760 1660
1455770 1660
1455780 1658
1455790 1656
1455800 1656
1455810 1654
1455820 1652
1455830 1652
1455840 1652
1455850 1650
1455860 1650
1455870 1648
1455880 1648
1455890 1645
1455900 1645
1455910 1642
1455920 1638
1455930 1638
1455940 1635
1455950 1630
1455960 1630
1455970 1626
1455980 1622
1455990 1622
1456000 1617
1456010 1613
1456020 1613
1456030 1609
1456040 1603
1456050 1599
1456060 1599
1456070 1595
1456080 1589
1456090 1589
1456100 1582
1456110 1575
1456120 1575
1456130 1569
1456140 1564
1456150 1564
1456160 1557
1456170 1550
1456180 1550
1456190 1543
1456200 1536
1456210 1536
1456220 1529
1456230 1523
1456240 1517
1456250 1517
1456260 1513
1456270 1508
1456280 1508
1456290 1505
1456300 1501
1456310 1501
1456320 1498
1456330 1495
1456340 1495
1456350 1488
1456360 1484
1456370 1484
1456380 1479
1456390 1474
1456400 1469
1456410 1469
1456420 1464
1456430 1461
1456440 1461
1456450 1458
1456460 1454
1456470 1454
1456480 1449
1456490 1444
1456500 1444
1456510 1439
1456520 1434
1456530 1434
1456540 1430
1456550 1427
1456560 1423
1456570 1423
1456580 1419
1456590 1415
1456600 1415
1456610 1411
1456620 1405
1456630 1405
1456640 1398
1456650 1389
1456660 1389
1456670 1381
1456680 1375
1456690 1375
1456700 1371
1456710 1367
1456720 1367
1456730 1364
1456740 1360
1456750 1357
1456760 1357
1456770 1352
1456780 1346
1456790 1346
1456800 1340
1456810 1334
1456820 1334
1456830 1329
1456840 1324
1456850 1324
1456860 1320
1456870 1316
1456880 1316
1456890 1313
1456900 1308
1456910 1303
1456920 1303
1456930 1299
1456940 1294
1456950 1294
1456960 1289
1456970 1282
1456980 1282
1456990 1275
1457000 1269
1457010 1269
1457020 1263
1457030 1258
1457040 1258
1457050 1252
1457060 1245
1457070 1245
1457080 1238
1457090 1231
1457100 1224
1457110 1224
1457120 1217
1457130 1211
1457140 1211
1457150 1205
1457160 1200
1457170 1200
1457180 1195
1457190 1185
1457200 1185
1457210 1178
1457220 1174
1457230 1174
1457240 1167
1457250 1160
1457260 1152
1457270 1152
1457280 1144
1457290 1136
1457300 1136
1457310 1129
1457320 1122
1457330 1122
1457340 1116
1457350 1108
1457360 1108
1457370 1101
1457380 1092
1457390 1092
1457400 1084
1457410 1078
1457420 1078
1457430 1076
1457440 1078
1457450 1080
1457460 1080
1457470 1081
1457480 1084
1457490 1084
1457500 1088
1457510 1095
1457520 1095
1457530 1102
1457540 1103
1457550 1103
1457560 1100
1457570 1100
1457580 1100
1457590 1102
1457600 1102
1457610 1102
1457620 1102
1457630 1107
1457640 1120
1457650 1120
1457660 1131
1457670 1138
1457680 1138
1457690 1146
1457700 1154
1457710 1154
1457720 1162
1457730 1175
1457740 1175
1457750 1186
1457760 1193
1457770 1202
1457780 1202
1457790 1212
1457800 1223
1457810 1223
1457820 1233
1457830 1247
1457840 1247
1457850 1265
1457860 1277
1457870 1277
1457880 1284
1457890 1292
1457900 1292
1457910 1299
1457920 1307
1457930 1307
1457940 1315
1457950 1323
1457960 1333
1457970 1333
1457980 1342
1457990 1350
1458000 1350
1458010 1358
1458020 1366
1458030 1366
1458040 1373
1458050 1380
1458060 1380
1458070 1387
1458080 1395
1458090 1395
1458100 1401
1458110 1407
1458120 1413
1458130 1413
1458140 1420
1458150 1428
1458160 1428
1458170 1436
1458180 1443
1458190 1443
1458200 1447
1458210 1454
1458220 1454
1458230 1460
1458240 1466
1458250 1466
1458260 1472
1458270 1478
1458280 1478
1458290 1484
1458300 1489
1458310 1494
1458320 1494
1458330 1499
1458340 1504
1458350 1504
1458360 1508
1458370 1511
1458380 1511
1458390 1513
1458400 1516
1458410 1516
1458420 1517
1458430 1517
1458440 1517
1458450 1518
1458460 1520
1458470 1525
1458480 1525
1458490 1531
1458500 1535
1458510 1535
1458520 1535
1458530 1535
1458540 1535
1458550 1535
1458560 1534
1458570 1534
1458580 1536
1458590 1542
1458600 1542
1458610 1548
1458620 1550
1458630 1550
1458640 1550
1458650 1552
1458660 1555
1458670 1555
1458680 1558
1458690 1561
1458700 1561
1458710 1569
1458720 1577
1458730 1577
1458740 1588
1458750 1601
1458760 1601
1458770 1606
1458780 1611
1458790 1611
1458800 1617
1458810 1623
1458820 1629
1458830 1629
1458840 1634
1458850 1636
1458860 1636
1458870 1639
1458880 1645
1458890 1645
1458900 1648
1458910 1650
1458920 1650
1458930 1653
1458940 1655
1458950 1655
1458960 1656
1458970 1654
1458980 1652
1458990 1652
1459000 1651
1459010 1649
1459020 1649
1459030 1649
1459040 1648
1459050 1648
1459060 1648
1459070 1648
1459080 1648
1459090 1647
1459100 1643
1459110 1643
1459120 1638
1459130 1635
1459140 1635
1459150 1637
1459160 1641
1459170 1645
1459180 1645
1459190 1648
1459200 1650
1459210 1650
1459220 1652
1459230 1653
1459240 1653
1459250 1653
1459260 1656
1459270 1656
1459280 1658
1459290 1658
1459300 1658
1459310 1658
1459320 1658
1459330 1658
1459340 1658
1459350 1658
1459360 1657
1459370 1657
1459380 1656
1459390 1657
1459400 1657
1459410 1658
1459420 1659
1459430 1659
1459440 1660
1459450 1662
1459460 1662
1459470 1664
1459480 1666
1459490 1666
1459500 1669
1459510 1671
1459520 1673
1459530 1673
1459540 1675
1459550 1676
1459560 1676
1459570 1677
1459580 1676
1459590 1676
1459600 1677
1459610 1679
1459620 1679
1459630 1680
1459640 1680
1459650 1680
1459660 1681
1459670 1682
1459680 1684
1459690 1684
1459700 1685
1459710 1686
1459720 1686
1459730 1687
1459740 1688
1459750 1688
1459760 1689
1459770 1691
1459780 1691
1459790 1690
1459800 1688
1459810 1688
1459820 1686
1459830 1686
1459840 1686
1459850 1691
1459860 1697
1459870 1700
1459880 1700
1459890 1702
1459900 1704
1459910 1704
1459920 1706
1459930 1707
1459940 1707
1459950 1708
1459960 1709
1459970 1709
1459980 1710
1459990 1711
