1440000 1115
1440010 1115
1440020 1118
1440030 1121
1440040 1121
1440050 1123
1440060 1125
1440070 1127
1440080 1127
1440090 1128
1440100 1130
1440110 1130
1440120 1133
1440130 1134
1440140 1134
1440150 1138
1440160 1139
1440170 1139
1440180 1139
1440190 1139
1440200 1139
1440210 1137
1440220 1137
1440230 1137
1440240 1140
1440250 1141
1440260 1140
1440270 1140
1440280 1137
1440290 1142
1440300 1142
1440310 1149
1440320 1156
1440330 1156
1440340 1160
1440350 1164
1440360 1164
1440370 1167
1440380 1169
1440390 1169
1440400 1170
1440410 1171
1440420 1174
1440430 1174
1440440 1177
1440450 1179
1440460 1179
1440470 1183
1440480 1185
1440490 1185
1440500 1187
1440510 1189
1440520 1189
1440530 1192
1440540 1194
1440550 1194
1440560 1197
1440570 1200
1440580 1200
1440590 1204
1440600 1209
1440610 1212
1440620 1212
1440630 1214
1440640 1217
1440650 1217
1440660 1222
1440670 1228
1440680 1228
1440690 1233
1440700 1238
1440710 1238
1440720 1244
1440730 1250
1440740 1250
1440750 1256
1440760 1261
1440770 1265
1440780 1265
1440790 1269
1440800 1273
1440810 1273
1440820 1278
1440830 1282
1440840 1282
1440850 1287
1440860 1292
1440870 1292
1440880 1296
1440890 1301
1440900 1301
1440910 1305
1440920 1309
1440930 1313
1440940 1313
1440950 1317
1440960 1322
1440970 1322
1440980 1327
1440990 1332
1441000 1332
1441010 1336
1441020 1340
1441030 1340
1441040 1342
1441050 1343
1441060 1343
1441070 1344
1441080 1345
1441090 1345
1441100 1346
1441110 1346
1441120 1348
1441130 1348
1441140 1349
1441150 1349
1441160 1349
1441170 1349
1441180 1349
1441190 1349
1441200 1350
1441210 1350
1441220 1350
1441230 1349
1441240 1349
1441250 1349
1441260 1349
1441270 1349
1441280 1348
1441290 1348
1441300 1347
1441310 1347
1441320 1347
1441330 1346
1441340 1346
1441350 1346
1441360 1345
1441370 1345
1441380 1345
1441390 1344
1441400 1343
1441410 1343
1441420 1342
1441430 1341
1441440 1341
1441450 1339
1441460 1337
1441470 1335
1441480 1335
1441490 1333
1441500 1331
1441510 1331
1441520 1328
1441530 1325
1441540 1325
1441550 1324
1441560 1325
1441570 1325
1441580 1327
1441590 1328
1441600 1328
1441610 1327
1441620 1326
1441630 1326
1441640 1326
1441650 1326
1441660 1326
1441670 1326
1441680 1327
1441690 1329
1441700 1329
1441710 1329
1441720 1327
1441730 1327
1441740 1324
1441750 1320
1441760 1320
1441770 1315
1441780 1311
1441790 1311
1441800 1309
1441810 1307
1441820 1307
1441830 1307
1441840 1306
1441850 1306
1441860 1306
1441870 1307
1441880 1307
1441890 1307
1441900 1307
1441910 1307
1441920 1307
1441930 1308
1441940 1310
1441950 1310
1441960 1311
1441970 1312
1441980 1313
1441990 1313
1442000 1316
1442010 1318
1442020 1318
1442030 1320
1442040 1322
1442050 1322
1442060 1324
1442070 1326
1442080 1326
1442090 1328
1442100 1329
1442110 1329
1442120 1329
1442130 1331
1442140 1331
1442150 1333
1442160 1336
1442170 1338
1442180 1338
1442190 1340
1442200 1342
1442210 1342
1442220 1345
1442230 1347
1442240 1347
1442250 1350
1442260 1351
1442270 1351
1442280 1352
1442290 1354
1442300 1354
1442310 1355
1442320 1358
1442330 1359
1442340 1359
1442350 1360
1442360 1362
1442370 1362
1442380 1365
1442390 1367
1442400 1367
1442410 1369
1442420 1371
1442430 1371
1442440 1368
1442450 1371
1442460 1371
1442470 1372
1442480 1374
1442490 1377
1442500 1377
1442510 1380
1442520 1382
1442530 1382
1442540 1385
1442550 1388
1442560 1388
1442570 1390
1442580 1392
1442590 1392
1442600 1394
1442610 1396
1442620 1396
1442630 1398
1442640 1400
1442650 1400
1442660 1402
1442670 1404
1442680 1405
1442690 1405
1442700 1407
1442710 1408
1442720 1408
1442730 1410
1442740 1412
1442750 1412
1442760 1414
1442770 1417
1442780 1417
1442790 1419
1442800 1421
1442810 1421
1442820 1424
1442830 1427
1442840 1430
1442850 1430
1442860 1433
1442870 1436
1442880 1436
1442890 1438
1442900 1440
1442910 1440
1442920 1443
1442930 1447
1442940 1447
1442950 1453
1442960 1456
1442970 1456
1442980 1458
1442990 1461
1443000 1461
1443010 1463
1443020 1466
1443030 1468
1443040 1468
1443050 1470
1443060 1472
1443070 1472
1443080 1473
1443090 1474
1443100 1474
1443110 1474
1443120 1474
1443130 1474
1443140 1474
1443150 1473
1443160 1473
1443170 1472
1443180 1471
1443190 1469
1443200 1469
1443210 1467
1443220 1463
1443230 1463
1443240 1460
1443250 1458
1443260 1458
1443270 1456
1443280 1460
1443290 1460
1443300 1463
1443310 1466
1443320 1466
1443330 1469
1443340 1470
1443350 1470
1443360 1471
1443370 1473
1443380 1475
1443390 1475
1443400 1476
1443410 1478
1443420 1478
1443430 1480
1443440 1481
1443450 1481
1443460 1483
1443470 1484
1443480 1484
1443490 1485
1443500 1486
1443510 1486
1443520 1487
1443530 1488
1443540 1489
1443550 1489
1443560 1490
1443570 1491
1443580 1491
1443590 1492
1443600 1494
1443610 1494
1443620 1495
1443630 1496
1443640 1496
1443650 1497
1443660 1498
1443670 1498
1443680 1499
1443690 1499
1443700 1499
1443710 1499
1443720 1500
1443730 1500
1443740 1500
1443750 1498
1443760 1496
1443770 1496
1443780 1491
1443790 1488
1443800 1488
1443810 1490
1443820 1493
1443830 1493
1443840 1496
1443850 1497
1443860 1497
1443870 1498
1443880 1498
1443890 1497
1443900 1497
1443910 1497
1443920 1498
1443930 1498
1443940 1498
1443950 1497
1443960 1497
1443970 1496
1443980 1495
1443990 1495
1444000 1494
1444010 1494
1444020 1494
1444030 1494
1444040 1495
1444050 1496
1444060 1496
1444070 1496
1444080 1496
1444090 1496
1444100 1497
1444110 1497
1444120 1497
1444130 1498
1444140 1499
1444150 1499
1444160 1499
1444170 1499
1444180 1499
1444190 1499
1444200 1499
1444210 1499
1444220 1499
1444230 1499
1444240 1498
1444250 1498
1444260 1498
1444270 1499
1444280 1499
1444290 1499
1444300 1498
1444310 1498
1444320 1498
1444330 1497
1444340 1497
1444350 1495
1444360 1494
1444370 1494
1444380 1493
1444390 1492
1444400 1491
1444410 1491
1444420 1491
1444430 1490
1444440 1490
1444450 1488
1444460 1487
1444470 1487
1444480 1486
1444490 1485
1444500 1485
1444510 1484
1444520 1482
1444530 1482
1444540 1480
1444550 1478
1444560 1478
1444570 1476
1444580 1474
1444590 1473
1444600 1473
1444610 1470
1444620 1468
1444630 1468
1444640 1466
1444650 1464
1444660 1464
1444670 1461
1444680 1458
1444690 1458
1444700 1457
1444710 1455
1444720 1455
1444730 1454
1444740 1452
1444750 1449
1444760 1449
1444770 1446
1444780 1442
1444790 1442
1444800 1442
1444810 1442
1444820 1442
1444830 1440
1444840 1436
1444850 1436
1444860 1432
1444870 1428
1444880 1428
1444890 1425
1444900 1424
1444910 1424
1444920 1424
1444930 1424
1444940 1424
1444950 1424
1444960 1422
1444970 1419
1444980 1419
1444990 1417
1445000 1415
1445010 1415
1445020 1412
1445030 1409
1445040 1409
1445050 1405
1445060 1400
1445070 1400
1445080 1394
1445090 1389
1445100 1384
1445110 1384
1445120 1379
1445130 1373
1445140 1373
1445150 1366
1445160 1358
1445170 1358
1445180 1351
1445190 1345
1445200 1345
1445210 1339
1445220 1338
1445230 1338
1445240 1338
1445250 1334
1445260 1327
1445270 1327
1445280 1322
1445290 1321
1445300 1321
1445310 1321
1445320 1321
1445330 1321
1445340 1322
1445350 1323
1445360 1323
1445370 1324
1445380 1324
1445390 1324
1445400 1323
1445410 1321
1445420 1321
1445430 1319
1445440 1316
1445450 1314
1445460 1314
1445470 1312
1445480 1310
1445490 1310
1445500 1307
1445510 1304
1445520 1304
1445530 1301
1445540 1298
1445550 1294
1445560 1290
1445570 1287
1445580 1287
1445590 1284
1445600 1279
1445610 1275
1445620 1275
1445630 1270
1445640 1265
1445650 1265
1445660 1261
1445670 1258
1445680 1258
1445690 1253
1445700 1249
1445710 1249
1445720 1245
1445730 1241
1445740 1241
1445750 1234
1445760 1227
1445770 1227
1445780 1220
1445790 1213
1445800 1210
1445810 1210
1445820 1210
1445830 1207
1445840 1207
1445850 1203
1445860 1198
1445870 1198
1445880 1193
1445890 1189
1445900 1189
1445910 1185
1445920 1180
1445930 1180
1445940 1175
1445950 1171
1445960 1166
1445970 1166
1445980 1161
1445990 1153
1446000 1153
1446010 1146
1446020 1140
1446030 1140
1446040 1131
1446050 1123
1446060 1123
1446070 1115
1446080 1107
1446090 1107
1446100 1102
1446110 1095
1446120 1095
1446130 1087
1446140 1082
1446150 1074
1446160 1074
1446170 1068
1446180 1062
1446190 1062
1446200 1058
1446210 1053
1446220 1053
1446230 1048
1446240 1042
1446250 1042
1446260 1037
1446270 1034
1446280 1034
1446290 1036
1446300 1036
1446310 1035
1446320 1035
1446330 1033
1446340 1028
1446350 1028
1446360 1025
1446370 1023
1446380 1023
1446390 1023
1446400 1022
1446410 1022
1446420 1021
1446430 1021
1446440 1021
1446450 1023
1446460 1026
1446470 1026
1446480 1026
1446490 1022
1446500 1014
1446510 1014
1446520 1005
1446530 998
1446540 998
1446550 991
1446560 981
1446570 981
1446580 972
1446590 961
1446600 961
1446610 950
1446620 941
1446630 941
1446640 938
1446650 937
1446660 938
1446670 938
1446680 939
1446690 940
1446700 940
1446710 941
1446720 942
1446730 942
1446740 944
1446750 945
1446760 945
1446770 946
1446780 948
1446790 948
1446800 951
1446810 954
1446820 956
1446830 956
1446840 960
1446850 968
1446860 968
1446870 975
1446880 984
1446890 984
1446900 994
1446910 1000
1446920 1000
1446930 1005
1446940 1015
1446950 1015
1446960 1024
1446970 1031
1446980 1031
1446990 1037
1447000 1041
1447010 1043
1447020 1043
1447030 1046
1447040 1051
1447050 1051
1447060 1057
1447070 1063
1447080 1063
1447090 1070
1447100 1078
1447110 1078
1447120 1084
1447130 1090
1447140 1090
1447150 1095
1447160 1098
1447170 1096
1447180 1096
1447190 1093
1447200 1093
1447210 1093
1447220 1092
1447230 1093
1447240 1093
1447250 1095
1447260 1098
1447270 1098
1447280 1103
1447290 1112
1447300 1112
1447310 1126
1447320 1136
1447330 1136
1447340 1143
1447350 1151
1447360 1157
1447370 1157
1447380 1164
1447390 1169
1447400 1169
1447410 1177
1447420 1184
1447430 1184
1447440 1191
1447450 1199
1447460 1199
1447470 1210
1447480 1217
1447490 1217
1447500 1224
1447510 1230
1447520 1242
1447530 1242
1447540 1252
1447550 1255
1447560 1255
1447570 1259
1447580 1264
1447590 1264
1447600 1265
1447610 1261
1447620 1261
1447630 1262
1447640 1260
1447650 1260
1447660 1257
1447670 1258
1447680 1258
1447690 1270
1447700 1290
1447710 1301
1447720 1301
1447730 1310
1447740 1322
1447750 1322
1447760 1326
1447770 1327
1447780 1327
1447790 1326
1447800 1328
1447810 1328
1447820 1333
1447830 1341
1447840 1341
1447850 1350
1447860 1356
1447870 1362
1447880 1362
1447890 1369
1447900 1373
1447910 1373
1447920 1376
1447930 1379
1447940 1379
1447950 1382
1447960 1385
1447970 1385
1447980 1391
1447990 1402
1448000 1402
1448010 1409
1448020 1415
1448030 1424
1448040 1424
1448050 1426
1448060 1429
1448070 1429
1448080 1434
1448090 1439
1448100 1439
1448110 1444
1448120 1454
1448130 1454
1448140 1460
1448150 1466
1448160 1466
1448170 1472
1448180 1479
1448190 1479
1448200 1482
1448210 1487
1448220 1492
1448230 1492
1448240 1495
1448250 1500
1448260 1500
1448270 1504
1448280 1506
1448290 1506
1448300 1510
1448310 1515
1448320 1515
1448330 1519
1448340 1523
1448350 1523
1448360 1527
1448370 1532
1448380 1537
1448390 1537
1448400 1543
1448410 1547
1448420 1547
1448430 1550
1448440 1555
1448450 1555
1448460 1560
1448470 1566
1448480 1566
1448490 1571
1448500 1575
1448510 1575
1448520 1580
1448530 1584
1448540 1584
1448550 1587
1448560 1591
1448570 1594
1448580 1594
1448590 1597
1448600 1599
1448610 1599
1448620 1602
1448630 1604
1448640 1604
1448650 1607
1448660 1610
1448670 1610
1448680 1613
1448690 1616
1448700 1616
1448710 1620
1448720 1624
1448730 1627
1448740 1627
1448750 1630
1448760 1634
1448770 1634
1448780 1637
1448790 1639
1448800 1639
1448810 1643
1448820 1647
1448830 1647
1448840 1650
1448850 1653
1448860 1653
1448870 1655
1448880 1657
1448890 1657
1448900 1659
1448910 1660
1448920 1661
1448930 1658
1448940 1658
1448950 1658
1448960 1658
1448970 1659
1448980 1659
1448990 1659
1449000 1659
1449010 1659
1449020 1659
1449030 1659
1449040 1659
1449050 1659
1449060 1660
1449070 1660
1449080 1660
1449090 1660
1449100 1661
1449110 1662
1449120 1662
1449130 1662
1449140 1662
1449150 1662
1449160 1661
1449170 1660
1449180 1660
1449190 1659
1449200 1658
1449210 1658
1449220 1656
1449230 1653
1449240 1653
1449250 1653
1449260 1652
1449270 1655
1449280 1655
1449290 1654
1449300 1651
1449310 1651
1449320 1652
1449330 1652
1449340 1652
1449350 1651
1449360 1650
1449370 1650
1449380 1648
1449390 1644
1449400 1644
1449410 1639
1449420 1636
1449430 1637
1449440 1637
1449450 1636
1449460 1634
1449470 1634
1449480 1633
1449490 1630
1449500 1630
1449510 1628
1449520 1628
1449530 1628
1449540 1631
1449550 1638
1449560 1638
1449570 1644
1449580 1649
1449590 1654
1449600 1654
1449610 1656
1449620 1657
1449630 1657
1449640 1659
1449650 1660
1449660 1660
1449670 1661
1449680 1663
1449690 1663
1449700 1663
1449710 1664
1449720 1664
1449730 1665
1449740 1665
1449750 1665
1449760 1665
1449770 1665
1449780 1666
1449790 1666
1449800 1665
1449810 1662
1449820 1662
1449830 1660
1449840 1656
1449850 1656
1449860 1650
1449870 1646
1449880 1646
1449890 1639
1449900 1634
1449910 1634
1449920 1631
1449930 1629
1449940 1626
1449950 1626
1449960 1624
1449970 1623
1449980 1623
1449990 1624
1450000 1622
1450010 1622
1450020 1619
1450030 1614
1450040 1614
1450050 1609
1450060 1604
1450070 1604
1450080 1599
1450090 1596
1450100 1596
1450110 1593
1450120 1589
1450130 1588
1450140 1588
1450150 1587
1450160 1586
1450170 1586
1450180 1584
1450190 1581
1450200 1581
1450210 1579
1450220 1576
1450230 1576
1450240 1571
1450250 1568
1450260 1568
1450270 1566
1450280 1564
1450290 1564
1450300 1564
1450310 1563
1450320 1562
1450330 1562
1450340 1559
1450350 1556
1450360 1556
1450370 1554
1450380 1552
1450390 1552
1450400 1551
1450410 1549
1450420 1549
1450430 1548
1450440 1545
1450450 1545
1450460 1544
1450470 1544
1450480 1543
1450490 1543
1450500 1542
1450510 1541
1450520 1541
1450530 1543
1450540 1543
1450550 1543
1450560 1544
1450570 1546
1450580 1546
1450590 1548
1450600 1551
1450610 1551
1450620 1550
1450630 1550
1450640 1550
1450650 1550
1450660 1550
1450670 1553
1450680 1553
1450690 1555
1450700 1556
1450710 1556
1450720 1557
1450730 1558
1450740 1558
1450750 1559
1450760 1563
1450770 1563
1450780 1568
1450790 1572
1450800 1577
1450810 1577
1450820 1580
1450830 1582
1450840 1582
1450850 1583
1450860 1584
1450870 1584
1450880 1584
1450890 1584
1450900 1584
1450910 1584
1450920 1583
1450930 1583
1450940 1582
1450950 1581
1450960 1581
1450970 1577
1450980 1575
1450990 1574
1451000 1574
1451010 1574
1451020 1573
1451030 1573
1451040 1571
1451050 1569
1451060 1569
1451070 1568
1451080 1567
1451090 1567
1451100 1568
1451110 1564
1451120 1564
1451130 1561
1451140 1555
1451150 1550
1451160 1550
1451170 1548
1451180 1546
1451190 1546
1451200 1546
1451210 1545
1451220 1545
1451230 1545
1451240 1546
1451250 1546
1451260 1548
1451270 1550
1451280 1550
1451290 1554
1451300 1559
1451310 1559
1451320 1559
1451330 1555
1451340 1559
1451350 1559
1451360 1560
1451370 1557
1451380 1557
1451390 1553
1451400 1552
1451410 1552
1451420 1551
1451430 1550
1451440 1550
1451450 1549
1451460 1550
1451470 1550
1451480 1550
1451490 1550
1451500 1551
1451510 1551
1451520 1551
1451530 1549
1451540 1549
1451550 1552
1451560 1554
1451570 1554
1451580 1559
1451590 1562
1451600 1562
1451610 1561
1451620 1560
1451630 1560
1451640 1561
1451650 1562
1451660 1562
1451670 1562
1451680 1563
1451690 1562
1451700 1562
1451710 1557
1451720 1553
1451730 1553
1451740 1553
1451750 1551
1451760 1551
1451770 1548
1451780 1545
1451790 1545
1451800 1545
1451810 1546
1451820 1546
1451830 1548
1451840 1550
1451850 1552
1451860 1552
1451870 1552
1451880 1552
1451890 1552
1451900 1551
1451910 1551
1451920 1551
1451930 1550
1451940 1549
1451950 1549
1451960 1547
1451970 1546
1451980 1546
1451990 1544
1452000 1541
1452010 1541
1452020 1537
1452030 1535
1452040 1534
1452050 1534
1452060 1530
1452070 1526
1452080 1526
1452090 1521
1452100 1517
1452110 1517
1452120 1512
1452130 1509
1452140 1509
1452150 1511
1452160 1511
1452170 1511
1452180 1511
1452190 1512
1452200 1516
1452210 1516
1452220 1525
1452230 1533
1452240 1533
1452250 1541
1452260 1546
1452270 1546
1452280 1551
1452290 1555
1452300 1555
1452310 1559
1452320 1562
1452330 1562
1452340 1568
1452350 1575
1452360 1582
1452370 1582
1452380 1588
1452390 1593
1452400 1593
1452410 1597
1452420 1601
1452430 1601
1452440 1606
1452450 1611
1452460 1611
1452470 1616
1452480 1623
1452490 1623
1452500 1630
1452510 1637
1452520 1637
1452530 1642
1452540 1646
1452550 1648
1452560 1648
1452570 1650
1452580 1651
1452590 1651
1452600 1652
1452610 1656
1452620 1656
1452630 1661
1452640 1668
1452650 1668
1452660 1676
1452670 1684
1452680 1688
1452690 1696
1452700 1703
1452710 1710
1452720 1710
1452730 1719
1452740 1729
1452750 1729
1452760 1736
1452770 1743
1452780 1743
1452790 1750
1452800 1758
1452810 1758
1452820 1766
1452830 1773
1452840 1773
1452850 1778
1452860 1786
1452870 1786
1452880 1793
1452890 1798
1452900 1803
1452910 1803
1452920 1808
1452930 1813
1452940 1813
1452950 1818
1452960 1823
1452970 1823
1452980 1828
1452990 1833
1453000 1833
1453010 1838
1453020 1843
1453030 1843
1453040 1848
1453050 1854
1453060 1860
1453070 1860
1453080 1865
1453090 1871
1453100 1871
1453110 1876
1453120 1882
1453130 1882
1453140 1888
1453150 1894
1453160 1894
1453170 1899
1453180 1905
1453190 1905
1453200 1910
1453210 1915
1453220 1915
1453230 1919
1453240 1924
1453250 1929
1453260 1929
1453270 1934
1453280 1940
1453290 1940
1453300 1945
1453310 1950
1453320 1950
1453330 1955
1453340 1961
1453350 1961
1453360 1967
1453370 1973
1453380 1973
1453390 1978
1453400 1984
1453410 1989
1453420 1989
1453430 1996
1453440 2001
1453450 2001
1453460 2006
1453470 2012
1453480 2012
1453490 2017
1453500 2022
1453510 2022
1453520 2025
1453530 2025
1453540 2025
1453550 2026
1453560 2027
1453570 2029
1453580 2029
1453590 2031
1453600 2032
1453610 2032
1453620 2034
1453630 2035
1453640 2035
1453650 2037
1453660 2037
1453670 2037
1453680 2038
1453690 2038
1453700 2038
1453710 2039
1453720 2038
1453730 2038
1453740 2038
1453750 2037
1453760 2036
1453770 2036
1453780 2035
1453790 2034
1453800 2034
1453810 2033
1453820 2033
1453830 2033
1453840 2032
1453850 2032
1453860 2032
1453870 2031
1453880 2031
1453890 2031
1453900 2030
1453910 2030
1453920 2026
1453930 2026
1453940 2018
1453950 2010
1453960 2010
1453970 2004
1453980 1999
1453990 1999
1454000 1996
1454010 1992
1454020 1992
1454030 1989
1454040 1987
1454050 1987
1454060 1986
1454070 1986
1454080 1986
1454090 1985
1454100 1982
1454110 1980
1454120 1980
1454130 1978
1454140 1976
1454150 1976
1454160 1975
1454170 1974
1454180 1974
1454190 1973
1454200 1972
1454210 1972
1454220 1970
1454230 1968
1454240 1968
1454250 1967
1454260 1966
1454270 1965
1454280 1965
1454290 1963
1454300 1961
1454310 1961
1454320 1959
1454330 1958
1454340 1958
1454350 1956
1454360 1954
1454370 1954
1454380 1952
1454390 1952
1454400 1952
1454410 1952
1454420 1951
1454430 1951
1454440 1950
1454450 1950
1454460 1949
1454470 1949
1454480 1948
1454490 1945
1454500 1945
1454510 1942
1454520 1938
1454530 1938
1454540 1934
1454550 1930
1454560 1930
1454570 1926
1454580 1923
1454590 1923
1454600 1919
1454610 1917
1454620 1914
1454630 1914
1454640 1912
1454650 1909
1454660 1909
1454670 1905
1454680 1903
1454690 1903
1454700 1902
1454710 1898
1454720 1898
1454730 1896
1454740 1894
1454750 1894
1454760 1891
1454770 1890
1454780 1888
1454790 1888
1454800 1886
1454810 1884
1454820 1884
1454830 1883
1454840 1883
1454850 1883
1454860 1882
1454870 1881
1454880 1881
1454890 1879
1454900 1876
1454910 1876
1454920 1873
1454930 1871
1454940 1871
1454950 1869
1454960 1867
1454970 1866
1454980 1866
1454990 1865
1455000 1864
1455010 1864
1455020 1863
1455030 1863
1455040 1863
1455050 1861
1455060 1859
1455070 1859
1455080 1857
1455090 1853
1455100 1853
1455110 1850
1455120 1846
1455130 1840
1455140 1840
1455150 1836
1455160 1834
1455170 1834
1455180 1830
1455190 1825
1455200 1825
1455210 1820
1455220 1815
1455230 1815
1455240 1808
1455250 1800
1455260 1800
1455270 1794
1455280 1790
1455290 1790
1455300 1784
1455310 1777
1455320 1771
1455330 1771
1455340 1765
1455350 1759
1455360 1759
1455370 1755
1455380 1753
1455390 1753
1455400 1751
1455410 1749
1455420 1749
1455430 1747
1455440 1743
1455450 1743
1455460 1739
1455470 1736
1455480 1734
1455490 1734
1455500 1732
1455510 1731
1455520 1731
1455530 1729
1455540 1726
1455550 1726
1455560 1723
1455570 1721
1455580 1721
1455590 1719
1455600 1717
1455610 1717
1455620 1715
1455630 1712
1455640 1712
1455650 1708
1455660 1703
1455670 1697
1455680 1697
1455690 1693
1455700 1686
1455710 1686
1455720 1681
1455730 1675
1455740 1675
1455750 1670
1455760 1667
1455770 1667
1455780 1664
1455790 1661
1455800 1661
1455810 1657
1455820 1654
1455830 1651
1455840 1651
1455850 1648
1455860 1646
1455870 1646
1455880 1644
1455890 1643
1455900 1643
1455910 1641
1455920 1638
1455930 1638
1455940 1636
1455950 1634
1455960 1634
1455970 1633
1455980 1630
1455990 1630
1456000 1628
1456010 1625
1456020 1622
1456030 1622
1456040 1618
1456050 1615
1456060 1615
1456070 1610
1456080 1606
1456090 1606
1456100 1601
1456110 1596
1456120 1596
1456130 1593
1456140 1588
1456150 1588
1456160 1585
1456170 1583
1456180 1580
1456190 1580
1456200 1576
1456210 1573
1456220 1573
1456230 1569
1456240 1565
1456250 1565
1456260 1560
1456270 1557
1456280 1557
1456290 1555
1456300 1552
1456310 1552
1456320 1547
1456330 1542
1456340 1538
1456350 1538
1456360 1533
1456370 1529
1456380 1529
1456390 1525
1456400 1520
1456410 1520
1456420 1515
1456430 1509
1456440 1509
1456450 1503
1456460 1498
1456470 1498
1456480 1492
1456490 1486
1456500 1486
1456510 1480
1456520 1473
1456530 1468
1456540 1468
1456550 1462
1456560 1456
1456570 1456
1456580 1450
1456590 1443
1456600 1443
1456610 1436
1456620 1430
1456630 1430
1456640 1424
1456650 1419
1456660 1419
1456670 1414
1456680 1408
1456690 1402
1456700 1402
1456710 1397
1456720 1391
1456730 1391
1456740 1385
1456750 1378
1456760 1378
1456770 1371
1456780 1363
1456790 1363
1456800 1356
1456810 1348
1456820 1348
1456830 1341
1456840 1335
1456850 1335
1456860 1328
1456870 1322
1456880 1315
1456890 1315
1456900 1306
1456910 1297
1456920 1297
1456930 1289
1456940 1282
1456950 1282
1456960 1273
1456970 1265
1456980 1265
1456990 1256
1457000 1247
1457010 1247
1457020 1240
1457030 1232
1457040 1223
1457050 1223
1457060 1214
1457070 1206
1457080 1206
1457090 1198
1457100 1191
1457110 1191
1457120 1185
1457130 1180
1457140 1180
1457150 1176
1457160 1170
1457170 1170
1457180 1163
1457190 1159
1457200 1159
1457210 1155
1457220 1150
1457230 1141
1457240 1141
1457250 1134
1457260 1129
1457270 1129
1457280 1127
1457290 1128
1457300 1128
1457310 1129
1457320 1131
1457330 1131
1457340 1136
1457350 1137
1457360 1137
1457370 1135
1457380 1137
1457390 1139
1457400 1139
1457410 1142
1457420 1147
1457430 1147
1457440 1156
1457450 1169
1457460 1169
1457470 1177
1457480 1184
1457490 1184
1457500 1191
1457510 1199
1457520 1199
1457530 1205
1457540 1211
1457550 1218
1457560 1218
1457570 1227
1457580 1235
1457590 1235
1457600 1237
1457610 1240
1457620 1240
1457630 1243
1457640 1252
1457650 1252
1457660 1268
1457670 1276
1457680 1276
1457690 1283
1457700 1289
1457710 1289
1457720 1295
1457730 1300
1457740 1303
1457750 1303
1457760 1307
1457770 1309
1457780 1309
1457790 1314
1457800 1321
1457810 1321
1457820 1323
1457830 1325
1457840 1325
1457850 1327
1457860 1327
1457870 1327
1457880 1331
1457890 1335
1457900 1340
1457910 1340
1457920 1339
1457930 1339
1457940 1339
1457950 1341
1457960 1344
1457970 1344
1457980 1347
1457990 1352
1458000 1352
1458010 1355
1458020 1356
1458030 1356
1458040 1357
1458050 1356
1458060 1356
1458070 1355
1458080 1356
1458090 1361
1458100 1361
1458110 1370
1458120 1378
1458130 1378
1458140 1385
1458150 1393
1458160 1393
1458170 1400
1458180 1408
1458190 1408
1458200 1417
1458210 1426
1458220 1426
1458230 1435
1458240 1444
1458250 1455
1458260 1455
1458270 1471
1458280 1485
1458290 1485
1458300 1495
1458310 1505
1458320 1505
1458330 1513
1458340 1522
1458350 1522
1458360 1530
1458370 1539
1458380 1539
1458390 1547
1458400 1555
1458410 1555
1458420 1563
1458430 1571
1458440 1578
1458450 1578
1458460 1585
1458470 1594
1458480 1594
1458490 1605
1458500 1615
1458510 1615
1458520 1623
1458530 1629
1458540 1629
1458550 1635
1458560 1642
1458570 1642
1458580 1649
1458590 1658
1458600 1665
1458610 1665
1458620 1672
1458630 1679
1458640 1679
1458650 1685
1458660 1691
1458670 1691
1458680 1696
1458690 1701
1458700 1701
1458710 1705
1458720 1707
1458730 1707
1458740 1710
1458750 1715
1458760 1715
1458770 1719
1458780 1727
1458790 1735
1458800 1735
1458810 1740
1458820 1743
1458830 1743
1458840 1746
1458850 1749
1458860 1749
1458870 1752
1458880 1756
1458890 1756
1458900 1760
1458910 1763
1458920 1763
1458930 1765
1458940 1767
1458950 1770
1458960 1770
1458970 1773
1458980 1775
1458990 1775
1459000 1775
1459010 1776
1459020 1776
1459030 1776
1459040 1777
1459050 1777
1459060 1779
1459070 1780
1459080 1780
1459090 1780
1459100 1781
1459110 1782
1459120 1782
1459130 1783
1459140 1782
1459150 1782
1459160 1780
1459170 1781
1459180 1781
1459190 1781
1459200 1779
1459210 1779
1459220 1777
1459230 1776
1459240 1776
1459250 1775
1459260 1775
1459270 1775
1459280 1777
1459290 1779
1459300 1777
1459310 1777
1459320 1778
1459330 1782
1459340 1782
1459350 1784
1459360 1785
1459370 1785
1459380 1786
1459390 1787
1459400 1787
1459410 1788
1459420 1789
1459430 1789
1459440 1791
1459450 1793
1459460 1796
1459470 1796
1459480 1799
1459490 1802
1459500 1802
1459510 1802
1459520 1800
1459530 1800
1459540 1800
1459550 1802
1459560 1802
1459570 1803
1459580 1805
1459590 1805
1459600 1806
1459610 1807
1459620 1807
1459630 1806
1459640 1806
1459650 1805
1459660 1805
1459670 1805
1459680 1805
1459690 1805
1459700 1806
1459710 1806
1459720 1806
1459730 1807
1459740 1808
1459750 1808
1459760 1809
1459770 1810
1459780 1810
1459790 1810
1459800 1811
1459810 1811
1459820 1811
1459830 1811
1459840 1810
1459850 1810
1459860 1811
1459870 1811
1459880 1811
1459890 1810
1459900 1811
1459910 1811
1459920 1811
1459930 1811
1459940 1811
1459950 1810
1459960 1810
1459970 1810
1459980 1809
1459990 1809
