1440000 974
1440010 993
1440020 1010
1440030 1010
1440040 1017
1440050 1022
1440060 1022
1440070 1028
1440080 1033
1440090 1033
1440100 1041
1440110 1048
1440120 1048
1440130 1055
1440140 1061
1440150 1061
1440160 1064
1440170 1065
1440180 1065
1440190 1067
1440200 1070
1440210 1073
1440220 1073
1440230 1076
1440240 1080
1440250 1080
1440260 1084
1440270 1088
1440280 1088
1440290 1093
1440300 1102
1440310 1102
1440320 1111
1440330 1119
1440340 1119
1440350 1126
1440360 1130
1440370 1132
1440380 1132
1440390 1134
1440400 1136
1440410 1136
1440420 1139
1440430 1142
1440440 1142
1440450 1145
1440460 1149
1440470 1149
1440480 1153
1440490 1156
1440500 1156
1440510 1160
1440520 1164
1440530 1164
1440540 1166
1440550 1169
1440560 1173
1440570 1173
1440580 1177
1440590 1180
1440600 1180
1440610 1182
1440620 1183
1440630 1183
1440640 1184
1440650 1185
1440660 1185
1440670 1187
1440680 1189
1440690 1189
1440700 1195
1440710 1203
1440720 1211
1440730 1211
1440740 1215
1440750 1216
1440760 1216
1440770 1217
1440780 1218
1440790 1218
1440800 1222
1440810 1224
1440820 1224
1440830 1224
1440840 1223
1440850 1223
1440860 1222
1440870 1230
1440880 1234
1440890 1234
1440900 1235
1440910 1236
1440920 1236
1440930 1237
1440940 1240
1440950 1240
1440960 1246
1440970 1255
1440980 1255
1440990 1262
1441000 1266
1441010 1266
1441020 1270
1441030 1275
1441040 1275
1441050 1279
1441060 1284
1441070 1289
1441080 1289
1441090 1292
1441100 1296
1441110 1296
1441120 1301
1441130 1306
1441140 1306
1441150 1309
1441160 1312
1441170 1312
1441180 1316
1441190 1319
1441200 1319
1441210 1322
1441220 1326
1441230 1331
1441240 1331
1441250 1336
1441260 1341
1441270 1341
1441280 1347
1441290 1353
1441300 1353
1441310 1360
1441320 1367
1441330 1367
1441340 1373
1441350 1377
1441360 1377
1441370 1383
1441380 1390
1441390 1390
1441400 1395
1441410 1401
1441420 1407
1441430 1407
1441440 1414
1441450 1421
1441460 1421
1441470 1427
1441480 1434
1441490 1434
1441500 1442
1441510 1448
1441520 1448
1441530 1453
1441540 1458
1441550 1458
1441560 1463
1441570 1467
1441580 1472
1441590 1472
1441600 1476
1441610 1481
1441620 1481
1441630 1487
1441640 1494
1441650 1494
1441660 1501
1441670 1509
1441680 1509
1441690 1520
1441700 1534
1441710 1534
1441720 1541
1441730 1546
1441740 1546
1441750 1551
1441760 1556
1441770 1562
1441780 1562
1441790 1567
1441800 1572
1441810 1572
1441820 1575
1441830 1576
1441840 1576
1441850 1577
1441860 1577
1441870 1577
1441880 1579
1441890 1580
1441900 1580
1441910 1583
1441920 1585
1441930 1587
1441940 1587
1441950 1589
1441960 1590
1441970 1590
1441980 1590
1441990 1590
1442000 1590
1442010 1591
1442020 1591
1442030 1591
1442040 1591
1442050 1590
1442060 1590
1442070 1588
1442080 1585
1442090 1585
1442100 1585
1442110 1587
1442120 1592
1442130 1592
1442140 1597
1442150 1603
1442160 1603
1442170 1608
1442180 1613
1442190 1613
1442200 1617
1442210 1622
1442220 1622
1442230 1626
1442240 1631
1442250 1631
1442260 1636
1442270 1639
1442280 1641
1442290 1641
1442300 1643
1442310 1646
1442320 1646
1442330 1648
1442340 1650
1442350 1650
1442360 1651
1442370 1653
1442380 1653
1442390 1654
1442400 1656
1442410 1656
1442420 1659
1442430 1661
1442440 1661
1442450 1665
1442460 1669
1442470 1672
1442480 1672
1442490 1674
1442500 1677
1442510 1677
1442520 1680
1442530 1684
1442540 1684
1442550 1686
1442560 1687
1442570 1687
1442580 1688
1442590 1690
1442600 1690
1442610 1692
1442620 1694
1442630 1696
1442640 1696
1442650 1698
1442660 1699
1442670 1699
1442680 1702
1442690 1705
1442700 1705
1442710 1709
1442720 1712
1442730 1712
1442740 1715
1442750 1717
1442760 1717
1442770 1718
1442780 1721
1442790 1721
1442800 1726
1442810 1732
1442820 1736
1442830 1736
1442840 1739
1442850 1743
1442860 1743
1442870 1745
1442880 1749
1442890 1749
1442900 1751
1442910 1754
1442920 1754
1442930 1757
1442940 1760
1442950 1760
1442960 1762
1442970 1763
1442980 1764
1442990 1764
1443000 1765
1443010 1765
1443020 1765
1443030 1765
1443040 1764
1443050 1764
1443060 1763
1443070 1764
1443080 1764
1443090 1765
1443100 1765
1443110 1765
1443120 1766
1443130 1767
1443140 1767
1443150 1768
1443160 1770
1443170 1774
1443180 1774
1443190 1779
1443200 1783
1443210 1783
1443220 1788
1443230 1793
1443240 1793
1443250 1797
1443260 1801
1443270 1801
1443280 1805
1443290 1809
1443300 1809
1443310 1815
1443320 1821
1443330 1824
1443340 1824
1443350 1828
1443360 1832
1443370 1832
1443380 1835
1443390 1839
1443400 1839
1443410 1841
1443420 1842
1443430 1842
1443440 1844
1443450 1846
1443460 1846
1443470 1847
1443480 1849
1443490 1851
1443500 1851
1443510 1851
1443520 1852
1443530 1852
1443540 1852
1443550 1852
1443560 1852
1443570 1853
1443580 1856
1443590 1856
1443600 1860
1443610 1862
1443620 1862
1443630 1865
1443640 1867
1443650 1867
1443660 1870
1443670 1873
1443680 1876
1443690 1876
1443700 1879
1443710 1881
1443720 1881
1443730 1883
1443740 1887
1443750 1887
1443760 1886
1443770 1885
1443780 1885
1443790 1885
1443800 1884
1443810 1884
1443820 1883
1443830 1883
1443840 1887
1443850 1887
1443860 1885
1443870 1889
1443880 1889
1443890 1889
1443900 1890
1443910 1890
1443920 1892
1443930 1891
1443940 1891
1443950 1886
1443960 1884
1443970 1884
1443980 1881
1443990 1877
1444000 1877
1444010 1874
1444020 1871
1444030 1868
1444040 1868
1444050 1864
1444060 1861
1444070 1861
1444080 1857
1444090 1856
1444100 1856
1444110 1855
1444120 1853
1444130 1853
1444140 1850
1444150 1846
1444160 1846
1444170 1841
1444180 1836
1444190 1832
1444200 1832
1444210 1828
1444220 1824
1444230 1824
1444240 1821
1444250 1816
1444260 1816
1444270 1811
1444280 1804
1444290 1804
1444300 1798
1444310 1793
1444320 1793
1444330 1788
1444340 1782
1444350 1782
1444360 1777
1444370 1771
1444380 1763
1444390 1763
1444400 1756
1444410 1750
1444420 1750
1444430 1744
1444440 1738
1444450 1738
1444460 1732
1444470 1727
1444480 1727
1444490 1722
1444500 1716
1444510 1716
1444520 1708
1444530 1700
1444540 1693
1444550 1693
1444560 1686
1444570 1680
1444580 1680
1444590 1674
1444600 1669
1444610 1669
1444620 1664
1444630 1661
1444640 1661
1444650 1657
1444660 1652
1444670 1652
1444680 1649
1444690 1645
1444700 1645
1444710 1641
1444720 1637
1444730 1632
1444740 1632
1444750 1629
1444760 1626
1444770 1626
1444780 1624
1444790 1622
1444800 1622
1444810 1619
1444820 1616
1444830 1616
1444840 1612
1444850 1608
1444860 1608
1444870 1606
1444880 1601
1444890 1598
1444900 1598
1444910 1595
1444920 1593
1444930 1593
1444940 1592
1444950 1590
1444960 1590
1444970 1587
1444980 1585
1444990 1585
1445000 1583
1445010 1581
1445020 1581
1445030 1579
1445040 1576
1445050 1576
1445060 1574
1445070 1571
1445080 1569
1445090 1569
1445100 1566
1445110 1562
1445120 1562
1445130 1557
1445140 1554
1445150 1554
1445160 1551
1445170 1549
1445180 1549
1445190 1547
1445200 1545
1445210 1545
1445220 1543
1445230 1541
1445240 1538
1445250 1538
1445260 1536
1445270 1533
1445280 1533
1445290 1529
1445300 1526
1445310 1526
1445320 1524
1445330 1522
1445340 1522
1445350 1519
1445360 1514
1445370 1514
1445380 1509
1445390 1505
1445400 1505
1445410 1501
1445420 1498
1445430 1495
1445440 1495
1445450 1492
1445460 1487
1445470 1487
1445480 1485
1445490 1480
1445500 1480
1445510 1475
1445520 1469
1445530 1469
1445540 1463
1445550 1458
1445560 1458
1445570 1454
1445580 1449
1445590 1445
1445600 1445
1445610 1438
1445620 1431
1445630 1431
1445640 1422
1445650 1415
1445660 1415
1445670 1406
1445680 1400
1445690 1400
1445700 1396
1445710 1391
1445720 1391
1445730 1388
1445740 1384
1445750 1384
1445760 1378
1445770 1373
1445780 1369
1445790 1369
1445800 1361
1445810 1355
1445820 1355
1445830 1351
1445840 1346
1445850 1346
1445860 1341
1445870 1334
1445880 1334
1445890 1330
1445900 1327
1445910 1327
1445920 1318
1445930 1311
1445940 1305
1445950 1305
1445960 1299
1445970 1295
1445980 1295
1445990 1291
1446000 1286
1446010 1286
1446020 1281
1446030 1274
1446040 1274
1446050 1265
1446060 1258
1446070 1258
1446080 1249
1446090 1240
1446100 1233
1446110 1233
1446120 1230
1446130 1231
1446140 1231
1446150 1237
1446160 1240
1446170 1240
1446180 1242
1446190 1247
1446200 1247
1446210 1250
1446220 1253
1446230 1253
1446240 1259
1446250 1265
1446260 1265
1446270 1270
1446280 1274
1446290 1277
1446300 1277
1446310 1279
1446320 1276
1446330 1276
1446340 1279
1446350 1286
1446360 1286
1446370 1294
1446380 1308
1446390 1308
1446400 1319
1446410 1322
1446420 1322
1446430 1324
1446440 1326
1446450 1327
1446460 1327
1446470 1331
1446480 1335
1446490 1335
1446500 1343
1446510 1351
1446520 1351
1446530 1356
1446540 1359
1446550 1359
1446560 1363
1446570 1367
1446580 1367
1446590 1370
1446600 1372
1446610 1372
1446620 1374
1446630 1376
1446640 1378
1446650 1378
1446660 1377
1446670 1374
1446680 1374
1446690 1370
1446700 1366
1446710 1366
1446720 1364
1446730 1361
1446740 1361
1446750 1359
1446760 1357
1446770 1357
1446780 1355
1446790 1353
1446800 1350
1446810 1350
1446820 1346
1446830 1340
1446840 1340
1446850 1337
1446860 1335
1446870 1335
1446880 1329
1446890 1324
1446900 1324
1446910 1318
1446920 1313
1446930 1313
1446940 1308
1446950 1303
1446960 1303
1446970 1297
1446980 1292
1446990 1287
1447000 1287
1447010 1282
1447020 1277
1447030 1277
1447040 1270
1447050 1263
1447060 1263
1447070 1258
1447080 1253
1447090 1253
1447100 1248
1447110 1243
1447120 1243
1447130 1238
1447140 1231
1447150 1225
1447160 1225
1447170 1218
1447180 1212
1447190 1212
1447200 1207
1447210 1201
1447220 1201
1447230 1195
1447240 1190
1447250 1190
1447260 1186
1447270 1183
1447280 1183
1447290 1179
1447300 1174
1447310 1174
1447320 1170
1447330 1166
1447340 1161
1447350 1161
1447360 1157
1447370 1154
1447380 1154
1447390 1150
1447400 1147
1447410 1147
1447420 1145
1447430 1143
1447440 1143
1447450 1138
1447460 1132
1447470 1132
1447480 1125
1447490 1124
1447500 1134
1447510 1134
1447520 1149
1447530 1164
1447540 1164
1447550 1174
1447560 1181
1447570 1181
1447580 1187
1447590 1195
1447600 1195
1447610 1203
1447620 1211
1447630 1211
1447640 1217
1447650 1220
1447660 1220
1447670 1222
1447680 1223
1447690 1225
1447700 1225
1447710 1228
1447720 1231
1447730 1231
1447740 1234
1447750 1237
1447760 1237
1447770 1243
1447780 1250
1447790 1250
1447800 1254
1447810 1258
1447820 1258
1447830 1263
1447840 1270
1447850 1277
1447860 1277
1447870 1284
1447880 1292
1447890 1292
1447900 1299
1447910 1308
1447920 1308
1447930 1315
1447940 1322
1447950 1322
1447960 1331
1447970 1338
1447980 1338
1447990 1344
1448000 1351
1448010 1351
1448020 1355
1448030 1356
1448040 1358
1448050 1358
1448060 1360
1448070 1362
1448080 1362
1448090 1365
1448100 1370
1448110 1370
1448120 1375
1448130 1378
1448140 1378
1448150 1382
1448160 1385
1448170 1385
1448180 1389
1448190 1394
1448200 1398
1448210 1398
1448220 1402
1448230 1405
1448240 1405
1448250 1409
1448260 1413
1448270 1413
1448280 1416
1448290 1419
1448300 1419
1448310 1423
1448320 1426
1448330 1426
1448340 1429
1448350 1433
1448360 1433
1448370 1438
1448380 1443
1448390 1448
1448400 1448
1448410 1452
1448420 1459
1448430 1459
1448440 1465
1448450 1472
1448460 1472
1448470 1478
1448480 1483
1448490 1483
1448500 1487
1448510 1491
1448520 1491
1448530 1495
1448540 1499
1448550 1503
1448560 1503
1448570 1508
1448580 1514
1448590 1514
1448600 1520
1448610 1527
1448620 1527
1448630 1534
1448640 1540
1448650 1540
1448660 1545
1448670 1549
1448680 1549
1448690 1553
1448700 1558
1448710 1558
1448720 1564
1448730 1570
1448740 1576
1448750 1576
1448760 1584
1448770 1590
1448780 1590
1448790 1592
1448800 1592
1448810 1592
1448820 1594
1448830 1601
1448840 1601
1448850 1607
1448860 1612
1448870 1612
1448880 1617
1448890 1622
1448900 1627
1448910 1627
1448920 1633
1448930 1637
1448940 1637
1448950 1639
1448960 1642
1448970 1642
1448980 1645
1448990 1649
1449000 1649
1449010 1654
1449020 1658
1449030 1658
1449040 1662
1449050 1666
1449060 1673
1449070 1673
1449080 1679
1449090 1686
1449100 1686
1449110 1693
1449120 1700
1449130 1700
1449140 1708
1449150 1715
1449160 1715
1449170 1723
1449180 1728
1449190 1728
1449200 1729
1449210 1736
1449220 1736
1449230 1741
1449240 1739
1449250 1739
1449260 1739
1449270 1742
1449280 1746
1449290 1746
1449300 1751
1449310 1753
1449320 1753
1449330 1753
1449340 1754
1449350 1754
1449360 1755
1449370 1757
1449380 1757
1449390 1759
1449400 1759
1449410 1756
1449420 1756
1449430 1755
1449440 1752
1449450 1752
1449460 1751
1449470 1750
1449480 1750
1449490 1750
1449500 1754
1449510 1754
1449520 1757
1449530 1760
1449540 1760
1449550 1764
1449560 1769
1449570 1769
1449580 1775
1449590 1781
1449600 1786
1449610 1786
1449620 1791
1449630 1795
1449640 1795
1449650 1798
1449660 1801
1449670 1801
1449680 1804
1449690 1806
1449700 1806
1449710 1809
1449720 1811
1449730 1811
1449740 1813
1449750 1815
1449760 1818
1449770 1818
1449780 1820
1449790 1821
1449800 1821
1449810 1823
1449820 1825
1449830 1825
1449840 1827
1449850 1829
1449860 1829
1449870 1833
1449880 1835
1449890 1835
1449900 1838
1449910 1842
1449920 1842
1449930 1849
1449940 1857
1449950 1863
1449960 1863
1449970 1866
1449980 1868
1449990 1868
1450000 1870
1450010 1872
1450020 1872
1450030 1875
1450040 1879
1450050 1879
1450060 1885
1450070 1891
1450080 1891
1450090 1897
1450100 1902
1450110 1905
1450120 1905
1450130 1907
1450140 1910
1450150 1910
1450160 1912
1450170 1913
1450180 1913
1450190 1914
1450200 1915
1450210 1915
1450220 1915
1450230 1916
1450240 1916
1450250 1918
1450260 1921
1450270 1921
1450280 1923
1450290 1925
1450300 1927
1450310 1927
1450320 1929
1450330 1930
1450340 1930
1450350 1929
1450360 1927
1450370 1927
1450380 1923
1450390 1923
1450400 1923
1450410 1920
1450420 1917
1450430 1917
1450440 1917
1450450 1917
1450460 1916
1450470 1916
1450480 1914
1450490 1914
1450500 1914
1450510 1913
1450520 1911
1450530 1911
1450540 1910
1450550 1907
1450560 1907
1450570 1904
1450580 1900
1450590 1900
1450600 1894
1450610 1889
1450620 1885
1450630 1880
1450640 1874
1450650 1867
1450660 1867
1450670 1861
1450680 1855
1450690 1855
1450700 1850
1450710 1845
1450720 1845
1450730 1843
1450740 1844
1450750 1844
1450760 1844
1450770 1843
1450780 1843
1450790 1843
1450800 1842
1450810 1840
1450820 1840
1450830 1838
1450840 1836
1450850 1836
1450860 1834
1450870 1833
1450880 1833
1450890 1832
1450900 1834
1450910 1834
1450920 1837
1450930 1840
1450940 1840
1450950 1841
1450960 1844
1450970 1844
1450980 1846
1450990 1848
1451000 1847
1451010 1847
1451020 1848
1451030 1848
1451040 1848
1451050 1847
1451060 1846
1451070 1846
1451080 1845
1451090 1844
1451100 1844
1451110 1844
1451120 1844
1451130 1844
1451140 1842
1451150 1841
1451160 1840
1451170 1840
1451180 1839
1451190 1838
1451200 1838
1451210 1836
1451220 1835
1451230 1835
1451240 1835
1451250 1835
1451260 1835
1451270 1835
1451280 1835
1451290 1835
1451300 1835
1451310 1835
1451320 1835
1451330 1833
1451340 1832
1451350 1831
1451360 1831
1451370 1828
1451380 1825
1451390 1825
1451400 1822
1451410 1819
1451420 1819
1451430 1820
1451440 1820
1451450 1820
1451460 1821
1451470 1823
1451480 1823
1451490 1825
1451500 1828
1451510 1830
1451520 1830
1451530 1831
1451540 1833
1451550 1833
1451560 1833
1451570 1832
1451580 1832
1451590 1831
1451600 1831
1451610 1831
1451620 1833
1451630 1835
1451640 1835
1451650 1834
1451660 1835
1451670 1836
1451680 1836
1451690 1839
1451700 1840
1451710 1840
1451720 1842
1451730 1843
1451740 1843
1451750 1844
1451760 1845
1451770 1845
1451780 1847
1451790 1850
1451800 1850
1451810 1853
1451820 1855
1451830 1855
1451840 1859
1451850 1861
1451860 1864
1451870 1864
1451880 1867
1451890 1870
1451900 1870
1451910 1872
1451920 1874
1451930 1874
1451940 1875
1451950 1876
1451960 1876
1451970 1876
1451980 1877
1451990 1877
1452000 1881
1452010 1884
1452020 1890
1452030 1890
1452040 1894
1452050 1897
1452060 1897
1452070 1902
1452080 1908
1452090 1908
1452100 1911
1452110 1913
1452120 1913
1452130 1915
1452140 1918
1452150 1918
1452160 1919
1452170 1920
1452180 1920
1452190 1922
1452200 1926
1452210 1927
1452220 1927
1452230 1926
1452240 1926
1452250 1926
1452260 1929
1452270 1932
1452280 1932
1452290 1934
1452300 1936
1452310 1936
1452320 1938
1452330 1939
1452340 1939
1452350 1939
1452360 1941
1452370 1945
1452380 1945
1452390 1949
1452400 1953
1452410 1953
1452420 1955
1452430 1957
1452440 1957
1452450 1960
1452460 1965
1452470 1965
1452480 1972
1452490 1979
1452500 1979
1452510 1986
1452520 1993
1452530 1993
1452540 1998
1452550 2000
1452560 2000
1452570 2000
1452580 2000
1452590 2002
1452600 2002
1452610 2005
1452620 2007
1452630 2007
1452640 2008
1452650 2007
1452660 2007
1452670 2004
1452680 2001
1452690 2001
1452700 2001
1452710 2002
1452720 2000
1452730 2000
1452740 2001
1452750 2004
1452760 2004
1452770 2005
1452780 2006
1452790 2006
1452800 2006
1452810 2006
1452820 2006
1452830 2009
1452840 2013
1452850 2013
1452860 2017
1452870 2018
1452880 2018
1452890 2020
1452900 2022
1452910 2023
1452920 2023
1452930 2024
1452940 2023
1452950 2023
1452960 2023
1452970 2023
1452980 2023
1452990 2024
1453000 2024
1453010 2024
1453020 2026
1453030 2032
1453040 2032
1453050 2039
1453060 2045
1453070 2048
1453080 2048
1453090 2050
1453100 2055
1453110 2055
1453120 2062
1453130 2069
1453140 2069
1453150 2075
1453160 2077
1453170 2077
1453180 2077
1453190 2080
1453200 2080
1453210 2082
1453220 2086
1453230 2086
1453240 2091
1453250 2093
1453260 2098
1453270 2098
1453280 2104
1453290 2112
1453300 2112
1453310 2121
1453320 2125
1453330 2125
1453340 2130
1453350 2132
1453360 2132
1453370 2134
1453380 2136
1453390 2136
1453400 2135
1453410 2136
1453420 2138
1453430 2138
1453440 2142
1453450 2148
1453460 2148
1453470 2156
1453480 2163
1453490 2163
1453500 2168
1453510 2171
1453520 2171
1453530 2177
1453540 2183
1453550 2183
1453560 2187
1453570 2191
1453580 2191
1453590 2197
1453600 2202
1453610 2206
1453620 2206
1453630 2212
1453640 2220
1453650 2220
1453660 2228
1453670 2234
1453680 2234
1453690 2238
1453700 2238
1453710 2238
1453720 2238
1453730 2240
1453740 2240
1453750 2247
1453760 2253
1453770 2253
1453780 2253
1453790 2251
1453800 2246
1453810 2246
1453820 2239
1453830 2229
1453840 2229
1453850 2221
1453860 2211
1453870 2211
1453880 2200
1453890 2191
1453900 2191
1453910 2184
1453920 2177
1453930 2170
1453940 2170
1453950 2164
1453960 2162
1453970 2162
1453980 2160
1453990 2158
1454000 2158
1454010 2156
1454020 2155
1454030 2155
1454040 2153
1454050 2151
1454060 2151
1454070 2150
1454080 2148
1454090 2148
1454100 2145
1454110 2144
1454120 2144
1454130 2144
1454140 2142
1454150 2139
1454160 2139
1454170 2133
1454180 2126
1454190 2126
1454200 2121
1454210 2119
1454220 2119
1454230 2117
1454240 2112
1454250 2112
1454260 2107
1454270 2104
1454280 2103
1454290 2103
1454300 2101
1454310 2100
1454320 2100
1454330 2098
1454340 2096
1454350 2096
1454360 2095
1454370 2094
1454380 2094
1454390 2092
1454400 2091
1454410 2091
1454420 2090
1454430 2089
1454440 2089
1454450 2088
1454460 2087
1454470 2087
1454480 2087
1454490 2087
1454500 2086
1454510 2086
1454520 2085
1454530 2083
1454540 2083
1454550 2081
1454560 2080
1454570 2079
1454580 2077
1454590 2075
1454600 2075
1454610 2073
1454620 2069
1454630 2064
1454640 2064
1454650 2060
1454660 2060
1454670 2060
1454680 2059
1454690 2059
1454700 2059
1454710 2058
1454720 2056
1454730 2056
1454740 2052
1454750 2046
1454760 2046
1454770 2039
1454780 2034
1454790 2034
1454800 2028
1454810 2023
1454820 2021
1454830 2021
1454840 2019
1454850 2016
1454860 2016
1454870 2011
1454880 2006
1454890 2006
1454900 2002
1454910 1996
1454920 1996
1454930 1989
1454940 1983
1454950 1983
1454960 1976
1454970 1970
1454980 1964
1454990 1964
1455000 1960
1455010 1957
1455020 1957
1455030 1956
1455040 1958
1455050 1958
1455060 1957
1455070 1956
1455080 1956
1455090 1955
1455100 1955
1455110 1955
1455120 1955
1455130 1953
1455140 1953
1455150 1949
1455160 1944
1455170 1941
1455180 1941
1455190 1939
1455200 1936
1455210 1936
1455220 1929
1455230 1923
1455240 1923
1455250 1916
1455260 1910
1455270 1910
1455280 1905
1455290 1902
1455300 1902
1455310 1899
1455320 1898
1455330 1896
1455340 1896
1455350 1888
1455360 1882
1455370 1882
1455380 1876
1455390 1869
1455400 1869
1455410 1862
1455420 1856
1455430 1856
1455440 1850
1455450 1844
1455460 1844
1455470 1840
1455480 1834
1455490 1834
1455500 1828
1455510 1822
1455520 1816
1455530 1816
1455540 1812
1455550 1807
1455560 1807
1455570 1802
1455580 1796
1455590 1796
1455600 1789
1455610 1781
1455620 1781
1455630 1773
1455640 1765
1455650 1765
1455660 1757
1455670 1751
1455680 1743
1455690 1743
1455700 1738
1455710 1737
1455720 1737
1455730 1736
1455740 1734
1455750 1734
1455760 1731
1455770 1728
1455780 1728
1455790 1724
1455800 1720
1455810 1720
1455820 1716
1455830 1712
1455840 1712
1455850 1708
1455860 1704
1455870 1700
1455880 1700
1455890 1697
1455900 1693
1455910 1693
1455920 1689
1455930 1686
1455940 1686
1455950 1684
1455960 1680
1455970 1680
1455980 1676
1455990 1673
1456000 1673
1456010 1669
1456020 1663
1456030 1656
1456040 1656
1456050 1649
1456060 1644
1456070 1644
1456080 1639
1456090 1634
1456100 1634
1456110 1631
1456120 1627
1456130 1627
1456140 1623
1456150 1619
1456160 1619
1456170 1616
1456180 1611
1456190 1611
1456200 1609
1456210 1607
1456220 1606
1456230 1606
1456240 1603
1456250 1596
1456260 1596
1456270 1588
1456280 1581
1456290 1581
1456300 1577
1456310 1574
1456320 1574
1456330 1571
1456340 1565
1456350 1565
1456360 1560
1456370 1557
1456380 1550
1456390 1550
1456400 1549
1456410 1544
1456420 1544
1456430 1539
1456440 1538
1456450 1538
1456460 1538
1456470 1533
1456480 1533
1456490 1528
1456500 1522
1456510 1522
1456520 1516
1456530 1508
1456540 1499
1456550 1499
1456560 1494
1456570 1489
1456580 1489
1456590 1483
1456600 1478
1456610 1478
1456620 1474
1456630 1468
1456640 1468
1456650 1463
1456660 1459
1456670 1459
1456680 1456
1456690 1454
1456700 1454
1456710 1452
1456720 1450
1456730 1446
1456740 1446
1456750 1441
1456760 1437
1456770 1437
1456780 1431
1456790 1425
1456800 1425
1456810 1420
1456820 1415
1456830 1415
1456840 1410
1456850 1406
1456860 1406
1456870 1401
1456880 1395
1456890 1388
1456900 1388
1456910 1383
1456920 1375
1456930 1375
1456940 1368
1456950 1362
1456960 1362
1456970 1356
1456980 1349
1456990 1349
1457000 1342
1457010 1334
1457020 1334
1457030 1327
1457040 1326
1457050 1326
1457060 1335
1457070 1348
1457080 1358
1457090 1358
1457100 1364
1457110 1370
1457120 1370
1457130 1376
1457140 1383
1457150 1383
1457160 1391
1457170 1399
1457180 1399
1457190 1407
1457200 1416
1457210 1416
1457220 1425
1457230 1434
1457240 1447
1457250 1447
1457260 1462
1457270 1467
1457280 1467
1457290 1473
1457300 1479
1457310 1479
1457320 1489
1457330 1498
1457340 1498
1457350 1506
1457360 1513
1457370 1513
1457380 1519
1457390 1526
1457400 1526
1457410 1534
1457420 1542
1457430 1550
1457440 1550
1457450 1556
1457460 1566
1457470 1566
1457480 1578
1457490 1591
1457500 1591
1457510 1605
1457520 1618
1457530 1618
1457540 1634
1457550 1652
1457560 1652
1457570 1660
1457580 1671
1457590 1681
1457600 1681
1457610 1689
1457620 1698
1457630 1698
1457640 1706
1457650 1713
1457660 1713
1457670 1719
1457680 1726
1457690 1726
1457700 1732
1457710 1737
1457720 1737
1457730 1743
1457740 1750
1457750 1750
1457760 1755
1457770 1762
1457780 1771
1457790 1771
1457800 1777
1457810 1782
1457820 1782
1457830 1787
1457840 1795
1457850 1795
1457860 1804
1457870 1811
1457880 1811
1457890 1821
1457900 1827
1457910 1827
1457920 1831
1457930 1836
1457940 1842
1457950 1842
1457960 1849
1457970 1857
1457980 1857
1457990 1863
1458000 1869
1458010 1869
1458020 1876
1458030 1883
1458040 1883
1458050 1888
1458060 1892
1458070 1892
1458080 1897
1458090 1903
1458100 1903
1458110 1910
1458120 1917
1458130 1924
1458140 1924
1458150 1928
1458160 1930
1458170 1930
1458180 1930
1458190 1929
1458200 1929
1458210 1925
1458220 1921
1458230 1921
1458240 1917
1458250 1913
1458260 1913
1458270 1908
1458280 1900
1458290 1897
1458300 1897
1458310 1897
1458320 1897
1458330 1897
1458340 1895
1458350 1895
1458360 1895
1458370 1911
1458380 1916
1458390 1916
1458400 1909
1458410 1912
1458420 1912
1458430 1925
1458440 1923
1458450 1923
1458460 1920
1458470 1916
1458480 1918
1458490 1918
1458500 1924
1458510 1933
1458520 1933
1458530 1938
1458540 1943
1458550 1943
1458560 1952
1458570 1960
1458580 1960
1458590 1967
1458600 1975
1458610 1975
1458620 1981
1458630 1987
1458640 1994
1458650 1994
1458660 1999
1458670 2005
1458680 2005
1458690 2011
1458700 2018
1458710 2018
1458720 2025
1458730 2029
1458740 2029
1458750 2031
1458760 2032
1458770 2032
1458780 2034
1458790 2036
1458800 2036
1458810 2039
1458820 2042
1458830 2047
1458840 2047
1458850 2052
1458860 2055
1458870 2055
1458880 2060
1458890 2066
1458900 2066
1458910 2070
1458920 2074
1458930 2074
1458940 2077
1458950 2080
1458960 2080
1458970 2081
1458980 2085
1458990 2090
1459000 2090
1459010 2094
1459020 2095
1459030 2095
1459040 2096
1459050 2099
1459060 2099
1459070 2101
1459080 2106
1459090 2106
1459100 2110
1459110 2105
1459120 2105
1459130 2107
1459140 2107
1459150 2109
1459160 2109
1459170 2112
1459180 2118
1459190 2118
1459200 2124
1459210 2124
1459220 2124
1459230 2123
1459240 2122
1459250 2122
1459260 2119
1459270 2119
1459280 2119
1459290 2118
1459300 2119
1459310 2119
1459320 2120
1459330 2121
1459340 2123
1459350 2123
1459360 2126
1459370 2128
1459380 2128
1459390 2130
1459400 2131
1459410 2131
1459420 2133
1459430 2137
1459440 2137
1459450 2141
1459460 2144
1459470 2144
1459480 2146
1459490 2147
1459500 2149
1459510 2149
1459520 2146
1459530 2146
1459540 2146
1459550 2143
1459560 2143
1459570 2143
1459580 2144
1459590 2144
1459600 2144
1459610 2147
1459620 2149
1459630 2149
1459640 2152
1459650 2154
1459660 2154
1459670 2155
1459680 2157
1459690 2158
1459700 2158
1459710 2154
1459720 2153
1459730 2153
1459740 2152
1459750 2150
1459760 2150
1459770 2149
1459780 2147
1459790 2147
1459800 2145
1459810 2141
1459820 2141
1459830 2137
1459840 2133
1459850 2129
1459860 2129
1459870 2126
1459880 2124
1459890 2124
1459900 2122
1459910 2118
1459920 2118
1459930 2114
1459940 2109
1459950 2109
1459960 2104
1459970 2101
1459980 2101
1459990 2099
