1440000 1440
1440010 1440
1440020 1442
1440030 1444
1440040 1444
1440050 1444
1440060 1445
1440070 1447
1440080 1447
1440090 1449
1440100 1450
1440110 1450
1440120 1452
1440130 1453
1440140 1453
1440150 1455
1440160 1456
1440170 1456
1440180 1457
1440190 1457
1440200 1457
1440210 1455
1440220 1453
1440230 1450
1440240 1450
1440250 1450
1440260 1451
1440270 1451
1440280 1451
1440290 1457
1440300 1457
1440310 1462
1440320 1466
1440330 1466
1440340 1470
1440350 1474
1440360 1474
1440370 1476
1440380 1479
1440390 1479
1440400 1482
1440410 1484
1440420 1487
1440430 1487
1440440 1490
1440450 1493
1440460 1493
1440470 1495
1440480 1496
1440490 1496
1440500 1497
1440510 1498
1440520 1498
1440530 1498
1440540 1498
1440550 1498
1440560 1499
1440570 1500
1440580 1500
1440590 1500
1440600 1500
1440610 1501
1440620 1501
1440630 1500
1440640 1500
1440650 1500
1440660 1499
1440670 1498
1440680 1498
1440690 1498
1440700 1497
1440710 1497
1440720 1496
1440730 1497
1440740 1497
1440750 1497
1440760 1497
1440770 1496
1440780 1496
1440790 1495
1440800 1494
1440810 1494
1440820 1492
1440830 1491
1440840 1491
1440850 1491
1440860 1494
1440870 1494
1440880 1499
1440890 1505
1440900 1505
1440910 1510
1440920 1513
1440930 1513
1440940 1513
1440950 1508
1440960 1504
1440970 1504
1440980 1498
1440990 1494
1441000 1494
1441010 1492
1441020 1492
1441030 1492
1441040 1491
1441050 1491
1441060 1491
1441070 1491
1441080 1489
1441090 1489
1441100 1486
1441110 1485
1441120 1489
1441130 1489
1441140 1493
1441150 1491
1441160 1491
1441170 1489
1441180 1484
1441190 1484
1441200 1478
1441210 1472
1441220 1472
1441230 1466
1441240 1459
1441250 1459
1441260 1453
1441270 1447
1441280 1445
1441290 1445
1441300 1445
1441310 1444
1441320 1444
1441330 1442
1441340 1439
1441350 1439
1441360 1434
1441370 1437
1441380 1437
1441390 1443
1441400 1451
1441410 1451
1441420 1459
1441430 1466
1441440 1466
1441450 1471
1441460 1475
1441470 1480
1441480 1480
1441490 1484
1441500 1487
1441510 1487
1441520 1490
1441530 1492
1441540 1492
1441550 1495
1441560 1504
1441570 1504
1441580 1512
1441590 1520
1441600 1520
1441610 1527
1441620 1531
1441630 1531
1441640 1537
1441650 1540
1441660 1544
1441670 1544
1441680 1549
1441690 1556
1441700 1556
1441710 1562
1441720 1569
1441730 1569
1441740 1575
1441750 1580
1441760 1580
1441770 1585
1441780 1592
1441790 1592
1441800 1598
1441810 1605
1441820 1611
1441830 1611
1441840 1618
1441850 1625
1441860 1625
1441870 1632
1441880 1638
1441890 1638
1441900 1644
1441910 1649
1441920 1649
1441930 1654
1441940 1658
1441950 1658
1441960 1661
1441970 1665
1441980 1665
1441990 1669
1442000 1674
1442010 1680
1442020 1680
1442030 1686
1442040 1691
1442050 1691
1442060 1696
1442070 1701
1442080 1701
1442090 1707
1442100 1711
1442110 1711
1442120 1716
1442130 1720
1442140 1720
1442150 1724
1442160 1729
1442170 1735
1442180 1735
1442190 1743
1442200 1745
1442210 1745
1442220 1747
1442230 1750
1442240 1750
1442250 1761
1442260 1769
1442270 1769
1442280 1776
1442290 1782
1442300 1782
1442310 1788
1442320 1794
1442330 1794
1442340 1800
1442350 1805
1442360 1812
1442370 1812
1442380 1819
1442390 1825
1442400 1825
1442410 1833
1442420 1840
1442430 1840
1442440 1846
1442450 1853
1442460 1853
1442470 1861
1442480 1870
1442490 1870
1442500 1879
1442510 1887
1442520 1896
1442530 1896
1442540 1907
1442550 1915
1442560 1915
1442570 1925
1442580 1933
1442590 1933
1442600 1940
1442610 1948
1442620 1948
1442630 1956
1442640 1964
1442650 1964
1442660 1973
1442670 1982
1442680 1982
1442690 1988
1442700 1992
1442710 2001
1442720 2001
1442730 2008
1442740 2014
1442750 2014
1442760 2021
1442770 2030
1442780 2030
1442790 2037
1442800 2044
1442810 2044
1442820 2052
1442830 2060
1442840 2060
1442850 2067
1442860 2075
1442870 2084
1442880 2084
1442890 2092
1442900 2100
1442910 2100
1442920 2107
1442930 2115
1442940 2115
1442950 2125
1442960 2142
1442970 2142
1442980 2155
1442990 2164
1443000 2164
1443010 2172
1443020 2181
1443030 2181
1443040 2191
1443050 2198
1443060 2196
1443070 2196
1443080 2193
1443090 2193
1443100 2193
1443110 2202
1443120 2215
1443130 2215
1443140 2221
1443150 2227
1443160 2227
1443170 2240
1443180 2252
1443190 2252
1443200 2258
1443210 2264
1443220 2273
1443230 2262
1443240 2267
1443250 2272
1443260 2272
1443270 2277
1443280 2278
1443290 2278
1443300 2278
1443310 2276
1443320 2276
1443330 2274
1443340 2271
1443350 2271
1443360 2265
1443370 2260
1443380 2260
1443390 2256
1443400 2252
1443410 2247
1443420 2247
1443430 2243
1443440 2238
1443450 2238
1443460 2234
1443470 2231
1443480 2231
1443490 2225
1443500 2218
1443510 2218
1443520 2211
1443530 2204
1443540 2204
1443550 2197
1443560 2189
1443570 2182
1443580 2182
1443590 2177
1443600 2171
1443610 2171
1443620 2166
1443630 2160
1443640 2160
1443650 2155
1443660 2150
1443670 2150
1443680 2146
1443690 2142
1443700 2142
1443710 2138
1443720 2133
1443730 2133
1443740 2126
1443750 2120
1443760 2117
1443770 2117
1443780 2115
1443790 2114
1443800 2114
1443810 2113
1443820 2112
1443830 2112
1443840 2111
1443850 2110
1443860 2110
1443870 2110
1443880 2110
1443890 2110
1443900 2110
1443910 2109
1443920 2108
1443930 2108
1443940 2107
1443950 2105
1443960 2105
1443970 2102
1443980 2098
1443990 2098
1444000 2095
1444010 2091
1444020 2091
1444030 2087
1444040 2083
1444050 2083
1444060 2079
1444070 2076
1444080 2076
1444090 2072
1444100 2069
1444110 2066
1444120 2066
1444130 2062
1444140 2058
1444150 2058
1444160 2056
1444170 2053
1444180 2053
1444190 2050
1444200 2047
1444210 2047
1444220 2043
1444230 2039
1444240 2039
1444250 2034
1444260 2030
1444270 2026
1444280 2026
1444290 2021
1444300 2017
1444310 2017
1444320 2013
1444330 2009
1444340 2009
1444350 2004
1444360 1999
1444370 1999
1444380 1994
1444390 1990
1444400 1990
1444410 1987
1444420 1985
1444430 1985
1444440 1983
1444450 1981
1444460 1978
1444470 1978
1444480 1975
1444490 1972
1444500 1972
1444510 1969
1444520 1965
1444530 1965
1444540 1960
1444550 1955
1444560 1955
1444570 1951
1444580 1947
1444590 1947
1444600 1943
1444610 1939
1444620 1935
1444630 1935
1444640 1933
1444650 1930
1444660 1930
1444670 1926
1444680 1921
1444690 1921
1444700 1916
1444710 1910
1444720 1910
1444730 1906
1444740 1899
1444750 1899
1444760 1893
1444770 1885
1444780 1885
1444790 1878
1444800 1871
1444810 1863
1444820 1863
1444830 1855
1444840 1849
1444850 1849
1444860 1842
1444870 1836
1444880 1836
1444890 1830
1444900 1825
1444910 1825
1444920 1821
1444930 1817
1444940 1817
1444950 1809
1444960 1800
1444970 1795
1444980 1795
1444990 1788
1445000 1783
1445010 1783
1445020 1779
1445030 1771
1445040 1771
1445050 1768
1445060 1763
1445070 1763
1445080 1756
1445090 1746
1445100 1746
1445110 1739
1445120 1733
1445130 1733
1445140 1728
1445150 1724
1445160 1720
1445170 1720
1445180 1716
1445190 1712
1445200 1712
1445210 1705
1445220 1696
1445230 1696
1445240 1686
1445250 1678
1445260 1678
1445270 1671
1445280 1666
1445290 1666
1445300 1660
1445310 1654
1445320 1648
1445330 1648
1445340 1641
1445350 1635
1445360 1635
1445370 1629
1445380 1623
1445390 1623
1445400 1618
1445410 1622
1445420 1622
1445430 1628
1445440 1633
1445450 1633
1445460 1636
1445470 1643
1445480 1643
1445490 1648
1445500 1654
1445510 1659
1445520 1659
1445530 1664
1445540 1671
1445550 1671
1445560 1679
1445570 1688
1445580 1688
1445590 1694
1445600 1698
1445610 1698
1445620 1702
1445630 1706
1445640 1706
1445650 1710
1445660 1714
1445670 1718
1445680 1718
1445690 1722
1445700 1726
1445710 1726
1445720 1729
1445730 1732
1445740 1732
1445750 1735
1445760 1738
1445770 1738
1445780 1740
1445790 1740
1445800 1740
1445810 1735
1445820 1738
1445830 1738
1445840 1744
1445850 1750
1445860 1755
1445870 1755
1445880 1761
1445890 1766
1445900 1766
1445910 1772
1445920 1778
1445930 1778
1445940 1786
1445950 1791
1445960 1791
1445970 1796
1445980 1803
1445990 1803
1446000 1810
1446010 1816
1446020 1820
1446030 1820
1446040 1826
1446050 1832
1446060 1832
1446070 1837
1446080 1842
1446090 1842
1446100 1846
1446110 1848
1446120 1848
1446130 1848
1446140 1849
1446150 1849
1446160 1851
1446170 1853
1446180 1853
1446190 1855
1446200 1857
1446210 1860
1446220 1860
1446230 1863
1446240 1865
1446250 1865
1446260 1868
1446270 1870
1446280 1870
1446290 1872
1446300 1874
1446310 1874
1446320 1875
1446330 1874
1446340 1874
1446350 1872
1446360 1867
1446370 1862
1446380 1862
1446390 1857
1446400 1845
1446410 1845
1446420 1838
1446430 1833
1446440 1833
1446450 1829
1446460 1825
1446470 1825
1446480 1821
1446490 1818
1446500 1818
1446510 1814
1446520 1808
1446530 1808
1446540 1803
1446550 1800
1446560 1795
1446570 1795
1446580 1791
1446590 1786
1446600 1786
1446610 1785
1446620 1785
1446630 1785
1446640 1783
1446650 1778
1446660 1778
1446670 1768
1446680 1760
1446690 1760
1446700 1753
1446710 1749
1446720 1747
1446730 1747
1446740 1745
1446750 1742
1446760 1742
1446770 1739
1446780 1737
1446790 1737
1446800 1734
1446810 1730
1446820 1730
1446830 1727
1446840 1725
1446850 1725
1446860 1723
1446870 1722
1446880 1722
1446890 1722
1446900 1721
1446910 1720
1446920 1720
1446930 1718
1446940 1716
1446950 1716
1446960 1712
1446970 1709
1446980 1709
1446990 1706
1447000 1703
1447010 1703
1447020 1700
1447030 1696
1447040 1696
1447050 1694
1447060 1691
1447070 1688
1447080 1688
1447090 1686
1447100 1684
1447110 1684
1447120 1682
1447130 1679
1447140 1679
1447150 1675
1447160 1671
1447170 1671
1447180 1665
1447190 1659
1447200 1659
1447210 1655
1447220 1652
1447230 1652
1447240 1649
1447250 1646
1447260 1643
1447270 1643
1447280 1641
1447290 1639
1447300 1639
1447310 1638
1447320 1636
1447330 1636
1447340 1634
1447350 1631
1447360 1631
1447370 1627
1447380 1623
1447390 1623
1447400 1619
1447410 1617
1447420 1615
1447430 1615
1447440 1612
1447450 1611
1447460 1611
1447470 1610
1447480 1608
1447490 1608
1447500 1604
1447510 1598
1447520 1598
1447530 1593
1447540 1587
1447550 1587
1447560 1579
1447570 1572
1447580 1572
1447590 1565
1447600 1558
1447610 1551
1447620 1551
1447630 1542
1447640 1533
1447650 1533
1447660 1525
1447670 1519
1447680 1519
1447690 1512
1447700 1506
1447710 1506
1447720 1500
1447730 1494
1447740 1494
1447750 1487
1447760 1481
1447770 1475
1447780 1475
1447790 1469
1447800 1463
1447810 1463
1447820 1458
1447830 1451
1447840 1451
1447850 1437
1447860 1427
1447870 1427
1447880 1419
1447890 1413
1447900 1413
1447910 1417
1447920 1429
1447930 1429
1447940 1444
1447950 1460
1447960 1474
1447970 1474
1447980 1482
1447990 1490
1448000 1490
1448010 1499
1448020 1505
1448030 1505
1448040 1510
1448050 1516
1448060 1516
1448070 1522
1448080 1527
1448090 1527
1448100 1534
1448110 1541
1448120 1548
1448130 1548
1448140 1555
1448150 1563
1448160 1563
1448170 1569
1448180 1574
1448190 1574
1448200 1579
1448210 1585
1448220 1585
1448230 1592
1448240 1598
1448250 1598
1448260 1605
1448270 1612
1448280 1612
1448290 1620
1448300 1625
1448310 1631
1448320 1631
1448330 1636
1448340 1641
1448350 1641
1448360 1647
1448370 1654
1448380 1654
1448390 1659
1448400 1665
1448410 1665
1448420 1671
1448430 1676
1448440 1676
1448450 1681
1448460 1687
1448470 1694
1448480 1694
1448490 1703
1448500 1711
1448510 1711
1448520 1716
1448530 1719
1448540 1719
1448550 1722
1448560 1727
1448570 1727
1448580 1731
1448590 1735
1448600 1735
1448610 1739
1448620 1745
1448630 1745
1448640 1749
1448650 1752
1448660 1756
1448670 1756
1448680 1760
1448690 1764
1448700 1764
1448710 1767
1448720 1770
1448730 1770
1448740 1773
1448750 1775
1448760 1775
1448770 1775
1448780 1775
1448790 1775
1448800 1773
1448810 1775
1448820 1779
1448830 1779
1448840 1782
1448850 1786
1448860 1786
1448870 1792
1448880 1795
1448890 1795
1448900 1798
1448910 1799
1448920 1799
1448930 1799
1448940 1799
1448950 1799
1448960 1802
1448970 1806
1448980 1806
1448990 1811
1449000 1813
1449010 1814
1449020 1814
1449030 1816
1449040 1819
1449050 1819
1449060 1823
1449070 1826
1449080 1826
1449090 1829
1449100 1832
1449110 1832
1449120 1835
1449130 1837
1449140 1837
1449150 1838
1449160 1837
1449170 1838
1449180 1838
1449190 1839
1449200 1840
1449210 1840
1449220 1841
1449230 1841
1449240 1841
1449250 1841
1449260 1842
1449270 1842
1449280 1844
1449290 1848
1449300 1848
1449310 1851
1449320 1853
1449330 1853
1449340 1856
1449350 1860
1449360 1864
1449370 1864
1449380 1866
1449390 1867
1449400 1867
1449410 1869
1449420 1870
1449430 1870
1449440 1870
1449450 1871
1449460 1871
1449470 1873
1449480 1873
1449490 1873
1449500 1873
1449510 1872
1449520 1873
1449530 1873
1449540 1873
1449550 1873
1449560 1873
1449570 1873
1449580 1874
1449590 1874
1449600 1875
1449610 1875
1449620 1875
1449630 1874
1449640 1874
1449650 1874
1449660 1876
1449670 1878
1449680 1878
1449690 1882
1449700 1887
1449710 1891
1449720 1891
1449730 1895
1449740 1901
1449750 1901
1449760 1906
1449770 1910
1449780 1910
1449790 1915
1449800 1920
1449810 1920
1449820 1925
1449830 1930
1449840 1930
1449850 1933
1449860 1935
1449870 1936
1449880 1936
1449890 1941
1449900 1947
1449910 1947
1449920 1949
1449930 1952
1449940 1952
1449950 1954
1449960 1956
1449970 1956
1449980 1959
1449990 1962
1450000 1962
1450010 1966
1450020 1968
1450030 1968
1450040 1970
1450050 1973
1450060 1975
1450070 1975
1450080 1975
1450090 1976
1450100 1976
1450110 1977
1450120 1979
1450130 1979
1450140 1982
1450150 1984
1450160 1984
1450170 1987
1450180 1990
1450190 1990
1450200 1994
1450210 1998
1450220 2004
1450230 2004
1450240 2007
1450250 2012
1450260 2012
1450270 2016
1450280 2020
1450290 2020
1450300 2024
1450310 2029
1450320 2029
1450330 2033
1450340 2038
1450350 2038
1450360 2042
1450370 2044
1450380 2044
1450390 2047
1450400 2049
1450410 2053
1450420 2053
1450430 2058
1450440 2064
1450450 2064
1450460 2069
1450470 2073
1450480 2073
1450490 2077
1450500 2081
1450510 2081
1450520 2085
1450530 2089
1450540 2089
1450550 2093
1450560 2097
1450570 2100
1450580 2100
1450590 2102
1450600 2104
1450610 2104
1450620 2107
1450630 2109
1450640 2109
1450650 2112
1450660 2114
1450670 2114
1450680 2118
1450690 2122
1450700 2122
1450710 2126
1450720 2130
1450730 2130
1450740 2133
1450750 2137
1450760 2143
1450770 2143
1450780 2147
1450790 2152
1450800 2152
1450810 2156
1450820 2160
1450830 2160
1450840 2165
1450850 2170
1450860 2170
1450870 2175
1450880 2177
1450890 2177
1450900 2180
1450910 2187
1450920 2194
1450930 2194
1450940 2199
1450950 2206
1450960 2206
1450970 2213
1450980 2219
1450990 2219
1451000 2225
1451010 2232
1451020 2232
1451030 2239
1451040 2246
1451050 2246
1451060 2252
1451070 2257
1451080 2257
1451090 2263
1451100 2268
1451110 2273
1451120 2273
1451130 2277
1451140 2280
1451150 2280
1451160 2284
1451170 2287
1451180 2287
1451190 2289
1451200 2291
1451210 2291
1451220 2293
1451230 2294
1451240 2294
1451250 2294
1451260 2293
1451270 2290
1451280 2290
1451290 2286
1451300 2283
1451310 2283
1451320 2280
1451330 2278
1451340 2278
1451350 2276
1451360 2274
1451370 2274
1451380 2269
1451390 2265
1451400 2265
1451410 2261
1451420 2259
1451430 2259
1451440 2258
1451450 2260
1451460 2260
1451470 2260
1451480 2258
1451490 2259
1451500 2259
1451510 2261
1451520 2264
1451530 2264
1451540 2266
1451550 2268
1451560 2268
1451570 2270
1451580 2273
1451590 2273
1451600 2277
1451610 2280
1451620 2283
1451630 2283
1451640 2285
1451650 2287
1451660 2287
1451670 2289
1451680 2290
1451690 2290
1451700 2291
1451710 2292
1451720 2292
1451730 2295
1451740 2297
1451750 2297
1451760 2298
1451770 2299
1451780 2299
1451790 2301
1451800 2302
1451810 2303
1451820 2303
1451830 2304
1451840 2304
1451850 2304
1451860 2306
1451870 2306
1451880 2306
1451890 2306
1451900 2307
1451910 2307
1451920 2306
1451930 2305
1451940 2305
1451950 2305
1451960 2304
1451970 2305
1451980 2305
1451990 2308
1452000 2314
1452010 2314
1452020 2319
1452030 2326
1452040 2326
1452050 2333
1452060 2336
1452070 2336
1452080 2338
1452090 2341
1452100 2341
1452110 2345
1452120 2350
1452130 2350
1452140 2357
1452150 2363
1452160 2371
1452170 2371
1452180 2378
1452190 2386
1452200 2386
1452210 2394
1452220 2410
1452230 2410
1452240 2418
1452250 2425
1452260 2425
1452270 2433
1452280 2440
1452290 2440
1452300 2448
1452310 2457
1452320 2466
1452330 2466
1452340 2476
1452350 2483
1452360 2483
1452370 2489
1452380 2497
1452390 2497
1452400 2505
1452410 2510
1452420 2510
1452430 2514
1452440 2518
1452450 2518
1452460 2524
1452470 2530
1452480 2530
1452490 2536
1452500 2541
1452510 2545
1452520 2545
1452530 2550
1452540 2552
1452550 2552
1452560 2549
1452570 2543
1452580 2543
1452590 2541
1452600 2529
1452610 2529
1452620 2518
1452630 2507
1452640 2507
1452650 2497
1452660 2488
1452670 2480
1452680 2480
1452690 2469
1452700 2460
1452710 2460
1452720 2448
1452730 2437
1452740 2437
1452750 2429
1452760 2419
1452770 2419
1452780 2411
1452790 2403
1452800 2403
1452810 2396
1452820 2389
1452830 2389
1452840 2385
1452850 2375
1452860 2368
1452870 2368
1452880 2364
1452890 2359
1452900 2359
1452910 2354
1452920 2341
1452930 2341
1452940 2328
1452950 2319
1452960 2319
1452970 2308
1452980 2299
1452990 2299
1453000 2281
1453010 2257
1453020 2244
1453030 2244
1453040 2234
1453050 2226
1453060 2226
1453070 2219
1453080 2212
1453090 2212
1453100 2203
1453110 2191
1453120 2191
1453130 2180
1453140 2175
1453150 2175
1453160 2168
1453170 2160
1453180 2160
1453190 2153
1453200 2145
1453210 2139
1453220 2139
1453230 2130
1453240 2119
1453250 2119
1453260 2112
1453270 2101
1453280 2101
1453290 2094
1453300 2093
1453310 2093
1453320 2097
1453330 2096
1453340 2096
1453350 2095
1453360 2090
1453370 2088
1453380 2088
1453390 2089
1453400 2085
1453410 2085
1453420 2078
1453430 2070
1453440 2070
1453450 2059
1453460 2056
1453470 2056
1453480 2055
1453490 2050
1453500 2050
1453510 2045
1453520 2040
1453530 2040
1453540 2034
1453550 2026
1453560 2017
1453570 2017
1453580 2013
1453590 2012
1453600 2012
1453610 2010
1453620 2005
1453630 2005
1453640 2001
1453650 1997
1453660 1997
1453670 1994
1453680 1988
1453690 1988
1453700 1982
1453710 1985
1453720 1993
1453730 1993
1453740 1992
1453750 1990
1453760 1990
1453770 1989
1453780 1990
1453790 1990
1453800 1992
1453810 1995
1453820 1995
1453830 1999
1453840 2004
1453850 2004
1453860 2007
1453870 2007
1453880 2007
1453890 2004
1453900 2000
1453910 1996
1453920 1996
1453930 1993
1453940 1988
1453950 1988
1453960 1977
1453970 1969
1453980 1969
1453990 1964
1454000 1958
1454010 1958
1454020 1939
1454030 1931
1454040 1931
1454050 1922
1454060 1911
1454070 1897
1454080 1897
1454090 1883
1454100 1881
1454110 1881
1454120 1880
1454130 1880
1454140 1880
1454150 1873
1454160 1869
1454170 1869
1454180 1865
1454190 1860
1454200 1860
1454210 1857
1454220 1853
1454230 1853
1454240 1847
1454250 1837
1454260 1828
1454270 1828
1454280 1821
1454290 1813
1454300 1813
1454310 1803
1454320 1795
1454330 1795
1454340 1798
1454350 1795
1454360 1795
1454370 1791
1454380 1787
1454390 1787
1454400 1782
1454410 1780
1454420 1779
1454430 1779
1454440 1778
1454450 1775
1454460 1775
1454470 1766
1454480 1756
1454490 1756
1454500 1750
1454510 1750
1454520 1750
1454530 1753
1454540 1754
1454550 1754
1454560 1753
1454570 1750
1454580 1750
1454590 1746
1454600 1739
1454610 1733
1454620 1733
1454630 1737
1454640 1737
1454650 1737
1454660 1734
1454670 1732
1454680 1732
1454690 1730
1454700 1729
1454710 1729
1454720 1732
1454730 1731
1454740 1731
1454750 1729
1454760 1728
1454770 1728
1454780 1727
1454790 1724
1454800 1720
1454810 1720
1454820 1724
1454830 1724
1454840 1724
1454850 1724
1454860 1723
1454870 1723
1454880 1719
1454890 1722
1454900 1722
1454910 1724
1454920 1724
1454930 1724
1454940 1724
1454950 1723
1454960 1721
1454970 1721
1454980 1719
1454990 1718
1455000 1718
1455010 1718
1455020 1717
1455030 1717
1455040 1714
1455050 1711
1455060 1711
1455070 1710
1455080 1709
1455090 1709
1455100 1707
1455110 1707
1455120 1707
1455130 1707
1455140 1708
1455150 1708
1455160 1708
1455170 1708
1455180 1706
1455190 1706
1455200 1705
1455210 1703
1455220 1703
1455230 1703
1455240 1704
1455250 1704
1455260 1706
1455270 1705
1455280 1705
1455290 1705
1455300 1704
1455310 1703
1455320 1703
1455330 1702
1455340 1701
1455350 1701
1455360 1701
1455370 1701
1455380 1701
1455390 1699
1455400 1698
1455410 1698
1455420 1696
1455430 1697
1455440 1697
1455450 1696
1455460 1696
1455470 1696
1455480 1695
1455490 1694
1455500 1693
1455510 1693
1455520 1693
1455530 1692
1455540 1692
1455550 1691
1455560 1691
1455570 1691
1455580 1691
1455590 1691
1455600 1691
1455610 1690
1455620 1690
1455630 1690
1455640 1690
1455650 1689
1455660 1687
1455670 1687
1455680 1686
1455690 1684
1455700 1684
1455710 1682
1455720 1680
1455730 1680
1455740 1677
1455750 1675
1455760 1675
1455770 1673
1455780 1670
1455790 1670
1455800 1666
1455810 1664
1455820 1664
1455830 1661
1455840 1658
1455850 1653
1455860 1653
1455870 1646
1455880 1638
1455890 1638
1455900 1631
1455910 1626
1455920 1626
1455930 1621
1455940 1615
1455950 1615
1455960 1600
1455970 1586
1455980 1586
1455990 1581
1456000 1573
1456010 1567
1456020 1567
1456030 1560
1456040 1554
1456050 1554
1456060 1546
1456070 1543
1456080 1543
1456090 1539
1456100 1534
1456110 1534
1456120 1533
1456130 1536
1456140 1536
1456150 1540
1456160 1538
1456170 1538
1456180 1534
1456190 1530
1456200 1525
1456210 1525
1456220 1520
1456230 1515
1456240 1515
1456250 1511
1456260 1508
1456270 1508
1456280 1503
1456290 1499
1456300 1499
1456310 1497
1456320 1495
1456330 1495
1456340 1494
1456350 1486
1456360 1480
1456370 1480
1456380 1475
1456390 1472
1456400 1472
1456410 1469
1456420 1468
1456430 1468
1456440 1464
1456450 1463
1456460 1463
1456470 1464
1456480 1467
1456490 1467
1456500 1473
1456510 1478
1456520 1478
1456530 1481
1456540 1484
1456550 1487
1456560 1487
1456570 1490
1456580 1493
1456590 1493
1456600 1494
1456610 1496
1456620 1496
1456630 1501
1456640 1508
1456650 1508
1456660 1513
1456670 1513
1456680 1513
1456690 1513
1456700 1512
1456710 1511
1456720 1511
1456730 1509
1456740 1507
1456750 1507
1456760 1506
1456770 1504
1456780 1504
1456790 1504
1456800 1504
1456810 1504
1456820 1502
1456830 1503
1456840 1503
1456850 1502
1456860 1501
1456870 1501
1456880 1500
1456890 1498
1456900 1497
1456910 1497
1456920 1491
1456930 1485
1456940 1485
1456950 1481
1456960 1478
1456970 1478
1456980 1476
1456990 1479
1457000 1479
1457010 1482
1457020 1484
1457030 1484
1457040 1481
1457050 1476
1457060 1481
1457070 1481
1457080 1484
1457090 1483
1457100 1483
1457110 1478
1457120 1476
1457130 1476
1457140 1479
1457150 1478
1457160 1478
1457170 1477
1457180 1476
1457190 1476
1457200 1475
1457210 1476
1457220 1476
1457230 1478
1457240 1482
1457250 1485
1457260 1485
1457270 1491
1457280 1497
1457290 1497
1457300 1503
1457310 1508
1457320 1508
1457330 1514
1457340 1518
1457350 1518
1457360 1520
1457370 1524
1457380 1524
1457390 1527
1457400 1531
1457410 1535
1457420 1535
1457430 1539
1457440 1543
1457450 1543
1457460 1547
1457470 1551
1457480 1551
1457490 1555
1457500 1558
1457510 1558
1457520 1562
1457530 1565
1457540 1565
1457550 1568
1457560 1571
1457570 1571
1457580 1573
1457590 1576
1457600 1581
1457610 1581
1457620 1584
1457630 1587
1457640 1587
1457650 1591
1457660 1595
1457670 1595
1457680 1599
1457690 1602
1457700 1602
1457710 1604
1457720 1603
1457730 1603
1457740 1601
1457750 1600
1457760 1602
1457770 1602
1457780 1606
1457790 1612
1457800 1612
1457810 1617
1457820 1622
1457830 1622
1457840 1624
1457850 1626
1457860 1626
1457870 1625
1457880 1623
1457890 1623
1457900 1624
1457910 1628
1457920 1628
1457930 1632
1457940 1636
1457950 1638
1457960 1638
1457970 1641
1457980 1642
1457990 1642
1458000 1643
1458010 1645
1458020 1645
1458030 1646
1458040 1649
1458050 1649
1458060 1650
1458070 1650
1458080 1650
1458090 1650
1458100 1653
1458110 1657
1458120 1664
1458130 1668
1458140 1669
1458150 1669
1458160 1668
1458170 1666
1458180 1666
1458190 1663
1458200 1661
1458210 1661
1458220 1661
1458230 1668
1458240 1668
1458250 1675
1458260 1679
1458270 1679
1458280 1681
1458290 1682
1458300 1687
1458310 1687
1458320 1690
1458330 1693
1458340 1693
1458350 1695
1458360 1699
1458370 1699
1458380 1703
1458390 1706
1458400 1706
1458410 1708
1458420 1709
1458430 1709
1458440 1709
1458450 1711
1458460 1711
1458470 1711
1458480 1708
1458490 1713
1458500 1713
1458510 1720
1458520 1725
1458530 1725
1458540 1729
1458550 1732
1458560 1732
1458570 1734
1458580 1734
1458590 1734
1458600 1735
1458610 1739
1458620 1739
1458630 1742
1458640 1745
1458650 1748
1458660 1748
1458670 1750
1458680 1752
1458690 1752
1458700 1753
1458710 1753
1458720 1753
1458730 1755
1458740 1758
1458750 1758
1458760 1759
1458770 1760
1458780 1760
1458790 1760
1458800 1760
1458810 1760
1458820 1760
1458830 1760
1458840 1760
1458850 1760
1458860 1762
1458870 1763
1458880 1763
1458890 1764
1458900 1765
1458910 1765
1458920 1768
1458930 1769
1458940 1769
1458950 1770
1458960 1771
1458970 1771
1458980 1771
1458990 1770
1459000 1770
1459010 1770
1459020 1770
1459030 1771
1459040 1771
1459050 1771
1459060 1773
1459070 1773
1459080 1774
1459090 1775
1459100 1775
1459110 1776
1459120 1778
1459130 1778
1459140 1779
1459150 1783
1459160 1787
1459170 1787
1459180 1790
1459190 1792
1459200 1792
1459210 1792
1459220 1791
1459230 1791
1459240 1789
1459250 1786
1459260 1786
1459270 1785
1459280 1783
1459290 1783
1459300 1777
1459310 1771
1459320 1771
1459330 1771
1459340 1773
1459350 1778
1459360 1778
1459370 1783
1459380 1789
1459390 1789
1459400 1795
1459410 1802
1459420 1802
1459430 1807
1459440 1813
1459450 1813
1459460 1819
1459470 1821
1459480 1821
1459490 1821
1459500 1824
1459510 1827
1459520 1827
1459530 1829
1459540 1832
1459550 1832
1459560 1835
1459570 1838
1459580 1838
1459590 1841
1459600 1843
1459610 1843
1459620 1845
1459630 1848
1459640 1848
1459650 1852
1459660 1854
1459670 1854
1459680 1856
1459690 1859
1459700 1862
1459710 1862
1459720 1865
1459730 1868
1459740 1868
1459750 1871
1459760 1873
1459770 1873
1459780 1876
1459790 1878
1459800 1878
1459810 1882
1459820 1887
1459830 1887
1459840 1891
1459850 1894
1459860 1897
1459870 1897
1459880 1900
1459890 1903
1459900 1903
1459910 1906
1459920 1910
1459930 1910
1459940 1913
1459950 1916
1459960 1916
1459970 1919
1459980 1922
1459990 1922
