1440000 1377
1440010 1377
1440020 1372
1440030 1370
1440040 1370
1440050 1372
1440060 1371
1440070 1371
1440080 1370
1440090 1371
1440100 1371
1440110 1371
1440120 1371
1440130 1370
1440140 1370
1440150 1368
1440160 1368
1440170 1368
1440180 1367
1440190 1365
1440200 1365
1440210 1364
1440220 1362
1440230 1362
1440240 1362
1440250 1360
1440260 1360
1440270 1355
1440280 1346
1440290 1354
1440300 1354
1440310 1357
1440320 1358
1440330 1358
1440340 1360
1440350 1362
1440360 1362
1440370 1365
1440380 1368
1440390 1368
1440400 1371
1440410 1375
1440420 1375
1440430 1378
1440440 1382
1440450 1382
1440460 1385
1440470 1387
1440480 1388
1440490 1388
1440500 1390
1440510 1390
1440520 1390
1440530 1391
1440540 1391
1440550 1391
1440560 1391
1440570 1392
1440580 1392
1440590 1392
1440600 1391
1440610 1391
1440620 1390
1440630 1393
1440640 1394
1440650 1387
1440660 1387
1440670 1387
1440680 1387
1440690 1387
1440700 1386
1440710 1386
1440720 1386
1440730 1389
1440740 1389
1440750 1392
1440760 1394
1440770 1394
1440780 1394
1440790 1395
1440800 1395
1440810 1396
1440820 1396
1440830 1396
1440840 1396
1440850 1397
1440860 1398
1440870 1398
1440880 1397
1440890 1396
1440900 1396
1440910 1394
1440920 1392
1440930 1392
1440940 1389
1440950 1386
1440960 1386
1440970 1383
1440980 1378
1440990 1372
1441000 1372
1441010 1364
1441020 1356
1441030 1356
1441040 1365
1441050 1374
1441060 1374
1441070 1376
1441080 1376
1441090 1376
1441100 1374
1441110 1367
1441120 1367
1441130 1357
1441140 1349
1441150 1349
1441160 1342
1441170 1338
1441180 1335
1441190 1335
1441200 1332
1441210 1332
1441220 1332
1441230 1337
1441240 1349
1441250 1349
1441260 1366
1441270 1376
1441280 1376
1441290 1383
1441300 1388
1441310 1388
1441320 1396
1441330 1402
1441340 1404
1441350 1404
1441360 1405
1441370 1410
1441380 1410
1441390 1415
1441400 1421
1441410 1421
1441420 1424
1441430 1428
1441440 1428
1441450 1431
1441460 1431
1441470 1431
1441480 1433
1441490 1438
1441500 1438
1441510 1446
1441520 1453
1441530 1456
1441540 1456
1441550 1462
1441560 1469
1441570 1469
1441580 1475
1441590 1479
1441600 1479
1441610 1484
1441620 1487
1441630 1487
1441640 1491
1441650 1496
1441660 1496
1441670 1502
1441680 1509
1441690 1514
1441700 1514
1441710 1521
1441720 1527
1441730 1527
1441740 1532
1441750 1535
1441760 1535
1441770 1539
1441780 1544
1441790 1544
1441800 1549
1441810 1555
1441820 1555
1441830 1559
1441840 1561
1441850 1561
1441860 1563
1441870 1572
1441880 1579
1441890 1579
1441900 1585
1441910 1590
1441920 1590
1441930 1596
1441940 1603
1441950 1603
1441960 1610
1441970 1617
1441980 1617
1441990 1623
1442000 1630
1442010 1630
1442020 1636
1442030 1642
1442040 1648
1442050 1648
1442060 1652
1442070 1656
1442080 1656
1442090 1659
1442100 1658
1442110 1658
1442120 1660
1442130 1666
1442140 1666
1442150 1672
1442160 1672
1442170 1672
1442180 1672
1442190 1674
1442200 1674
1442210 1680
1442220 1686
1442230 1687
1442240 1687
1442250 1688
1442260 1690
1442270 1690
1442280 1694
1442290 1697
1442300 1697
1442310 1703
1442320 1710
1442330 1710
1442340 1717
1442350 1721
1442360 1721
1442370 1725
1442380 1730
1442390 1737
1442400 1737
1442410 1742
1442420 1746
1442430 1746
1442440 1750
1442450 1755
1442460 1755
1442470 1760
1442480 1767
1442490 1767
1442500 1774
1442510 1779
1442520 1779
1442530 1784
1442540 1788
1442550 1788
1442560 1792
1442570 1798
1442580 1804
1442590 1804
1442600 1811
1442610 1818
1442620 1818
1442630 1830
1442640 1839
1442650 1839
1442660 1843
1442670 1848
1442680 1848
1442690 1857
1442700 1869
1442710 1869
1442720 1878
1442730 1883
1442740 1888
1442750 1888
1442760 1893
1442770 1898
1442780 1898
1442790 1905
1442800 1914
1442810 1914
1442820 1922
1442830 1929
1442840 1929
1442850 1936
1442860 1944
1442870 1944
1442880 1952
1442890 1958
1442900 1958
1442910 1964
1442920 1971
1442930 1979
1442940 1979
1442950 1987
1442960 1995
1442970 1995
1442980 2002
1442990 2009
1443000 2009
1443010 2015
1443020 2022
1443030 2022
1443040 2029
1443050 2036
1443060 2036
1443070 2044
1443080 2052
1443090 2059
1443100 2059
1443110 2067
1443120 2075
1443130 2075
1443140 2083
1443150 2091
1443160 2091
1443170 2098
1443180 2106
1443190 2106
1443200 2113
1443210 2120
1443220 2120
1443230 2128
1443240 2136
1443250 2136
1443260 2145
1443270 2156
1443280 2164
1443290 2164
1443300 2171
1443310 2179
1443320 2179
1443330 2187
1443340 2195
1443350 2195
1443360 2205
1443370 2209
1443380 2209
1443390 2210
1443400 2209
1443410 2209
1443420 2206
1443430 2202
1443440 2199
1443450 2199
1443460 2196
1443470 2193
1443480 2193
1443490 2190
1443500 2188
1443510 2188
1443520 2185
1443530 2180
1443540 2180
1443550 2176
1443560 2172
1443570 2172
1443580 2167
1443590 2162
1443600 2162
1443610 2156
1443620 2151
1443630 2146
1443640 2146
1443650 2140
1443660 2135
1443670 2135
1443680 2131
1443690 2128
1443700 2128
1443710 2126
1443720 2122
1443730 2122
1443740 2120
1443750 2117
1443760 2117
1443770 2114
1443780 2111
1443790 2107
1443800 2107
1443810 2106
1443820 2103
1443830 2103
1443840 2100
1443850 2098
1443860 2098
1443870 2094
1443880 2091
1443890 2091
1443900 2088
1443910 2084
1443920 2084
1443930 2080
1443940 2076
1443950 2076
1443960 2073
1443970 2069
1443980 2066
1443990 2066
1444000 2063
1444010 2060
1444020 2060
1444030 2056
1444040 2053
1444050 2053
1444060 2050
1444070 2047
1444080 2047
1444090 2043
1444100 2040
1444110 2040
1444120 2036
1444130 2032
1444140 2028
1444150 2028
1444160 2024
1444170 2019
1444180 2019
1444190 2014
1444200 2010
1444210 2010
1444220 2005
1444230 2000
1444240 2000
1444250 1995
1444260 1990
1444270 1990
1444280 1986
1444290 1981
1444300 1981
1444310 1978
1444320 1977
1444330 1975
1444340 1975
1444350 1972
1444360 1969
1444370 1969
1444380 1967
1444390 1963
1444400 1963
1444410 1958
1444420 1954
1444430 1954
1444440 1950
1444450 1947
1444460 1947
1444470 1943
1444480 1938
1444490 1935
1444500 1935
1444510 1932
1444520 1928
1444530 1928
1444540 1925
1444550 1923
1444560 1923
1444570 1920
1444580 1918
1444590 1918
1444600 1917
1444610 1915
1444620 1915
1444630 1912
1444640 1910
1444650 1910
1444660 1907
1444670 1904
1444680 1900
1444690 1900
1444700 1897
1444710 1893
1444720 1893
1444730 1886
1444740 1878
1444750 1878
1444760 1869
1444770 1860
1444780 1860
1444790 1852
1444800 1844
1444810 1844
1444820 1838
1444830 1832
1444840 1827
1444850 1827
1444860 1823
1444870 1819
1444880 1819
1444890 1816
1444900 1812
1444910 1812
1444920 1808
1444930 1804
1444940 1804
1444950 1800
1444960 1795
1444970 1795
1444980 1789
1444990 1783
1445000 1783
1445010 1777
1445020 1771
1445030 1766
1445040 1766
1445050 1760
1445060 1753
1445070 1753
1445080 1747
1445090 1741
1445100 1741
1445110 1735
1445120 1731
1445130 1731
1445140 1727
1445150 1722
1445160 1722
1445170 1717
1445180 1713
1445190 1708
1445200 1708
1445210 1704
1445220 1700
1445230 1700
1445240 1696
1445250 1694
1445260 1694
1445270 1690
1445280 1686
1445290 1686
1445300 1682
1445310 1677
1445320 1677
1445330 1671
1445340 1666
1445350 1666
1445360 1662
1445370 1656
1445380 1649
1445390 1649
1445400 1643
1445410 1635
1445420 1635
1445430 1628
1445440 1621
1445450 1621
1445460 1614
1445470 1606
1445480 1606
1445490 1599
1445500 1593
1445510 1593
1445520 1587
1445530 1581
1445540 1574
1445550 1574
1445560 1563
1445570 1553
1445580 1553
1445590 1547
1445600 1542
1445610 1542
1445620 1535
1445630 1527
1445640 1527
1445650 1516
1445660 1507
1445670 1507
1445680 1502
1445690 1507
1445700 1507
1445710 1523
1445720 1536
1445730 1546
1445740 1546
1445750 1555
1445760 1562
1445770 1562
1445780 1567
1445790 1573
1445800 1573
1445810 1580
1445820 1588
1445830 1588
1445840 1592
1445850 1590
1445860 1590
1445870 1584
1445880 1587
1445890 1589
1445900 1589
1445910 1596
1445920 1603
1445930 1603
1445940 1610
1445950 1619
1445960 1619
1445970 1636
1445980 1646
1445990 1646
1446000 1653
1446010 1661
1446020 1661
1446030 1668
1446040 1675
1446050 1675
1446060 1681
1446070 1685
1446080 1689
1446090 1689
1446100 1692
1446110 1695
1446120 1695
1446130 1698
1446140 1701
1446150 1701
1446160 1706
1446170 1710
1446180 1710
1446190 1714
1446200 1718
1446210 1718
1446220 1722
1446230 1726
1446240 1729
1446250 1729
1446260 1733
1446270 1737
1446280 1737
1446290 1741
1446300 1746
1446310 1746
1446320 1750
1446330 1753
1446340 1753
1446350 1756
1446360 1757
1446370 1757
1446380 1751
1446390 1742
1446400 1742
1446410 1735
1446420 1730
1446430 1725
1446440 1725
1446450 1719
1446460 1713
1446470 1713
1446480 1705
1446490 1699
1446500 1699
1446510 1695
1446520 1691
1446530 1691
1446540 1688
1446550 1686
1446560 1686
1446570 1683
1446580 1680
1446590 1676
1446600 1676
1446610 1673
1446620 1670
1446630 1670
1446640 1666
1446650 1662
1446660 1662
1446670 1660
1446680 1658
1446690 1658
1446700 1656
1446710 1655
1446720 1655
1446730 1654
1446740 1651
1446750 1651
1446760 1648
1446770 1645
1446780 1642
1446790 1642
1446800 1638
1446810 1637
1446820 1633
1446830 1631
1446840 1628
1446850 1628
1446860 1625
1446870 1622
1446880 1622
1446890 1619
1446900 1617
1446910 1617
1446920 1616
1446930 1617
1446940 1619
1446950 1619
1446960 1621
1446970 1621
1446980 1621
1446990 1621
1447000 1620
1447010 1620
1447020 1619
1447030 1616
1447040 1616
1447050 1614
1447060 1612
1447070 1612
1447080 1609
1447090 1606
1447100 1606
1447110 1601
1447120 1597
1447130 1594
1447140 1594
1447150 1593
1447160 1592
1447170 1592
1447180 1591
1447190 1589
1447200 1589
1447210 1585
1447220 1583
1447230 1583
1447240 1580
1447250 1576
1447260 1576
1447270 1570
1447280 1567
1447290 1567
1447300 1567
1447310 1565
1447320 1563
1447330 1563
1447340 1560
1447350 1555
1447360 1555
1447370 1550
1447380 1547
1447390 1547
1447400 1543
1447410 1539
1447420 1539
1447430 1536
1447440 1531
1447450 1531
1447460 1527
1447470 1523
1447480 1521
1447490 1521
1447500 1517
1447510 1513
1447520 1513
1447530 1510
1447540 1507
1447550 1507
1447560 1505
1447570 1503
1447580 1503
1447590 1499
1447600 1496
1447610 1496
1447620 1493
1447630 1488
1447640 1483
1447650 1483
1447660 1477
1447670 1470
1447680 1470
1447690 1464
1447700 1460
1447710 1460
1447720 1457
1447730 1454
1447740 1454
1447750 1450
1447760 1446
1447770 1446
1447780 1442
1447790 1435
1447800 1435
1447810 1427
1447820 1423
1447830 1417
1447840 1417
1447850 1412
1447860 1407
1447870 1407
1447880 1401
1447890 1396
1447900 1396
1447910 1389
1447920 1383
1447930 1383
1447940 1377
1447950 1377
1447960 1377
1447970 1387
1447980 1402
1447990 1412
1448000 1412
1448010 1420
1448020 1430
1448030 1430
1448040 1440
1448050 1447
1448060 1447
1448070 1454
1448080 1460
1448090 1460
1448100 1465
1448110 1470
1448120 1470
1448130 1475
1448140 1481
1448150 1481
1448160 1488
1448170 1494
1448180 1501
1448190 1501
1448200 1509
1448210 1515
1448220 1515
1448230 1521
1448240 1527
1448250 1527
1448260 1530
1448270 1532
1448280 1532
1448290 1535
1448300 1540
1448310 1540
1448320 1542
1448330 1541
1448340 1538
1448350 1538
1448360 1533
1448370 1529
1448380 1529
1448390 1525
1448400 1530
1448410 1530
1448420 1533
1448430 1531
1448440 1531
1448450 1532
1448460 1534
1448470 1534
1448480 1535
1448490 1538
1448500 1538
1448510 1543
1448520 1548
1448530 1553
1448540 1553
1448550 1557
1448560 1559
1448570 1559
1448580 1561
1448590 1564
1448600 1564
1448610 1569
1448620 1574
1448630 1574
1448640 1578
1448650 1583
1448660 1583
1448670 1590
1448680 1599
1448690 1607
1448700 1607
1448710 1610
1448720 1615
1448730 1615
1448740 1623
1448750 1631
1448760 1631
1448770 1639
1448780 1647
1448790 1647
1448800 1656
1448810 1660
1448820 1660
1448830 1664
1448840 1666
1448850 1666
1448860 1668
1448870 1675
1448880 1681
1448890 1681
1448900 1681
1448910 1681
1448920 1681
1448930 1680
1448940 1679
1448950 1679
1448960 1678
1448970 1679
1448980 1679
1448990 1683
1449000 1684
1449010 1684
1449020 1683
1449030 1689
1449040 1691
1449050 1691
1449060 1689
1449070 1700
1449080 1700
1449090 1709
1449100 1712
1449110 1712
1449120 1711
1449130 1714
1449140 1714
1449150 1713
1449160 1713
1449170 1713
1449180 1718
1449190 1726
1449200 1726
1449210 1733
1449220 1741
1449230 1746
1449240 1746
1449250 1751
1449260 1755
1449270 1755
1449280 1760
1449290 1765
1449300 1765
1449310 1770
1449320 1776
1449330 1776
1449340 1781
1449350 1786
1449360 1786
1449370 1792
1449380 1799
1449390 1803
1449400 1803
1449410 1807
1449420 1812
1449430 1812
1449440 1816
1449450 1821
1449460 1821
1449470 1827
1449480 1829
1449490 1829
1449500 1830
1449510 1833
1449520 1833
1449530 1836
1449540 1840
1449550 1840
1449560 1848
1449570 1856
1449580 1861
1449590 1861
1449600 1865
1449610 1869
1449620 1869
1449630 1873
1449640 1878
1449650 1878
1449660 1881
1449670 1886
1449680 1886
1449690 1891
1449700 1893
1449710 1893
1449720 1895
1449730 1897
1449740 1901
1449750 1901
1449760 1906
1449770 1910
1449780 1910
1449790 1916
1449800 1925
1449810 1925
1449820 1931
1449830 1936
1449840 1936
1449850 1940
1449860 1944
1449870 1944
1449880 1948
1449890 1952
1449900 1952
1449910 1956
1449920 1958
1449930 1960
1449940 1960
1449950 1963
1449960 1967
1449970 1967
1449980 1969
1449990 1970
1450000 1970
1450010 1972
1450020 1975
1450030 1975
1450040 1978
1450050 1980
1450060 1980
1450070 1983
1450080 1986
1450090 1990
1450100 1990
1450110 1994
1450120 1999
1450130 1999
1450140 2003
1450150 2007
1450160 2007
1450170 2012
1450180 2017
1450190 2017
1450200 2021
1450210 2025
1450220 2025
1450230 2030
1450240 2034
1450250 2034
1450260 2037
1450270 2039
1450280 2041
1450290 2041
1450300 2044
1450310 2047
1450320 2047
1450330 2050
1450340 2052
1450350 2052
1450360 2054
1450370 2055
1450380 2055
1450390 2056
1450400 2062
1450410 2062
1450420 2068
1450430 2071
1450440 2074
1450450 2074
1450460 2078
1450470 2079
1450480 2079
1450490 2080
1450500 2082
1450510 2082
1450520 2083
1450530 2085
1450540 2085
1450550 2087
1450560 2091
1450570 2091
1450580 2094
1450590 2097
1450600 2097
1450610 2101
1450620 2104
1450630 2108
1450640 2108
1450650 2112
1450660 2115
1450670 2115
1450680 2119
1450690 2122
1450700 2122
1450710 2126
1450720 2131
1450730 2131
1450740 2136
1450750 2142
1450760 2142
1450770 2146
1450780 2151
1450790 2155
1450800 2155
1450810 2158
1450820 2162
1450830 2162
1450840 2167
1450850 2171
1450860 2171
1450870 2175
1450880 2176
1450890 2176
1450900 2178
1450910 2179
1450920 2179
1450930 2179
1450940 2178
1450950 2178
1450960 2177
1450970 2175
1450980 2175
1450990 2175
1451000 2175
1451010 2176
1451020 2176
1451030 2178
1451040 2179
1451050 2179
1451060 2180
1451070 2180
1451080 2180
1451090 2180
1451100 2180
1451110 2180
1451120 2180
1451130 2180
1451140 2179
1451150 2179
1451160 2178
1451170 2177
1451180 2177
1451190 2176
1451200 2173
1451210 2173
1451220 2170
1451230 2166
1451240 2166
1451250 2162
1451260 2161
1451270 2161
1451280 2161
1451290 2162
1451300 2162
1451310 2162
1451320 2162
1451330 2164
1451340 2164
1451350 2168
1451360 2173
1451370 2173
1451380 2173
1451390 2173
1451400 2173
1451410 2173
1451420 2173
1451430 2173
1451440 2172
1451450 2172
1451460 2172
1451470 2171
1451480 2172
1451490 2173
1451500 2173
1451510 2173
1451520 2174
1451530 2174
1451540 2175
1451550 2175
1451560 2175
1451570 2177
1451580 2181
1451590 2181
1451600 2185
1451610 2188
1451620 2188
1451630 2191
1451640 2193
1451650 2193
1451660 2196
1451670 2200
1451680 2205
1451690 2205
1451700 2210
1451710 2215
1451720 2215
1451730 2218
1451740 2223
1451750 2223
1451760 2227
1451770 2231
1451780 2231
1451790 2235
1451800 2239
1451810 2239
1451820 2245
1451830 2250
1451840 2255
1451850 2255
1451860 2259
1451870 2263
1451880 2263
1451890 2267
1451900 2270
1451910 2270
1451920 2273
1451930 2273
1451940 2273
1451950 2274
1451960 2277
1451970 2277
1451980 2279
1451990 2279
1452000 2279
1452010 2277
1452020 2274
1452030 2273
1452040 2273
1452050 2271
1452060 2269
1452070 2269
1452080 2268
1452090 2269
1452100 2269
1452110 2271
1452120 2272
1452130 2272
1452140 2272
1452150 2271
1452160 2271
1452170 2272
1452180 2273
1452190 2274
1452200 2274
1452210 2273
1452220 2277
1452230 2277
1452240 2281
1452250 2283
1452260 2283
1452270 2286
1452280 2288
1452290 2288
1452300 2290
1452310 2290
1452320 2290
1452330 2291
1452340 2294
1452350 2294
1452360 2297
1452370 2298
1452380 2301
1452390 2301
1452400 2305
1452410 2310
1452420 2310
1452430 2312
1452440 2315
1452450 2315
1452460 2319
1452470 2324
1452480 2324
1452490 2328
1452500 2331
1452510 2331
1452520 2333
1452530 2336
1452540 2339
1452550 2339
1452560 2341
1452570 2340
1452580 2340
1452590 2338
1452600 2341
1452610 2341
1452620 2345
1452630 2348
1452640 2348
1452650 2350
1452660 2353
1452670 2353
1452680 2355
1452690 2359
1452700 2359
1452710 2362
1452720 2365
1452730 2368
1452740 2368
1452750 2371
1452760 2376
1452770 2376
1452780 2380
1452790 2382
1452800 2382
1452810 2383
1452820 2382
1452830 2382
1452840 2379
1452850 2376
1452860 2376
1452870 2375
1452880 2372
1452890 2368
1452900 2368
1452910 2364
1452920 2357
1452930 2357
1452940 2348
1452950 2344
1452960 2344
1452970 2344
1452980 2342
1452990 2342
1453000 2344
1453010 2341
1453020 2341
1453030 2335
1453040 2336
1453050 2336
1453060 2337
1453070 2336
1453080 2332
1453090 2332
1453100 2322
1453110 2311
1453120 2311
1453130 2301
1453140 2291
1453150 2291
1453160 2282
1453170 2274
1453180 2274
1453190 2266
1453200 2259
1453210 2259
1453220 2248
1453230 2241
1453240 2234
1453250 2234
1453260 2228
1453270 2222
1453280 2222
1453290 2216
1453300 2211
1453310 2211
1453320 2206
1453330 2201
1453340 2201
1453350 2197
1453360 2192
1453370 2192
1453380 2185
1453390 2179
1453400 2179
1453410 2173
1453420 2168
1453430 2163
1453440 2163
1453450 2158
1453460 2153
1453470 2153
1453480 2148
1453490 2143
1453500 2143
1453510 2137
1453520 2132
1453530 2132
1453540 2126
1453550 2120
1453560 2120
1453570 2114
1453580 2109
1453590 2104
1453600 2104
1453610 2099
1453620 2094
1453630 2094
1453640 2088
1453650 2083
1453660 2083
1453670 2078
1453680 2073
1453690 2073
1453700 2068
1453710 2063
1453720 2063
1453730 2058
1453740 2052
1453750 2052
1453760 2047
1453770 2042
1453780 2037
1453790 2037
1453800 2032
1453810 2027
1453820 2027
1453830 2022
1453840 2017
1453850 2017
1453860 2011
1453870 2006
1453880 2006
1453890 2001
1453900 1995
1453910 1995
1453920 1990
1453930 1985
1453940 1981
1453950 1981
1453960 1976
1453970 1972
1453980 1972
1453990 1967
1454000 1964
1454010 1964
1454020 1961
1454030 1958
1454040 1958
1454050 1955
1454060 1952
1454070 1952
1454080 1948
1454090 1944
1454100 1944
1454110 1939
1454120 1936
1454130 1935
1454140 1935
1454150 1931
1454160 1926
1454170 1926
1454180 1918
1454190 1912
1454200 1912
1454210 1909
1454220 1908
1454230 1908
1454240 1920
1454250 1925
1454260 1925
1454270 1930
1454280 1931
1454290 1929
1454300 1929
1454310 1925
1454320 1917
1454330 1917
1454340 1910
1454350 1903
1454360 1903
1454370 1898
1454380 1894
1454390 1894
1454400 1892
1454410 1890
1454420 1890
1454430 1888
1454440 1885
1454450 1885
1454460 1883
1454470 1881
1454480 1879
1454490 1879
1454500 1878
1454510 1879
1454520 1879
1454530 1880
1454540 1877
1454550 1877
1454560 1876
1454570 1874
1454580 1874
1454590 1873
1454600 1871
1454610 1871
1454620 1869
1454630 1867
1454640 1866
1454650 1866
1454660 1866
1454670 1864
1454680 1864
1454690 1858
1454700 1854
1454710 1854
1454720 1858
1454730 1861
1454740 1861
1454750 1863
1454760 1864
1454770 1864
1454780 1864
1454790 1863
1454800 1863
1454810 1862
1454820 1865
1454830 1865
1454840 1865
1454850 1865
1454860 1865
1454870 1865
1454880 1866
1454890 1866
1454900 1866
1454910 1870
1454920 1871
1454930 1871
1454940 1872
1454950 1873
1454960 1873
1454970 1874
1454980 1872
1454990 1869
1455000 1869
1455010 1870
1455020 1872
1455030 1872
1455040 1875
1455050 1880
1455060 1880
1455070 1882
1455080 1883
1455090 1883
1455100 1884
1455110 1884
1455120 1884
1455130 1882
1455140 1882
1455150 1882
1455160 1881
1455170 1881
1455180 1879
1455190 1879
1455200 1879
1455210 1878
1455220 1878
1455230 1877
1455240 1876
1455250 1876
1455260 1875
1455270 1874
1455280 1874
1455290 1872
1455300 1869
1455310 1869
1455320 1865
1455330 1862
1455340 1860
1455350 1860
1455360 1859
1455370 1858
1455380 1858
1455390 1854
1455400 1851
1455410 1851
1455420 1847
1455430 1842
1455440 1842
1455450 1838
1455460 1835
1455470 1835
1455480 1832
1455490 1829
1455500 1829
1455510 1825
1455520 1818
1455530 1811
1455540 1811
1455550 1804
1455560 1799
1455570 1799
1455580 1794
1455590 1791
1455600 1791
1455610 1786
1455620 1782
1455630 1782
1455640 1777
1455650 1773
1455660 1773
1455670 1768
1455680 1763
1455690 1760
1455700 1760
1455710 1756
1455720 1752
1455730 1752
1455740 1749
1455750 1746
1455760 1746
1455770 1743
1455780 1739
1455790 1739
1455800 1735
1455810 1732
1455820 1732
1455830 1728
1455840 1724
1455850 1724
1455860 1719
1455870 1714
1455880 1709
1455890 1709
1455900 1704
1455910 1700
1455920 1700
1455930 1696
1455940 1694
1455950 1694
1455960 1690
1455970 1684
1455980 1684
1455990 1680
1456000 1675
1456010 1675
1456020 1668
1456030 1661
1456040 1654
1456050 1654
1456060 1646
1456070 1638
1456080 1638
1456090 1631
1456100 1624
1456110 1624
1456120 1618
1456130 1611
1456140 1611
1456150 1605
1456160 1599
1456170 1599
1456180 1593
1456190 1586
1456200 1586
1456210 1579
1456220 1570
1456230 1561
1456240 1561
1456250 1554
1456260 1546
1456270 1546
1456280 1542
1456290 1532
1456300 1532
1456310 1524
1456320 1516
1456330 1516
1456340 1509
1456350 1500
1456360 1500
1456370 1491
1456380 1485
1456390 1480
1456400 1480
1456410 1474
1456420 1468
1456430 1468
1456440 1464
1456450 1462
1456460 1462
1456470 1458
1456480 1453
1456490 1453
1456500 1449
1456510 1444
1456520 1444
1456530 1441
1456540 1439
1456550 1439
1456560 1435
1456570 1431
1456580 1429
1456590 1429
1456600 1429
1456610 1428
1456620 1428
1456630 1429
1456640 1432
1456650 1432
1456660 1435
1456670 1438
1456680 1438
1456690 1441
1456700 1445
1456710 1445
1456720 1448
1456730 1445
1456740 1439
1456750 1439
1456760 1432
1456770 1425
1456780 1425
1456790 1421
1456800 1416
1456810 1416
1456820 1415
1456830 1415
1456840 1415
1456850 1416
1456860 1417
1456870 1417
1456880 1422
1456890 1429
1456900 1429
1456910 1437
1456920 1446
1456930 1454
1456940 1454
1456950 1465
1456960 1471
1456970 1471
1456980 1476
1456990 1479
1457000 1479
1457010 1484
1457020 1490
1457030 1490
1457040 1495
1457050 1501
1457060 1501
1457070 1507
1457080 1511
1457090 1516
1457100 1516
1457110 1522
1457120 1530
1457130 1530
1457140 1537
1457150 1544
1457160 1544
1457170 1550
1457180 1555
1457190 1555
1457200 1558
1457210 1561
1457220 1561
1457230 1566
1457240 1571
1457250 1571
1457260 1575
1457270 1580
1457280 1584
1457290 1584
1457300 1588
1457310 1592
1457320 1592
1457330 1598
1457340 1604
1457350 1604
1457360 1610
1457370 1615
1457380 1615
1457390 1620
1457400 1623
1457410 1623
1457420 1625
1457430 1627
1457440 1628
1457450 1628
1457460 1630
1457470 1635
1457480 1635
1457490 1641
1457500 1644
1457510 1644
1457520 1647
1457530 1652
1457540 1652
1457550 1656
1457560 1659
1457570 1659
1457580 1662
1457590 1664
1457600 1664
1457610 1667
1457620 1671
1457630 1675
1457640 1675
1457650 1681
1457660 1686
1457670 1686
1457680 1689
1457690 1691
1457700 1691
1457710 1693
1457720 1694
1457730 1694
1457740 1696
1457750 1698
1457760 1698
1457770 1701
1457780 1704
1457790 1707
1457800 1707
1457810 1709
1457820 1712
1457830 1712
1457840 1719
1457850 1724
1457860 1724
1457870 1727
1457880 1728
1457890 1728
1457900 1730
1457910 1732
1457920 1732
1457930 1736
1457940 1738
1457950 1738
1457960 1739
1457970 1739
1457980 1740
1457990 1740
1458000 1740
1458010 1742
1458020 1742
1458030 1743
1458040 1744
1458050 1744
1458060 1746
1458070 1748
1458080 1748
1458090 1751
1458100 1754
1458110 1754
1458120 1756
1458130 1759
1458140 1759
1458150 1759
1458160 1760
1458170 1761
1458180 1761
1458190 1762
1458200 1765
1458210 1765
1458220 1769
1458230 1773
1458240 1773
1458250 1774
1458260 1775
1458270 1775
1458280 1776
1458290 1776
1458300 1776
1458310 1775
1458320 1774
1458330 1773
1458340 1773
1458350 1775
1458360 1775
1458370 1775
1458380 1776
1458390 1778
1458400 1778
1458410 1784
1458420 1788
1458430 1788
1458440 1793
1458450 1797
1458460 1797
1458470 1802
1458480 1805
1458490 1807
1458500 1807
1458510 1808
1458520 1811
1458530 1811
1458540 1812
1458550 1813
1458560 1813
1458570 1811
1458580 1812
1458590 1812
1458600 1815
1458610 1821
1458620 1821
1458630 1824
1458640 1827
1458650 1827
1458660 1830
1458670 1832
1458680 1834
1458690 1834
1458700 1835
1458710 1837
1458720 1837
1458730 1842
1458740 1843
1458750 1843
1458760 1845
1458770 1847
1458780 1847
1458790 1848
1458800 1850
1458810 1850
1458820 1852
1458830 1853
1458840 1856
1458850 1856
1458860 1859
1458870 1861
1458880 1861
1458890 1862
1458900 1865
1458910 1865
1458920 1867
1458930 1868
1458940 1868
1458950 1869
1458960 1870
1458970 1870
1458980 1872
1458990 1874
1459000 1874
1459010 1875
1459020 1876
1459030 1879
1459040 1879
1459050 1879
1459060 1880
1459070 1880
1459080 1881
1459090 1880
1459100 1880
1459110 1879
1459120 1878
1459130 1878
1459140 1878
1459150 1877
1459160 1877
1459170 1876
1459180 1874
1459190 1873
1459200 1873
1459210 1872
1459220 1870
1459230 1870
1459240 1869
1459250 1869
1459260 1869
1459270 1869
1459280 1867
1459290 1867
1459300 1866
1459310 1866
1459320 1866
1459330 1866
1459340 1866
1459350 1866
1459360 1866
1459370 1865
1459380 1865
1459390 1865
1459400 1865
1459410 1865
1459420 1865
1459430 1865
1459440 1865
1459450 1865
1459460 1865
1459470 1866
1459480 1866
1459490 1866
1459500 1866
1459510 1866
1459520 1865
1459530 1866
1459540 1865
1459550 1865
1459560 1865
1459570 1866
1459580 1866
1459590 1866
1459600 1867
1459610 1867
1459620 1867
1459630 1868
1459640 1868
1459650 1869
1459660 1869
1459670 1869
1459680 1871
1459690 1873
1459700 1873
1459710 1876
1459720 1879
1459730 1883
1459740 1883
1459750 1887
1459760 1891
1459770 1891
1459780 1895
1459790 1900
1459800 1900
1459810 1906
1459820 1910
1459830 1910
1459840 1914
1459850 1918
1459860 1918
1459870 1921
1459880 1924
1459890 1927
1459900 1927
1459910 1931
1459920 1934
1459930 1934
1459940 1937
1459950 1940
1459960 1940
1459970 1942
1459980 1945
1459990 1945
