1440000 1749
1440010 1754
1440020 1754
1440030 1760
1440040 1763
1440050 1765
1440060 1765
1440070 1770
1440080 1776
1440090 1776
1440100 1781
1440110 1787
1440120 1787
1440130 1792
1440140 1798
1440150 1798
1440160 1805
1440170 1813
1440180 1813
1440190 1818
1440200 1823
1440210 1823
1440220 1827
1440230 1826
1440240 1829
1440250 1829
1440260 1832
1440270 1833
1440280 1833
1440290 1830
1440300 1833
1440310 1833
1440320 1839
1440330 1843
1440340 1843
1440350 1845
1440360 1849
1440370 1849
1440380 1855
1440390 1859
1440400 1863
1440410 1863
1440420 1867
1440430 1872
1440440 1872
1440450 1878
1440460 1884
1440470 1884
1440480 1889
1440490 1893
1440500 1893
1440510 1897
1440520 1902
1440530 1902
1440540 1907
1440550 1913
1440560 1913
1440570 1917
1440580 1920
1440590 1923
1440600 1923
1440610 1925
1440620 1929
1440630 1929
1440640 1934
1440650 1937
1440660 1937
1440670 1940
1440680 1942
1440690 1942
1440700 1943
1440710 1944
1440720 1944
1440730 1946
1440740 1947
1440750 1947
1440760 1947
1440770 1946
1440780 1944
1440790 1944
1440800 1940
1440810 1937
1440820 1937
1440830 1933
1440840 1930
1440850 1930
1440860 1926
1440870 1922
1440880 1922
1440890 1916
1440900 1916
1440910 1916
1440920 1918
1440930 1920
1440940 1922
1440950 1922
1440960 1924
1440970 1927
1440980 1927
1440990 1930
1441000 1931
1441010 1931
1441020 1930
1441030 1927
1441040 1927
1441050 1920
1441060 1913
1441070 1913
1441080 1909
1441090 1906
1441100 1906
1441110 1901
1441120 1896
1441130 1893
1441140 1893
1441150 1892
1441160 1891
1441170 1891
1441180 1889
1441190 1888
1441200 1888
1441210 1887
1441220 1886
1441230 1886
1441240 1887
1441250 1889
1441260 1889
1441270 1891
1441280 1890
1441290 1885
1441300 1885
1441310 1885
1441320 1888
1441330 1888
1441340 1888
1441350 1885
1441360 1885
1441370 1880
1441380 1881
1441390 1881
1441400 1880
1441410 1878
1441420 1878
1441430 1881
1441440 1887
1441450 1887
1441460 1898
1441470 1905
1441480 1911
1441490 1911
1441500 1915
1441510 1916
1441520 1916
1441530 1913
1441540 1908
1441550 1908
1441560 1914
1441570 1920
1441580 1920
1441590 1925
1441600 1928
1441610 1928
1441620 1935
1441630 1942
1441640 1948
1441650 1948
1441660 1954
1441670 1961
1441680 1961
1441690 1968
1441700 1974
1441710 1974
1441720 1978
1441730 1981
1441740 1981
1441750 1985
1441760 1992
1441770 1992
1441780 2000
1441790 2005
1441800 2005
1441810 2009
1441820 2011
1441830 2016
1441840 2016
1441850 2021
1441860 2024
1441870 2024
1441880 2023
1441890 2023
1441900 2023
1441910 2022
1441920 2026
1441930 2026
1441940 2025
1441950 2022
1441960 2022
1441970 2016
1441980 2010
1441990 2009
1442000 2009
1442010 2012
1442020 2010
1442030 2010
1442040 2008
1442050 2015
1442060 2015
1442070 2018
1442080 2021
1442090 2021
1442100 2028
1442110 2034
1442120 2034
1442130 2040
1442140 2045
1442150 2045
1442160 2046
1442170 2050
1442180 2058
1442190 2058
1442200 2061
1442210 2062
1442220 2062
1442230 2058
1442240 2050
1442250 2050
1442260 2045
1442270 2045
1442280 2045
1442290 2046
1442300 2046
1442310 2046
1442320 2046
1442330 2050
1442340 2054
1442350 2054
1442360 2055
1442370 2057
1442380 2057
1442390 2060
1442400 2063
1442410 2063
1442420 2064
1442430 2069
1442440 2069
1442450 2075
1442460 2081
1442470 2081
1442480 2086
1442490 2091
1442500 2091
1442510 2097
1442520 2101
1442530 2106
1442540 2106
1442550 2111
1442560 2116
1442570 2116
1442580 2121
1442590 2129
1442600 2129
1442610 2136
1442620 2144
1442630 2144
1442640 2150
1442650 2153
1442660 2153
1442670 2158
1442680 2162
1442690 2165
1442700 2165
1442710 2169
1442720 2174
1442730 2174
1442740 2179
1442750 2185
1442760 2185
1442770 2188
1442780 2191
1442790 2191
1442800 2194
1442810 2197
1442820 2197
1442830 2200
1442840 2203
1442850 2203
1442860 2206
1442870 2211
1442880 2216
1442890 2216
1442900 2222
1442910 2230
1442920 2230
1442930 2237
1442940 2243
1442950 2243
1442960 2250
1442970 2257
1442980 2257
1442990 2262
1443000 2268
1443010 2268
1443020 2277
1443030 2285
1443040 2293
1443050 2293
1443060 2301
1443070 2311
1443080 2311
1443090 2320
1443100 2328
1443110 2328
1443120 2336
1443130 2343
1443140 2343
1443150 2352
1443160 2363
1443170 2363
1443180 2367
1443190 2379
1443200 2379
1443210 2392
1443220 2402
1443230 2414
1443240 2414
1443250 2418
1443260 2417
1443270 2417
1443280 2418
1443290 2418
1443300 2418
1443310 2414
1443320 2409
1443330 2409
1443340 2405
1443350 2401
1443360 2401
1443370 2396
1443380 2390
1443390 2390
1443400 2384
1443410 2378
1443420 2372
1443430 2372
1443440 2364
1443450 2357
1443460 2357
1443470 2349
1443480 2341
1443490 2341
1443500 2332
1443510 2323
1443520 2323
1443530 2316
1443540 2310
1443550 2310
1443560 2304
1443570 2298
1443580 2292
1443590 2292
1443600 2287
1443610 2282
1443620 2282
1443630 2280
1443640 2278
1443650 2278
1443660 2276
1443670 2271
1443680 2271
1443690 2265
1443700 2261
1443710 2261
1443720 2257
1443730 2251
1443740 2251
1443750 2246
1443760 2241
1443770 2232
1443780 2232
1443790 2225
1443800 2218
1443810 2218
1443820 2213
1443830 2209
1443840 2209
1443850 2204
1443860 2198
1443870 2198
1443880 2194
1443890 2189
1443900 2189
1443910 2185
1443920 2181
1443930 2177
1443940 2177
1443950 2174
1443960 2170
1443970 2170
1443980 2167
1443990 2163
1444000 2163
1444010 2158
1444020 2152
1444030 2152
1444040 2146
1444050 2133
1444060 2133
1444070 2123
1444080 2115
1444090 2115
1444100 2108
1444110 2101
1444120 2095
1444130 2095
1444140 2091
1444150 2086
1444160 2086
1444170 2081
1444180 2077
1444190 2077
1444200 2063
1444210 2050
1444220 2050
1444230 2043
1444240 2037
1444250 2037
1444260 2033
1444270 2030
1444280 2027
1444290 2027
1444300 2024
1444310 2022
1444320 2022
1444330 2020
1444340 2019
1444350 2019
1444360 2019
1444370 2019
1444380 2019
1444390 2020
1444400 2021
1444410 2021
1444420 2021
1444430 2022
1444440 2022
1444450 2023
1444460 2024
1444470 2024
1444480 2024
1444490 2025
1444500 2027
1444510 2027
1444520 2031
1444530 2033
1444540 2033
1444550 2033
1444560 2031
1444570 2031
1444580 2028
1444590 2025
1444600 2025
1444610 2020
1444620 2014
1444630 1999
1444640 1999
1444650 1986
1444660 1979
1444670 1979
1444680 1976
1444690 1966
1444700 1966
1444710 1956
1444720 1950
1444730 1950
1444740 1944
1444750 1938
1444760 1938
1444770 1933
1444780 1929
1444790 1929
1444800 1924
1444810 1919
1444820 1920
1444830 1920
1444840 1919
1444850 1918
1444860 1918
1444870 1917
1444880 1917
1444890 1917
1444900 1916
1444910 1917
1444920 1917
1444930 1918
1444940 1921
1444950 1921
1444960 1923
1444970 1925
1444980 1927
1444990 1927
1445000 1927
1445010 1927
1445020 1927
1445030 1929
1445040 1929
1445050 1929
1445060 1930
1445070 1931
1445080 1931
1445090 1932
1445100 1935
1445110 1935
1445120 1937
1445130 1941
1445140 1941
1445150 1945
1445160 1948
1445170 1953
1445180 1953
1445190 1959
1445200 1964
1445210 1964
1445220 1969
1445230 1973
1445240 1973
1445250 1974
1445260 1975
1445270 1975
1445280 1976
1445290 1978
1445300 1978
1445310 1980
1445320 1983
1445330 1986
1445340 1986
1445350 1988
1445360 1990
1445370 1990
1445380 1994
1445390 1998
1445400 1998
1445410 2001
1445420 2005
1445430 2005
1445440 2010
1445450 2016
1445460 2016
1445470 2018
1445480 2020
1445490 2020
1445500 2023
1445510 2026
1445520 2027
1445530 2027
1445540 2024
1445550 2023
1445560 2023
1445570 2022
1445580 2022
1445590 2022
1445600 2020
1445610 2017
1445620 2017
1445630 2015
1445640 2014
1445650 2014
1445660 2016
1445670 2014
1445680 2013
1445690 2013
1445700 2013
1445710 2012
1445720 2012
1445730 2009
1445740 2006
1445750 2006
1445760 2003
1445770 2000
1445780 2000
1445790 2000
1445800 1999
1445810 1999
1445820 2001
1445830 2005
1445840 2005
1445850 2008
1445860 2011
1445870 2016
1445880 2016
1445890 2021
1445900 2027
1445910 2027
1445920 2034
1445930 2040
1445940 2040
1445950 2046
1445960 2052
1445970 2052
1445980 2056
1445990 2060
1446000 2060
1446010 2066
1446020 2072
1446030 2072
1446040 2078
1446050 2085
1446060 2092
1446070 2092
1446080 2098
1446090 2104
1446100 2104
1446110 2110
1446120 2118
1446130 2118
1446140 2126
1446150 2132
1446160 2132
1446170 2138
1446180 2145
1446190 2145
1446200 2149
1446210 2152
1446220 2152
1446230 2152
1446240 2152
1446250 2149
1446260 2149
1446270 2143
1446280 2138
1446290 2138
1446300 2132
1446310 2128
1446320 2128
1446330 2123
1446340 2119
1446350 2114
1446360 2109
1446370 2104
1446380 2104
1446390 2099
1446400 2094
1446410 2090
1446420 2090
1446430 2087
1446440 2082
1446450 2082
1446460 2076
1446470 2071
1446480 2071
1446490 2067
1446500 2063
1446510 2063
1446520 2058
1446530 2054
1446540 2054
1446550 2050
1446560 2047
1446570 2044
1446580 2044
1446590 2040
1446600 2036
1446610 2036
1446620 2031
1446630 2026
1446640 2026
1446650 2020
1446660 2015
1446670 2015
1446680 2010
1446690 2005
1446700 2005
1446710 2001
1446720 1995
1446730 1995
1446740 1990
1446750 1986
1446760 1981
1446770 1981
1446780 1977
1446790 1973
1446800 1973
1446810 1969
1446820 1965
1446830 1965
1446840 1961
1446850 1958
1446860 1958
1446870 1955
1446880 1952
1446890 1952
1446900 1948
1446910 1943
1446920 1938
1446930 1938
1446940 1934
1446950 1928
1446960 1928
1446970 1920
1446980 1914
1446990 1914
1447000 1909
1447010 1904
1447020 1904
1447030 1898
1447040 1892
1447050 1892
1447060 1886
1447070 1880
1447080 1880
1447090 1874
1447100 1868
1447110 1863
1447120 1863
1447130 1858
1447140 1854
1447150 1854
1447160 1849
1447170 1845
1447180 1845
1447190 1842
1447200 1837
1447210 1837
1447220 1834
1447230 1829
1447240 1829
1447250 1826
1447260 1823
1447270 1821
1447280 1821
1447290 1817
1447300 1812
1447310 1812
1447320 1807
1447330 1802
1447340 1802
1447350 1797
1447360 1791
1447370 1791
1447380 1787
1447390 1782
1447400 1782
1447410 1778
1447420 1775
1447430 1775
1447440 1772
1447450 1769
1447460 1767
1447470 1767
1447480 1763
1447490 1758
1447500 1758
1447510 1753
1447520 1747
1447530 1747
1447540 1741
1447550 1735
1447560 1735
1447570 1730
1447580 1725
1447590 1725
1447600 1721
1447610 1719
1447620 1716
1447630 1716
1447640 1713
1447650 1708
1447660 1708
1447670 1705
1447680 1700
1447690 1700
1447700 1694
1447710 1687
1447720 1687
1447730 1678
1447740 1667
1447750 1667
1447760 1661
1447770 1653
1447780 1653
1447790 1631
1447800 1620
1447810 1608
1447820 1608
1447830 1590
1447840 1582
1447850 1582
1447860 1584
1447870 1590
1447880 1590
1447890 1596
1447900 1600
1447910 1600
1447920 1600
1447930 1602
1447940 1602
1447950 1605
1447960 1609
1447970 1614
1447980 1614
1447990 1619
1448000 1623
1448010 1623
1448020 1626
1448030 1629
1448040 1629
1448050 1631
1448060 1633
1448070 1633
1448080 1633
1448090 1632
1448100 1632
1448110 1633
1448120 1635
1448130 1635
1448140 1638
1448150 1642
1448160 1646
1448170 1646
1448180 1649
1448190 1652
1448200 1652
1448210 1655
1448220 1657
1448230 1657
1448240 1660
1448250 1664
1448260 1664
1448270 1668
1448280 1671
1448290 1671
1448300 1675
1448310 1680
1448320 1683
1448330 1683
1448340 1685
1448350 1687
1448360 1687
1448370 1692
1448380 1698
1448390 1698
1448400 1702
1448410 1707
1448420 1707
1448430 1713
1448440 1720
1448450 1720
1448460 1725
1448470 1728
1448480 1728
1448490 1732
1448500 1736
1448510 1740
1448520 1740
1448530 1743
1448540 1748
1448550 1748
1448560 1752
1448570 1755
1448580 1755
1448590 1757
1448600 1759
1448610 1759
1448620 1764
1448630 1769
1448640 1769
1448650 1774
1448660 1778
1448670 1778
1448680 1782
1448690 1787
1448700 1792
1448710 1792
1448720 1796
1448730 1800
1448740 1800
1448750 1803
1448760 1805
1448770 1805
1448780 1808
1448790 1812
1448800 1812
1448810 1815
1448820 1817
1448830 1817
1448840 1820
1448850 1822
1448860 1826
1448870 1826
1448880 1829
1448890 1833
1448900 1833
1448910 1835
1448920 1839
1448930 1839
1448940 1842
1448950 1845
1448960 1845
1448970 1850
1448980 1856
1448990 1856
1449000 1860
1449010 1866
1449020 1866
1449030 1871
1449040 1876
1449050 1881
1449060 1881
1449070 1886
1449080 1889
1449090 1889
1449100 1893
1449110 1897
1449120 1897
1449130 1900
1449140 1904
1449150 1904
1449160 1909
1449170 1914
1449180 1914
1449190 1920
1449200 1925
1449210 1931
1449220 1931
1449230 1935
1449240 1939
1449250 1939
1449260 1942
1449270 1946
1449280 1946
1449290 1952
1449300 1958
1449310 1958
1449320 1963
1449330 1966
1449340 1966
1449350 1971
1449360 1976
1449370 1976
1449380 1979
1449390 1981
1449400 1984
1449410 1984
1449420 1985
1449430 1987
1449440 1987
1449450 1992
1449460 1997
1449470 1997
1449480 2001
1449490 2005
1449500 2005
1449510 2010
1449520 2014
1449530 2014
1449540 2017
1449550 2020
1449560 2023
1449570 2023
1449580 2028
1449590 2033
1449600 2033
1449610 2039
1449620 2046
1449630 2046
1449640 2052
1449650 2057
1449660 2057
1449670 2060
1449680 2062
1449690 2062
1449700 2064
1449710 2067
1449720 2067
1449730 2072
1449740 2078
1449750 2084
1449760 2084
1449770 2088
1449780 2092
1449790 2092
1449800 2095
1449810 2096
1449820 2096
1449830 2098
1449840 2102
1449850 2102
1449860 2104
1449870 2104
1449880 2104
1449890 2107
1449900 2112
1449910 2119
1449920 2119
1449930 2125
1449940 2129
1449950 2129
1449960 2135
1449970 2142
1449980 2142
1449990 2147
1450000 2151
1450010 2151
1450020 2154
1450030 2158
1450040 2158
1450050 2160
1450060 2160
1450070 2160
1450080 2163
1450090 2164
1450100 2164
1450110 2164
1450120 2167
1450130 2171
1450140 2171
1450150 2173
1450160 2174
1450170 2174
1450180 2175
1450190 2176
1450200 2176
1450210 2176
1450220 2177
1450230 2177
1450240 2182
1450250 2188
1450260 2190
1450270 2190
1450280 2193
1450290 2194
1450300 2194
1450310 2194
1450320 2196
1450330 2196
1450340 2198
1450350 2200
1450360 2200
1450370 2205
1450380 2210
1450390 2210
1450400 2214
1450410 2218
1450420 2218
1450430 2220
1450440 2222
1450450 2224
1450460 2224
1450470 2226
1450480 2228
1450490 2228
1450500 2230
1450510 2233
1450520 2233
1450530 2234
1450540 2235
1450550 2235
1450560 2236
1450570 2239
1450580 2239
1450590 2241
1450600 2243
1450610 2246
1450620 2246
1450630 2247
1450640 2248
1450650 2248
1450660 2249
1450670 2253
1450680 2253
1450690 2256
1450700 2256
1450710 2256
1450720 2254
1450730 2250
1450740 2250
1450750 2244
1450760 2237
1450770 2237
1450780 2231
1450790 2229
1450800 2229
1450810 2229
1450820 2228
1450830 2225
1450840 2225
1450850 2223
1450860 2221
1450870 2221
1450880 2221
1450890 2221
1450900 2221
1450910 2222
1450920 2223
1450930 2223
1450940 2224
1450950 2224
1450960 2224
1450970 2224
1450980 2223
1450990 2222
1451000 2222
1451010 2222
1451020 2223
1451030 2223
1451040 2222
1451050 2223
1451060 2223
1451070 2223
1451080 2224
1451090 2224
1451100 2225
1451110 2226
1451120 2226
1451130 2228
1451140 2233
1451150 2237
1451160 2237
1451170 2241
1451180 2244
1451190 2244
1451200 2248
1451210 2250
1451220 2250
1451230 2254
1451240 2258
1451250 2258
1451260 2263
1451270 2268
1451280 2268
1451290 2274
1451300 2279
1451310 2283
1451320 2283
1451330 2285
1451340 2288
1451350 2288
1451360 2291
1451370 2294
1451380 2294
1451390 2298
1451400 2301
1451410 2301
1451420 2305
1451430 2311
1451440 2311
1451450 2318
1451460 2327
1451470 2327
1451480 2334
1451490 2341
1451500 2348
1451510 2348
1451520 2354
1451530 2361
1451540 2361
1451550 2368
1451560 2375
1451570 2375
1451580 2382
1451590 2389
1451600 2389
1451610 2403
1451620 2417
1451630 2417
1451640 2425
1451650 2432
1451660 2437
1451670 2437
1451680 2442
1451690 2447
1451700 2447
1451710 2453
1451720 2458
1451730 2458
1451740 2465
1451750 2472
1451760 2472
1451770 2479
1451780 2486
1451790 2486
1451800 2491
1451810 2497
1451820 2497
1451830 2502
1451840 2510
1451850 2517
1451860 2517
1451870 2518
1451880 2515
1451890 2515
1451900 2512
1451910 2511
1451920 2511
1451930 2512
1451940 2513
1451950 2513
1451960 2513
1451970 2513
1451980 2513
1451990 2511
1452000 2510
1452010 2510
1452020 2510
1452030 2509
1452040 2508
1452050 2508
1452060 2506
1452070 2506
1452080 2506
1452090 2505
1452100 2501
1452110 2501
1452120 2497
1452130 2495
1452140 2495
1452150 2492
1452160 2492
1452170 2492
1452180 2491
1452190 2487
1452200 2483
1452210 2483
1452220 2480
1452230 2474
1452240 2474
1452250 2470
1452260 2466
1452270 2466
1452280 2464
1452290 2462
1452300 2462
1452310 2460
1452320 2461
1452330 2461
1452340 2463
1452350 2464
1452360 2464
1452370 2463
1452380 2466
1452390 2469
1452400 2469
1452410 2472
1452420 2476
1452430 2476
1452440 2479
1452450 2484
1452460 2484
1452470 2489
1452480 2495
1452490 2495
1452500 2502
1452510 2513
1452520 2513
1452530 2523
1452540 2529
1452550 2532
1452560 2532
1452570 2521
1452580 2491
1452590 2491
1452600 2468
1452610 2461
1452620 2461
1452630 2455
1452640 2453
1452650 2453
1452660 2452
1452670 2452
1452680 2452
1452690 2450
1452700 2448
1452710 2448
1452720 2445
1452730 2438
1452740 2433
1452750 2433
1452760 2428
1452770 2425
1452780 2425
1452790 2420
1452800 2417
1452810 2417
1452820 2418
1452830 2418
1452840 2418
1452850 2413
1452860 2404
1452870 2404
1452880 2396
1452890 2390
1452900 2383
1452910 2383
1452920 2373
1452930 2364
1452940 2364
1452950 2355
1452960 2344
1452970 2344
1452980 2337
1452990 2329
1453000 2329
1453010 2321
1453020 2312
1453030 2312
1453040 2305
1453050 2298
1453060 2298
1453070 2290
1453080 2279
1453090 2270
1453100 2270
1453110 2261
1453120 2252
1453130 2252
1453140 2244
1453150 2235
1453160 2235
1453170 2227
1453180 2219
1453190 2219
1453200 2212
1453210 2205
1453220 2205
1453230 2199
1453240 2191
1453250 2185
1453260 2185
1453270 2179
1453280 2174
1453290 2174
1453300 2170
1453310 2166
1453320 2166
1453330 2163
1453340 2158
1453350 2158
1453360 2150
1453370 2143
1453380 2143
1453390 2136
1453400 2129
1453410 2129
1453420 2118
1453430 2107
1453440 2095
1453450 2095
1453460 2084
1453470 2072
1453480 2072
1453490 2062
1453500 2054
1453510 2054
1453520 2046
1453530 2038
1453540 2038
1453550 2019
1453560 2009
1453570 2009
1453580 1998
1453590 1984
1453600 1974
1453610 1974
1453620 1967
1453630 1962
1453640 1962
1453650 1955
1453660 1949
1453670 1949
1453680 1943
1453690 1937
1453700 1937
1453710 1920
1453720 1905
1453730 1905
1453740 1895
1453750 1886
1453760 1886
1453770 1875
1453780 1862
1453790 1856
1453800 1856
1453810 1851
1453820 1848
1453830 1848
1453840 1845
1453850 1842
1453860 1842
1453870 1838
1453880 1835
1453890 1835
1453900 1828
1453910 1823
1453920 1823
1453930 1822
1453940 1821
1453950 1821
1453960 1821
1453970 1821
1453980 1821
1453990 1821
1454000 1819
1454010 1816
1454020 1816
1454030 1815
1454040 1807
1454050 1807
1454060 1793
1454070 1782
1454080 1782
1454090 1779
1454100 1775
1454110 1775
1454120 1779
1454130 1782
1454140 1785
1454150 1785
1454160 1787
1454170 1790
1454180 1790
1454190 1793
1454200 1795
1454210 1795
1454220 1798
1454230 1802
1454240 1802
1454250 1807
1454260 1812
1454270 1812
1454280 1817
1454290 1823
1454300 1829
1454310 1829
1454320 1837
1454330 1844
1454340 1844
1454350 1850
1454360 1855
1454370 1855
1454380 1861
1454390 1866
1454400 1866
1454410 1870
1454420 1873
1454430 1873
1454440 1876
1454450 1877
1454460 1877
1454470 1877
1454480 1876
1454490 1877
1454500 1877
1454510 1878
1454520 1880
1454530 1880
1454540 1880
1454550 1880
1454560 1880
1454570 1881
1454580 1882
1454590 1882
1454600 1887
1454610 1890
1454620 1890
1454630 1893
1454640 1896
1454650 1900
1454660 1900
1454670 1903
1454680 1906
1454690 1906
1454700 1909
1454710 1910
1454720 1910
1454730 1911
1454740 1910
1454750 1910
1454760 1909
1454770 1909
1454780 1909
1454790 1908
1454800 1908
1454810 1908
1454820 1907
1454830 1907
1454840 1906
1454850 1906
1454860 1905
1454870 1906
1454880 1906
1454890 1909
1454900 1909
1454910 1909
1454920 1909
1454930 1909
1454940 1909
1454950 1908
1454960 1907
1454970 1907
1454980 1906
1454990 1905
1455000 1902
1455010 1902
1455020 1899
1455030 1895
1455040 1895
1455050 1894
1455060 1895
1455070 1895
1455080 1896
1455090 1895
1455100 1895
1455110 1895
1455120 1895
1455130 1895
1455140 1895
1455150 1894
1455160 1894
1455170 1893
1455180 1894
1455190 1895
1455200 1895
1455210 1897
1455220 1898
1455230 1898
1455240 1899
1455250 1900
1455260 1900
1455270 1901
1455280 1902
1455290 1902
1455300 1901
1455310 1901
1455320 1901
1455330 1900
1455340 1900
1455350 1900
1455360 1899
1455370 1897
1455380 1895
1455390 1895
1455400 1894
1455410 1894
1455420 1894
1455430 1894
1455440 1893
1455450 1893
1455460 1892
1455470 1891
1455480 1891
1455490 1889
1455500 1888
1455510 1888
1455520 1885
1455530 1881
1455540 1877
1455550 1877
1455560 1873
1455570 1870
1455580 1870
1455590 1869
1455600 1866
1455610 1866
1455620 1863
1455630 1858
1455640 1858
1455650 1854
1455660 1850
1455670 1850
1455680 1846
1455690 1842
1455700 1842
1455710 1842
1455720 1844
1455730 1843
1455740 1843
1455750 1839
1455760 1834
1455770 1834
1455780 1830
1455790 1834
1455800 1834
1455810 1840
1455820 1844
1455830 1844
1455840 1846
1455850 1847
1455860 1847
1455870 1847
1455880 1847
1455890 1850
1455900 1850
1455910 1854
1455920 1857
1455930 1857
1455940 1858
1455950 1859
1455960 1859
1455970 1858
1455980 1858
1455990 1858
1456000 1858
1456010 1858
1456020 1858
1456030 1857
1456040 1856
1456050 1856
1456060 1849
1456070 1842
1456080 1835
1456090 1835
1456100 1831
1456110 1827
1456120 1827
1456130 1820
1456140 1815
1456150 1815
1456160 1811
1456170 1806
1456180 1806
1456190 1803
1456200 1800
1456210 1800
1456220 1796
1456230 1791
1456240 1786
1456250 1786
1456260 1781
1456270 1777
1456280 1777
1456290 1773
1456300 1771
1456310 1771
1456320 1769
1456330 1767
1456340 1767
1456350 1765
1456360 1762
1456370 1762
1456380 1761
1456390 1760
1456400 1760
1456410 1760
1456420 1765
1456430 1770
1456440 1770
1456450 1775
1456460 1780
1456470 1780
1456480 1785
1456490 1790
1456500 1790
1456510 1795
1456520 1799
1456530 1799
1456540 1803
1456550 1806
1456560 1806
1456570 1809
1456580 1811
1456590 1814
1456600 1814
1456610 1818
1456620 1821
1456630 1821
1456640 1825
1456650 1829
1456660 1829
1456670 1833
1456680 1838
1456690 1838
1456700 1841
1456710 1845
1456720 1845
1456730 1849
1456740 1855
1456750 1855
1456760 1863
1456770 1870
1456780 1875
1456790 1875
1456800 1880
1456810 1885
1456820 1885
1456830 1890
1456840 1896
1456850 1896
1456860 1901
1456870 1907
1456880 1907
1456890 1914
1456900 1918
1456910 1918
1456920 1919
1456930 1916
1456940 1912
1456950 1912
1456960 1908
1456970 1901
1456980 1901
1456990 1893
1457000 1886
1457010 1886
1457020 1877
1457030 1869
1457040 1869
1457050 1862
1457060 1856
1457070 1856
1457080 1849
1457090 1844
1457100 1844
1457110 1841
1457120 1839
1457130 1835
1457140 1835
1457150 1830
1457160 1823
1457170 1823
1457180 1815
1457190 1807
1457200 1807
1457210 1806
1457220 1809
1457230 1809
1457240 1809
1457250 1807
1457260 1807
1457270 1803
1457280 1802
1457290 1801
1457300 1801
1457310 1801
1457320 1802
1457330 1802
1457340 1803
1457350 1803
1457360 1803
1457370 1805
1457380 1809
1457390 1809
1457400 1810
1457410 1805
1457420 1805
1457430 1805
1457440 1805
1457450 1805
1457460 1804
1457470 1805
1457480 1805
1457490 1805
1457500 1806
1457510 1806
1457520 1806
1457530 1807
1457540 1807
1457550 1807
1457560 1807
1457570 1811
1457580 1811
1457590 1812
1457600 1811
1457610 1811
1457620 1811
1457630 1813
1457640 1818
1457650 1818
1457660 1824
1457670 1825
1457680 1825
1457690 1825
1457700 1820
1457710 1820
1457720 1817
1457730 1816
1457740 1816
1457750 1813
1457760 1815
1457770 1815
1457780 1818
1457790 1817
1457800 1817
1457810 1816
1457820 1814
1457830 1807
1457840 1807
1457850 1800
1457860 1801
1457870 1801
1457880 1799
1457890 1796
1457900 1796
1457910 1795
1457920 1793
1457930 1793
1457940 1785
1457950 1787
1457960 1787
1457970 1794
1457980 1800
1457990 1805
1458000 1805
1458010 1803
1458020 1795
1458030 1795
1458040 1788
1458050 1777
1458060 1777
1458070 1776
1458080 1776
1458090 1776
1458100 1765
1458110 1767
1458120 1767
1458130 1777
1458140 1774
1458150 1774
1458160 1770
1458170 1768
1458180 1766
1458190 1766
1458200 1765
1458210 1767
1458220 1767
1458230 1770
1458240 1773
1458250 1773
1458260 1773
1458270 1772
1458280 1772
1458290 1769
1458300 1766
1458310 1766
1458320 1765
1458330 1765
1458340 1765
1458350 1768
1458360 1771
1458370 1773
1458380 1773
1458390 1772
1458400 1770
1458410 1770
1458420 1767
1458430 1764
1458440 1764
1458450 1761
1458460 1757
1458470 1757
1458480 1754
1458490 1751
1458500 1751
1458510 1747
1458520 1744
1458530 1742
1458540 1742
1458550 1740
1458560 1737
1458570 1737
1458580 1735
1458590 1733
1458600 1733
1458610 1730
1458620 1727
1458630 1727
1458640 1723
1458650 1720
1458660 1720
1458670 1717
1458680 1714
1458690 1714
1458700 1711
1458710 1703
1458720 1702
1458730 1702
1458740 1695
1458750 1692
1458760 1692
1458770 1687
1458780 1683
1458790 1683
1458800 1681
1458810 1678
1458820 1678
1458830 1675
1458840 1673
1458850 1673
1458860 1672
1458870 1671
1458880 1670
1458890 1670
1458900 1669
1458910 1666
1458920 1666
1458930 1664
1458940 1662
1458950 1662
1458960 1659
1458970 1658
1458980 1658
1458990 1657
1459000 1657
1459010 1657
1459020 1655
1459030 1654
1459040 1654
1459050 1654
1459060 1655
1459070 1655
1459080 1655
1459090 1655
1459100 1653
1459110 1653
1459120 1650
1459130 1648
1459140 1648
1459150 1644
1459160 1642
1459170 1642
1459180 1640
1459190 1638
1459200 1638
1459210 1635
1459220 1633
1459230 1631
1459240 1631
1459250 1628
1459260 1626
1459270 1626
1459280 1624
1459290 1622
1459300 1622
1459310 1621
1459320 1619
1459330 1619
1459340 1618
1459350 1618
1459360 1618
1459370 1618
1459380 1618
1459390 1618
1459400 1618
1459410 1618
1459420 1616
1459430 1616
1459440 1615
1459450 1615
1459460 1615
1459470 1615
1459480 1615
1459490 1615
1459500 1616
1459510 1618
1459520 1618
1459530 1619
1459540 1620
1459550 1620
1459560 1620
1459570 1621
1459580 1622
1459590 1622
1459600 1623
1459610 1625
1459620 1625
1459630 1626
1459640 1629
1459650 1629
1459660 1633
1459670 1636
1459680 1636
1459690 1640
1459700 1644
1459710 1644
1459720 1648
1459730 1652
1459740 1652
1459750 1656
1459760 1661
1459770 1666
1459780 1666
1459790 1668
1459800 1671
1459810 1671
1459820 1676
1459830 1681
1459840 1681
1459850 1686
1459860 1690
1459870 1690
1459880 1697
1459890 1703
1459900 1703
1459910 1712
1459920 1717
1459930 1722
1459940 1722
1459950 1727
1459960 1733
1459970 1733
1459980 1737
1459990 1742
