1440000 1674
1440010 1678
1440020 1678
1440030 1681
1440040 1685
1440050 1685
1440060 1689
1440070 1694
1440080 1694
1440090 1697
1440100 1700
1440110 1700
1440120 1703
1440130 1706
1440140 1708
1440150 1708
1440160 1710
1440170 1711
1440180 1711
1440190 1712
1440200 1713
1440210 1713
1440220 1714
1440230 1713
1440240 1713
1440250 1711
1440260 1711
1440270 1711
1440280 1711
1440290 1711
1440300 1714
1440310 1714
1440320 1717
1440330 1721
1440340 1721
1440350 1725
1440360 1731
1440370 1731
1440380 1737
1440390 1740
1440400 1740
1440410 1743
1440420 1746
1440430 1746
1440440 1750
1440450 1753
1440460 1744
1440470 1747
1440480 1751
1440490 1756
1440500 1756
1440510 1761
1440520 1766
1440530 1766
1440540 1772
1440550 1779
1440560 1779
1440570 1786
1440580 1792
1440590 1792
1440600 1798
1440610 1803
1440620 1803
1440630 1807
1440640 1809
1440650 1811
1440660 1811
1440670 1813
1440680 1813
1440690 1813
1440700 1815
1440710 1816
1440720 1816
1440730 1816
1440740 1816
1440750 1816
1440760 1816
1440770 1815
1440780 1815
1440790 1814
1440800 1811
1440810 1811
1440820 1809
1440830 1804
1440840 1800
1440850 1800
1440860 1795
1440870 1789
1440880 1789
1440890 1784
1440900 1778
1440910 1778
1440920 1772
1440930 1765
1440940 1765
1440950 1758
1440960 1750
1440970 1750
1440980 1747
1440990 1749
1441000 1749
1441010 1749
1441020 1748
1441030 1753
1441040 1753
1441050 1759
1441060 1764
1441070 1764
1441080 1767
1441090 1769
1441100 1769
1441110 1773
1441120 1776
1441130 1776
1441140 1778
1441150 1778
1441160 1778
1441170 1778
1441180 1778
1441190 1777
1441200 1777
1441210 1776
1441220 1772
1441230 1772
1441240 1768
1441250 1766
1441260 1766
1441270 1761
1441280 1755
1441290 1755
1441300 1752
1441310 1744
1441320 1744
1441330 1733
1441340 1723
1441350 1721
1441360 1721
1441370 1726
1441380 1729
1441390 1729
1441400 1736
1441410 1743
1441420 1743
1441430 1744
1441440 1744
1441450 1744
1441460 1745
1441470 1745
1441480 1745
1441490 1743
1441500 1737
1441510 1737
1441520 1730
1441530 1722
1441540 1717
1441550 1717
1441560 1718
1441570 1719
1441580 1719
1441590 1722
1441600 1729
1441610 1729
1441620 1740
1441630 1749
1441640 1749
1441650 1754
1441660 1759
1441670 1759
1441680 1765
1441690 1770
1441700 1775
1441710 1775
1441720 1779
1441730 1783
1441740 1783
1441750 1787
1441760 1792
1441770 1792
1441780 1795
1441790 1798
1441800 1798
1441810 1801
1441820 1805
1441830 1805
1441840 1808
1441850 1809
1441860 1809
1441870 1811
1441880 1815
1441890 1817
1441900 1817
1441910 1818
1441920 1816
1441930 1816
1441940 1812
1441950 1810
1441960 1810
1441970 1813
1441980 1811
1441990 1811
1442000 1810
1442010 1816
1442020 1816
1442030 1821
1442040 1823
1442050 1825
1442060 1825
1442070 1828
1442080 1832
1442090 1832
1442100 1837
1442110 1844
1442120 1844
1442130 1850
1442140 1856
1442150 1856
1442160 1862
1442170 1867
1442180 1867
1442190 1873
1442200 1880
1442210 1880
1442220 1886
1442230 1892
1442240 1899
1442250 1899
1442260 1905
1442270 1911
1442280 1911
1442290 1917
1442300 1924
1442310 1924
1442320 1931
1442330 1937
1442340 1937
1442350 1944
1442360 1952
1442370 1952
1442380 1959
1442390 1968
1442400 1975
1442410 1975
1442420 1981
1442430 1987
1442440 1987
1442450 1993
1442460 1999
1442470 1999
1442480 2006
1442490 2013
1442500 2013
1442510 2020
1442520 2028
1442530 2028
1442540 2036
1442550 2044
1442560 2044
1442570 2053
1442580 2061
1442590 2069
1442600 2069
1442610 2075
1442620 2079
1442630 2079
1442640 2082
1442650 2086
1442660 2086
1442670 2091
1442680 2097
1442690 2097
1442700 2103
1442710 2109
1442720 2109
1442730 2116
1442740 2122
1442750 2128
1442760 2128
1442770 2132
1442780 2136
1442790 2136
1442800 2140
1442810 2145
1442820 2145
1442830 2150
1442840 2154
1442850 2154
1442860 2157
1442870 2160
1442880 2160
1442890 2165
1442900 2168
1442910 2168
1442920 2170
1442930 2173
1442940 2178
1442950 2178
1442960 2184
1442970 2189
1442980 2189
1442990 2194
1443000 2199
1443010 2199
1443020 2203
1443030 2208
1443040 2208
1443050 2214
1443060 2222
1443070 2222
1443080 2229
1443090 2236
1443100 2243
1443110 2243
1443120 2251
1443130 2259
1443140 2259
1443150 2266
1443160 2273
1443170 2273
1443180 2280
1443190 2287
1443200 2287
1443210 2296
1443220 2306
1443230 2306
1443240 2315
1443250 2322
1443260 2322
1443270 2326
1443280 2329
1443290 2330
1443300 2330
1443310 2327
1443320 2323
1443330 2323
1443340 2318
1443350 2313
1443360 2313
1443370 2308
1443380 2304
1443390 2304
1443400 2301
1443410 2299
1443420 2299
1443430 2296
1443440 2292
1443450 2292
1443460 2290
1443470 2288
1443480 2285
1443490 2285
1443500 2281
1443510 2277
1443520 2277
1443530 2275
1443540 2271
1443550 2271
1443560 2265
1443570 2259
1443580 2259
1443590 2254
1443600 2250
1443610 2250
1443620 2247
1443630 2246
1443640 2241
1443650 2241
1443660 2230
1443670 2223
1443680 2223
1443690 2214
1443700 2206
1443710 2206
1443720 2197
1443730 2190
1443740 2190
1443750 2183
1443760 2179
1443770 2179
1443780 2174
1443790 2168
1443800 2168
1443810 2162
1443820 2156
1443830 2150
1443840 2150
1443850 2144
1443860 2139
1443870 2139
1443880 2135
1443890 2132
1443900 2132
1443910 2128
1443920 2124
1443930 2124
1443940 2121
1443950 2118
1443960 2118
1443970 2115
1443980 2111
1443990 2109
1444000 2109
1444010 2107
1444020 2104
1444030 2104
1444040 2101
1444050 2097
1444060 2097
1444070 2095
1444080 2093
1444090 2093
1444100 2093
1444110 2093
1444120 2093
1444130 2094
1444140 2097
1444150 2097
1444160 2098
1444170 2099
1444180 2098
1444190 2098
1444200 2097
1444210 2095
1444220 2095
1444230 2092
1444240 2088
1444250 2088
1444260 2084
1444270 2080
1444280 2080
1444290 2078
1444300 2076
1444310 2076
1444320 2074
1444330 2073
1444340 2072
1444350 2072
1444360 2071
1444370 2070
1444380 2070
1444390 2068
1444400 2063
1444410 2063
1444420 2058
1444430 2051
1444440 2051
1444450 2042
1444460 2033
1444470 2033
1444480 2024
1444490 2014
1444500 2014
1444510 2007
1444520 2002
1444530 1998
1444540 1998
1444550 1992
1444560 1984
1444570 1984
1444580 1977
1444590 1970
1444600 1970
1444610 1965
1444620 1959
1444630 1959
1444640 1953
1444650 1947
1444660 1947
1444670 1941
1444680 1936
1444690 1930
1444700 1930
1444710 1924
1444720 1918
1444730 1918
1444740 1912
1444750 1906
1444760 1906
1444770 1901
1444780 1895
1444790 1895
1444800 1890
1444810 1883
1444820 1883
1444830 1874
1444840 1868
1444850 1868
1444860 1864
1444870 1859
1444880 1855
1444890 1855
1444900 1850
1444910 1847
1444920 1847
1444930 1842
1444940 1838
1444950 1838
1444960 1834
1444970 1830
1444980 1830
1444990 1826
1445000 1822
1445010 1822
1445020 1816
1445030 1813
1445040 1815
1445050 1815
1445060 1817
1445070 1817
1445080 1817
1445090 1817
1445100 1819
1445110 1819
1445120 1819
1445130 1818
1445140 1818
1445150 1817
1445160 1821
1445170 1821
1445180 1824
1445190 1824
1445200 1824
1445210 1823
1445220 1823
1445230 1821
1445240 1821
1445250 1823
1445260 1827
1445270 1827
1445280 1832
1445290 1837
1445300 1837
1445310 1842
1445320 1847
1445330 1847
1445340 1853
1445350 1860
1445360 1860
1445370 1866
1445380 1870
1445390 1873
1445400 1873
1445410 1875
1445420 1878
1445430 1878
1445440 1881
1445450 1877
1445460 1877
1445470 1870
1445480 1865
1445490 1865
1445500 1860
1445510 1859
1445520 1859
1445530 1858
1445540 1860
1445550 1860
1445560 1865
1445570 1869
1445580 1872
1445590 1872
1445600 1875
1445610 1878
1445620 1878
1445630 1879
1445640 1882
1445650 1882
1445660 1885
1445670 1890
1445680 1890
1445690 1895
1445700 1899
1445710 1899
1445720 1904
1445730 1908
1445740 1913
1445750 1913
1445760 1918
1445770 1924
1445780 1924
1445790 1929
1445800 1933
1445810 1933
1445820 1936
1445830 1939
1445840 1939
1445850 1942
1445860 1947
1445870 1947
1445880 1952
1445890 1959
1445900 1959
1445910 1965
1445920 1973
1445930 1980
1445940 1980
1445950 1988
1445960 1996
1445970 1996
1445980 2004
1445990 2011
1446000 2011
1446010 2018
1446020 2024
1446030 2024
1446040 2031
1446050 2037
1446060 2037
1446070 2043
1446080 2050
1446090 2057
1446100 2057
1446110 2064
1446120 2071
1446130 2071
1446140 2077
1446150 2082
1446160 2082
1446170 2085
1446180 2086
1446190 2086
1446200 2086
1446210 2083
1446220 2083
1446230 2079
1446240 2073
1446250 2073
1446260 2069
1446270 2065
1446280 2060
1446290 2060
1446300 2053
1446310 2048
1446320 2048
1446330 2042
1446340 2036
1446350 2036
1446360 2031
1446370 2025
1446380 2025
1446390 2019
1446400 2014
1446410 2014
1446420 2008
1446430 2005
1446440 2003
1446450 2003
1446460 2001
1446470 1999
1446480 1999
1446490 1997
1446500 1994
1446510 1994
1446520 1993
1446530 1992
1446540 1992
1446550 1989
1446560 1987
1446570 1987
1446580 1984
1446590 1981
1446600 1980
1446610 1975
1446620 1969
1446630 1965
1446640 1965
1446650 1958
1446660 1952
1446670 1952
1446680 1946
1446690 1943
1446700 1943
1446710 1940
1446720 1935
1446730 1935
1446740 1930
1446750 1925
1446760 1925
1446770 1921
1446780 1918
1446790 1918
1446800 1916
1446810 1913
1446820 1909
1446830 1909
1446840 1904
1446850 1900
1446860 1900
1446870 1896
1446880 1891
1446890 1891
1446900 1887
1446910 1882
1446920 1882
1446930 1876
1446940 1871
1446950 1871
1446960 1865
1446970 1858
1446980 1850
1446990 1850
1447000 1843
1447010 1836
1447020 1836
1447030 1830
1447040 1826
1447050 1826
1447060 1821
1447070 1815
1447080 1815
1447090 1807
1447100 1803
1447110 1803
1447120 1799
1447130 1795
1447140 1795
1447150 1792
1447160 1790
1447170 1788
1447180 1788
1447190 1786
1447200 1783
1447210 1783
1447220 1781
1447230 1776
1447240 1776
1447250 1770
1447260 1766
1447270 1766
1447280 1763
1447290 1761
1447300 1761
1447310 1758
1447320 1753
1447330 1747
1447340 1747
1447350 1738
1447360 1731
1447370 1731
1447380 1726
1447390 1721
1447400 1721
1447410 1718
1447420 1714
1447430 1714
1447440 1711
1447450 1704
1447460 1704
1447470 1696
1447480 1689
1447490 1689
1447500 1683
1447510 1675
1447520 1662
1447530 1662
1447540 1646
1447550 1634
1447560 1634
1447570 1626
1447580 1623
1447590 1623
1447600 1621
1447610 1618
1447620 1618
1447630 1614
1447640 1612
1447650 1612
1447660 1608
1447670 1603
1447680 1597
1447690 1597
1447700 1591
1447710 1586
1447720 1586
1447730 1580
1447740 1575
1447750 1575
1447760 1573
1447770 1568
1447780 1568
1447790 1562
1447800 1554
1447810 1554
1447820 1546
1447830 1538
1447840 1538
1447850 1533
1447860 1535
1447870 1537
1447880 1537
1447890 1540
1447900 1545
1447910 1545
1447920 1550
1447930 1553
1447940 1553
1447950 1556
1447960 1560
1447970 1560
1447980 1564
1447990 1569
1448000 1569
1448010 1573
1448020 1577
1448030 1581
1448040 1581
1448050 1585
1448060 1590
1448070 1590
1448080 1595
1448090 1598
1448100 1598
1448110 1602
1448120 1607
1448130 1607
1448140 1612
1448150 1616
1448160 1616
1448170 1621
1448180 1626
1448190 1626
1448200 1629
1448210 1633
1448220 1636
1448230 1636
1448240 1639
1448250 1644
1448260 1644
1448270 1647
1448280 1650
1448290 1650
1448300 1655
1448310 1660
1448320 1660
1448330 1663
1448340 1666
1448350 1666
1448360 1669
1448370 1674
1448380 1679
1448390 1679
1448400 1685
1448410 1690
1448420 1690
1448430 1696
1448440 1701
1448450 1701
1448460 1706
1448470 1712
1448480 1712
1448490 1717
1448500 1721
1448510 1721
1448520 1725
1448530 1728
1448540 1728
1448550 1731
1448560 1733
1448570 1736
1448580 1736
1448590 1737
1448600 1739
1448610 1739
1448620 1740
1448630 1743
1448640 1743
1448650 1747
1448660 1752
1448670 1752
1448680 1758
1448690 1763
1448700 1763
1448710 1769
1448720 1774
1448730 1778
1448740 1778
1448750 1783
1448760 1786
1448770 1786
1448780 1789
1448790 1793
1448800 1793
1448810 1797
1448820 1800
1448830 1800
1448840 1803
1448850 1805
1448860 1805
1448870 1809
1448880 1812
1448890 1812
1448900 1816
1448910 1819
1448920 1823
1448930 1823
1448940 1828
1448950 1833
1448960 1833
1448970 1837
1448980 1840
1448990 1840
1449000 1845
1449010 1851
1449020 1851
1449030 1857
1449040 1862
1449050 1862
1449060 1867
1449070 1872
1449080 1877
1449090 1877
1449100 1881
1449110 1887
1449120 1887
1449130 1892
1449140 1897
1449150 1897
1449160 1902
1449170 1907
1449180 1907
1449190 1912
1449200 1918
1449210 1918
1449220 1922
1449230 1925
1449240 1925
1449250 1929
1449260 1932
1449270 1937
1449280 1937
1449290 1942
1449300 1947
1449310 1947
1449320 1952
1449330 1957
1449340 1957
1449350 1963
1449360 1968
1449370 1968
1449380 1971
1449390 1973
1449400 1973
1449410 1976
1449420 1980
1449430 1983
1449440 1983
1449450 1986
1449460 1988
1449470 1988
1449480 1992
1449490 1995
1449500 1995
1449510 1998
1449520 2000
1449530 2000
1449540 2003
1449550 2004
1449560 2004
1449570 2006
1449580 2009
1449590 2009
1449600 2012
1449610 2015
1449620 2020
1449630 2020
1449640 2026
1449650 2030
1449660 2030
1449670 2035
1449680 2039
1449690 2039
1449700 2043
1449710 2046
1449720 2046
1449730 2048
1449740 2048
1449750 2048
1449760 2049
1449770 2049
1449780 2051
1449790 2051
1449800 2053
1449810 2059
1449820 2059
1449830 2065
1449840 2069
1449850 2069
1449860 2071
1449870 2072
1449880 2072
1449890 2072
1449900 2073
1449910 2073
1449920 2074
1449930 2076
1449940 2076
1449950 2077
1449960 2079
1449970 2080
1449980 2080
1449990 2081
1450000 2082
1450010 2082
1450020 2082
1450030 2082
1450040 2082
1450050 2082
1450060 2083
1450070 2083
1450080 2084
1450090 2081
1450100 2081
1450110 2083
1450120 2084
1450130 2086
1450140 2086
1450150 2087
1450160 2088
1450170 2088
1450180 2089
1450190 2088
1450200 2088
1450210 2087
1450220 2084
1450230 2084
1450240 2083
1450250 2082
1450260 2082
1450270 2081
1450280 2081
1450290 2081
1450300 2081
1450310 2081
1450320 2080
1450330 2080
1450340 2082
1450350 2085
1450360 2085
1450370 2090
1450380 2094
1450390 2094
1450400 2097
1450410 2101
1450420 2101
1450430 2103
1450440 2102
1450450 2102
1450460 2100
1450470 2099
1450480 2098
1450490 2098
1450500 2100
1450510 2102
1450520 2102
1450530 2104
1450540 2107
1450550 2107
1450560 2110
1450570 2115
1450580 2115
1450590 2121
1450600 2125
1450610 2125
1450620 2129
1450630 2133
1450640 2133
1450650 2136
1450660 2137
1450670 2139
1450680 2139
1450690 2143
1450700 2147
1450710 2147
1450720 2151
1450730 2154
1450740 2154
1450750 2158
1450760 2162
1450770 2162
1450780 2166
1450790 2169
1450800 2169
1450810 2173
1450820 2177
1450830 2179
1450840 2179
1450850 2183
1450860 2185
1450870 2185
1450880 2186
1450890 2187
1450900 2187
1450910 2188
1450920 2189
1450930 2189
1450940 2192
1450950 2194
1450960 2194
1450970 2196
1450980 2198
1450990 2198
1451000 2199
1451010 2199
1451020 2200
1451030 2200
1451040 2205
1451050 2211
1451060 2211
1451070 2219
1451080 2227
1451090 2227
1451100 2235
1451110 2244
1451120 2244
1451130 2254
1451140 2261
1451150 2261
1451160 2266
1451170 2272
1451180 2272
1451190 2278
1451200 2283
1451210 2290
1451220 2290
1451230 2295
1451240 2300
1451250 2300
1451260 2305
1451270 2310
1451280 2310
1451290 2316
1451300 2321
1451310 2321
1451320 2326
1451330 2330
1451340 2330
1451350 2334
1451360 2339
1451370 2345
1451380 2345
1451390 2349
1451400 2352
1451410 2352
1451420 2357
1451430 2364
1451440 2364
1451450 2370
1451460 2376
1451470 2376
1451480 2381
1451490 2387
1451500 2387
1451510 2392
1451520 2397
1451530 2397
1451540 2403
1451550 2409
1451560 2415
1451570 2415
1451580 2424
1451590 2434
1451600 2434
1451610 2443
1451620 2450
1451630 2450
1451640 2459
1451650 2468
1451660 2468
1451670 2476
1451680 2484
1451690 2484
1451700 2491
1451710 2499
1451720 2506
1451730 2506
1451740 2516
1451750 2523
1451760 2523
1451770 2530
1451780 2538
1451790 2538
1451800 2544
1451810 2551
1451820 2551
1451830 2558
1451840 2564
1451850 2564
1451860 2570
1451870 2575
1451880 2575
1451890 2581
1451900 2586
1451910 2592
1451920 2592
1451930 2598
1451940 2604
1451950 2604
1451960 2611
1451970 2617
1451980 2617
1451990 2624
1452000 2631
1452010 2631
1452020 2637
1452030 2643
1452040 2643
1452050 2648
1452060 2649
1452070 2647
1452080 2647
1452090 2642
1452100 2634
1452110 2634
1452120 2629
1452130 2625
1452140 2625
1452150 2620
1452160 2618
1452170 2618
1452180 2615
1452190 2614
1452200 2614
1452210 2611
1452220 2610
1452230 2610
1452240 2609
1452250 2609
1452260 2610
1452270 2610
1452280 2612
1452290 2613
1452300 2613
1452310 2614
1452320 2616
1452330 2616
1452340 2618
1452350 2619
1452360 2619
1452370 2616
1452380 2611
1452390 2611
1452400 2606
1452410 2599
1452420 2592
1452430 2592
1452440 2587
1452450 2581
1452460 2581
1452470 2569
1452480 2555
1452490 2555
1452500 2544
1452510 2532
1452520 2532
1452530 2520
1452540 2507
1452550 2507
1452560 2497
1452570 2486
1452580 2486
1452590 2479
1452600 2472
1452610 2465
1452620 2465
1452630 2458
1452640 2451
1452650 2451
1452660 2443
1452670 2434
1452680 2434
1452690 2427
1452700 2420
1452710 2420
1452720 2412
1452730 2404
1452740 2404
1452750 2397
1452760 2391
1452770 2384
1452780 2384
1452790 2377
1452800 2370
1452810 2370
1452820 2364
1452830 2358
1452840 2358
1452850 2352
1452860 2347
1452870 2347
1452880 2342
1452890 2336
1452900 2336
1452910 2333
1452920 2332
1452930 2332
1452940 2334
1452950 2338
1452960 2340
1452970 2340
1452980 2336
1452990 2337
1453000 2337
1453010 2341
1453020 2342
1453030 2342
1453040 2334
1453050 2325
1453060 2325
1453070 2323
1453080 2322
1453090 2322
1453100 2315
1453110 2298
1453120 2283
1453130 2283
1453140 2270
1453150 2257
1453160 2257
1453170 2249
1453180 2243
1453190 2243
1453200 2234
1453210 2225
1453220 2225
1453230 2218
1453240 2208
1453250 2208
1453260 2199
1453270 2191
1453280 2191
1453290 2180
1453300 2171
1453310 2164
1453320 2164
1453330 2155
1453340 2147
1453350 2147
1453360 2142
1453370 2137
1453380 2137
1453390 2129
1453400 2120
1453410 2120
1453420 2111
1453430 2102
1453440 2102
1453450 2088
1453460 2078
1453470 2070
1453480 2070
1453490 2065
1453500 2057
1453510 2057
1453520 2046
1453530 2034
1453540 2034
1453550 2016
1453560 2006
1453570 2006
1453580 1999
1453590 1990
1453600 1990
1453610 1984
1453620 1971
1453630 1971
1453640 1960
1453650 1958
1453660 1952
1453670 1952
1453680 1948
1453690 1945
1453700 1945
1453710 1943
1453720 1940
1453730 1940
1453740 1937
1453750 1928
1453760 1928
1453770 1908
1453780 1889
1453790 1889
1453800 1877
1453810 1865
1453820 1856
1453830 1856
1453840 1847
1453850 1836
1453860 1836
1453870 1828
1453880 1823
1453890 1823
1453900 1817
1453910 1810
1453920 1810
1453930 1802
1453940 1793
1453950 1793
1453960 1784
1453970 1773
1453980 1773
1453990 1770
1454000 1766
1454010 1762
1454020 1762
1454030 1757
1454040 1753
1454050 1753
1454060 1748
1454070 1744
1454080 1744
1454090 1740
1454100 1736
1454110 1736
1454120 1732
1454130 1729
1454140 1729
1454150 1725
1454160 1723
1454170 1721
1454180 1721
1454190 1720
1454200 1719
1454210 1719
1454220 1719
1454230 1717
1454240 1717
1454250 1716
1454260 1716
1454270 1716
1454280 1717
1454290 1718
1454300 1718
1454310 1717
1454320 1718
1454330 1718
1454340 1718
1454350 1717
1454360 1717
1454370 1717
1454380 1716
1454390 1716
1454400 1716
1454410 1716
1454420 1716
1454430 1716
1454440 1715
1454450 1717
1454460 1717
1454470 1719
1454480 1720
1454490 1720
1454500 1721
1454510 1722
1454520 1724
1454530 1724
1454540 1731
1454550 1734
1454560 1734
1454570 1737
1454580 1742
1454590 1742
1454600 1745
1454610 1747
1454620 1747
1454630 1749
1454640 1747
1454650 1747
1454660 1748
1454670 1753
1454680 1753
1454690 1755
1454700 1758
1454710 1759
1454720 1759
1454730 1758
1454740 1759
1454750 1759
1454760 1760
1454770 1762
1454780 1762
1454790 1763
1454800 1763
1454810 1763
1454820 1765
1454830 1765
1454840 1765
1454850 1765
1454860 1766
1454870 1766
1454880 1766
1454890 1766
1454900 1768
1454910 1768
1454920 1765
1454930 1761
1454940 1761
1454950 1760
1454960 1766
1454970 1766
1454980 1773
1454990 1780
1455000 1780
1455010 1784
1455020 1785
1455030 1785
1455040 1787
1455050 1788
1455060 1789
1455070 1789
1455080 1789
1455090 1789
1455100 1789
1455110 1789
1455120 1792
1455130 1792
1455140 1794
1455150 1794
1455160 1794
1455170 1795
1455180 1797
1455190 1797
1455200 1800
1455210 1801
1455220 1802
1455230 1802
1455240 1802
1455250 1801
1455260 1801
1455270 1802
1455280 1800
1455290 1800
1455300 1799
1455310 1798
1455320 1798
1455330 1798
1455340 1797
1455350 1797
1455360 1796
1455370 1794
1455380 1794
1455390 1791
1455400 1789
1455410 1787
1455420 1787
1455430 1787
1455440 1786
1455450 1786
1455460 1785
1455470 1785
1455480 1785
1455490 1784
1455500 1782
1455510 1782
1455520 1780
1455530 1778
1455540 1778
1455550 1775
1455560 1773
1455570 1770
1455580 1770
1455590 1769
1455600 1767
1455610 1767
1455620 1765
1455630 1762
1455640 1762
1455650 1759
1455660 1757
1455670 1757
1455680 1755
1455690 1750
1455700 1750
1455710 1742
1455720 1736
1455730 1736
1455740 1732
1455750 1726
1455760 1721
1455770 1721
1455780 1719
1455790 1715
1455800 1715
1455810 1708
1455820 1702
1455830 1702
1455840 1706
1455850 1714
1455860 1714
1455870 1718
1455880 1720
1455890 1720
1455900 1722
1455910 1724
1455920 1724
1455930 1725
1455940 1721
1455950 1716
1455960 1716
1455970 1716
1455980 1713
1455990 1713
1456000 1710
1456010 1709
1456020 1709
1456030 1706
1456040 1704
1456050 1704
1456060 1707
1456070 1708
1456080 1708
1456090 1709
1456100 1709
1456110 1705
1456120 1705
1456130 1703
1456140 1704
1456150 1704
1456160 1706
1456170 1706
1456180 1706
1456190 1706
1456200 1705
1456210 1705
1456220 1701
1456230 1695
1456240 1695
1456250 1690
1456260 1684
1456270 1684
1456280 1674
1456290 1671
1456300 1682
1456310 1682
1456320 1691
1456330 1699
1456340 1699
1456350 1708
1456360 1717
1456370 1717
1456380 1724
1456390 1731
1456400 1731
1456410 1737
1456420 1743
1456430 1743
1456440 1749
1456450 1755
1456460 1760
1456470 1760
1456480 1765
1456490 1769
1456500 1769
1456510 1773
1456520 1777
1456530 1777
1456540 1782
1456550 1787
1456560 1787
1456570 1792
1456580 1796
1456590 1796
1456600 1799
1456610 1803
1456620 1803
1456630 1809
1456640 1816
1456650 1823
1456660 1823
1456670 1828
1456680 1830
1456690 1830
1456700 1829
1456710 1826
1456720 1826
1456730 1823
1456740 1820
1456750 1820
1456760 1817
1456770 1815
1456780 1815
1456790 1811
1456800 1806
1456810 1804
1456820 1804
1456830 1800
1456840 1794
1456850 1794
1456860 1791
1456870 1790
1456880 1790
1456890 1791
1456900 1790
1456910 1790
1456920 1787
1456930 1782
1456940 1782
1456950 1776
1456960 1768
1456970 1768
1456980 1761
1456990 1755
1457000 1750
1457010 1750
1457020 1743
1457030 1736
1457040 1736
1457050 1731
1457060 1728
1457070 1728
1457080 1727
1457090 1726
1457100 1726
1457110 1725
1457120 1725
1457130 1725
1457140 1723
1457150 1719
1457160 1713
1457170 1713
1457180 1706
1457190 1699
1457200 1699
1457210 1693
1457220 1689
1457230 1689
1457240 1686
1457250 1685
1457260 1685
1457270 1682
1457280 1679
1457290 1679
1457300 1675
1457310 1673
1457320 1673
1457330 1670
1457340 1664
1457350 1657
1457360 1657
1457370 1651
1457380 1646
1457390 1646
1457400 1646
1457410 1650
1457420 1650
1457430 1655
1457440 1659
1457450 1659
1457460 1661
1457470 1662
1457480 1662
1457490 1665
1457500 1669
1457510 1671
1457520 1671
1457530 1674
1457540 1676
1457550 1676
1457560 1675
1457570 1679
1457580 1679
1457590 1682
1457600 1682
1457610 1682
1457620 1682
1457630 1684
1457640 1684
1457650 1684
1457660 1682
1457670 1682
1457680 1682
1457690 1681
1457700 1678
1457710 1678
1457720 1677
1457730 1677
1457740 1677
1457750 1677
1457760 1675
1457770 1675
1457780 1672
1457790 1669
1457800 1669
1457810 1665
1457820 1662
1457830 1662
1457840 1660
1457850 1657
1457860 1655
1457870 1655
1457880 1653
1457890 1653
1457900 1653
1457910 1652
1457920 1652
1457930 1652
1457940 1654
1457950 1656
1457960 1656
1457970 1655
1457980 1650
1457990 1650
1458000 1644
1458010 1638
1458020 1638
1458030 1633
1458040 1631
1458050 1631
1458060 1631
1458070 1628
1458080 1624
1458090 1624
1458100 1623
1458110 1623
1458120 1623
1458130 1623
1458140 1622
1458150 1622
1458160 1622
1458170 1621
1458180 1621
1458190 1620
1458200 1618
1458210 1616
1458220 1616
1458230 1614
1458240 1612
1458250 1612
1458260 1609
1458270 1608
1458280 1608
1458290 1607
1458300 1606
1458310 1606
1458320 1604
1458330 1602
1458340 1602
1458350 1599
1458360 1596
1458370 1596
1458380 1593
1458390 1592
1458400 1590
1458410 1590
1458420 1583
1458430 1581
1458440 1581
1458450 1578
1458460 1575
1458470 1575
1458480 1573
1458490 1571
1458500 1571
1458510 1572
1458520 1572
1458530 1572
1458540 1573
1458550 1573
1458560 1574
1458570 1574
1458580 1575
1458590 1575
1458600 1575
1458610 1576
1458620 1576
1458630 1576
1458640 1576
1458650 1577
1458660 1577
1458670 1577
1458680 1578
1458690 1578
1458700 1579
1458710 1579
1458720 1579
1458730 1579
1458740 1579
1458750 1581
1458760 1581
1458770 1582
1458780 1584
1458790 1584
1458800 1588
1458810 1589
1458820 1589
1458830 1589
1458840 1591
1458850 1591
1458860 1591
1458870 1592
1458880 1592
1458890 1592
1458900 1591
1458910 1592
1458920 1592
1458930 1593
1458940 1594
1458950 1594
1458960 1595
1458970 1596
1458980 1596
1458990 1599
1459000 1600
1459010 1600
1459020 1601
1459030 1602
1459040 1602
1459050 1604
1459060 1606
1459070 1606
1459080 1608
1459090 1609
1459100 1609
1459110 1609
1459120 1612
1459130 1615
1459140 1615
1459150 1617
1459160 1619
1459170 1619
1459180 1619
1459190 1620
1459200 1620
1459210 1621
1459220 1619
1459230 1619
1459240 1622
1459250 1625
1459260 1629
1459270 1629
1459280 1631
1459290 1635
1459300 1635
1459310 1640
1459320 1643
1459330 1643
1459340 1646
1459350 1648
1459360 1648
1459370 1651
1459380 1653
1459390 1653
1459400 1653
1459410 1651
1459420 1651
1459430 1652
1459440 1658
1459450 1664
1459460 1664
1459470 1669
1459480 1673
1459490 1673
1459500 1677
1459510 1681
1459520 1681
1459530 1684
1459540 1686
1459550 1686
1459560 1690
1459570 1695
1459580 1695
1459590 1699
1459600 1703
1459610 1709
1459620 1709
1459630 1714
1459640 1720
1459650 1720
1459660 1727
1459670 1731
1459680 1731
1459690 1734
1459700 1739
1459710 1739
1459720 1743
1459730 1747
1459740 1747
1459750 1752
1459760 1756
1459770 1756
1459780 1760
1459790 1766
1459800 1772
1459810 1772
1459820 1777
1459830 1783
1459840 1783
1459850 1790
1459860 1794
1459870 1794
1459880 1798
1459890 1805
1459900 1805
1459910 1809
1459920 1812
1459930 1812
1459940 1817
1459950 1826
1459960 1832
1459970 1832
1459980 1840
1459990 1850
