1440000 1845
1440010 1848
1440020 1851
1440030 1851
1440040 1860
1440050 1867
1440060 1867
1440070 1873
1440080 1878
1440090 1878
1440100 1884
1440110 1891
1440120 1891
1440130 1898
1440140 1903
1440150 1903
1440160 1905
1440170 1907
1440180 1910
1440190 1910
1440200 1914
1440210 1917
1440220 1917
1440230 1920
1440240 1925
1440250 1925
1440260 1930
1440270 1934
1440280 1934
1440290 1936
1440300 1935
1440310 1935
1440320 1936
1440330 1938
1440340 1938
1440350 1952
1440360 1960
1440370 1972
1440380 1972
1440390 1978
1440400 1982
1440410 1982
1440420 1981
1440430 1978
1440440 1978
1440450 1979
1440460 1980
1440470 1980
1440480 1982
1440490 1988
1440500 1988
1440510 1996
1440520 2005
1440530 2005
1440540 2013
1440550 2020
1440560 2028
1440570 2028
1440580 2034
1440590 2037
1440600 2037
1440610 2040
1440620 2042
1440630 2042
1440640 2043
1440650 2045
1440660 2045
1440670 2047
1440680 2049
1440690 2049
1440700 2050
1440710 2050
1440720 2049
1440730 2049
1440740 2048
1440750 2048
1440760 2048
1440770 2047
1440780 2045
1440790 2045
1440800 2041
1440810 2038
1440820 2038
1440830 2035
1440840 2035
1440850 2035
1440860 2036
1440870 2036
1440880 2036
1440890 2036
1440900 2036
1440910 2037
1440920 2037
1440930 2040
1440940 2042
1440950 2042
1440960 2039
1440970 2032
1440980 2032
1440990 2026
1441000 2022
1441010 2022
1441020 2019
1441030 2018
1441040 2018
1441050 2017
1441060 2015
1441070 2014
1441080 2014
1441090 2012
1441100 2009
1441110 2009
1441120 2007
1441130 2004
1441140 2004
1441150 2001
1441160 1997
1441170 1997
1441180 1992
1441190 1986
1441200 1986
1441210 1982
1441220 1980
1441230 1980
1441240 1979
1441250 1977
1441260 1974
1441270 1974
1441280 1972
1441290 1972
1441300 1972
1441310 1974
1441320 1975
1441330 1975
1441340 1973
1441350 1972
1441360 1972
1441370 1975
1441380 1984
1441390 1984
1441400 1997
1441410 2002
1441420 2004
1441430 2004
1441440 2007
1441450 2011
1441460 2011
1441470 2015
1441480 2018
1441490 2018
1441500 2020
1441510 2020
1441520 2020
1441530 2020
1441540 2021
1441550 2021
1441560 2021
1441570 2024
1441580 2024
1441590 2028
1441600 2034
1441610 2038
1441620 2038
1441630 2040
1441640 2044
1441650 2044
1441660 2048
1441670 2052
1441680 2052
1441690 2055
1441700 2058
1441710 2058
1441720 2059
1441730 2063
1441740 2063
1441750 2069
1441760 2077
1441770 2086
1441780 2086
1441790 2094
1441800 2102
1441810 2102
1441820 2110
1441830 2117
1441840 2117
1441850 2124
1441860 2130
1441870 2130
1441880 2135
1441890 2141
1441900 2141
1441910 2145
1441920 2150
1441930 2150
1441940 2153
1441950 2155
1441960 2157
1441970 2157
1441980 2159
1441990 2162
1442000 2162
1442010 2165
1442020 2170
1442030 2170
1442040 2176
1442050 2179
1442060 2179
1442070 2182
1442080 2189
1442090 2189
1442100 2197
1442110 2200
1442120 2203
1442130 2203
1442140 2204
1442150 2203
1442160 2203
1442170 2199
1442180 2197
1442190 2197
1442200 2193
1442210 2188
1442220 2188
1442230 2182
1442240 2176
1442250 2176
1442260 2175
1442270 2174
1442280 2174
1442290 2172
1442300 2173
1442310 2176
1442320 2176
1442330 2168
1442340 2169
1442350 2169
1442360 2172
1442370 2174
1442380 2174
1442390 2176
1442400 2180
1442410 2180
1442420 2185
1442430 2189
1442440 2189
1442450 2196
1442460 2200
1442470 2200
1442480 2199
1442490 2200
1442500 2206
1442510 2206
1442520 2203
1442530 2199
1442540 2199
1442550 2198
1442560 2205
1442570 2205
1442580 2216
1442590 2220
1442600 2220
1442610 2223
1442620 2225
1442630 2225
1442640 2228
1442650 2231
1442660 2233
1442670 2233
1442680 2236
1442690 2239
1442700 2239
1442710 2245
1442720 2246
1442730 2246
1442740 2247
1442750 2251
1442760 2251
1442770 2254
1442780 2259
1442790 2259
1442800 2261
1442810 2264
1442820 2264
1442830 2269
1442840 2272
1442850 2275
1442860 2275
1442870 2278
1442880 2282
1442890 2282
1442900 2287
1442910 2292
1442920 2292
1442930 2297
1442940 2302
1442950 2302
1442960 2307
1442970 2312
1442980 2312
1442990 2323
1443000 2335
1443010 2345
1443020 2345
1443030 2353
1443040 2355
1443050 2355
1443060 2357
1443070 2361
1443080 2361
1443090 2369
1443100 2380
1443110 2380
1443120 2389
1443130 2399
1443140 2399
1443150 2408
1443160 2418
1443170 2418
1443180 2417
1443190 2411
1443200 2406
1443210 2406
1443220 2401
1443230 2396
1443240 2396
1443250 2391
1443260 2387
1443270 2387
1443280 2382
1443290 2378
1443300 2378
1443310 2374
1443320 2369
1443330 2369
1443340 2365
1443350 2360
1443360 2356
1443370 2356
1443380 2350
1443390 2345
1443400 2345
1443410 2340
1443420 2333
1443430 2333
1443440 2325
1443450 2314
1443460 2314
1443470 2305
1443480 2298
1443490 2298
1443500 2291
1443510 2284
1443520 2284
1443530 2277
1443540 2271
1443550 2265
1443560 2265
1443570 2260
1443580 2256
1443590 2256
1443600 2252
1443610 2249
1443620 2249
1443630 2245
1443640 2240
1443650 2240
1443660 2235
1443670 2230
1443680 2230
1443690 2227
1443700 2225
1443710 2223
1443720 2223
1443730 2222
1443740 2221
1443750 2221
1443760 2220
1443770 2219
1443780 2219
1443790 2218
1443800 2218
1443810 2218
1443820 2216
1443830 2211
1443840 2211
1443850 2206
1443860 2203
1443870 2203
1443880 2199
1443890 2196
1443900 2194
1443910 2194
1443920 2193
1443930 2186
1443940 2186
1443950 2180
1443960 2173
1443970 2173
1443980 2166
1443990 2159
1444000 2159
1444010 2150
1444020 2139
1444030 2139
1444040 2124
1444050 2112
1444060 2106
1444070 2106
1444080 2099
1444090 2093
1444100 2093
1444110 2089
1444120 2086
1444130 2086
1444140 2083
1444150 2081
1444160 2081
1444170 2078
1444180 2074
1444190 2074
1444200 2069
1444210 2065
1444220 2065
1444230 2062
1444240 2057
1444250 2052
1444260 2052
1444270 2047
1444280 2040
1444290 2040
1444300 2034
1444310 2027
1444320 2027
1444330 2022
1444340 2019
1444350 2019
1444360 2018
1444370 2018
1444380 2018
1444390 2018
1444400 2018
1444410 2018
1444420 2018
1444430 2019
1444440 2019
1444450 2019
1444460 2019
1444470 2019
1444480 2019
1444490 2020
1444500 2021
1444510 2021
1444520 2024
1444530 2025
1444540 2025
1444550 2027
1444560 2028
1444570 2028
1444580 2029
1444590 2030
1444600 2030
1444610 2030
1444620 2030
1444630 2031
1444640 2031
1444650 2032
1444660 2033
1444670 2033
1444680 2034
1444690 2036
1444700 2036
1444710 2036
1444720 2036
1444730 2036
1444740 2035
1444750 2034
1444760 2034
1444770 2034
1444780 2035
1444790 2036
1444800 2036
1444810 2037
1444820 2038
1444830 2038
1444840 2038
1444850 2036
1444860 2036
1444870 2037
1444880 2040
1444890 2040
1444900 2044
1444910 2048
1444920 2048
1444930 2053
1444940 2058
1444950 2061
1444960 2061
1444970 2065
1444980 2067
1444990 2067
1445000 2068
1445010 2069
1445020 2069
1445030 2069
1445040 2068
1445050 2068
1445060 2067
1445070 2067
1445080 2067
1445090 2065
1445100 2066
1445110 2066
1445120 2068
1445130 2071
1445140 2074
1445150 2074
1445160 2078
1445170 2081
1445180 2081
1445190 2082
1445200 2079
1445210 2079
1445220 2080
1445230 2081
1445240 2081
1445250 2081
1445260 2081
1445270 2081
1445280 2084
1445290 2085
1445300 2085
1445310 2085
1445320 2089
1445330 2089
1445340 2089
1445350 2090
1445360 2092
1445370 2092
1445380 2093
1445390 2094
1445400 2094
1445410 2096
1445420 2099
1445430 2094
1445440 2097
1445450 2102
1445460 2102
1445470 2107
1445480 2111
1445490 2114
1445500 2114
1445510 2115
1445520 2115
1445530 2115
1445540 2116
1445550 2114
1445560 2114
1445570 2112
1445580 2112
1445590 2112
1445600 2110
1445610 2106
1445620 2106
1445630 2102
1445640 2099
1445650 2095
1445660 2095
1445670 2093
1445680 2092
1445690 2092
1445700 2092
1445710 2090
1445720 2090
1445730 2086
1445740 2082
1445750 2082
1445760 2080
1445770 2080
1445780 2080
1445790 2078
1445800 2075
1445810 2075
1445820 2076
1445830 2081
1445840 2085
1445850 2085
1445860 2090
1445870 2095
1445880 2095
1445890 2100
1445900 2105
1445910 2105
1445920 2110
1445930 2114
1445940 2114
1445950 2119
1445960 2122
1445970 2122
1445980 2124
1445990 2126
1446000 2128
1446010 2128
1446020 2131
1446030 2135
1446040 2135
1446050 2138
1446060 2141
1446070 2141
1446080 2147
1446090 2151
1446100 2151
1446110 2157
1446120 2164
1446130 2164
1446140 2171
1446150 2178
1446160 2178
1446170 2185
1446180 2192
1446190 2199
1446200 2199
1446210 2206
1446220 2212
1446230 2212
1446240 2217
1446250 2218
1446260 2218
1446270 2214
1446280 2208
1446290 2208
1446300 2203
1446310 2198
1446320 2198
1446330 2194
1446340 2191
1446350 2188
1446360 2188
1446370 2182
1446380 2176
1446390 2176
1446400 2171
1446410 2166
1446420 2166
1446430 2162
1446440 2157
1446450 2157
1446460 2153
1446470 2147
1446480 2147
1446490 2142
1446500 2136
1446510 2136
1446520 2129
1446530 2120
1446540 2114
1446550 2114
1446560 2110
1446570 2105
1446580 2105
1446590 2099
1446600 2091
1446610 2091
1446620 2084
1446630 2080
1446640 2080
1446650 2075
1446660 2070
1446670 2070
1446680 2065
1446690 2060
1446700 2056
1446710 2056
1446720 2051
1446730 2046
1446740 2046
1446750 2040
1446760 2036
1446770 2036
1446780 2032
1446790 2029
1446800 2029
1446810 2026
1446820 2023
1446830 2023
1446840 2020
1446850 2016
1446860 2016
1446870 2013
1446880 2009
1446890 2003
1446900 2003
1446910 1996
1446920 1988
1446930 1988
1446940 1981
1446950 1974
1446960 1974
1446970 1967
1446980 1958
1446990 1958
1447000 1950
1447010 1943
1447020 1943
1447030 1936
1447040 1929
1447050 1929
1447060 1924
1447070 1920
1447080 1916
1447090 1916
1447100 1911
1447110 1905
1447120 1905
1447130 1899
1447140 1892
1447150 1892
1447160 1887
1447170 1881
1447180 1881
1447190 1875
1447200 1869
1447210 1869
1447220 1864
1447230 1858
1447240 1852
1447250 1852
1447260 1846
1447270 1842
1447280 1842
1447290 1837
1447300 1832
1447310 1832
1447320 1827
1447330 1821
1447340 1821
1447350 1816
1447360 1811
1447370 1811
1447380 1807
1447390 1802
1447400 1802
1447410 1798
1447420 1794
1447430 1791
1447440 1791
1447450 1788
1447460 1785
1447470 1785
1447480 1781
1447490 1776
1447500 1776
1447510 1773
1447520 1775
1447530 1775
1447540 1776
1447550 1777
1447560 1777
1447570 1776
1447580 1773
1447590 1770
1447600 1770
1447610 1766
1447620 1761
1447630 1761
1447640 1756
1447650 1752
1447660 1752
1447670 1748
1447680 1744
1447690 1744
1447700 1739
1447710 1732
1447720 1732
1447730 1725
1447740 1721
1447750 1721
1447760 1718
1447770 1714
1447780 1709
1447790 1709
1447800 1704
1447810 1701
1447820 1701
1447830 1697
1447840 1690
1447850 1690
1447860 1678
1447870 1669
1447880 1669
1447890 1665
1447900 1660
1447910 1660
1447920 1656
1447930 1652
1447940 1649
1447950 1649
1447960 1647
1447970 1644
1447980 1644
1447990 1644
1448000 1645
1448010 1645
1448020 1646
1448030 1646
1448040 1646
1448050 1646
1448060 1649
1448070 1649
1448080 1648
1448090 1645
1448100 1645
1448110 1643
1448120 1638
1448130 1634
1448140 1634
1448150 1636
1448160 1641
1448170 1641
1448180 1646
1448190 1651
1448200 1651
1448210 1657
1448220 1662
1448230 1662
1448240 1667
1448250 1671
1448260 1671
1448270 1677
1448280 1682
1448290 1686
1448300 1686
1448310 1688
1448320 1691
1448330 1691
1448340 1696
1448350 1700
1448360 1700
1448370 1705
1448380 1709
1448390 1709
1448400 1713
1448410 1718
1448420 1718
1448430 1723
1448440 1727
1448450 1727
1448460 1730
1448470 1733
1448480 1736
1448490 1736
1448500 1739
1448510 1741
1448520 1741
1448530 1744
1448540 1749
1448550 1749
1448560 1752
1448570 1756
1448580 1756
1448590 1759
1448600 1763
1448610 1763
1448620 1768
1448630 1772
1448640 1777
1448650 1777
1448660 1782
1448670 1786
1448680 1786
1448690 1791
1448700 1795
1448710 1795
1448720 1798
1448730 1803
1448740 1803
1448750 1805
1448760 1807
1448770 1807
1448780 1809
1448790 1812
1448800 1812
1448810 1817
1448820 1821
1448830 1826
1448840 1826
1448850 1829
1448860 1833
1448870 1833
1448880 1838
1448890 1844
1448900 1844
1448910 1847
1448920 1850
1448930 1850
1448940 1851
1448950 1854
1448960 1854
1448970 1856
1448980 1859
1448990 1862
1449000 1862
1449010 1866
1449020 1868
1449030 1868
1449040 1871
1449050 1873
1449060 1873
1449070 1876
1449080 1879
1449090 1879
1449100 1883
1449110 1886
1449120 1886
1449130 1890
1449140 1895
1449150 1895
1449160 1900
1449170 1905
1449180 1910
1449190 1910
1449200 1915
1449210 1920
1449220 1920
1449230 1925
1449240 1930
1449250 1930
1449260 1936
1449270 1941
1449280 1941
1449290 1946
1449300 1950
1449310 1950
1449320 1955
1449330 1958
1449340 1962
1449350 1962
1449360 1966
1449370 1972
1449380 1972
1449390 1978
1449400 1983
1449410 1983
1449420 1991
1449430 1996
1449440 1996
1449450 2000
1449460 2004
1449470 2004
1449480 2006
1449490 2010
1449500 2010
1449510 2013
1449520 2016
1449530 2019
1449540 2019
1449550 2021
1449560 2025
1449570 2025
1449580 2029
1449590 2033
1449600 2033
1449610 2038
1449620 2041
1449630 2041
1449640 2045
1449650 2049
1449660 2049
1449670 2053
1449680 2057
1449690 2057
1449700 2061
1449710 2065
1449720 2070
1449730 2070
1449740 2074
1449750 2078
1449760 2078
1449770 2082
1449780 2089
1449790 2089
1449800 2097
1449810 2102
1449820 2102
1449830 2106
1449840 2110
1449850 2110
1449860 2115
1449870 2122
1449880 2126
1449890 2126
1449900 2130
1449910 2135
1449920 2135
1449930 2138
1449940 2141
1449950 2141
1449960 2143
1449970 2144
1449980 2144
1449990 2147
1450000 2152
1450010 2152
1450020 2158
1450030 2167
1450040 2167
1450050 2175
1450060 2177
1450070 2180
1450080 2180
1450090 2183
1450100 2187
1450110 2187
1450120 2189
1450130 2191
1450140 2191
1450150 2194
1450160 2198
1450170 2198
1450180 2201
1450190 2206
1450200 2206
1450210 2211
1450220 2217
1450230 2223
1450240 2223
1450250 2226
1450260 2228
1450270 2228
1450280 2231
1450290 2236
1450300 2236
1450310 2240
1450320 2246
1450330 2246
1450340 2251
1450350 2255
1450360 2255
1450370 2259
1450380 2264
1450390 2264
1450400 2270
1450410 2275
1450420 2280
1450430 2280
1450440 2284
1450450 2290
1450460 2290
1450470 2296
1450480 2301
1450490 2301
1450500 2304
1450510 2308
1450520 2308
1450530 2313
1450540 2319
1450550 2319
1450560 2325
1450570 2333
1450580 2336
1450590 2336
1450600 2342
1450610 2345
1450620 2345
1450630 2348
1450640 2350
1450650 2350
1450660 2353
1450670 2356
1450680 2356
1450690 2359
1450700 2361
1450710 2361
1450720 2364
1450730 2367
1450740 2367
1450750 2368
1450760 2368
1450770 2366
1450780 2366
1450790 2364
1450800 2362
1450810 2362
1450820 2361
1450830 2357
1450840 2357
1450850 2353
1450860 2351
1450870 2351
1450880 2348
1450890 2345
1450900 2345
1450910 2341
1450920 2340
1450930 2342
1450940 2342
1450950 2337
1450960 2332
1450970 2332
1450980 2327
1450990 2324
1451000 2324
1451010 2321
1451020 2320
1451030 2320
1451040 2319
1451050 2318
1451060 2318
1451070 2315
1451080 2311
1451090 2311
1451100 2307
1451110 2304
1451120 2304
1451130 2304
1451140 2305
1451150 2306
1451160 2306
1451170 2307
1451180 2307
1451190 2307
1451200 2308
1451210 2312
1451220 2312
1451230 2315
1451240 2318
1451250 2318
1451260 2322
1451270 2324
1451280 2326
1451290 2326
1451300 2328
1451310 2329
1451320 2329
1451330 2330
1451340 2331
1451350 2331
1451360 2331
1451370 2331
1451380 2331
1451390 2332
1451400 2332
1451410 2332
1451420 2334
1451430 2336
1451440 2336
1451450 2338
1451460 2339
1451470 2339
1451480 2339
1451490 2340
1451500 2341
1451510 2341
1451520 2342
1451530 2343
1451540 2343
1451550 2346
1451560 2350
1451570 2350
1451580 2354
1451590 2359
1451600 2359
1451610 2364
1451620 2368
1451630 2371
1451640 2371
1451650 2375
1451660 2380
1451670 2380
1451680 2385
1451690 2389
1451700 2389
1451710 2393
1451720 2398
1451730 2398
1451740 2404
1451750 2411
1451760 2411
1451770 2418
1451780 2427
1451790 2427
1451800 2441
1451810 2451
1451820 2471
1451830 2471
1451840 2477
1451850 2473
1451860 2473
1451870 2470
1451880 2466
1451890 2466
1451900 2460
1451910 2455
1451920 2455
1451930 2451
1451940 2447
1451950 2447
1451960 2444
1451970 2442
1451980 2439
1451990 2439
1452000 2435
1452010 2432
1452020 2432
1452030 2429
1452040 2428
1452050 2428
1452060 2429
1452070 2429
1452080 2429
1452090 2428
1452100 2426
1452110 2426
1452120 2422
1452130 2418
1452140 2418
1452150 2413
1452160 2408
1452170 2403
1452180 2403
1452190 2397
1452200 2392
1452210 2392
1452220 2390
1452230 2389
1452240 2389
1452250 2390
1452260 2391
1452270 2391
1452280 2395
1452290 2395
1452300 2395
1452310 2396
1452320 2398
1452330 2398
1452340 2400
1452350 2403
1452360 2408
1452370 2408
1452380 2411
1452390 2413
1452400 2413
1452410 2412
1452420 2411
1452430 2411
1452440 2410
1452450 2409
1452460 2409
1452470 2410
1452480 2408
1452490 2408
1452500 2408
1452510 2410
1452520 2413
1452530 2419
1452540 2422
1452550 2423
1452560 2423
1452570 2425
1452580 2428
1452590 2428
1452600 2430
1452610 2430
1452620 2430
1452630 2421
1452640 2412
1452650 2412
1452660 2412
1452670 2414
1452680 2414
1452690 2415
1452700 2413
1452710 2401
1452720 2401
1452730 2399
1452740 2400
1452750 2400
1452760 2401
1452770 2404
1452780 2404
1452790 2404
1452800 2403
1452810 2403
1452820 2404
1452830 2406
1452840 2406
1452850 2403
1452860 2400
1452870 2395
1452880 2395
1452890 2390
1452900 2384
1452910 2384
1452920 2383
1452930 2380
1452940 2380
1452950 2372
1452960 2368
1452970 2368
1452980 2366
1452990 2356
1453000 2356
1453010 2344
1453020 2328
1453030 2328
1453040 2319
1453050 2316
1453060 2316
1453070 2316
1453080 2316
1453090 2312
1453100 2312
1453110 2305
1453120 2283
1453130 2283
1453140 2236
1453150 2226
1453160 2226
1453170 2219
1453180 2211
1453190 2211
1453200 2203
1453210 2196
1453220 2189
1453230 2189
1453240 2182
1453250 2175
1453260 2175
1453270 2166
1453280 2156
1453290 2156
1453300 2147
1453310 2137
1453320 2137
1453330 2127
1453340 2117
1453350 2117
1453360 2104
1453370 2095
1453380 2095
1453390 2084
1453400 2080
1453410 2074
1453420 2074
1453430 2071
1453440 2066
1453450 2066
1453460 2059
1453470 2057
1453480 2057
1453490 2048
1453500 2021
1453510 2021
1453520 2005
1453530 1998
1453540 1998
1453550 1994
1453560 1987
1453570 1976
1453580 1976
1453590 1966
1453600 1956
1453610 1956
1453620 1947
1453630 1940
1453640 1940
1453650 1936
1453660 1926
1453670 1926
1453680 1908
1453690 1900
1453700 1900
1453710 1893
1453720 1887
1453730 1887
1453740 1881
1453750 1876
1453760 1871
1453770 1871
1453780 1866
1453790 1861
1453800 1861
1453810 1856
1453820 1851
1453830 1851
1453840 1847
1453850 1842
1453860 1842
1453870 1838
1453880 1835
1453890 1835
1453900 1832
1453910 1829
1453920 1826
1453930 1826
1453940 1823
1453950 1820
1453960 1820
1453970 1817
1453980 1815
1453990 1815
1454000 1812
1454010 1809
1454020 1809
1454030 1809
1454040 1810
1454050 1810
1454060 1812
1454070 1812
1454080 1812
1454090 1814
1454100 1818
1454110 1820
1454120 1820
1454130 1826
1454140 1833
1454150 1833
1454160 1839
1454170 1845
1454180 1845
1454190 1851
1454200 1858
1454210 1858
1454220 1863
1454230 1868
1454240 1868
1454250 1873
1454260 1879
1454270 1886
1454280 1886
1454290 1894
1454300 1902
1454310 1902
1454320 1909
1454330 1914
1454340 1914
1454350 1919
1454360 1924
1454370 1924
1454380 1929
1454390 1933
1454400 1933
1454410 1939
1454420 1946
1454430 1946
1454440 1953
1454450 1959
1454460 1965
1454470 1965
1454480 1968
1454490 1972
1454500 1972
1454510 1970
1454520 1972
1454530 1972
1454540 1973
1454550 1978
1454560 1978
1454570 1980
1454580 1981
1454590 1981
1454600 1981
1454610 1981
1454620 1981
1454630 1981
1454640 1981
1454650 1979
1454660 1979
1454670 1979
1454680 1979
1454690 1979
1454700 1979
1454710 1980
1454720 1980
1454730 1982
1454740 1983
1454750 1983
1454760 1983
1454770 1983
1454780 1983
1454790 1985
1454800 1986
1454810 1987
1454820 1987
1454830 1984
1454840 1981
1454850 1981
1454860 1979
1454870 1979
1454880 1979
1454890 1982
1454900 1984
1454910 1984
1454920 1985
1454930 1984
1454940 1984
1454950 1984
1454960 1984
1454970 1984
1454980 1982
1454990 1982
1455000 1980
1455010 1980
1455020 1977
1455030 1974
1455040 1974
1455050 1972
1455060 1972
1455070 1972
1455080 1972
1455090 1970
1455100 1970
1455110 1968
1455120 1967
1455130 1967
1455140 1965
1455150 1962
1455160 1960
1455170 1960
1455180 1959
1455190 1960
1455200 1960
1455210 1960
1455220 1959
1455230 1959
1455240 1958
1455250 1957
1455260 1957
1455270 1957
1455280 1959
1455290 1959
1455300 1961
1455310 1963
1455320 1963
1455330 1964
1455340 1964
1455350 1963
1455360 1963
1455370 1963
1455380 1962
1455390 1962
1455400 1960
1455410 1957
1455420 1957
1455430 1954
1455440 1952
1455450 1952
1455460 1951
1455470 1951
1455480 1951
1455490 1951
1455500 1950
1455510 1949
1455520 1949
1455530 1945
1455540 1943
1455550 1943
1455560 1941
1455570 1938
1455580 1938
1455590 1937
1455600 1938
1455610 1938
1455620 1939
1455630 1938
1455640 1938
1455650 1935
1455660 1931
1455670 1931
1455680 1927
1455690 1925
1455700 1925
1455710 1925
1455720 1922
1455730 1922
1455740 1922
1455750 1921
1455760 1917
1455770 1917
1455780 1915
1455790 1922
1455800 1922
1455810 1925
1455820 1925
1455830 1925
1455840 1927
1455850 1930
1455860 1932
1455870 1932
1455880 1935
1455890 1938
1455900 1938
1455910 1940
1455920 1941
1455930 1941
1455940 1940
1455950 1938
1455960 1938
1455970 1935
1455980 1932
1455990 1932
1456000 1929
1456010 1924
1456020 1924
1456030 1920
1456040 1915
1456050 1912
1456060 1912
1456070 1909
1456080 1906
1456090 1906
1456100 1903
1456110 1898
1456120 1898
1456130 1893
1456140 1888
1456150 1888
1456160 1881
1456170 1874
1456180 1874
1456190 1866
1456200 1862
1456210 1859
1456220 1859
1456230 1857
1456240 1853
1456250 1853
1456260 1851
1456270 1849
1456280 1849
1456290 1848
1456300 1846
1456310 1846
1456320 1841
1456330 1837
1456340 1837
1456350 1835
1456360 1833
1456370 1833
1456380 1830
1456390 1827
1456400 1824
1456410 1824
1456420 1821
1456430 1817
1456440 1817
1456450 1814
1456460 1812
1456470 1812
1456480 1811
1456490 1807
1456500 1807
1456510 1810
1456520 1815
1456530 1815
1456540 1821
1456550 1825
1456560 1830
1456570 1830
1456580 1834
1456590 1837
1456600 1837
1456610 1839
1456620 1842
1456630 1842
1456640 1845
1456650 1849
1456660 1849
1456670 1852
1456680 1855
1456690 1855
1456700 1859
1456710 1864
1456720 1864
1456730 1870
1456740 1875
1456750 1880
1456760 1880
1456770 1885
1456780 1890
1456790 1890
1456800 1895
1456810 1901
1456820 1901
1456830 1906
1456840 1911
1456850 1911
1456860 1917
1456870 1923
1456880 1923
1456890 1929
1456900 1935
1456910 1940
1456920 1940
1456930 1944
1456940 1947
1456950 1947
1456960 1949
1456970 1951
1456980 1951
1456990 1954
1457000 1956
1457010 1956
1457020 1957
1457030 1954
1457040 1954
1457050 1950
1457060 1945
1457070 1945
1457080 1945
1457090 1948
1457100 1948
1457110 1948
1457120 1943
1457130 1937
1457140 1937
1457150 1936
1457160 1934
1457170 1934
1457180 1936
1457190 1936
1457200 1936
1457210 1935
1457220 1933
1457230 1933
1457240 1928
1457250 1926
1457260 1925
1457270 1925
1457280 1923
1457290 1919
1457300 1919
1457310 1917
1457320 1913
1457330 1913
1457340 1910
1457350 1908
1457360 1908
1457370 1906
1457380 1904
1457390 1904
1457400 1900
1457410 1897
1457420 1897
1457430 1901
1457440 1900
1457450 1902
1457460 1902
1457470 1904
1457480 1912
1457490 1912
1457500 1918
1457510 1921
1457520 1921
1457530 1922
1457540 1923
1457550 1923
1457560 1921
1457570 1919
1457580 1919
1457590 1916
1457600 1914
1457610 1914
1457620 1911
1457630 1911
1457640 1913
1457650 1913
1457660 1913
1457670 1914
1457680 1914
1457690 1920
1457700 1926
1457710 1926
1457720 1930
1457730 1932
1457740 1932
1457750 1933
1457760 1934
1457770 1934
1457780 1933
1457790 1932
1457800 1931
1457810 1931
1457820 1931
1457830 1925
1457840 1925
1457850 1917
1457860 1912
1457870 1912
1457880 1905
1457890 1891
1457900 1891
1457910 1886
1457920 1896
1457930 1896
1457940 1899
1457950 1899
1457960 1899
1457970 1900
1457980 1904
1457990 1909
1458000 1909
1458010 1913
1458020 1911
1458030 1911
1458040 1906
1458050 1898
1458060 1898
1458070 1889
1458080 1880
1458090 1880
1458100 1881
1458110 1890
1458120 1890
1458130 1896
1458140 1901
1458150 1907
1458160 1907
1458170 1911
1458180 1915
1458190 1915
1458200 1914
1458210 1908
1458220 1908
1458230 1903
1458240 1904
1458250 1904
1458260 1909
1458270 1916
1458280 1916
1458290 1922
1458300 1920
1458310 1920
1458320 1915
1458330 1910
1458340 1907
1458350 1907
1458360 1905
1458370 1903
1458380 1903
1458390 1903
1458400 1902
1458410 1902
1458420 1901
1458430 1899
1458440 1899
1458450 1897
1458460 1895
1458470 1895
1458480 1892
1458490 1891
1458500 1889
1458510 1889
1458520 1886
1458530 1883
1458540 1883
1458550 1879
1458560 1874
1458570 1874
1458580 1869
1458590 1865
1458600 1865
1458610 1864
1458620 1859
1458630 1859
1458640 1846
1458650 1837
1458660 1837
1458670 1828
1458680 1819
1458690 1812
1458700 1812
1458710 1809
1458720 1808
1458730 1808
1458740 1808
1458750 1805
1458760 1805
1458770 1799
1458780 1793
1458790 1793
1458800 1786
1458810 1780
1458820 1780
1458830 1776
1458840 1778
1458850 1778
1458860 1778
1458870 1772
1458880 1767
1458890 1767
1458900 1761
1458910 1757
1458920 1757
1458930 1754
1458940 1751
1458950 1751
1458960 1746
1458970 1740
1458980 1740
1458990 1732
1459000 1723
1459010 1723
1459020 1722
1459030 1726
1459040 1726
1459050 1726
1459060 1726
1459070 1725
1459080 1725
1459090 1722
1459100 1720
1459110 1720
1459120 1717
1459130 1713
1459140 1713
1459150 1710
1459160 1707
1459170 1707
1459180 1703
1459190 1699
1459200 1694
1459210 1694
1459220 1691
1459230 1688
1459240 1688
1459250 1685
1459260 1681
1459270 1681
1459280 1677
1459290 1675
1459300 1675
1459310 1672
1459320 1669
1459330 1669
1459340 1667
1459350 1666
1459360 1666
1459370 1663
1459380 1658
1459390 1655
1459400 1655
1459410 1654
1459420 1655
1459430 1655
1459440 1655
1459450 1656
1459460 1656
1459470 1655
1459480 1654
1459490 1654
1459500 1652
1459510 1649
1459520 1649
1459530 1648
1459540 1646
1459550 1643
1459560 1643
1459570 1641
1459580 1638
1459590 1638
1459600 1637
1459610 1635
1459620 1635
1459630 1631
1459640 1629
1459650 1629
1459660 1629
1459670 1628
1459680 1628
1459690 1628
1459700 1629
1459710 1629
1459720 1630
1459730 1631
1459740 1633
1459750 1633
1459760 1635
1459770 1639
1459780 1639
1459790 1642
1459800 1644
1459810 1644
1459820 1647
1459830 1650
1459840 1650
1459850 1655
1459860 1661
1459870 1661
1459880 1667
1459890 1672
1459900 1676
1459910 1676
1459920 1679
1459930 1683
1459940 1683
1459950 1687
1459960 1690
1459970 1690
1459980 1695
1459990 1700
