1440000 2367
1440010 2367
1440020 2375
1440030 2384
1440040 2395
1440050 2395
1440060 2404
1440070 2409
1440080 2409
1440090 2411
1440100 2415
1440110 2415
1440120 2416
1440130 2414
1440140 2414
1440150 2403
1440160 2399
1440170 2399
1440180 2397
1440190 2394
1440200 2394
1440210 2390
1440220 2382
1440230 2379
1440240 2379
1440250 2373
1440260 2369
1440270 2369
1440280 2366
1440290 2363
1440300 2363
1440310 2362
1440320 2362
1440330 2362
1440340 2362
1440350 2362
1440360 2362
1440370 2361
1440380 2354
1440390 2346
1440400 2346
1440410 2341
1440420 2337
1440430 2337
1440440 2333
1440450 2327
1440460 2327
1440470 2321
1440480 2315
1440490 2315
1440500 2310
1440510 2307
1440520 2307
1440530 2305
1440540 2302
1440550 2302
1440560 2300
1440570 2299
1440580 2300
1440590 2300
1440600 2300
1440610 2295
1440620 2295
1440630 2292
1440640 2291
1440650 2291
1440660 2289
1440670 2283
1440680 2283
1440690 2279
1440700 2276
1440710 2276
1440720 2273
1440730 2270
1440740 2268
1440750 2268
1440760 2266
1440770 2261
1440780 2261
1440790 2256
1440800 2253
1440810 2253
1440820 2247
1440830 2244
1440840 2244
1440850 2243
1440860 2239
1440870 2239
1440880 2234
1440890 2229
1440900 2229
1440910 2224
1440920 2220
1440930 2218
1440940 2218
1440950 2216
1440960 2215
1440970 2215
1440980 2216
1440990 2216
1441000 2216
1441010 2216
1441020 2214
1441030 2214
1441040 2211
1441050 2208
1441060 2208
1441070 2207
1441080 2206
1441090 2206
1441100 2205
1441110 2204
1441120 2205
1441130 2205
1441140 2204
1441150 2202
1441160 2202
1441170 2200
1441180 2198
1441190 2198
1441200 2196
1441210 2194
1441220 2194
1441230 2193
1441240 2191
1441250 2191
1441260 2181
1441270 2175
1441280 2172
1441290 2172
1441300 2169
1441310 2165
1441320 2165
1441330 2164
1441340 2164
1441350 2164
1441360 2163
1441370 2164
1441380 2164
1441390 2164
1441400 2164
1441410 2164
1441420 2164
1441430 2166
1441440 2166
1441450 2170
1441460 2174
1441470 2177
1441480 2177
1441490 2181
1441500 2185
1441510 2185
1441520 2190
1441530 2190
1441540 2190
1441550 2188
1441560 2185
1441570 2185
1441580 2183
1441590 2180
1441600 2180
1441610 2181
1441620 2182
1441630 2180
1441640 2180
1441650 2177
1441660 2174
1441670 2174
1441680 2172
1441690 2167
1441700 2167
1441710 2162
1441720 2155
1441730 2155
1441740 2149
1441750 2144
1441760 2144
1441770 2141
1441780 2138
1441790 2138
1441800 2134
1441810 2130
1441820 2126
1441830 2126
1441840 2122
1441850 2119
1441860 2119
1441870 2116
1441880 2114
1441890 2114
1441900 2111
1441910 2110
1441920 2110
1441930 2108
1441940 2107
1441950 2107
1441960 2105
1441970 2101
1441980 2101
1441990 2096
1442000 2090
1442010 2084
1442020 2084
1442030 2078
1442040 2073
1442050 2073
1442060 2068
1442070 2065
1442080 2065
1442090 2063
1442100 2060
1442110 2060
1442120 2056
1442130 2052
1442140 2052
1442150 2049
1442160 2047
1442170 2042
1442180 2042
1442190 2041
1442200 2042
1442210 2042
1442220 2041
1442230 2041
1442240 2041
1442250 2041
1442260 2041
1442270 2041
1442280 2040
1442290 2039
1442300 2039
1442310 2039
1442320 2037
1442330 2037
1442340 2037
1442350 2037
1442360 2036
1442370 2036
1442380 2035
1442390 2032
1442400 2032
1442410 2024
1442420 2017
1442430 2017
1442440 2012
1442450 2006
1442460 2006
1442470 2003
1442480 2003
1442490 2003
1442500 2003
1442510 2002
1442520 2000
1442530 2000
1442540 1999
1442550 1998
1442560 1998
1442570 1996
1442580 1992
1442590 1992
1442600 1987
1442610 1984
1442620 1984
1442630 1984
1442640 1984
1442650 1984
1442660 1982
1442670 1984
1442680 1984
1442690 1986
1442700 1988
1442710 1989
1442720 1989
1442730 1989
1442740 1988
1442750 1988
1442760 1992
1442770 1995
1442780 1995
1442790 1996
1442800 1999
1442810 1999
1442820 2001
1442830 2004
1442840 2004
1442850 2006
1442860 2008
1442870 2012
1442880 2012
1442890 2016
1442900 2021
1442910 2021
1442920 2023
1442930 2027
1442940 2027
1442950 2034
1442960 2040
1442970 2040
1442980 2040
1442990 2037
1443000 2037
1443010 2032
1443020 2027
1443030 2027
1443040 2024
1443050 2025
1443060 2026
1443070 2026
1443080 2030
1443090 2032
1443100 2032
1443110 2033
1443120 2031
1443130 2031
1443140 2030
1443150 2036
1443160 2036
1443170 2038
1443180 2041
1443190 2041
1443200 2045
1443210 2050
1443220 2050
1443230 2056
1443240 2062
1443250 2068
1443260 2068
1443270 2073
1443280 2075
1443290 2075
1443300 2075
1443310 2075
1443320 2075
1443330 2075
1443340 2075
1443350 2075
1443360 2075
1443370 2075
1443380 2075
1443390 2076
1443400 2076
1443410 2077
1443420 2077
1443430 2078
1443440 2078
1443450 2078
1443460 2080
1443470 2086
1443480 2086
1443490 2092
1443500 2100
1443510 2100
1443520 2110
1443530 2121
1443540 2121
1443550 2125
1443560 2126
1443570 2126
1443580 2128
1443590 2131
1443600 2131
1443610 2131
1443620 2138
1443630 2141
1443640 2141
1443650 2142
1443660 2147
1443670 2147
1443680 2155
1443690 2162
1443700 2162
1443710 2167
1443720 2172
1443730 2172
1443740 2177
1443750 2184
1443760 2190
1443770 2190
1443780 2194
1443790 2197
1443800 2197
1443810 2201
1443820 2207
1443830 2207
1443840 2212
1443850 2216
1443860 2216
1443870 2219
1443880 2223
1443890 2223
1443900 2228
1443910 2232
1443920 2232
1443930 2238
1443940 2246
1443950 2251
1443960 2251
1443970 2254
1443980 2256
1443990 2256
1444000 2259
1444010 2263
1444020 2263
1444030 2270
1444040 2277
1444050 2277
1444060 2283
1444070 2284
1444080 2284
1444090 2285
1444100 2287
1444110 2287
1444120 2290
1444130 2292
1444140 2294
1444150 2294
1444160 2297
1444170 2303
1444180 2303
1444190 2308
1444200 2311
1444210 2311
1444220 2315
1444230 2322
1444240 2322
1444250 2328
1444260 2336
1444270 2336
1444280 2342
1444290 2349
1444300 2356
1444310 2356
1444320 2363
1444330 2371
1444340 2371
1444350 2380
1444360 2385
1444370 2385
1444380 2391
1444390 2396
1444400 2396
1444410 2401
1444420 2407
1444430 2407
1444440 2411
1444450 2415
1444460 2415
1444470 2420
1444480 2425
1444490 2431
1444500 2431
1444510 2437
1444520 2443
1444530 2443
1444540 2449
1444550 2456
1444560 2456
1444570 2460
1444580 2461
1444590 2461
1444600 2458
1444610 2452
1444620 2452
1444630 2448
1444640 2448
1444650 2448
1444660 2448
1444670 2452
1444680 2454
1444690 2454
1444700 2460
1444710 2468
1444720 2468
1444730 2473
1444740 2474
1444750 2474
1444760 2473
1444770 2471
1444780 2471
1444790 2469
1444800 2467
1444810 2467
1444820 2465
1444830 2464
1444840 2467
1444850 2467
1444860 2464
1444870 2467
1444880 2467
1444890 2471
1444900 2474
1444910 2474
1444920 2474
1444930 2476
1444940 2476
1444950 2478
1444960 2482
1444970 2482
1444980 2485
1444990 2482
1445000 2479
1445010 2479
1445020 2475
1445030 2470
1445040 2470
1445050 2465
1445060 2461
1445070 2461
1445080 2456
1445090 2453
1445100 2453
1445110 2452
1445120 2450
1445130 2450
1445140 2443
1445150 2443
1445160 2443
1445170 2439
1445180 2433
1445190 2432
1445200 2432
1445210 2429
1445220 2425
1445230 2425
1445240 2422
1445250 2422
1445260 2422
1445270 2421
1445280 2419
1445290 2419
1445300 2416
1445310 2413
1445320 2413
1445330 2411
1445340 2409
1445350 2409
1445360 2409
1445370 2409
1445380 2409
1445390 2409
1445400 2410
1445410 2410
1445420 2410
1445430 2409
1445440 2406
1445450 2406
1445460 2409
1445470 2411
1445480 2411
1445490 2412
1445500 2412
1445510 2412
1445520 2412
1445530 2412
1445540 2414
1445550 2414
1445560 2416
1445570 2416
1445580 2416
1445590 2416
1445600 2416
1445610 2416
1445620 2416
1445630 2416
1445640 2416
1445650 2415
1445660 2412
1445670 2412
1445680 2405
1445690 2402
1445700 2402
1445710 2396
1445720 2391
1445730 2393
1445740 2393
1445750 2399
1445760 2405
1445770 2405
1445780 2410
1445790 2410
1445800 2410
1445810 2404
1445820 2399
1445830 2399
1445840 2399
1445850 2400
1445860 2400
1445870 2401
1445880 2400
1445890 2394
1445900 2394
1445910 2398
1445920 2401
1445930 2401
1445940 2403
1445950 2411
1445960 2411
1445970 2413
1445980 2412
1445990 2412
1446000 2405
1446010 2397
1446020 2397
1446030 2395
1446040 2387
1446050 2387
1446060 2385
1446070 2389
1446080 2394
1446090 2394
1446100 2395
1446110 2397
1446120 2397
1446130 2400
1446140 2401
1446150 2401
1446160 2398
1446170 2396
1446180 2396
1446190 2397
1446200 2397
1446210 2397
1446220 2397
1446230 2399
1446240 2399
1446250 2397
1446260 2396
1446270 2397
1446280 2397
1446290 2399
1446300 2399
1446310 2399
1446320 2408
1446330 2405
1446340 2405
1446350 2406
1446360 2409
1446370 2409
1446380 2411
1446390 2411
1446400 2411
1446410 2408
1446420 2407
1446430 2406
1446440 2406
1446450 2404
1446460 2409
1446470 2409
1446480 2408
1446490 2402
1446500 2402
1446510 2397
1446520 2393
1446530 2393
1446540 2391
1446550 2387
1446560 2387
1446570 2384
1446580 2383
1446590 2383
1446600 2382
1446610 2382
1446620 2381
1446630 2381
1446640 2379
1446650 2380
1446660 2380
1446670 2383
1446680 2386
1446690 2386
1446700 2392
1446710 2398
1446720 2398
1446730 2405
1446740 2410
1446750 2410
1446760 2415
1446770 2420
1446780 2422
1446790 2422
1446800 2424
1446810 2427
1446820 2427
1446830 2428
1446840 2429
1446850 2429
1446860 2432
1446870 2435
1446880 2435
1446890 2439
1446900 2443
1446910 2443
1446920 2446
1446930 2449
1446940 2449
1446950 2452
1446960 2455
1446970 2457
1446980 2457
1446990 2459
1447000 2461
1447010 2461
1447020 2464
1447030 2467
1447040 2467
1447050 2470
1447060 2472
1447070 2472
1447080 2471
1447090 2465
1447100 2465
1447110 2459
1447120 2451
1447130 2443
1447140 2443
1447150 2440
1447160 2436
1447170 2436
1447180 2430
1447190 2421
1447200 2421
1447210 2413
1447220 2403
1447230 2403
1447240 2391
1447250 2382
1447260 2382
1447270 2374
1447280 2367
1447290 2367
1447300 2362
1447310 2357
1447320 2355
1447330 2355
1447340 2353
1447350 2349
1447360 2349
1447370 2345
1447380 2342
1447390 2342
1447400 2337
1447410 2330
1447420 2330
1447430 2320
1447440 2313
1447450 2313
1447460 2309
1447470 2305
1447480 2305
1447490 2300
1447500 2298
1447510 2293
1447520 2293
1447530 2284
1447540 2275
1447550 2275
1447560 2268
1447570 2265
1447580 2265
1447590 2260
1447600 2252
1447610 2252
1447620 2242
1447630 2228
1447640 2228
1447650 2220
1447660 2213
1447670 2208
1447680 2208
1447690 2203
1447700 2198
1447710 2198
1447720 2194
1447730 2190
1447740 2190
1447750 2177
1447760 2158
1447770 2158
1447780 2140
1447790 2131
1447800 2131
1447810 2124
1447820 2118
1447830 2118
1447840 2113
1447850 2108
1447860 2103
1447870 2103
1447880 2099
1447890 2094
1447900 2094
1447910 2091
1447920 2087
1447930 2087
1447940 2084
1447950 2082
1447960 2082
1447970 2080
1447980 2079
1447990 2079
1448000 2078
1448010 2078
1448020 2078
1448030 2078
1448040 2075
1448050 2071
1448060 2071
1448070 2067
1448080 2063
1448090 2063
1448100 2060
1448110 2056
1448120 2056
1448130 2050
1448140 2043
1448150 2043
1448160 2037
1448170 2032
1448180 2032
1448190 2026
1448200 2021
1448210 2016
1448220 2016
1448230 2012
1448240 2008
1448250 2008
1448260 2005
1448270 2002
1448280 2002
1448290 1999
1448300 1995
1448310 1995
1448320 1992
1448330 1988
1448340 1988
1448350 1984
1448360 1980
1448370 1979
1448380 1979
1448390 1978
1448400 1975
1448410 1975
1448420 1972
1448430 1969
1448440 1969
1448450 1965
1448460 1961
1448470 1961
1448480 1955
1448490 1949
1448500 1949
1448510 1949
1448520 1948
1448530 1948
1448540 1947
1448550 1947
1448560 1947
1448570 1947
1448580 1946
1448590 1946
1448600 1946
1448610 1947
1448620 1947
1448630 1947
1448640 1947
1448650 1946
1448660 1946
1448670 1949
1448680 1951
1448690 1951
1448700 1956
1448710 1961
1448720 1961
1448730 1966
1448740 1969
1448750 1971
1448760 1971
1448770 1972
1448780 1973
1448790 1973
1448800 1973
1448810 1974
1448820 1974
1448830 1976
1448840 1978
1448850 1978
1448860 1980
1448870 1981
1448880 1981
1448890 1982
1448900 1982
1448910 1982
1448920 1982
1448930 1982
1448940 1984
1448950 1984
1448960 1985
1448970 1989
1448980 1989
1448990 1994
1449000 1996
1449010 1996
1449020 1997
1449030 1998
1449040 1998
1449050 1999
1449060 2000
1449070 2000
1449080 2002
1449090 2004
1449100 2005
1449110 2005
1449120 2007
1449130 2009
1449140 2009
1449150 2010
1449160 2012
1449170 2012
1449180 2015
1449190 2018
1449200 2018
1449210 2022
1449220 2029
1449230 2029
1449240 2034
1449250 2037
1449260 2040
1449270 2040
1449280 2044
1449290 2050
1449300 2050
1449310 2054
1449320 2059
1449330 2059
1449340 2064
1449350 2068
1449360 2068
1449370 2071
1449380 2073
1449390 2073
1449400 2072
1449410 2071
1449420 2071
1449430 2069
1449440 2067
1449450 2067
1449460 2067
1449470 2067
1449480 2066
1449490 2066
1449500 2061
1449510 2062
1449520 2062
1449530 2067
1449540 2067
1449550 2067
1449560 2068
1449570 2070
1449580 2070
1449590 2071
1449600 2073
1449610 2073
1449620 2075
1449630 2077
1449640 2079
1449650 2079
1449660 2081
1449670 2081
1449680 2081
1449690 2082
1449700 2084
1449710 2084
1449720 2085
1449730 2087
1449740 2087
1449750 2089
1449760 2091
1449770 2091
1449780 2093
1449790 2098
1449800 2101
1449810 2101
1449820 2103
1449830 2104
1449840 2104
1449850 2106
1449860 2108
1449870 2108
1449880 2110
1449890 2112
1449900 2112
1449910 2114
1449920 2114
1449930 2114
1449940 2115
1449950 2116
1449960 2116
1449970 2116
1449980 2116
1449990 2116
1450000 2116
1450010 2117
1450020 2117
1450030 2117
1450040 2116
1450050 2116
1450060 2116
1450070 2116
1450080 2117
1450090 2117
1450100 2116
1450110 2116
1450120 2116
1450130 2115
1450140 2116
1450150 2116
1450160 2116
1450170 2116
1450180 2116
1450190 2116
1450200 2116
1450210 2119
1450220 2119
1450230 2123
1450240 2132
1450250 2132
1450260 2141
1450270 2146
1450280 2146
1450290 2150
1450300 2152
1450310 2152
1450320 2155
1450330 2161
1450340 2167
1450350 2167
1450360 2175
1450370 2184
1450380 2184
1450390 2190
1450400 2194
1450410 2194
1450420 2196
1450430 2198
1450440 2198
1450450 2199
1450460 2201
1450470 2201
1450480 2204
1450490 2206
1450500 2208
1450510 2208
1450520 2209
1450530 2211
1450540 2211
1450550 2211
1450560 2210
1450570 2210
1450580 2209
1450590 2210
1450600 2210
1450610 2212
1450620 2214
1450630 2214
1450640 2216
1450650 2219
1450660 2219
1450670 2224
1450680 2227
1450690 2228
1450700 2228
1450710 2230
1450720 2234
1450730 2234
1450740 2238
1450750 2242
1450760 2242
1450770 2248
1450780 2255
1450790 2255
1450800 2262
1450810 2270
1450820 2270
1450830 2280
1450840 2291
1450850 2291
1450860 2298
1450870 2304
1450880 2308
1450890 2308
1450900 2310
1450910 2312
1450920 2312
1450930 2317
1450940 2321
1450950 2321
1450960 2322
1450970 2323
1450980 2323
1450990 2324
1451000 2325
1451010 2325
1451020 2325
1451030 2325
1451040 2328
1451050 2328
1451060 2331
1451070 2334
1451080 2334
1451090 2337
1451100 2340
1451110 2340
1451120 2344
1451130 2347
1451140 2347
1451150 2349
1451160 2351
1451170 2351
1451180 2353
1451190 2355
1451200 2355
1451210 2358
1451220 2361
1451230 2364
1451240 2364
1451250 2366
1451260 2369
1451270 2369
1451280 2373
1451290 2376
1451300 2376
1451310 2381
1451320 2385
1451330 2385
1451340 2389
1451350 2393
1451360 2393
1451370 2396
1451380 2400
1451390 2405
1451400 2405
1451410 2411
1451420 2418
1451430 2418
1451440 2424
1451450 2430
1451460 2430
1451470 2436
1451480 2439
1451490 2439
1451500 2442
1451510 2445
1451520 2445
1451530 2452
1451540 2458
1451550 2458
1451560 2466
1451570 2472
1451580 2476
1451590 2476
1451600 2478
1451610 2481
1451620 2481
1451630 2484
1451640 2488
1451650 2488
1451660 2493
1451670 2498
1451680 2498
1451690 2503
1451700 2509
1451710 2509
1451720 2514
1451730 2519
1451740 2523
1451750 2523
1451760 2526
1451770 2530
1451780 2530
1451790 2537
1451800 2543
1451810 2543
1451820 2548
1451830 2549
1451840 2549
1451850 2545
1451860 2537
1451870 2537
1451880 2528
1451890 2520
1451900 2520
1451910 2509
1451920 2500
1451930 2494
1451940 2494
1451950 2486
1451960 2478
1451970 2478
1451980 2468
1451990 2457
1452000 2457
1452010 2447
1452020 2438
1452030 2438
1452040 2432
1452050 2426
1452060 2426
1452070 2422
1452080 2417
1452090 2417
1452100 2411
1452110 2406
1452120 2401
1452130 2401
1452140 2395
1452150 2390
1452160 2390
1452170 2386
1452180 2382
1452190 2382
1452200 2379
1452210 2376
1452220 2376
1452230 2374
1452240 2371
1452250 2371
1452260 2368
1452270 2363
1452280 2361
1452290 2361
1452300 2360
1452310 2360
1452320 2360
1452330 2358
1452340 2356
1452350 2356
1452360 2347
1452370 2340
1452380 2340
1452390 2337
1452400 2334
1452410 2334
1452420 2331
1452430 2322
1452440 2322
1452450 2312
1452460 2303
1452470 2295
1452480 2295
1452490 2289
1452500 2283
1452510 2283
1452520 2279
1452530 2273
1452540 2273
1452550 2269
1452560 2265
1452570 2265
1452580 2262
1452590 2261
1452600 2261
1452610 2261
1452620 2264
1452630 2267
1452640 2267
1452650 2268
1452660 2269
1452670 2269
1452680 2267
1452690 2265
1452700 2265
1452710 2261
1452720 2253
1452730 2253
1452740 2244
1452750 2226
1452760 2226
1452770 2209
1452780 2199
1452790 2199
1452800 2196
1452810 2194
1452820 2191
1452830 2191
1452840 2188
1452850 2187
1452860 2187
1452870 2187
1452880 2187
1452890 2187
1452900 2184
1452910 2177
1452920 2177
1452930 2175
1452940 2169
1452950 2169
1452960 2163
1452970 2150
1452980 2140
1452990 2140
1453000 2135
1453010 2132
1453020 2132
1453030 2130
1453040 2128
1453050 2128
1453060 2126
1453070 2125
1453080 2125
1453090 2124
1453100 2123
1453110 2123
1453120 2125
1453130 2126
1453140 2126
1453150 2125
1453160 2121
1453170 2117
1453180 2117
1453190 2113
1453200 2111
1453210 2111
1453220 2110
1453230 2109
1453240 2109
1453250 2108
1453260 2107
1453270 2107
1453280 2106
1453290 2105
1453300 2105
1453310 2104
1453320 2105
1453330 2105
1453340 2106
1453350 2106
1453360 2106
1453370 2106
1453380 2105
1453390 2104
1453400 2104
1453410 2103
1453420 2103
1453430 2103
1453440 2102
1453450 2102
1453460 2102
1453470 2100
1453480 2100
1453490 2100
1453500 2102
1453510 2101
1453520 2101
1453530 2101
1453540 2101
1453550 2102
1453560 2102
1453570 2103
1453580 2104
1453590 2104
1453600 2107
1453610 2109
1453620 2109
1453630 2108
1453640 2110
1453650 2110
1453660 2110
1453670 2111
1453680 2111
1453690 2111
1453700 2111
1453710 2110
1453720 2110
1453730 2110
1453740 2111
1453750 2111
1453760 2112
1453770 2114
1453780 2114
1453790 2118
1453800 2120
1453810 2120
1453820 2123
1453830 2126
1453840 2126
1453850 2130
1453860 2133
1453870 2136
1453880 2136
1453890 2141
1453900 2145
1453910 2145
1453920 2150
1453930 2156
1453940 2156
1453950 2161
1453960 2166
1453970 2166
1453980 2171
1453990 2176
1454000 2176
1454010 2181
1454020 2185
1454030 2185
1454040 2191
1454050 2196
1454060 2201
1454070 2201
1454080 2207
1454090 2212
1454100 2212
1454110 2217
1454120 2222
1454130 2222
1454140 2227
1454150 2231
1454160 2231
1454170 2236
1454180 2239
1454190 2239
1454200 2245
1454210 2251
1454220 2257
1454230 2257
1454240 2264
1454250 2267
1454260 2267
1454270 2271
1454280 2275
1454290 2275
1454300 2279
1454310 2282
1454320 2282
1454330 2286
1454340 2290
1454350 2290
1454360 2294
1454370 2298
1454380 2298
1454390 2302
1454400 2306
1454410 2309
1454420 2309
1454430 2314
1454440 2318
1454450 2318
1454460 2323
1454470 2328
1454480 2328
1454490 2333
1454500 2337
1454510 2337
1454520 2346
1454530 2355
1454540 2355
1454550 2363
1454560 2370
1454570 2370
1454580 2375
1454590 2380
1454600 2387
1454610 2387
1454620 2389
1454630 2382
1454640 2382
1454650 2382
1454660 2386
1454670 2386
1454680 2390
1454690 2397
1454700 2397
1454710 2398
1454720 2392
1454730 2392
1454740 2395
1454750 2399
1454760 2402
1454770 2402
1454780 2404
1454790 2406
1454800 2406
1454810 2408
1454820 2415
1454830 2415
1454840 2421
1454850 2429
1454860 2429
1454870 2434
1454880 2437
1454890 2437
1454900 2448
1454910 2459
1454920 2459
1454930 2458
1454940 2458
1454950 2463
1454960 2463
1454970 2469
1454980 2476
1454990 2476
1455000 2484
1455010 2491
1455020 2491
1455030 2493
1455040 2498
1455050 2498
1455060 2506
1455070 2513
1455080 2513
1455090 2520
1455100 2526
1455110 2532
1455120 2532
1455130 2535
1455140 2531
1455150 2531
1455160 2524
1455170 2518
1455180 2518
1455190 2513
1455200 2507
1455210 2507
1455220 2502
1455230 2500
1455240 2500
1455250 2497
1455260 2496
1455270 2496
1455280 2491
1455290 2486
1455300 2486
1455310 2486
1455320 2489
1455330 2492
1455340 2492
1455350 2491
1455360 2486
1455370 2486
1455380 2485
1455390 2485
1455400 2485
1455410 2484
1455420 2485
1455430 2485
1455440 2487
1455450 2484
1455460 2484
1455470 2475
1455480 2467
1455490 2459
1455500 2459
1455510 2451
1455520 2440
1455530 2440
1455540 2432
1455550 2426
1455560 2426
1455570 2420
1455580 2415
1455590 2415
1455600 2410
1455610 2407
1455620 2407
1455630 2405
1455640 2402
1455650 2398
1455660 2398
1455670 2393
1455680 2387
1455690 2387
1455700 2381
1455710 2375
1455720 2375
1455730 2368
1455740 2362
1455750 2362
1455760 2356
1455770 2348
1455780 2348
1455790 2341
1455800 2332
1455810 2332
1455820 2325
1455830 2319
1455840 2314
1455850 2314
1455860 2308
1455870 2303
1455880 2303
1455890 2298
1455900 2292
1455910 2292
1455920 2287
1455930 2284
1455940 2284
1455950 2281
1455960 2279
1455970 2279
1455980 2276
1455990 2273
1456000 2269
1456010 2269
1456020 2264
1456030 2262
1456040 2262
1456050 2261
1456060 2262
1456070 2262
1456080 2264
1456090 2270
1456100 2270
1456110 2272
1456120 2270
1456130 2270
1456140 2268
1456150 2268
1456160 2268
1456170 2267
1456180 2267
1456190 2265
1456200 2265
1456210 2264
1456220 2262
1456230 2262
1456240 2259
1456250 2256
1456260 2256
1456270 2251
1456280 2252
1456290 2252
1456300 2253
1456310 2253
1456320 2253
1456330 2251
1456340 2249
1456350 2247
1456360 2247
1456370 2245
1456380 2242
1456390 2242
1456400 2238
1456410 2233
1456420 2233
1456430 2229
1456440 2227
1456450 2227
1456460 2227
1456470 2227
1456480 2227
1456490 2227
1456500 2227
1456510 2227
1456520 2227
1456530 2226
1456540 2224
1456550 2224
1456560 2225
1456570 2228
1456580 2228
1456590 2231
1456600 2231
1456610 2231
1456620 2232
1456630 2232
1456640 2232
1456650 2232
1456660 2230
1456670 2230
1456680 2228
1456690 2228
1456700 2228
1456710 2228
1456720 2229
1456730 2231
1456740 2231
1456750 2231
1456760 2231
1456770 2231
1456780 2233
1456790 2234
1456800 2234
1456810 2236
1456820 2238
1456830 2238
1456840 2240
1456850 2242
1456860 2242
1456870 2243
1456880 2243
1456890 2245
1456900 2245
1456910 2246
1456920 2245
1456930 2245
1456940 2245
1456950 2245
1456960 2245
1456970 2246
1456980 2247
1456990 2247
1457000 2248
1457010 2250
1457020 2250
1457030 2252
1457040 2254
1457050 2254
1457060 2256
1457070 2259
1457080 2262
1457090 2262
1457100 2264
1457110 2268
1457120 2268
1457130 2271
1457140 2275
1457150 2275
1457160 2280
1457170 2283
1457180 2283
1457190 2283
1457200 2283
1457210 2283
1457220 2283
1457230 2282
1457240 2282
1457250 2282
1457260 2284
1457270 2286
1457280 2286
1457290 2289
1457300 2294
1457310 2294
1457320 2305
1457330 2314
1457340 2314
1457350 2318
1457360 2323
1457370 2323
1457380 2329
1457390 2335
1457400 2335
1457410 2338
1457420 2343
1457430 2348
1457440 2348
1457450 2352
1457460 2357
1457470 2357
1457480 2362
1457490 2366
1457500 2366
1457510 2370
1457520 2375
1457530 2375
1457540 2380
1457550 2384
1457560 2384
1457570 2388
1457580 2393
1457590 2397
1457600 2397
1457610 2400
1457620 2403
1457630 2403
1457640 2406
1457650 2411
1457660 2411
1457670 2415
1457680 2419
1457690 2419
1457700 2421
1457710 2420
1457720 2420
1457730 2417
1457740 2413
1457750 2413
1457760 2405
1457770 2397
1457780 2391
1457790 2391
1457800 2384
1457810 2377
1457820 2377
1457830 2369
1457840 2363
1457850 2363
1457860 2357
1457870 2352
1457880 2352
1457890 2347
1457900 2342
1457910 2342
1457920 2337
1457930 2334
1457940 2334
1457950 2330
1457960 2328
1457970 2327
1457980 2327
1457990 2326
1458000 2326
1458010 2326
1458020 2326
1458030 2321
1458040 2321
1458050 2317
1458060 2314
1458070 2314
1458080 2311
1458090 2307
1458100 2307
1458110 2301
1458120 2296
1458130 2288
1458140 2288
1458150 2280
1458160 2271
1458170 2271
1458180 2263
1458190 2256
1458200 2256
1458210 2250
1458220 2247
1458230 2247
1458240 2245
1458250 2243
1458260 2243
1458270 2242
1458280 2243
1458290 2243
1458300 2246
1458310 2249
1458320 2252
1458330 2252
1458340 2256
1458350 2261
1458360 2261
1458370 2267
1458380 2272
1458390 2272
1458400 2279
1458410 2282
1458420 2282
1458430 2283
1458440 2280
1458450 2280
1458460 2277
1458470 2277
1458480 2276
1458490 2276
1458500 2275
1458510 2271
1458520 2271
1458530 2266
1458540 2261
1458550 2261
1458560 2256
1458570 2251
1458580 2251
1458590 2245
1458600 2238
1458610 2238
1458620 2228
1458630 2223
1458640 2223
1458650 2217
1458660 2205
1458670 2197
1458680 2197
1458690 2190
1458700 2180
1458710 2180
1458720 2171
1458730 2163
1458740 2163
1458750 2156
1458760 2149
1458770 2149
1458780 2143
1458790 2133
1458800 2133
1458810 2123
1458820 2116
1458830 2116
1458840 2107
1458850 2099
1458860 2093
1458870 2093
1458880 2087
1458890 2079
1458900 2079
1458910 2072
1458920 2066
1458930 2066
1458940 2058
1458950 2050
1458960 2050
1458970 2040
1458980 2030
1458990 2030
1459000 2023
1459010 2014
1459020 2007
1459030 2007
1459040 2001
1459050 1994
1459060 1994
1459070 1988
1459080 1984
1459090 1984
1459100 1978
1459110 1971
1459120 1971
1459130 1966
1459140 1960
1459150 1960
1459160 1948
1459170 1937
1459180 1937
1459190 1926
1459200 1915
1459210 1909
1459220 1909
1459230 1904
1459240 1896
1459250 1896
1459260 1889
1459270 1881
1459280 1881
1459290 1875
1459300 1870
1459310 1870
1459320 1866
1459330 1862
1459340 1862
1459350 1853
1459360 1842
1459370 1834
1459380 1834
1459390 1828
1459400 1823
1459410 1823
1459420 1818
1459430 1812
1459440 1812
1459450 1803
1459460 1793
1459470 1793
1459480 1786
1459490 1780
1459500 1780
1459510 1775
1459520 1771
1459530 1771
1459540 1766
1459550 1761
1459560 1755
1459570 1755
1459580 1750
1459590 1748
1459600 1748
1459610 1749
1459620 1749
1459630 1749
1459640 1751
1459650 1751
1459660 1751
1459670 1753
1459680 1754
1459690 1754
1459700 1755
1459710 1756
1459720 1759
1459730 1759
1459740 1763
1459750 1767
1459760 1767
1459770 1769
1459780 1771
1459790 1771
1459800 1773
1459810 1776
1459820 1776
1459830 1780
1459840 1783
1459850 1783
1459860 1786
1459870 1788
1459880 1788
1459890 1792
1459900 1797
1459910 1802
1459920 1802
1459930 1808
1459940 1814
1459950 1814
1459960 1818
1459970 1822
1459980 1822
1459990 1824
