1440000 1929
1440010 1931
1440020 1932
1440030 1932
1440040 1933
1440050 1934
1440060 1933
1440070 1933
1440080 1932
1440090 1932
1440100 1932
1440110 1933
1440120 1936
1440130 1936
1440140 1937
1440150 1939
1440160 1939
1440170 1939
1440180 1940
1440190 1940
1440200 1942
1440210 1943
1440220 1943
1440230 1943
1440240 1943
1440250 1943
1440260 1943
1440270 1942
1440280 1941
1440290 1945
1440300 1944
1440310 1942
1440320 1942
1440330 1942
1440340 1943
1440350 1943
1440360 1947
1440370 1950
1440380 1950
1440390 1952
1440400 1954
1440410 1957
1440420 1957
1440430 1960
1440440 1964
1440450 1964
1440460 1968
1440470 1972
1440480 1972
1440490 1977
1440500 1982
1440510 1982
1440520 1988
1440530 1993
1440540 1993
1440550 1999
1440560 2006
1440570 2006
1440580 2005
1440590 2004
1440600 2001
1440610 2001
1440620 1996
1440630 1991
1440640 1991
1440650 1986
1440660 1979
1440670 1979
1440680 1972
1440690 1965
1440700 1965
1440710 1956
1440720 1948
1440730 1948
1440740 1941
1440750 1935
1440760 1930
1440770 1930
1440780 1925
1440790 1919
1440800 1919
1440810 1913
1440820 1907
1440830 1907
1440840 1902
1440850 1897
1440860 1897
1440870 1891
1440880 1888
1440890 1888
1440900 1882
1440910 1877
1440920 1877
1440930 1871
1440940 1865
1440950 1860
1440960 1860
1440970 1855
1440980 1849
1440990 1849
1441000 1844
1441010 1840
1441020 1840
1441030 1836
1441040 1832
1441050 1832
1441060 1829
1441070 1826
1441080 1826
1441090 1824
1441100 1822
1441110 1822
1441120 1819
1441130 1816
1441140 1811
1441150 1811
1441160 1807
1441170 1808
1441180 1808
1441190 1810
1441200 1810
1441210 1810
1441220 1807
1441230 1804
1441240 1804
1441250 1800
1441260 1798
1441270 1798
1441280 1796
1441290 1793
1441300 1790
1441310 1790
1441320 1785
1441330 1779
1441340 1779
1441350 1769
1441360 1759
1441370 1759
1441380 1752
1441390 1743
1441400 1743
1441410 1731
1441420 1719
1441430 1719
1441440 1713
1441450 1712
1441460 1712
1441470 1712
1441480 1712
1441490 1712
1441500 1712
1441510 1712
1441520 1711
1441530 1711
1441540 1707
1441550 1702
1441560 1702
1441570 1697
1441580 1693
1441590 1693
1441600 1691
1441610 1689
1441620 1689
1441630 1687
1441640 1684
1441650 1684
1441660 1681
1441670 1677
1441680 1674
1441690 1674
1441700 1670
1441710 1668
1441720 1668
1441730 1665
1441740 1662
1441750 1662
1441760 1658
1441770 1653
1441780 1653
1441790 1648
1441800 1643
1441810 1643
1441820 1638
1441830 1633
1441840 1628
1441850 1628
1441860 1623
1441870 1618
1441880 1618
1441890 1614
1441900 1611
1441910 1611
1441920 1609
1441930 1607
1441940 1607
1441950 1605
1441960 1599
1441970 1599
1441980 1592
1441990 1593
1442000 1593
1442010 1597
1442020 1600
1442030 1605
1442040 1605
1442050 1611
1442060 1616
1442070 1616
1442080 1622
1442090 1629
1442100 1629
1442110 1639
1442120 1647
1442130 1647
1442140 1653
1442150 1659
1442160 1659
1442170 1664
1442180 1670
1442190 1677
1442200 1677
1442210 1684
1442220 1691
1442230 1691
1442240 1699
1442250 1707
1442260 1707
1442270 1714
1442280 1722
1442290 1722
1442300 1731
1442310 1739
1442320 1739
1442330 1747
1442340 1753
1442350 1753
1442360 1762
1442370 1770
1442380 1778
1442390 1778
1442400 1783
1442410 1788
1442420 1788
1442430 1793
1442440 1800
1442450 1800
1442460 1805
1442470 1809
1442480 1809
1442490 1813
1442500 1817
1442510 1817
1442520 1821
1442530 1824
1442540 1824
1442550 1830
1442560 1837
1442570 1844
1442580 1844
1442590 1850
1442600 1856
1442610 1856
1442620 1861
1442630 1867
1442640 1867
1442650 1875
1442660 1884
1442670 1884
1442680 1896
1442690 1898
1442700 1898
1442710 1902
1442720 1906
1442730 1909
1442740 1909
1442750 1913
1442760 1915
1442770 1915
1442780 1916
1442790 1918
1442800 1918
1442810 1919
1442820 1923
1442830 1923
1442840 1928
1442850 1933
1442860 1933
1442870 1937
1442880 1942
1442890 1942
1442900 1946
1442910 1949
1442920 1953
1442930 1953
1442940 1958
1442950 1962
1442960 1962
1442970 1965
1442980 1968
1442990 1968
1443000 1969
1443010 1971
1443020 1971
1443030 1975
1443040 1978
1443050 1978
1443060 1980
1443070 1980
1443080 1980
1443090 1980
1443100 1981
1443110 1982
1443120 1982
1443130 1986
1443140 1990
1443150 1990
1443160 1995
1443170 1996
1443180 1996
1443190 1995
1443200 1995
1443210 1995
1443220 1996
1443230 1998
1443240 2006
1443250 2007
1443260 2008
1443270 2010
1443280 2010
1443290 2010
1443300 2011
1443310 2011
1443320 2011
1443330 2011
1443340 2011
1443350 2009
1443360 2008
1443370 2008
1443380 2007
1443390 2006
1443400 2006
1443410 2007
1443420 2008
1443430 2008
1443440 2009
1443450 2010
1443460 2010
1443470 2010
1443480 2011
1443490 2012
1443500 2012
1443510 2014
1443520 2016
1443530 2016
1443540 2017
1443550 2017
1443560 2017
1443570 2017
1443580 2017
1443590 2017
1443600 2018
1443610 2019
1443620 2019
1443630 2019
1443640 2018
1443650 2016
1443660 2016
1443670 2015
1443680 2013
1443690 2013
1443700 2012
1443710 2012
1443720 2012
1443730 2011
1443740 2009
1443750 2009
1443760 2007
1443770 2007
1443780 2007
1443790 2009
1443800 2011
1443810 2013
1443820 2013
1443830 2012
1443840 2011
1443850 2011
1443860 2009
1443870 2007
1443880 2007
1443890 2005
1443900 2000
1443910 2000
1443920 1995
1443930 1993
1443940 1993
1443950 1994
1443960 1996
1443970 1996
1443980 1999
1443990 2002
1444000 2005
1444010 2005
1444020 2007
1444030 2010
1444040 2010
1444050 2013
1444060 2016
1444070 2016
1444080 2019
1444090 2022
1444100 2022
1444110 2025
1444120 2028
1444130 2028
1444140 2031
1444150 2035
1444160 2037
1444170 2037
1444180 2040
1444190 2043
1444200 2043
1444210 2046
1444220 2048
1444230 2048
1444240 2051
1444250 2053
1444260 2053
1444270 2055
1444280 2056
1444290 2056
1444300 2058
1444310 2060
1444320 2060
1444330 2063
1444340 2064
1444350 2066
1444360 2066
1444370 2068
1444380 2070
1444390 2070
1444400 2072
1444410 2074
1444420 2074
1444430 2076
1444440 2077
1444450 2077
1444460 2079
1444470 2081
1444480 2081
1444490 2083
1444500 2085
1444510 2085
1444520 2086
1444530 2087
1444540 2089
1444550 2089
1444560 2091
1444570 2094
1444580 2094
1444590 2096
1444600 2099
1444610 2099
1444620 2101
1444630 2103
1444640 2103
1444650 2106
1444660 2109
1444670 2109
1444680 2112
1444690 2115
1444700 2118
1444710 2118
1444720 2122
1444730 2129
1444740 2129
1444750 2133
1444760 2139
1444770 2139
1444780 2145
1444790 2149
1444800 2149
1444810 2152
1444820 2154
1444830 2154
1444840 2155
1444850 2155
1444860 2155
1444870 2156
1444880 2158
1444890 2158
1444900 2158
1444910 2157
1444920 2156
1444930 2156
1444940 2156
1444950 2157
1444960 2157
1444970 2159
1444980 2162
1444990 2162
1445000 2164
1445010 2167
1445020 2167
1445030 2170
1445040 2174
1445050 2179
1445060 2179
1445070 2185
1445080 2190
1445090 2190
1445100 2195
1445110 2200
1445120 2200
1445130 2204
1445140 2208
1445150 2208
1445160 2212
1445170 2216
1445180 2216
1445190 2220
1445200 2223
1445210 2223
1445220 2226
1445230 2231
1445240 2236
1445250 2236
1445260 2240
1445270 2244
1445280 2244
1445290 2246
1445300 2249
1445310 2249
1445320 2254
1445330 2258
1445340 2258
1445350 2263
1445360 2268
1445370 2268
1445380 2272
1445390 2277
1445400 2277
1445410 2283
1445420 2288
1445430 2294
1445440 2294
1445450 2300
1445460 2307
1445470 2307
1445480 2314
1445490 2319
1445500 2319
1445510 2324
1445520 2328
1445530 2328
1445540 2333
1445550 2338
1445560 2338
1445570 2344
1445580 2348
1445590 2353
1445600 2353
1445610 2357
1445620 2359
1445630 2359
1445640 2364
1445650 2371
1445660 2371
1445670 2378
1445680 2384
1445690 2384
1445700 2390
1445710 2398
1445720 2398
1445730 2404
1445740 2410
1445750 2410
1445760 2417
1445770 2424
1445780 2431
1445790 2431
1445800 2439
1445810 2445
1445820 2445
1445830 2452
1445840 2457
1445850 2457
1445860 2464
1445870 2470
1445880 2470
1445890 2473
1445900 2469
1445910 2469
1445920 2466
1445930 2463
1445940 2463
1445950 2464
1445960 2462
1445970 2461
1445980 2461
1445990 2459
1446000 2458
1446010 2458
1446020 2456
1446030 2454
1446040 2454
1446050 2453
1446060 2452
1446070 2452
1446080 2451
1446090 2449
1446100 2449
1446110 2447
1446120 2445
1446130 2443
1446140 2443
1446150 2441
1446160 2438
1446170 2438
1446180 2434
1446190 2430
1446200 2430
1446210 2426
1446220 2422
1446230 2422
1446240 2418
1446250 2416
1446260 2416
1446270 2413
1446280 2410
1446290 2410
1446300 2408
1446310 2408
1446320 2408
1446330 2408
1446340 2409
1446350 2409
1446360 2409
1446370 2410
1446380 2408
1446390 2408
1446400 2407
1446410 2403
1446420 2395
1446430 2386
1446440 2378
1446450 2378
1446460 2368
1446470 2359
1446480 2351
1446490 2351
1446500 2338
1446510 2330
1446520 2330
1446530 2324
1446540 2318
1446550 2318
1446560 2314
1446570 2313
1446580 2313
1446590 2306
1446600 2293
1446610 2293
1446620 2280
1446630 2277
1446640 2277
1446650 2279
1446660 2279
1446670 2276
1446680 2276
1446690 2273
1446700 2269
1446710 2269
1446720 2266
1446730 2263
1446740 2263
1446750 2253
1446760 2240
1446770 2240
1446780 2225
1446790 2218
1446800 2218
1446810 2212
1446820 2207
1446830 2207
1446840 2208
1446850 2211
1446860 2212
1446870 2212
1446880 2207
1446890 2201
1446900 2201
1446910 2199
1446920 2200
1446930 2200
1446940 2197
1446950 2189
1446960 2189
1446970 2180
1446980 2175
1446990 2175
1447000 2170
1447010 2166
1447020 2166
1447030 2166
1447040 2169
1447050 2176
1447060 2176
1447070 2179
1447080 2180
1447090 2180
1447100 2183
1447110 2185
1447120 2185
1447130 2189
1447140 2188
1447150 2188
1447160 2186
1447170 2185
1447180 2185
1447190 2182
1447200 2178
1447210 2173
1447220 2173
1447230 2169
1447240 2167
1447250 2167
1447260 2164
1447270 2161
1447280 2161
1447290 2162
1447300 2162
1447310 2162
1447320 2158
1447330 2152
1447340 2152
1447350 2146
1447360 2141
1447370 2141
1447380 2139
1447390 2137
1447400 2134
1447410 2134
1447420 2132
1447430 2128
1447440 2128
1447450 2128
1447460 2127
1447470 2127
1447480 2126
1447490 2125
1447500 2125
1447510 2125
1447520 2123
1447530 2123
1447540 2124
1447550 2125
1447560 2126
1447570 2126
1447580 2123
1447590 2122
1447600 2122
1447610 2121
1447620 2120
1447630 2120
1447640 2119
1447650 2119
1447660 2119
1447670 2119
1447680 2119
1447690 2119
1447700 2119
1447710 2119
1447720 2119
1447730 2122
1447740 2124
1447750 2127
1447760 2127
1447770 2130
1447780 2134
1447790 2134
1447800 2137
1447810 2141
1447820 2141
1447830 2145
1447840 2148
1447850 2148
1447860 2152
1447870 2155
1447880 2155
1447890 2159
1447900 2162
1447910 2165
1447920 2165
1447930 2167
1447940 2169
1447950 2169
1447960 2171
1447970 2173
1447980 2173
1447990 2175
1448000 2177
1448010 2177
1448020 2181
1448030 2183
1448040 2183
1448050 2186
1448060 2188
1448070 2188
1448080 2192
1448090 2195
1448100 2197
1448110 2197
1448120 2199
1448130 2200
1448140 2200
1448150 2200
1448160 2199
1448170 2199
1448180 2199
1448190 2199
1448200 2199
1448210 2199
1448220 2200
1448230 2200
1448240 2200
1448250 2201
1448260 2201
1448270 2201
1448280 2202
1448290 2203
1448300 2203
1448310 2204
1448320 2205
1448330 2205
1448340 2207
1448350 2209
1448360 2209
1448370 2211
1448380 2213
1448390 2213
1448400 2214
1448410 2215
1448420 2215
1448430 2218
1448440 2221
1448450 2225
1448460 2225
1448470 2229
1448480 2233
1448490 2233
1448500 2236
1448510 2240
1448520 2240
1448530 2243
1448540 2247
1448550 2247
1448560 2252
1448570 2257
1448580 2257
1448590 2261
1448600 2264
1448610 2264
1448620 2267
1448630 2271
1448640 2275
1448650 2275
1448660 2279
1448670 2284
1448680 2284
1448690 2289
1448700 2289
1448710 2289
1448720 2280
1448730 2266
1448740 2266
1448750 2258
1448760 2253
1448770 2253
1448780 2249
1448790 2244
1448800 2244
1448810 2240
1448820 2236
1448830 2232
1448840 2232
1448850 2230
1448860 2229
1448870 2229
1448880 2228
1448890 2228
1448900 2228
1448910 2227
1448920 2224
1448930 2224
1448940 2221
1448950 2218
1448960 2218
1448970 2217
1448980 2218
1448990 2218
1449000 2218
1449010 2221
1449020 2223
1449030 2223
1449040 2225
1449050 2227
1449060 2227
1449070 2228
1449080 2228
1449090 2228
1449100 2229
1449110 2229
1449120 2229
1449130 2228
1449140 2226
1449150 2226
1449160 2227
1449170 2229
1449180 2232
1449190 2232
1449200 2235
1449210 2238
1449220 2238
1449230 2240
1449240 2242
1449250 2242
1449260 2245
1449270 2249
1449280 2249
1449290 2253
1449300 2257
1449310 2257
1449320 2259
1449330 2261
1449340 2263
1449350 2263
1449360 2265
1449370 2264
1449380 2264
1449390 2265
1449400 2268
1449410 2268
1449420 2272
1449430 2278
1449440 2278
1449450 2285
1449460 2289
1449470 2289
1449480 2293
1449490 2296
1449500 2296
1449510 2297
1449520 2298
1449530 2300
1449540 2300
1449550 2307
1449560 2310
1449570 2310
1449580 2307
1449590 2306
1449600 2306
1449610 2305
1449620 2305
1449630 2305
1449640 2304
1449650 2306
1449660 2306
1449670 2308
1449680 2309
1449690 2309
1449700 2309
1449710 2310
1449720 2313
1449730 2313
1449740 2315
1449750 2317
1449760 2317
1449770 2318
1449780 2319
1449790 2319
1449800 2320
1449810 2322
1449820 2322
1449830 2323
1449840 2325
1449850 2325
1449860 2329
1449870 2333
1449880 2335
1449890 2335
1449900 2343
1449910 2346
1449920 2346
1449930 2352
1449940 2357
1449950 2357
1449960 2362
1449970 2366
1449980 2366
1449990 2372
1450000 2377
1450010 2377
1450020 2384
1450030 2391
1450040 2391
1450050 2396
1450060 2397
1450070 2402
1450080 2402
1450090 2408
1450100 2407
1450110 2407
1450120 2407
1450130 2409
1450140 2409
1450150 2409
1450160 2408
1450170 2408
1450180 2411
1450190 2414
1450200 2414
1450210 2416
1450220 2414
1450230 2414
1450240 2412
1450250 2410
1450260 2411
1450270 2411
1450280 2412
1450290 2414
1450300 2414
1450310 2416
1450320 2418
1450330 2418
1450340 2422
1450350 2424
1450360 2424
1450370 2427
1450380 2432
1450390 2432
1450400 2436
1450410 2440
1450420 2443
1450430 2443
1450440 2447
1450450 2450
1450460 2450
1450470 2452
1450480 2453
1450490 2453
1450500 2455
1450510 2458
1450520 2458
1450530 2461
1450540 2463
1450550 2463
1450560 2468
1450570 2473
1450580 2473
1450590 2478
1450600 2482
1450610 2487
1450620 2487
1450630 2492
1450640 2498
1450650 2498
1450660 2503
1450670 2507
1450680 2507
1450690 2512
1450700 2516
1450710 2516
1450720 2516
1450730 2514
1450740 2514
1450750 2512
1450760 2512
1450770 2513
1450780 2513
1450790 2517
1450800 2521
1450810 2521
1450820 2520
1450830 2520
1450840 2520
1450850 2519
1450860 2521
1450870 2521
1450880 2520
1450890 2520
1450900 2520
1450910 2520
1450920 2519
1450930 2519
1450940 2519
1450950 2519
1450960 2516
1450970 2516
1450980 2511
1450990 2507
1451000 2507
1451010 2503
1451020 2495
1451030 2495
1451040 2487
1451050 2481
1451060 2481
1451070 2478
1451080 2473
1451090 2473
1451100 2467
1451110 2463
1451120 2463
1451130 2460
1451140 2457
1451150 2455
1451160 2455
1451170 2456
1451180 2457
1451190 2457
1451200 2457
1451210 2455
1451220 2455
1451230 2453
1451240 2449
1451250 2449
1451260 2444
1451270 2440
1451280 2440
1451290 2438
1451300 2436
1451310 2435
1451320 2435
1451330 2436
1451340 2438
1451350 2438
1451360 2438
1451370 2439
1451380 2439
1451390 2439
1451400 2441
1451410 2441
1451420 2443
1451430 2443
1451440 2443
1451450 2444
1451460 2444
1451470 2444
1451480 2445
1451490 2447
1451500 2448
1451510 2448
1451520 2450
1451530 2452
1451540 2452
1451550 2455
1451560 2457
1451570 2457
1451580 2458
1451590 2461
1451600 2461
1451610 2462
1451620 2463
1451630 2463
1451640 2465
1451650 2467
1451660 2467
1451670 2470
1451680 2473
1451690 2475
1451700 2475
1451710 2476
1451720 2478
1451730 2478
1451740 2479
1451750 2479
1451760 2479
1451770 2480
1451780 2481
1451790 2481
1451800 2481
1451810 2482
1451820 2482
1451830 2483
1451840 2484
1451850 2484
1451860 2484
1451870 2486
1451880 2487
1451890 2487
1451900 2487
1451910 2488
1451920 2488
1451930 2490
1451940 2493
1451950 2493
1451960 2494
1451970 2494
1451980 2494
1451990 2493
1452000 2493
1452010 2493
1452020 2491
1452030 2489
1452040 2491
1452050 2491
1452060 2495
1452070 2500
1452080 2500
1452090 2503
1452100 2505
1452110 2505
1452120 2506
1452130 2509
1452140 2509
1452150 2513
1452160 2518
1452170 2518
1452180 2524
1452190 2529
1452200 2536
1452210 2536
1452220 2543
1452230 2549
1452240 2549
1452250 2554
1452260 2560
1452270 2560
1452280 2566
1452290 2572
1452300 2572
1452310 2580
1452320 2586
1452330 2586
1452340 2593
1452350 2598
1452360 2598
1452370 2598
1452380 2594
1452390 2590
1452400 2590
1452410 2589
1452420 2588
1452430 2588
1452440 2589
1452450 2591
1452460 2591
1452470 2593
1452480 2590
1452490 2590
1452500 2584
1452510 2577
1452520 2577
1452530 2571
1452540 2568
1452550 2568
1452560 2561
1452570 2554
1452580 2549
1452590 2549
1452600 2547
1452610 2546
1452620 2546
1452630 2542
1452640 2535
1452650 2535
1452660 2533
1452670 2531
1452680 2531
1452690 2528
1452700 2529
1452710 2529
1452720 2534
1452730 2537
1452740 2539
1452750 2539
1452760 2540
1452770 2541
1452780 2541
1452790 2545
1452800 2550
1452810 2550
1452820 2552
1452830 2549
1452840 2549
1452850 2545
1452860 2541
1452870 2541
1452880 2539
1452890 2539
1452900 2539
1452910 2541
1452920 2542
1452930 2545
1452940 2545
1452950 2549
1452960 2549
1452970 2549
1452980 2543
1452990 2535
1453000 2535
1453010 2525
1453020 2518
1453030 2518
1453040 2513
1453050 2510
1453060 2510
1453070 2508
1453080 2506
1453090 2506
1453100 2505
1453110 2504
1453120 2501
1453130 2501
1453140 2499
1453150 2497
1453160 2497
1453170 2495
1453180 2493
1453190 2493
1453200 2491
1453210 2490
1453220 2490
1453230 2490
1453240 2490
1453250 2490
1453260 2489
1453270 2487
1453280 2484
1453290 2484
1453300 2480
1453310 2478
1453320 2478
1453330 2474
1453340 2475
1453350 2475
1453360 2475
1453370 2477
1453380 2477
1453390 2482
1453400 2486
1453410 2486
1453420 2490
1453430 2493
1453440 2493
1453450 2497
1453460 2500
1453470 2503
1453480 2503
1453490 2506
1453500 2510
1453510 2510
1453520 2514
1453530 2520
1453540 2520
1453550 2525
1453560 2531
1453570 2531
1453580 2536
1453590 2542
1453600 2542
1453610 2547
1453620 2552
1453630 2556
1453640 2556
1453650 2559
1453660 2562
1453670 2562
1453680 2565
1453690 2568
1453700 2568
1453710 2572
1453720 2577
1453730 2577
1453740 2583
1453750 2589
1453760 2587
1453770 2594
1453780 2599
1453790 2599
1453800 2605
1453810 2609
1453820 2607
1453830 2607
1453840 2599
1453850 2593
1453860 2593
1453870 2588
1453880 2570
1453890 2570
1453900 2562
1453910 2558
1453920 2558
1453930 2555
1453940 2551
1453950 2551
1453960 2548
1453970 2543
1453980 2543
1453990 2538
1454000 2535
1454010 2531
1454020 2531
1454030 2528
1454040 2526
1454050 2526
1454060 2525
1454070 2525
1454080 2525
1454090 2524
1454100 2521
1454110 2521
1454120 2519
1454130 2516
1454140 2516
1454150 2510
1454160 2503
1454170 2499
1454180 2499
1454190 2494
1454200 2473
1454210 2473
1454220 2463
1454230 2464
1454240 2464
1454250 2464
1454260 2468
1454270 2468
1454280 2468
1454290 2465
1454300 2465
1454310 2463
1454320 2450
1454330 2450
1454340 2444
1454350 2442
1454360 2438
1454370 2438
1454380 2434
1454390 2429
1454400 2429
1454410 2424
1454420 2419
1454430 2419
1454440 2413
1454450 2407
1454460 2407
1454470 2400
1454480 2395
1454490 2395
1454500 2389
1454510 2384
1454520 2384
1454530 2382
1454540 2383
1454550 2384
1454560 2384
1454570 2385
1454580 2386
1454590 2386
1454600 2386
1454610 2387
1454620 2387
1454630 2389
1454640 2392
1454650 2392
1454660 2394
1454670 2396
1454680 2396
1454690 2398
1454700 2401
1454710 2405
1454720 2405
1454730 2410
1454740 2415
1454750 2415
1454760 2418
1454770 2423
1454780 2423
1454790 2428
1454800 2435
1454810 2435
1454820 2441
1454830 2446
1454840 2446
1454850 2451
1454860 2456
1454870 2456
1454880 2462
1454890 2470
1454900 2483
1454910 2483
1454920 2494
1454930 2501
1454940 2501
1454950 2512
1454960 2523
1454970 2523
1454980 2530
1454990 2532
1455000 2532
1455010 2527
1455020 2517
1455030 2517
1455040 2508
1455050 2500
1455060 2492
1455070 2492
1455080 2485
1455090 2480
1455100 2480
1455110 2476
1455120 2474
1455130 2474
1455140 2474
1455150 2474
1455160 2474
1455170 2475
1455180 2475
1455190 2475
1455200 2474
1455210 2471
1455220 2471
1455230 2468
1455240 2464
1455250 2459
1455260 2459
1455270 2455
1455280 2453
1455290 2453
1455300 2451
1455310 2449
1455320 2449
1455330 2448
1455340 2448
1455350 2448
1455360 2448
1455370 2447
1455380 2447
1455390 2447
1455400 2447
1455410 2447
1455420 2448
1455430 2450
1455440 2451
1455450 2451
1455460 2450
1455470 2449
1455480 2449
1455490 2447
1455500 2445
1455510 2445
1455520 2445
1455530 2445
1455540 2445
1455550 2445
1455560 2446
1455570 2446
1455580 2445
1455590 2443
1455600 2442
1455610 2442
1455620 2442
1455630 2445
1455640 2445
1455650 2445
1455660 2445
1455670 2445
1455680 2444
1455690 2443
1455700 2443
1455710 2442
1455720 2440
1455730 2440
1455740 2440
1455750 2442
1455760 2442
1455770 2443
1455780 2442
1455790 2441
1455800 2441
1455810 2442
1455820 2442
1455830 2442
1455840 2442
1455850 2442
1455860 2442
1455870 2441
1455880 2440
1455890 2440
1455900 2436
1455910 2435
1455920 2435
1455930 2436
1455940 2436
1455950 2437
1455960 2437
1455970 2437
1455980 2436
1455990 2436
1456000 2435
1456010 2433
1456020 2433
1456030 2432
1456040 2431
1456050 2431
1456060 2430
1456070 2428
1456080 2428
1456090 2427
1456100 2425
1456110 2425
1456120 2425
1456130 2424
1456140 2424
1456150 2424
1456160 2424
1456170 2423
1456180 2423
1456190 2422
1456200 2419
1456210 2419
1456220 2416
1456230 2414
1456240 2414
1456250 2413
1456260 2410
1456270 2410
1456280 2407
1456290 2403
1456300 2403
1456310 2398
1456320 2391
1456330 2388
1456340 2388
1456350 2386
1456360 2384
1456370 2384
1456380 2383
1456390 2382
1456400 2382
1456410 2381
1456420 2380
1456430 2380
1456440 2379
1456450 2378
1456460 2378
1456470 2376
1456480 2374
1456490 2372
1456500 2372
1456510 2369
1456520 2366
1456530 2366
1456540 2364
1456550 2365
1456560 2365
1456570 2367
1456580 2371
1456590 2371
1456600 2373
1456610 2373
1456620 2373
1456630 2373
1456640 2374
1456650 2374
1456660 2376
1456670 2376
1456680 2376
1456690 2376
1456700 2376
1456710 2376
1456720 2376
1456730 2374
1456740 2373
1456750 2373
1456760 2372
1456770 2369
1456780 2369
1456790 2369
1456800 2365
1456810 2365
1456820 2363
1456830 2360
1456840 2360
1456850 2355
1456860 2347
1456870 2340
1456880 2340
1456890 2335
1456900 2334
1456910 2334
1456920 2334
1456930 2333
1456940 2333
1456950 2334
1456960 2335
1456970 2335
1456980 2335
1456990 2335
1457000 2335
1457010 2334
1457020 2332
1457030 2329
1457040 2329
1457050 2326
1457060 2322
1457070 2322
1457080 2319
1457090 2317
1457100 2317
1457110 2315
1457120 2315
1457130 2315
1457140 2314
1457150 2312
1457160 2312
1457170 2310
1457180 2306
1457190 2306
1457200 2299
1457210 2287
1457220 2281
1457230 2281
1457240 2278
1457250 2276
1457260 2276
1457270 2274
1457280 2270
1457290 2270
1457300 2265
1457310 2257
1457320 2257
1457330 2248
1457340 2246
1457350 2246
1457360 2247
1457370 2248
1457380 2247
1457390 2247
1457400 2247
1457410 2248
1457420 2248
1457430 2247
1457440 2246
1457450 2246
1457460 2245
1457470 2244
1457480 2244
1457490 2242
1457500 2242
1457510 2242
1457520 2243
1457530 2244
1457540 2244
1457550 2244
1457560 2243
1457570 2244
1457580 2244
1457590 2245
1457600 2247
1457610 2247
1457620 2251
1457630 2255
1457640 2255
1457650 2259
1457660 2264
1457670 2264
1457680 2268
1457690 2269
1457700 2269
1457710 2262
1457720 2254
1457730 2254
1457740 2246
1457750 2237
1457760 2230
1457770 2230
1457780 2222
1457790 2215
1457800 2215
1457810 2208
1457820 2200
1457830 2200
1457840 2194
1457850 2188
1457860 2188
1457870 2182
1457880 2175
1457890 2175
1457900 2170
1457910 2166
1457920 2161
1457930 2161
1457940 2154
1457950 2146
1457960 2146
1457970 2138
1457980 2130
1457990 2130
1458000 2124
1458010 2115
1458020 2115
1458030 2107
1458040 2100
1458050 2100
1458060 2090
1458070 2085
1458080 2085
1458090 2079
1458100 2074
1458110 2068
1458120 2068
1458130 2062
1458140 2058
1458150 2058
1458160 2053
1458170 2051
1458180 2047
1458190 2045
1458200 2043
1458210 2043
1458220 2036
1458230 2031
1458240 2031
1458250 2027
1458260 2023
1458270 2023
1458280 2019
1458290 2017
1458300 2015
1458310 2015
1458320 2013
1458330 2010
1458340 2010
1458350 2005
1458360 2003
1458370 2003
1458380 2001
1458390 1999
1458400 1999
1458410 1991
1458420 1986
1458430 1986
1458440 1982
1458450 1978
1458460 1974
1458470 1974
1458480 1973
1458490 1971
1458500 1971
1458510 1971
1458520 1971
1458530 1971
1458540 1974
1458550 1976
1458560 1976
1458570 1978
1458580 1980
1458590 1980
1458600 1980
1458610 1980
1458620 1980
1458630 1980
1458640 1977
1458650 1977
1458660 1977
1458670 1977
1458680 1978
1458690 1978
1458700 1978
1458710 1978
1458720 1978
1458730 1978
1458740 1979
1458750 1979
1458760 1981
1458770 1983
1458780 1983
1458790 1986
1458800 1988
1458810 1991
1458820 1991
1458830 1995
1458840 2000
1458850 2000
1458860 2005
1458870 2009
1458880 2009
1458890 2014
1458900 2020
1458910 2020
1458920 2027
1458930 2038
1458940 2038
1458950 2049
1458960 2059
1458970 2059
1458980 2068
1458990 2073
1459000 2078
1459010 2078
1459020 2079
1459030 2081
1459040 2081
1459050 2078
1459060 2087
1459070 2087
1459080 2098
1459090 2111
1459100 2111
1459110 2123
1459120 2135
1459130 2135
1459140 2149
1459150 2162
1459160 2162
1459170 2171
1459180 2186
1459190 2193
1459200 2193
1459210 2196
1459220 2204
1459230 2204
1459240 2209
1459250 2211
1459260 2211
1459270 2214
1459280 2216
1459290 2216
1459300 2216
1459310 2216
1459320 2216
1459330 2219
1459340 2223
1459350 2224
1459360 2224
1459370 2225
1459380 2228
1459390 2228
1459400 2229
1459410 2225
1459420 2225
1459430 2219
1459440 2216
1459450 2216
1459460 2216
1459470 2216
1459480 2216
1459490 2216
1459500 2217
1459510 2217
1459520 2218
1459530 2218
1459540 2219
1459550 2219
1459560 2220
1459570 2220
1459580 2220
1459590 2220
1459600 2219
1459610 2219
1459620 2220
1459630 2221
1459640 2221
1459650 2223
1459660 2225
1459670 2225
1459680 2227
1459690 2229
1459700 2229
1459710 2232
1459720 2237
1459730 2241
1459740 2241
1459750 2245
1459760 2248
1459770 2248
1459780 2252
1459790 2258
1459800 2258
1459810 2265
1459820 2271
1459830 2271
1459840 2278
1459850 2286
1459860 2286
1459870 2292
1459880 2297
1459890 2301
1459900 2301
1459910 2305
1459920 2306
1459930 2306
1459940 2308
1459950 2312
1459960 2312
1459970 2317
1459980 2321
1459990 2321
