1440000 1539
1440010 1542
1440020 1542
1440030 1544
1440040 1545
1440050 1545
1440060 1547
1440070 1551
1440080 1551
1440090 1556
1440100 1560
1440110 1563
1440120 1563
1440130 1565
1440140 1567
1440150 1567
1440160 1567
1440170 1568
1440180 1568
1440190 1570
1440200 1570
1440210 1570
1440220 1568
1440230 1566
1440240 1566
1440250 1564
1440260 1563
1440270 1563
1440280 1563
1440290 1564
1440300 1566
1440310 1566
1440320 1567
1440330 1569
1440340 1569
1440350 1571
1440360 1572
1440370 1572
1440380 1572
1440390 1573
1440400 1573
1440410 1575
1440420 1578
1440430 1578
1440440 1580
1440450 1581
1440460 1581
1440470 1583
1440480 1581
1440490 1568
1440500 1568
1440510 1558
1440520 1556
1440530 1556
1440540 1552
1440550 1547
1440560 1547
1440570 1543
1440580 1537
1440590 1537
1440600 1533
1440610 1530
1440620 1530
1440630 1527
1440640 1524
1440650 1521
1440660 1521
1440670 1521
1440680 1520
1440690 1520
1440700 1519
1440710 1517
1440720 1517
1440730 1515
1440740 1512
1440750 1512
1440760 1508
1440770 1503
1440780 1503
1440790 1500
1440800 1498
1440810 1498
1440820 1494
1440830 1490
1440840 1485
1440850 1485
1440860 1480
1440870 1474
1440880 1474
1440890 1470
1440900 1467
1440910 1467
1440920 1464
1440930 1460
1440940 1460
1440950 1452
1440960 1442
1440970 1442
1440980 1434
1440990 1427
1441000 1433
1441010 1429
1441020 1426
1441030 1423
1441040 1423
1441050 1419
1441060 1415
1441070 1415
1441080 1409
1441090 1405
1441100 1405
1441110 1400
1441120 1393
1441130 1393
1441140 1385
1441150 1377
1441160 1377
1441170 1373
1441180 1370
1441190 1368
1441200 1368
1441210 1367
1441220 1365
1441230 1365
1441240 1361
1441250 1356
1441260 1356
1441270 1354
1441280 1354
1441290 1354
1441300 1353
1441310 1352
1441320 1352
1441330 1352
1441340 1354
1441350 1354
1441360 1356
1441370 1361
1441380 1367
1441390 1367
1441400 1375
1441410 1381
1441420 1381
1441430 1388
1441440 1394
1441450 1394
1441460 1400
1441470 1404
1441480 1404
1441490 1408
1441500 1413
1441510 1413
1441520 1419
1441530 1426
1441540 1426
1441550 1433
1441560 1439
1441570 1445
1441580 1445
1441590 1449
1441600 1453
1441610 1453
1441620 1458
1441630 1462
1441640 1462
1441650 1465
1441660 1469
1441670 1469
1441680 1473
1441690 1476
1441700 1476
1441710 1480
1441720 1483
1441730 1486
1441740 1486
1441750 1489
1441760 1492
1441770 1492
1441780 1494
1441790 1496
1441800 1496
1441810 1499
1441820 1502
1441830 1502
1441840 1505
1441850 1508
1441860 1508
1441870 1512
1441880 1516
1441890 1516
1441900 1521
1441910 1527
1441920 1534
1441930 1534
1441940 1541
1441950 1547
1441960 1547
1441970 1553
1441980 1559
1441990 1559
1442000 1564
1442010 1569
1442020 1569
1442030 1574
1442040 1579
1442050 1579
1442060 1584
1442070 1588
1442080 1588
1442090 1591
1442100 1595
1442110 1600
1442120 1600
1442130 1603
1442140 1608
1442150 1608
1442160 1612
1442170 1616
1442180 1616
1442190 1620
1442200 1625
1442210 1625
1442220 1630
1442230 1635
1442240 1635
1442250 1640
1442260 1644
1442270 1647
1442280 1647
1442290 1651
1442300 1657
1442310 1657
1442320 1663
1442330 1670
1442340 1670
1442350 1676
1442360 1683
1442370 1683
1442380 1689
1442390 1696
1442400 1696
1442410 1704
1442420 1711
1442430 1711
1442440 1717
1442450 1723
1442460 1730
1442470 1730
1442480 1735
1442490 1742
1442500 1742
1442510 1753
1442520 1764
1442530 1764
1442540 1773
1442550 1782
1442560 1782
1442570 1788
1442580 1804
1442590 1804
1442600 1810
1442610 1815
1442620 1815
1442630 1820
1442640 1827
1442650 1832
1442660 1832
1442670 1836
1442680 1839
1442690 1839
1442700 1842
1442710 1846
1442720 1846
1442730 1849
1442740 1851
1442750 1851
1442760 1856
1442770 1860
1442780 1860
1442790 1864
1442800 1867
1442810 1872
1442820 1872
1442830 1874
1442840 1876
1442850 1876
1442860 1878
1442870 1880
1442880 1880
1442890 1884
1442900 1888
1442910 1888
1442920 1892
1442930 1895
1442940 1895
1442950 1899
1442960 1904
1442970 1904
1442980 1907
1442990 1910
1443000 1912
1443010 1912
1443020 1914
1443030 1918
1443040 1918
1443050 1921
1443060 1924
1443070 1924
1443080 1927
1443090 1928
1443100 1928
1443110 1930
1443120 1931
1443130 1931
1443140 1934
1443150 1937
1443160 1937
1443170 1941
1443180 1944
1443190 1948
1443200 1948
1443210 1951
1443220 1954
1443230 1954
1443240 1957
1443250 1960
1443260 1960
1443270 1964
1443280 1968
1443290 1968
1443300 1971
1443310 1975
1443320 1975
1443330 1978
1443340 1980
1443350 1983
1443360 1983
1443370 1986
1443380 1989
1443390 1989
1443400 1992
1443410 1996
1443420 1996
1443430 1999
1443440 2001
1443450 2001
1443460 2003
1443470 2005
1443480 2005
1443490 2009
1443500 2012
1443510 2012
1443520 2016
1443530 2020
1443540 2024
1443550 2024
1443560 2028
1443570 2032
1443580 2032
1443590 2036
1443600 2040
1443610 2040
1443620 2043
1443630 2048
1443640 2048
1443650 2052
1443660 2056
1443670 2056
1443680 2060
1443690 2065
1443700 2065
1443710 2067
1443720 2069
1443730 2072
1443740 2072
1443750 2075
1443760 2079
1443770 2079
1443780 2084
1443790 2089
1443800 2089
1443810 2093
1443820 2098
1443830 2098
1443840 2103
1443850 2108
1443860 2108
1443870 2114
1443880 2120
1443890 2126
1443900 2126
1443910 2134
1443920 2141
1443930 2141
1443940 2149
1443950 2155
1443960 2155
1443970 2159
1443980 2161
1443990 2161
1444000 2165
1444010 2167
1444020 2167
1444030 2167
1444040 2167
1444050 2167
1444060 2168
1444070 2171
1444080 2174
1444090 2174
1444100 2177
1444110 2177
1444120 2177
1444130 2175
1444140 2176
1444150 2176
1444160 2175
1444170 2172
1444180 2172
1444190 2172
1444200 2169
1444210 2169
1444220 2167
1444230 2165
1444240 2165
1444250 2164
1444260 2164
1444270 2163
1444280 2163
1444290 2162
1444300 2161
1444310 2161
1444320 2162
1444330 2164
1444340 2164
1444350 2166
1444360 2169
1444370 2169
1444380 2170
1444390 2171
1444400 2171
1444410 2168
1444420 2162
1444430 2156
1444440 2156
1444450 2149
1444460 2141
1444470 2141
1444480 2136
1444490 2130
1444500 2130
1444510 2124
1444520 2118
1444530 2118
1444540 2112
1444550 2106
1444560 2106
1444570 2099
1444580 2093
1444590 2093
1444600 2087
1444610 2082
1444620 2077
1444630 2077
1444640 2071
1444650 2067
1444660 2067
1444670 2064
1444680 2061
1444690 2061
1444700 2057
1444710 2054
1444720 2054
1444730 2051
1444740 2050
1444750 2050
1444760 2050
1444770 2053
1444780 2053
1444790 2059
1444800 2064
1444810 2067
1444820 2067
1444830 2068
1444840 2068
1444850 2068
1444860 2068
1444870 2066
1444880 2066
1444890 2062
1444900 2061
1444910 2061
1444920 2060
1444930 2061
1444940 2061
1444950 2061
1444960 2060
1444970 2061
1444980 2061
1444990 2063
1445000 2063
1445010 2063
1445020 2065
1445030 2067
1445040 2067
1445050 2068
1445060 2067
1445070 2067
1445080 2068
1445090 2069
1445100 2069
1445110 2073
1445120 2076
1445130 2076
1445140 2081
1445150 2087
1445160 2092
1445170 2092
1445180 2099
1445190 2104
1445200 2104
1445210 2105
1445220 2105
1445230 2105
1445240 2101
1445250 2097
1445260 2097
1445270 2092
1445280 2085
1445290 2085
1445300 2078
1445310 2075
1445320 2075
1445330 2072
1445340 2067
1445350 2061
1445360 2061
1445370 2057
1445380 2052
1445390 2052
1445400 2047
1445410 2042
1445420 2042
1445430 2039
1445440 2037
1445450 2037
1445460 2034
1445470 2034
1445480 2034
1445490 2035
1445500 2034
1445510 2033
1445520 2033
1445530 2034
1445540 2036
1445550 2036
1445560 2038
1445570 2039
1445580 2039
1445590 2041
1445600 2043
1445610 2043
1445620 2045
1445630 2048
1445640 2048
1445650 2050
1445660 2051
1445670 2051
1445680 2050
1445690 2050
1445700 2048
1445710 2048
1445720 2047
1445730 2046
1445740 2046
1445750 2044
1445760 2044
1445770 2044
1445780 2049
1445790 2050
1445800 2050
1445810 2049
1445820 2049
1445830 2049
1445840 2049
1445850 2050
1445860 2050
1445870 2050
1445880 2051
1445890 2054
1445900 2054
1445910 2058
1445920 2062
1445930 2062
1445940 2066
1445950 2069
1445960 2069
1445970 2069
1445980 2072
1445990 2072
1446000 2076
1446010 2079
1446020 2079
1446030 2082
1446040 2082
1446050 2083
1446060 2083
1446070 2083
1446080 2084
1446090 2084
1446100 2085
1446110 2085
1446120 2085
1446130 2087
1446140 2092
1446150 2092
1446160 2097
1446170 2096
1446180 2096
1446190 2091
1446200 2087
1446210 2087
1446220 2085
1446230 2084
1446240 2085
1446250 2085
1446260 2088
1446270 2093
1446280 2093
1446290 2096
1446300 2099
1446310 2099
1446320 2102
1446330 2105
1446340 2105
1446350 2108
1446360 2111
1446370 2111
1446380 2111
1446390 2111
1446400 2111
1446410 2110
1446420 2109
1446430 2107
1446440 2107
1446450 2101
1446460 2096
1446470 2096
1446480 2092
1446490 2084
1446500 2084
1446510 2079
1446520 2074
1446530 2074
1446540 2071
1446550 2069
1446560 2069
1446570 2068
1446580 2067
1446590 2065
1446600 2065
1446610 2063
1446620 2062
1446630 2062
1446640 2060
1446650 2061
1446660 2061
1446670 2063
1446680 2066
1446690 2066
1446700 2064
1446710 2062
1446720 2062
1446730 2062
1446740 2064
1446750 2064
1446760 2067
1446770 2071
1446780 2076
1446790 2076
1446800 2081
1446810 2084
1446820 2084
1446830 2087
1446840 2090
1446850 2090
1446860 2093
1446870 2097
1446880 2097
1446890 2099
1446900 2102
1446910 2102
1446920 2104
1446930 2105
1446940 2105
1446950 2106
1446960 2107
1446970 2108
1446980 2108
1446990 2107
1447000 2105
1447010 2105
1447020 2103
1447030 2099
1447040 2099
1447050 2092
1447060 2087
1447070 2087
1447080 2082
1447090 2077
1447100 2077
1447110 2071
1447120 2065
1447130 2060
1447140 2060
1447150 2054
1447160 2047
1447170 2047
1447180 2042
1447190 2036
1447200 2036
1447210 2030
1447220 2023
1447230 2023
1447240 2015
1447250 2004
1447260 2004
1447270 1996
1447280 1989
1447290 1989
1447300 1978
1447310 1969
1447320 1962
1447330 1962
1447340 1955
1447350 1948
1447360 1948
1447370 1940
1447380 1932
1447390 1932
1447400 1924
1447410 1917
1447420 1917
1447430 1911
1447440 1904
1447450 1904
1447460 1897
1447470 1891
1447480 1891
1447490 1886
1447500 1881
1447510 1875
1447520 1875
1447530 1871
1447540 1869
1447550 1869
1447560 1869
1447570 1869
1447580 1869
1447590 1862
1447600 1853
1447610 1853
1447620 1848
1447630 1843
1447640 1843
1447650 1838
1447660 1833
1447670 1831
1447680 1831
1447690 1831
1447700 1832
1447710 1832
1447720 1832
1447730 1831
1447740 1831
1447750 1827
1447760 1819
1447770 1819
1447780 1813
1447790 1812
1447800 1812
1447810 1813
1447820 1809
1447830 1809
1447840 1802
1447850 1794
1447860 1796
1447870 1796
1447880 1803
1447890 1806
1447900 1806
1447910 1814
1447920 1822
1447930 1822
1447940 1828
1447950 1836
1447960 1836
1447970 1838
1447980 1835
1447990 1835
1448000 1823
1448010 1809
1448020 1809
1448030 1798
1448040 1790
1448050 1789
1448060 1789
1448070 1789
1448080 1792
1448090 1792
1448100 1800
1448110 1809
1448120 1809
1448130 1814
1448140 1817
1448150 1817
1448160 1818
1448170 1823
1448180 1823
1448190 1830
1448200 1832
1448210 1834
1448220 1834
1448230 1834
1448240 1833
1448250 1833
1448260 1832
1448270 1832
1448280 1832
1448290 1832
1448300 1834
1448310 1834
1448320 1834
1448330 1833
1448340 1833
1448350 1831
1448360 1827
1448370 1827
1448380 1822
1448390 1814
1448400 1802
1448410 1802
1448420 1790
1448430 1786
1448440 1786
1448450 1780
1448460 1783
1448470 1783
1448480 1793
1448490 1799
1448500 1799
1448510 1797
1448520 1793
1448530 1793
1448540 1784
1448550 1781
1448560 1781
1448570 1783
1448580 1782
1448590 1787
1448600 1787
1448610 1787
1448620 1778
1448630 1778
1448640 1767
1448650 1763
1448660 1763
1448670 1761
1448680 1759
1448690 1759
1448700 1760
1448710 1767
1448720 1767
1448730 1776
1448740 1784
1448750 1793
1448760 1793
1448770 1799
1448780 1801
1448790 1801
1448800 1803
1448810 1806
1448820 1806
1448830 1809
1448840 1813
1448850 1813
1448860 1816
1448870 1817
1448880 1817
1448890 1821
1448900 1822
1448910 1822
1448920 1825
1448930 1829
1448940 1833
1448950 1833
1448960 1838
1448970 1842
1448980 1842
1448990 1848
1449000 1855
1449010 1855
1449020 1861
1449030 1866
1449040 1866
1449050 1872
1449060 1877
1449070 1877
1449080 1881
1449090 1884
1449100 1884
1449110 1889
1449120 1894
1449130 1899
1449140 1899
1449150 1903
1449160 1905
1449170 1905
1449180 1908
1449190 1910
1449200 1910
1449210 1913
1449220 1914
1449230 1914
1449240 1915
1449250 1917
1449260 1917
1449270 1919
1449280 1923
1449290 1927
1449300 1927
1449310 1932
1449320 1937
1449330 1937
1449340 1943
1449350 1950
1449360 1950
1449370 1958
1449380 1967
1449390 1967
1449400 1974
1449410 1983
1449420 1983
1449430 1992
1449440 1999
1449450 1999
1449460 2003
1449470 2007
1449480 2012
1449490 2012
1449500 2018
1449510 2023
1449520 2023
1449530 2026
1449540 2030
1449550 2030
1449560 2035
1449570 2039
1449580 2039
1449590 2045
1449600 2051
1449610 2051
1449620 2056
1449630 2063
1449640 2063
1449650 2070
1449660 2076
1449670 2080
1449680 2080
1449690 2083
1449700 2085
1449710 2085
1449720 2087
1449730 2090
1449740 2090
1449750 2091
1449760 2088
1449770 2088
1449780 2085
1449790 2081
1449800 2081
1449810 2078
1449820 2076
1449830 2078
1449840 2078
1449850 2083
1449860 2085
1449870 2085
1449880 2086
1449890 2086
1449900 2086
1449910 2088
1449920 2086
1449930 2086
1449940 2079
1449950 2077
1449960 2077
1449970 2077
1449980 2077
1449990 2077
1450000 2081
1450010 2086
1450020 2088
1450030 2088
1450040 2080
1450050 2071
1450060 2071
1450070 2063
1450080 2057
1450090 2057
1450100 2050
1450110 2044
1450120 2044
1450130 2039
1450140 2034
1450150 2034
1450160 2030
1450170 2027
1450180 2027
1450190 2024
1450200 2022
1450210 2020
1450220 2020
1450230 2017
1450240 2014
1450250 2014
1450260 2011
1450270 2007
1450280 2007
1450290 2005
1450300 2003
1450310 2003
1450320 2001
1450330 1998
1450340 1998
1450350 1997
1450360 1998
1450370 2000
1450380 2000
1450390 2001
1450400 2001
1450410 2001
1450420 2002
1450430 2004
1450440 2004
1450450 2005
1450460 2005
1450470 2005
1450480 2004
1450490 2001
1450500 2001
1450510 1999
1450520 2002
1450530 2002
1450540 2008
1450550 2013
1450560 2014
1450570 2014
1450580 2016
1450590 2014
1450600 2014
1450610 2008
1450620 2003
1450630 2003
1450640 1999
1450650 1994
1450660 1994
1450670 1989
1450680 1986
1450690 1986
1450700 1985
1450710 1984
1450720 1984
1450730 1984
1450740 1982
1450750 1979
1450760 1979
1450770 1976
1450780 1977
1450790 1977
1450800 1978
1450810 1986
1450820 1986
1450830 1987
1450840 1990
1450850 1990
1450860 1996
1450870 1999
1450880 1999
1450890 2002
1450900 2003
1450910 2000
1450920 2000
1450930 1994
1450940 1986
1450950 1986
1450960 1982
1450970 1977
1450980 1977
1450990 1970
1451000 1969
1451010 1969
1451020 1962
1451030 1955
1451040 1955
1451050 1950
1451060 1950
1451070 1950
1451080 1952
1451090 1955
1451100 1951
1451110 1951
1451120 1945
1451130 1943
1451140 1943
1451150 1943
1451160 1941
1451170 1941
1451180 1938
1451190 1937
1451200 1937
1451210 1936
1451220 1934
1451230 1934
1451240 1936
1451250 1941
1451260 1941
1451270 1946
1451280 1950
1451290 1951
1451300 1951
1451310 1952
1451320 1952
1451330 1952
1451340 1954
1451350 1956
1451360 1956
1451370 1958
1451380 1960
1451390 1960
1451400 1961
1451410 1964
1451420 1964
1451430 1969
1451440 1974
1451450 1978
1451460 1978
1451470 1978
1451480 1976
1451490 1976
1451500 1977
1451510 1974
1451520 1974
1451530 1975
1451540 1976
1451550 1976
1451560 1973
1451570 1964
1451580 1964
1451590 1960
1451600 1960
1451610 1960
1451620 1961
1451630 1964
1451640 1967
1451650 1967
1451660 1969
1451670 1971
1451680 1971
1451690 1973
1451700 1975
1451710 1975
1451720 1977
1451730 1979
1451740 1979
1451750 1981
1451760 1984
1451770 1984
1451780 1986
1451790 1987
1451800 1989
1451810 1989
1451820 1992
1451830 1994
1451840 1994
1451850 1996
1451860 1999
1451870 1999
1451880 2001
1451890 2004
1451900 2004
1451910 2007
1451920 2010
1451930 2010
1451940 2012
1451950 2015
1451960 2015
1451970 2018
1451980 2021
1451990 2024
1452000 2024
1452010 2027
1452020 2030
1452030 2030
1452040 2033
1452050 2036
1452060 2036
1452070 2039
1452080 2043
1452090 2043
1452100 2047
1452110 2051
1452120 2051
1452130 2055
1452140 2060
1452150 2060
1452160 2064
1452170 2068
1452180 2072
1452190 2072
1452200 2077
1452210 2081
1452220 2081
1452230 2085
1452240 2089
1452250 2089
1452260 2092
1452270 2096
1452280 2096
1452290 2100
1452300 2105
1452310 2105
1452320 2109
1452330 2113
1452340 2117
1452350 2117
1452360 2121
1452370 2126
1452380 2126
1452390 2132
1452400 2139
1452410 2139
1452420 2146
1452430 2152
1452440 2152
1452450 2159
1452460 2165
1452470 2165
1452480 2171
1452490 2177
1452500 2177
1452510 2183
1452520 2189
1452530 2194
1452540 2194
1452550 2199
1452560 2203
1452570 2203
1452580 2205
1452590 2208
1452600 2208
1452610 2211
1452620 2215
1452630 2215
1452640 2220
1452650 2224
1452660 2224
1452670 2226
1452680 2231
1452690 2231
1452700 2238
1452710 2246
1452720 2254
1452730 2254
1452740 2262
1452750 2271
1452760 2271
1452770 2279
1452780 2287
1452790 2287
1452800 2296
1452810 2304
1452820 2304
1452830 2312
1452840 2320
1452850 2320
1452860 2330
1452870 2337
1452880 2345
1452890 2345
1452900 2354
1452910 2363
1452920 2363
1452930 2378
1452940 2399
1452950 2399
1452960 2422
1452970 2434
1452980 2434
1452990 2442
1453000 2449
1453010 2449
1453020 2459
1453030 2475
1453040 2475
1453050 2483
1453060 2483
1453070 2475
1453080 2475
1453090 2471
1453100 2466
1453110 2466
1453120 2484
1453130 2510
1453140 2510
1453150 2524
1453160 2534
1453170 2534
1453180 2552
1453190 2560
1453200 2560
1453210 2565
1453220 2566
1453230 2566
1453240 2557
1453250 2546
1453260 2536
1453270 2536
1453280 2525
1453290 2512
1453300 2512
1453310 2497
1453320 2489
1453330 2489
1453340 2479
1453350 2469
1453360 2469
1453370 2461
1453380 2451
1453390 2451
1453400 2443
1453410 2437
1453420 2430
1453430 2430
1453440 2424
1453450 2419
1453460 2419
1453470 2412
1453480 2406
1453490 2406
1453500 2401
1453510 2395
1453520 2395
1453530 2390
1453540 2386
1453550 2386
1453560 2381
1453570 2378
1453580 2378
1453590 2375
1453600 2374
1453610 2373
1453620 2373
1453630 2371
1453640 2370
1453650 2370
1453660 2370
1453670 2370
1453680 2370
1453690 2368
1453700 2362
1453710 2362
1453720 2353
1453730 2347
1453740 2347
1453750 2343
1453760 2339
1453770 2339
1453780 2336
1453790 2333
1453800 2331
1453810 2331
1453820 2329
1453830 2326
1453840 2326
1453850 2323
1453860 2319
1453870 2319
1453880 2314
1453890 2309
1453900 2309
1453910 2303
1453920 2297
1453930 2297
1453940 2291
1453950 2286
1453960 2280
1453970 2280
1453980 2276
1453990 2271
1454000 2271
1454010 2264
1454020 2257
1454030 2257
1454040 2250
1454050 2243
1454060 2243
1454070 2237
1454080 2232
1454090 2232
1454100 2227
1454110 2221
1454120 2221
1454130 2214
1454140 2208
1454150 2202
1454160 2202
1454170 2196
1454180 2190
1454190 2190
1454200 2183
1454210 2176
1454220 2176
1454230 2169
1454240 2163
1454250 2163
1454260 2157
1454270 2150
1454280 2150
1454290 2143
1454300 2137
1454310 2137
1454320 2132
1454330 2127
1454340 2123
1454350 2123
1454360 2120
1454370 2116
1454380 2116
1454390 2113
1454400 2111
1454410 2111
1454420 2109
1454430 2108
1454440 2108
1454450 2107
1454460 2107
1454470 2107
1454480 2106
1454490 2106
1454500 2105
1454510 2105
1454520 2105
1454530 2104
1454540 2104
1454550 2103
1454560 2101
1454570 2101
1454580 2100
1454590 2100
1454600 2100
1454610 2103
1454620 2105
1454630 2105
1454640 2105
1454650 2105
1454660 2105
1454670 2106
1454680 2109
1454690 2110
1454700 2110
1454710 2111
1454720 2115
1454730 2115
1454740 2122
1454750 2127
1454760 2127
1454770 2126
1454780 2126
1454790 2126
1454800 2129
1454810 2130
1454820 2130
1454830 2133
1454840 2135
1454850 2135
1454860 2136
1454870 2138
1454880 2141
1454890 2141
1454900 2145
1454910 2149
1454920 2149
1454930 2153
1454940 2158
1454950 2158
1454960 2162
1454970 2167
1454980 2167
1454990 2172
1455000 2177
1455010 2177
1455020 2182
1455030 2187
1455040 2192
1455050 2192
1455060 2198
1455070 2204
1455080 2204
1455090 2210
1455100 2216
1455110 2216
1455120 2223
1455130 2229
1455140 2229
1455150 2236
1455160 2243
1455170 2243
1455180 2250
1455190 2258
1455200 2258
1455210 2265
1455220 2273
1455230 2280
1455240 2280
1455250 2288
1455260 2296
1455270 2296
1455280 2304
1455290 2312
1455300 2312
1455310 2320
1455320 2328
1455330 2328
1455340 2336
1455350 2343
1455360 2343
1455370 2352
1455380 2362
1455390 2362
1455400 2371
1455410 2378
1455420 2386
1455430 2386
1455440 2399
1455450 2413
1455460 2413
1455470 2421
1455480 2420
1455490 2420
1455500 2411
1455510 2402
1455520 2402
1455530 2390
1455540 2377
1455550 2377
1455560 2369
1455570 2362
1455580 2354
1455590 2354
1455600 2347
1455610 2341
1455620 2341
1455630 2335
1455640 2329
1455650 2329
1455660 2323
1455670 2316
1455680 2316
1455690 2310
1455700 2304
1455710 2304
1455720 2299
1455730 2294
1455740 2294
1455750 2290
1455760 2285
1455770 2280
1455780 2280
1455790 2275
1455800 2271
1455810 2271
1455820 2268
1455830 2263
1455840 2263
1455850 2259
1455860 2255
1455870 2255
1455880 2252
1455890 2249
1455900 2249
1455910 2246
1455920 2242
1455930 2242
1455940 2239
1455950 2236
1455960 2232
1455970 2232
1455980 2229
1455990 2225
1456000 2225
1456010 2223
1456020 2219
1456030 2219
1456040 2217
1456050 2217
1456060 2217
1456070 2217
1456080 2220
1456090 2220
1456100 2222
1456110 2222
1456120 2221
1456130 2221
1456140 2220
1456150 2219
1456160 2219
1456170 2217
1456180 2212
1456190 2212
1456200 2206
1456210 2205
1456220 2205
1456230 2205
1456240 2206
1456250 2206
1456260 2209
1456270 2210
1456280 2210
1456290 2210
1456300 2209
1456310 2208
1456320 2208
1456330 2210
1456340 2211
1456350 2211
1456360 2213
1456370 2215
1456380 2215
1456390 2216
1456400 2216
1456410 2216
1456420 2212
1456430 2205
1456440 2205
1456450 2198
1456460 2194
1456470 2194
1456480 2191
1456490 2190
1456500 2188
1456510 2188
1456520 2186
1456530 2185
1456540 2185
1456550 2184
1456560 2184
1456570 2184
1456580 2185
1456590 2185
1456600 2185
1456610 2187
1456620 2188
1456630 2188
1456640 2190
1456650 2193
1456660 2195
1456670 2195
1456680 2197
1456690 2198
1456700 2198
1456710 2200
1456720 2203
1456730 2203
1456740 2205
1456750 2206
1456760 2206
1456770 2209
1456780 2213
1456790 2213
1456800 2217
1456810 2221
1456820 2221
1456830 2226
1456840 2231
1456850 2235
1456860 2235
1456870 2241
1456880 2246
1456890 2246
1456900 2252
1456910 2259
1456920 2259
1456930 2265
1456940 2270
1456950 2270
1456960 2275
1456970 2281
1456980 2281
1456990 2289
1457000 2296
1457010 2296
1457020 2304
1457030 2313
1457040 2321
1457050 2321
1457060 2331
1457070 2340
1457080 2340
1457090 2352
1457100 2367
1457110 2367
1457120 2381
1457130 2389
1457140 2389
1457150 2405
1457160 2413
1457170 2413
1457180 2421
1457190 2425
1457200 2431
1457210 2431
1457220 2438
1457230 2445
1457240 2445
1457250 2446
1457260 2447
1457270 2447
1457280 2448
1457290 2449
1457300 2449
1457310 2450
1457320 2450
1457330 2450
1457340 2450
1457350 2451
1457360 2451
1457370 2451
1457380 2449
1457390 2446
1457400 2446
1457410 2446
1457420 2444
1457430 2444
1457440 2444
1457450 2443
1457460 2443
1457470 2442
1457480 2439
1457490 2439
1457500 2438
1457510 2435
1457520 2435
1457530 2432
1457540 2428
1457550 2428
1457560 2425
1457570 2426
1457580 2425
1457590 2425
1457600 2423
1457610 2421
1457620 2421
1457630 2419
1457640 2416
1457650 2416
1457660 2413
1457670 2403
1457680 2403
1457690 2392
1457700 2390
1457710 2390
1457720 2390
1457730 2389
1457740 2391
1457750 2391
1457760 2395
1457770 2392
1457780 2392
1457790 2389
1457800 2389
1457810 2389
1457820 2389
1457830 2390
1457840 2390
1457850 2392
1457860 2394
1457870 2394
1457880 2397
1457890 2400
1457900 2400
1457910 2402
1457920 2405
1457930 2405
1457940 2405
1457950 2405
1457960 2406
1457970 2406
1457980 2410
1457990 2414
1458000 2414
1458010 2419
1458020 2423
1458030 2423
1458040 2425
1458050 2428
1458060 2428
1458070 2436
1458080 2447
1458090 2447
1458100 2456
1458110 2464
1458120 2470
1458130 2470
1458140 2475
1458150 2477
1458160 2477
1458170 2481
1458180 2484
1458190 2484
1458200 2484
1458210 2483
1458220 2483
1458230 2485
1458240 2487
1458250 2487
1458260 2491
1458270 2497
1458280 2503
1458290 2503
1458300 2510
1458310 2517
1458320 2517
1458330 2523
1458340 2529
1458350 2529
1458360 2534
1458370 2539
1458380 2539
1458390 2543
1458400 2545
1458410 2545
1458420 2547
1458430 2549
1458440 2549
1458450 2547
1458460 2546
1458470 2545
1458480 2545
1458490 2540
1458500 2529
1458510 2529
1458520 2518
1458530 2511
1458540 2511
1458550 2509
1458560 2506
1458570 2506
1458580 2500
1458590 2499
1458600 2499
1458610 2498
1458620 2498
1458630 2498
1458640 2496
1458650 2493
1458660 2490
1458670 2490
1458680 2489
1458690 2494
1458700 2494
1458710 2497
1458720 2495
1458730 2495
1458740 2494
1458750 2494
1458760 2494
1458770 2496
1458780 2496
1458790 2496
1458800 2498
1458810 2503
1458820 2513
1458830 2513
1458840 2521
1458850 2530
1458860 2530
1458870 2537
1458880 2544
1458890 2544
1458900 2558
1458910 2570
1458920 2570
1458930 2583
1458940 2593
1458950 2593
1458960 2594
1458970 2595
1458980 2595
1458990 2594
1459000 2597
1459010 2599
1459020 2599
1459030 2598
1459040 2597
1459050 2597
1459060 2596
1459070 2591
1459080 2591
1459090 2584
1459100 2577
1459110 2577
1459120 2573
1459130 2569
1459140 2569
1459150 2565
1459160 2558
1459170 2558
1459180 2552
1459190 2547
1459200 2541
1459210 2541
1459220 2535
1459230 2531
1459240 2531
1459250 2528
1459260 2524
1459270 2524
1459280 2520
1459290 2518
1459300 2518
1459310 2519
1459320 2521
1459330 2521
1459340 2521
1459350 2523
1459360 2524
1459370 2524
1459380 2529
1459390 2540
1459400 2540
1459410 2536
1459420 2530
1459430 2530
1459440 2523
1459450 2518
1459460 2518
1459470 2510
1459480 2503
1459490 2503
1459500 2494
1459510 2485
1459520 2485
1459530 2476
1459540 2465
1459550 2459
1459560 2459
1459570 2452
1459580 2437
1459590 2437
1459600 2423
1459610 2416
1459620 2416
1459630 2413
1459640 2405
1459650 2405
1459660 2394
1459670 2384
1459680 2384
1459690 2376
1459700 2370
1459710 2370
1459720 2364
1459730 2355
1459740 2346
1459750 2346
1459760 2336
1459770 2326
1459780 2326
1459790 2314
1459800 2307
1459810 2307
1459820 2302
1459830 2294
1459840 2294
1459850 2287
1459860 2281
1459870 2281
1459880 2279
1459890 2277
1459900 2276
1459910 2276
1459920 2275
1459930 2274
1459940 2274
1459950 2273
1459960 2273
1459970 2273
1459980 2262
1459990 2256
