1440000 1267
1440010 1263
1440020 1260
1440030 1260
1440040 1270
1440050 1267
1440060 1267
1440070 1264
1440080 1261
1440090 1261
1440100 1257
1440110 1251
1440120 1247
1440130 1247
1440140 1239
1440150 1228
1440160 1228
1440170 1220
1440180 1212
1440190 1212
1440200 1204
1440210 1192
1440220 1192
1440230 1178
1440240 1169
1440250 1169
1440260 1172
1440270 1177
1440280 1181
1440290 1181
1440300 1182
1440310 1182
1440320 1182
1440330 1181
1440340 1180
1440350 1180
1440360 1178
1440370 1177
1440380 1177
1440390 1178
1440400 1176
1440410 1176
1440420 1174
1440430 1171
1440440 1171
1440450 1169
1440460 1167
1440470 1168
1440480 1168
1440490 1171
1440500 1176
1440510 1176
1440520 1181
1440530 1186
1440540 1186
1440550 1190
1440560 1192
1440570 1192
1440580 1196
1440590 1203
1440600 1203
1440610 1209
1440620 1215
1440630 1215
1440640 1222
1440650 1228
1440660 1231
1440670 1231
1440680 1235
1440690 1241
1440700 1241
1440710 1245
1440720 1249
1440730 1249
1440740 1255
1440750 1262
1440760 1262
1440770 1267
1440780 1272
1440790 1272
1440800 1278
1440810 1283
1440820 1288
1440830 1288
1440840 1293
1440850 1298
1440860 1298
1440870 1302
1440880 1306
1440890 1306
1440900 1310
1440910 1315
1440920 1315
1440930 1320
1440940 1323
1440950 1323
1440960 1328
1440970 1335
1440980 1335
1440990 1342
1441000 1351
1441010 1362
1441020 1362
1441030 1372
1441040 1379
1441050 1379
1441060 1383
1441070 1387
1441080 1387
1441090 1388
1441100 1390
1441110 1390
1441120 1393
1441130 1398
1441140 1398
1441150 1402
1441160 1406
1441170 1406
1441180 1411
1441190 1416
1441200 1422
1441210 1422
1441220 1429
1441230 1436
1441240 1436
1441250 1444
1441260 1452
1441270 1452
1441280 1458
1441290 1464
1441300 1464
1441310 1471
1441320 1477
1441330 1477
1441340 1483
1441350 1489
1441360 1493
1441370 1493
1441380 1499
1441390 1506
1441400 1506
1441410 1514
1441420 1522
1441430 1522
1441440 1529
1441450 1536
1441460 1536
1441470 1541
1441480 1546
1441490 1546
1441500 1552
1441510 1558
1441520 1558
1441530 1565
1441540 1571
1441550 1577
1441560 1577
1441570 1583
1441580 1587
1441590 1587
1441600 1592
1441610 1596
1441620 1596
1441630 1599
1441640 1602
1441650 1602
1441660 1605
1441670 1608
1441680 1608
1441690 1612
1441700 1616
1441710 1616
1441720 1619
1441730 1623
1441740 1629
1441750 1629
1441760 1635
1441770 1641
1441780 1641
1441790 1645
1441800 1648
1441810 1648
1441820 1651
1441830 1654
1441840 1654
1441850 1656
1441860 1657
1441870 1657
1441880 1657
1441890 1658
1441900 1660
1441910 1660
1441920 1661
1441930 1662
1441940 1662
1441950 1663
1441960 1665
1441970 1665
1441980 1666
1441990 1669
1442000 1669
1442010 1673
1442020 1675
1442030 1675
1442040 1676
1442050 1678
1442060 1678
1442070 1680
1442080 1683
1442090 1684
1442100 1684
1442110 1686
1442120 1688
1442130 1688
1442140 1690
1442150 1694
1442160 1694
1442170 1697
1442180 1700
1442190 1700
1442200 1703
1442210 1704
1442220 1704
1442230 1707
1442240 1710
1442250 1710
1442260 1713
1442270 1716
1442280 1720
1442290 1720
1442300 1723
1442310 1725
1442320 1725
1442330 1727
1442340 1728
1442350 1728
1442360 1729
1442370 1728
1442380 1728
1442390 1728
1442400 1728
1442410 1728
1442420 1729
1442430 1730
1442440 1730
1442450 1732
1442460 1734
1442470 1736
1442480 1736
1442490 1738
1442500 1739
1442510 1739
1442520 1742
1442530 1744
1442540 1744
1442550 1747
1442560 1749
1442570 1749
1442580 1753
1442590 1756
1442600 1756
1442610 1758
1442620 1759
1442630 1762
1442640 1762
1442650 1766
1442660 1768
1442670 1768
1442680 1770
1442690 1772
1442700 1772
1442710 1774
1442720 1775
1442730 1775
1442740 1776
1442750 1776
1442760 1776
1442770 1773
1442780 1771
1442790 1771
1442800 1774
1442810 1776
1442820 1776
1442830 1776
1442840 1776
1442850 1777
1442860 1777
1442870 1778
1442880 1776
1442890 1776
1442900 1778
1442910 1780
1442920 1780
1442930 1780
1442940 1782
1442950 1782
1442960 1788
1442970 1798
1442980 1798
1442990 1798
1443000 1797
1443010 1798
1443020 1798
1443030 1797
1443040 1792
1443050 1792
1443060 1790
1443070 1789
1443080 1789
1443090 1788
1443100 1788
1443110 1788
1443120 1790
1443130 1790
1443140 1790
1443150 1790
1443160 1789
1443170 1788
1443180 1788
1443190 1789
1443200 1791
1443210 1791
1443220 1795
1443230 1797
1443240 1797
1443250 1798
1443260 1801
1443270 1801
1443280 1807
1443290 1809
1443300 1809
1443310 1808
1443320 1806
1443330 1806
1443340 1807
1443350 1808
1443360 1808
1443370 1808
1443380 1804
1443390 1803
1443400 1803
1443410 1809
1443420 1812
1443430 1812
1443440 1816
1443450 1820
1443460 1820
1443470 1823
1443480 1824
1443490 1824
1443500 1825
1443510 1825
1443520 1825
1443530 1827
1443540 1830
1443550 1834
1443560 1834
1443570 1838
1443580 1840
1443590 1840
1443600 1842
1443610 1844
1443620 1844
1443630 1845
1443640 1848
1443650 1848
1443660 1852
1443670 1856
1443680 1856
1443690 1858
1443700 1861
1443710 1863
1443720 1863
1443730 1867
1443740 1870
1443750 1870
1443760 1873
1443770 1877
1443780 1877
1443790 1881
1443800 1885
1443810 1885
1443820 1889
1443830 1893
1443840 1893
1443850 1897
1443860 1900
1443870 1900
1443880 1902
1443890 1905
1443900 1910
1443910 1910
1443920 1913
1443930 1916
1443940 1916
1443950 1917
1443960 1919
1443970 1919
1443980 1925
1443990 1931
1444000 1931
1444010 1937
1444020 1938
1444030 1938
1444040 1939
1444050 1940
1444060 1940
1444070 1941
1444080 1942
1444090 1943
1444100 1943
1444110 1944
1444120 1945
1444130 1945
1444140 1945
1444150 1945
1444160 1945
1444170 1944
1444180 1944
1444190 1944
1444200 1943
1444210 1942
1444220 1942
1444230 1942
1444240 1941
1444250 1941
1444260 1941
1444270 1940
1444280 1939
1444290 1939
1444300 1940
1444310 1940
1444320 1940
1444330 1940
1444340 1939
1444350 1939
1444360 1937
1444370 1933
1444380 1933
1444390 1928
1444400 1924
1444410 1924
1444420 1919
1444430 1915
1444440 1910
1444450 1910
1444460 1904
1444470 1897
1444480 1897
1444490 1889
1444500 1882
1444510 1882
1444520 1875
1444530 1868
1444540 1868
1444550 1862
1444560 1856
1444570 1856
1444580 1848
1444590 1841
1444600 1841
1444610 1836
1444620 1830
1444630 1824
1444640 1824
1444650 1818
1444660 1810
1444670 1810
1444680 1803
1444690 1795
1444700 1795
1444710 1787
1444720 1779
1444730 1779
1444740 1771
1444750 1765
1444760 1765
1444770 1759
1444780 1753
1444790 1753
1444800 1748
1444810 1743
1444820 1739
1444830 1739
1444840 1736
1444850 1735
1444860 1735
1444870 1732
1444880 1729
1444890 1729
1444900 1722
1444910 1722
1444920 1722
1444930 1722
1444940 1722
1444950 1722
1444960 1723
1444970 1723
1444980 1724
1444990 1724
1445000 1724
1445010 1725
1445020 1725
1445030 1723
1445040 1719
1445050 1719
1445060 1716
1445070 1711
1445080 1711
1445090 1707
1445100 1702
1445110 1702
1445120 1700
1445130 1699
1445140 1699
1445150 1701
1445160 1701
1445170 1701
1445180 1701
1445190 1700
1445200 1700
1445210 1700
1445220 1701
1445230 1702
1445240 1702
1445250 1697
1445260 1699
1445270 1699
1445280 1705
1445290 1709
1445300 1709
1445310 1709
1445320 1708
1445330 1708
1445340 1710
1445350 1712
1445360 1714
1445370 1714
1445380 1716
1445390 1718
1445400 1718
1445410 1721
1445420 1724
1445430 1724
1445440 1727
1445450 1730
1445460 1730
1445470 1733
1445480 1737
1445490 1737
1445500 1741
1445510 1744
1445520 1748
1445530 1748
1445540 1753
1445550 1757
1445560 1757
1445570 1761
1445580 1765
1445590 1765
1445600 1769
1445610 1773
1445620 1773
1445630 1777
1445640 1781
1445650 1781
1445660 1785
1445670 1787
1445680 1787
1445690 1788
1445700 1787
1445710 1785
1445720 1785
1445730 1784
1445740 1783
1445750 1783
1445760 1780
1445770 1778
1445780 1778
1445790 1776
1445800 1774
1445810 1774
1445820 1772
1445830 1771
1445840 1771
1445850 1770
1445860 1768
1445870 1768
1445880 1768
1445890 1768
1445900 1767
1445910 1767
1445920 1768
1445930 1768
1445940 1768
1445950 1768
1445960 1771
1445970 1771
1445980 1772
1445990 1773
1446000 1773
1446010 1773
1446020 1775
1446030 1775
1446040 1779
1446050 1783
1446060 1787
1446070 1787
1446080 1790
1446090 1790
1446100 1790
1446110 1790
1446120 1789
1446130 1796
1446140 1794
1446150 1793
1446160 1793
1446170 1793
1446180 1791
1446190 1791
1446200 1789
1446210 1787
1446220 1787
1446230 1787
1446240 1786
1446250 1785
1446260 1785
1446270 1782
1446280 1779
1446290 1779
1446300 1778
1446310 1777
1446320 1777
1446330 1776
1446340 1774
1446350 1774
1446360 1771
1446370 1770
1446380 1770
1446390 1769
1446400 1765
1446410 1765
1446420 1763
1446430 1762
1446440 1764
1446450 1764
1446460 1766
1446470 1767
1446480 1767
1446490 1766
1446500 1765
1446510 1765
1446520 1764
1446530 1762
1446540 1762
1446550 1761
1446560 1761
1446570 1761
1446580 1761
1446590 1762
1446600 1762
1446610 1762
1446620 1763
1446630 1764
1446640 1764
1446650 1767
1446660 1771
1446670 1771
1446680 1774
1446690 1777
1446700 1777
1446710 1779
1446720 1781
1446730 1781
1446740 1782
1446750 1784
1446760 1784
1446770 1785
1446780 1788
1446790 1790
1446800 1790
1446810 1794
1446820 1797
1446830 1797
1446840 1800
1446850 1803
1446860 1803
1446870 1804
1446880 1807
1446890 1807
1446900 1809
1446910 1810
1446920 1810
1446930 1812
1446940 1811
1446950 1811
1446960 1796
1446970 1794
1446980 1800
1446990 1800
1447000 1805
1447010 1802
1447020 1802
1447030 1794
1447040 1797
1447050 1797
1447060 1808
1447070 1806
1447080 1806
1447090 1801
1447100 1797
1447110 1797
1447120 1792
1447130 1786
1447140 1776
1447150 1776
1447160 1762
1447170 1746
1447180 1746
1447190 1733
1447200 1720
1447210 1720
1447220 1712
1447230 1704
1447240 1704
1447250 1697
1447260 1691
1447270 1691
1447280 1684
1447290 1677
1447300 1677
1447310 1672
1447320 1669
1447330 1670
1447340 1670
1447350 1669
1447360 1669
1447370 1669
1447380 1673
1447390 1678
1447400 1678
1447410 1672
1447420 1658
1447430 1658
1447440 1647
1447450 1644
1447460 1644
1447470 1645
1447480 1643
1447490 1643
1447500 1641
1447510 1643
1447520 1646
1447530 1646
1447540 1649
1447550 1645
1447560 1645
1447570 1639
1447580 1641
1447590 1641
1447600 1647
1447610 1654
1447620 1654
1447630 1658
1447640 1659
1447650 1659
1447660 1655
1447670 1644
1447680 1644
1447690 1630
1447700 1616
1447710 1603
1447720 1603
1447730 1587
1447740 1577
1447750 1577
1447760 1571
1447770 1564
1447780 1564
1447790 1558
1447800 1553
1447810 1553
1447820 1552
1447830 1553
1447840 1553
1447850 1549
1447860 1548
1447870 1539
1447880 1539
1447890 1523
1447900 1513
1447910 1513
1447920 1498
1447930 1488
1447940 1488
1447950 1484
1447960 1479
1447970 1479
1447980 1473
1447990 1467
1448000 1467
1448010 1462
1448020 1455
1448030 1455
1448040 1450
1448050 1444
1448060 1439
1448070 1439
1448080 1433
1448090 1428
1448100 1428
1448110 1426
1448120 1423
1448130 1423
1448140 1420
1448150 1416
1448160 1416
1448170 1412
1448180 1408
1448190 1408
1448200 1408
1448210 1411
1448220 1411
1448230 1412
1448240 1411
1448250 1411
1448260 1411
1448270 1410
1448280 1409
1448290 1409
1448300 1408
1448310 1406
1448320 1406
1448330 1406
1448340 1407
1448350 1407
1448360 1406
1448370 1405
1448380 1405
1448390 1404
1448400 1403
1448410 1402
1448420 1402
1448430 1402
1448440 1400
1448450 1400
1448460 1399
1448470 1398
1448480 1398
1448490 1397
1448500 1396
1448510 1396
1448520 1396
1448530 1397
1448540 1397
1448550 1400
1448560 1404
1448570 1404
1448580 1409
1448590 1414
1448600 1418
1448610 1418
1448620 1421
1448630 1423
1448640 1423
1448650 1426
1448660 1430
1448670 1430
1448680 1435
1448690 1440
1448700 1440
1448710 1446
1448720 1451
1448730 1451
1448740 1454
1448750 1458
1448760 1458
1448770 1464
1448780 1469
1448790 1474
1448800 1474
1448810 1480
1448820 1485
1448830 1485
1448840 1491
1448850 1495
1448860 1495
1448870 1500
1448880 1505
1448890 1505
1448900 1509
1448910 1513
1448920 1513
1448930 1517
1448940 1519
1448950 1521
1448960 1521
1448970 1523
1448980 1525
1448990 1525
1449000 1529
1449010 1533
1449020 1533
1449030 1539
1449040 1546
1449050 1546
1449060 1551
1449070 1555
1449080 1555
1449090 1558
1449100 1560
1449110 1560
1449120 1561
1449130 1562
1449140 1567
1449150 1567
1449160 1572
1449170 1576
1449180 1576
1449190 1581
1449200 1586
1449210 1586
1449220 1591
1449230 1595
1449240 1595
1449250 1598
1449260 1602
1449270 1602
1449280 1607
1449290 1610
1449300 1610
1449310 1613
1449320 1616
1449330 1619
1449340 1619
1449350 1622
1449360 1625
1449370 1625
1449380 1627
1449390 1629
1449400 1629
1449410 1632
1449420 1634
1449430 1634
1449440 1635
1449450 1636
1449460 1636
1449470 1637
1449480 1638
1449490 1639
1449500 1639
1449510 1640
1449520 1640
1449530 1640
1449540 1641
1449550 1642
1449560 1642
1449570 1643
1449580 1650
1449590 1650
1449600 1650
1449610 1649
1449620 1649
1449630 1647
1449640 1646
1449650 1646
1449660 1645
1449670 1644
1449680 1644
1449690 1644
1449700 1645
1449710 1644
1449720 1644
1449730 1644
1449740 1645
1449750 1645
1449760 1647
1449770 1648
1449780 1648
1449790 1649
1449800 1650
1449810 1650
1449820 1651
1449830 1652
1449840 1652
1449850 1654
1449860 1657
1449870 1659
1449880 1659
1449890 1661
1449900 1663
1449910 1663
1449920 1664
1449930 1664
1449940 1664
1449950 1664
1449960 1663
1449970 1663
1449980 1661
1449990 1659
1450000 1659
1450010 1656
1450020 1654
1450030 1654
1450040 1653
1450050 1652
1450060 1653
1450070 1653
1450080 1656
1450090 1658
1450100 1658
1450110 1660
1450120 1664
1450130 1664
1450140 1667
1450150 1669
1450160 1669
1450170 1672
1450180 1676
1450190 1676
1450200 1680
1450210 1685
1450220 1688
1450230 1688
1450240 1689
1450250 1692
1450260 1692
1450270 1698
1450280 1704
1450290 1704
1450300 1709
1450310 1712
1450320 1712
1450330 1716
1450340 1720
1450350 1720
1450360 1722
1450370 1725
1450380 1725
1450390 1728
1450400 1734
1450410 1739
1450420 1739
1450430 1745
1450440 1750
1450450 1750
1450460 1754
1450470 1756
1450480 1756
1450490 1757
1450500 1757
1450510 1757
1450520 1759
1450530 1762
1450540 1762
1450550 1766
1450560 1768
1450570 1768
1450580 1770
1450590 1771
1450600 1772
1450610 1772
1450620 1773
1450630 1773
1450640 1773
1450650 1773
1450660 1774
1450670 1774
1450680 1777
1450690 1780
1450700 1780
1450710 1785
1450720 1788
1450730 1788
1450740 1792
1450750 1796
1450760 1800
1450770 1800
1450780 1805
1450790 1809
1450800 1809
1450810 1814
1450820 1819
1450830 1819
1450840 1825
1450850 1832
1450860 1832
1450870 1837
1450880 1844
1450890 1844
1450900 1852
1450910 1860
1450920 1860
1450930 1867
1450940 1873
1450950 1880
1450960 1880
1450970 1886
1450980 1891
1450990 1891
1451000 1897
1451010 1898
1451020 1898
1451030 1898
1451040 1899
1451050 1899
1451060 1903
1451070 1907
1451080 1907
1451090 1910
1451100 1914
1451110 1914
1451120 1921
1451130 1926
1451140 1931
1451150 1931
1451160 1935
1451170 1942
1451180 1942
1451190 1952
1451200 1960
1451210 1960
1451220 1968
1451230 1977
1451240 1977
1451250 1981
1451260 1981
1451270 1981
1451280 1987
1451290 1996
1451300 2004
1451310 2004
1451320 2009
1451330 2011
1451340 2011
1451350 2010
1451360 2012
1451370 2012
1451380 2016
1451390 2017
1451400 2017
1451410 2017
1451420 2021
1451430 2021
1451440 2024
1451450 2032
1451460 2032
1451470 2041
1451480 2052
1451490 2058
1451500 2058
1451510 2050
1451520 2044
1451530 2044
1451540 2042
1451550 2045
1451560 2045
1451570 2055
1451580 2069
1451590 2069
1451600 2076
1451610 2083
1451620 2083
1451630 2083
1451640 2082
1451650 2082
1451660 2090
1451670 2102
1451680 2120
1451690 2120
1451700 2142
1451710 2154
1451720 2154
1451730 2164
1451740 2178
1451750 2178
1451760 2195
1451770 2209
1451780 2209
1451790 2217
1451800 2220
1451810 2220
1451820 2224
1451830 2230
1451840 2235
1451850 2235
1451860 2241
1451870 2249
1451880 2249
1451890 2259
1451900 2267
1451910 2267
1451920 2274
1451930 2281
1451940 2281
1451950 2289
1451960 2296
1451970 2296
1451980 2302
1451990 2307
1452000 2307
1452010 2312
1452020 2318
1452030 2323
1452040 2323
1452050 2328
1452060 2334
1452070 2334
1452080 2339
1452090 2344
1452100 2344
1452110 2348
1452120 2351
1452130 2351
1452140 2354
1452150 2356
1452160 2356
1452170 2357
1452180 2359
1452190 2359
1452200 2362
1452210 2365
1452220 2366
1452230 2366
1452240 2367
1452250 2368
1452260 2368
1452270 2371
1452280 2375
1452290 2375
1452300 2380
1452310 2386
1452320 2386
1452330 2392
1452340 2398
1452350 2398
1452360 2405
1452370 2410
1452380 2413
1452390 2413
1452400 2415
1452410 2417
1452420 2417
1452430 2422
1452440 2426
1452450 2426
1452460 2431
1452470 2437
1452480 2437
1452490 2442
1452500 2447
1452510 2447
1452520 2454
1452530 2460
1452540 2460
1452550 2467
1452560 2473
1452570 2478
1452580 2478
1452590 2483
1452600 2488
1452610 2488
1452620 2495
1452630 2508
1452640 2508
1452650 2519
1452660 2528
1452670 2528
1452680 2537
1452690 2547
1452700 2547
1452710 2556
1452720 2565
1452730 2565
1452740 2576
1452750 2587
1452760 2597
1452770 2597
1452780 2605
1452790 2607
1452800 2607
1452810 2597
1452820 2584
1452830 2584
1452840 2571
1452850 2558
1452860 2558
1452870 2547
1452880 2537
1452890 2537
1452900 2530
1452910 2524
1452920 2524
1452930 2510
1452940 2494
1452950 2482
1452960 2482
1452970 2470
1452980 2461
1452990 2461
1453000 2454
1453010 2449
1453020 2449
1453030 2443
1453040 2437
1453050 2437
1453060 2431
1453070 2425
1453080 2425
1453090 2419
1453100 2414
1453110 2409
1453120 2409
1453130 2404
1453140 2400
1453150 2400
1453160 2397
1453170 2394
1453180 2394
1453190 2391
1453200 2388
1453210 2388
1453220 2386
1453230 2384
1453240 2384
1453250 2381
1453260 2378
1453270 2378
1453280 2375
1453290 2372
1453300 2369
1453310 2369
1453320 2367
1453330 2365
1453340 2365
1453350 2364
1453360 2362
1453370 2362
1453380 2361
1453390 2359
1453400 2359
1453410 2361
1453420 2360
1453430 2360
1453440 2356
1453450 2350
1453460 2350
1453470 2346
1453480 2345
1453490 2341
1453500 2341
1453510 2335
1453520 2331
1453530 2331
1453540 2328
1453550 2326
1453560 2326
1453570 2324
1453580 2322
1453590 2322
1453600 2323
1453610 2322
1453620 2322
1453630 2321
1453640 2319
1453650 2318
1453660 2318
1453670 2317
1453680 2317
1453690 2317
1453700 2319
1453710 2320
1453720 2320
1453730 2320
1453740 2319
1453750 2319
1453760 2316
1453770 2309
1453780 2309
1453790 2304
1453800 2297
1453810 2297
1453820 2293
1453830 2289
1453840 2287
1453850 2287
1453860 2286
1453870 2284
1453880 2284
1453890 2282
1453900 2281
1453910 2281
1453920 2280
1453930 2277
1453940 2277
1453950 2276
1453960 2276
1453970 2276
1453980 2278
1453990 2277
1454000 2277
1454010 2275
1454020 2276
1454030 2271
1454040 2271
1454050 2257
1454060 2249
1454070 2249
1454080 2246
1454090 2245
1454100 2245
1454110 2247
1454120 2247
1454130 2247
1454140 2244
1454150 2235
1454160 2235
1454170 2229
1454180 2227
1454190 2227
1454200 2227
1454210 2227
1454220 2224
1454230 2224
1454240 2219
1454250 2215
1454260 2215
1454270 2210
1454280 2201
1454290 2201
1454300 2188
1454310 2178
1454320 2178
1454330 2171
1454340 2163
1454350 2163
1454360 2156
1454370 2148
1454380 2139
1454390 2139
1454400 2131
1454410 2121
1454420 2121
1454430 2113
1454440 2104
1454450 2104
1454460 2095
1454470 2088
1454480 2088
1454490 2080
1454500 2073
1454510 2073
1454520 2066
1454530 2060
1454540 2060
1454550 2054
1454560 2050
1454570 2045
1454580 2045
1454590 2040
1454600 2036
1454610 2036
1454620 2031
1454630 2026
1454640 2026
1454650 2022
1454660 2020
1454670 2020
1454680 2020
1454690 2019
1454700 2019
1454710 2019
1454720 2019
1454730 2019
1454740 2019
1454750 2019
1454760 2019
1454770 2019
1454780 2019
1454790 2019
1454800 2019
1454810 2019
1454820 2019
1454830 2019
1454840 2019
1454850 2019
1454860 2019
1454870 2021
1454880 2024
1454890 2024
1454900 2027
1454910 2031
1454920 2033
1454930 2033
1454940 2036
1454950 2039
1454960 2039
1454970 2042
1454980 2047
1454990 2047
1455000 2054
1455010 2063
1455020 2063
1455030 2072
1455040 2080
1455050 2080
1455060 2087
1455070 2092
1455080 2092
1455090 2095
1455100 2098
1455110 2101
1455120 2101
1455130 2106
1455140 2112
1455150 2112
1455160 2119
1455170 2125
1455180 2125
1455190 2130
1455200 2135
1455210 2135
1455220 2142
1455230 2150
1455240 2150
1455250 2155
1455260 2161
1455270 2161
1455280 2171
1455290 2180
1455300 2184
1455310 2184
1455320 2186
1455330 2186
1455340 2186
1455350 2187
1455360 2190
1455370 2190
1455380 2190
1455390 2192
1455400 2192
1455410 2193
1455420 2195
1455430 2195
1455440 2199
1455450 2202
1455460 2201
1455470 2201
1455480 2199
1455490 2198
1455500 2198
1455510 2195
1455520 2190
1455530 2190
1455540 2183
1455550 2173
1455560 2173
1455570 2167
1455580 2162
1455590 2162
1455600 2160
1455610 2157
1455620 2157
1455630 2155
1455640 2156
1455650 2154
1455660 2154
1455670 2152
1455680 2150
1455690 2150
1455700 2148
1455710 2138
1455720 2138
1455730 2130
1455740 2124
1455750 2124
1455760 2121
1455770 2123
1455780 2123
1455790 2124
1455800 2125
1455810 2125
1455820 2124
1455830 2119
1455840 2117
1455850 2117
1455860 2114
1455870 2106
1455880 2106
1455890 2104
1455900 2100
1455910 2100
1455920 2094
1455930 2092
1455940 2092
1455950 2093
1455960 2096
1455970 2096
1455980 2095
1455990 2095
1456000 2097
1456010 2097
1456020 2096
1456030 2096
1456040 2096
1456050 2096
1456060 2097
1456070 2097
1456080 2098
1456090 2102
1456100 2102
1456110 2109
1456120 2119
1456130 2119
1456140 2133
1456150 2144
1456160 2144
1456170 2145
1456180 2145
1456190 2143
1456200 2143
1456210 2142
1456220 2138
1456230 2138
1456240 2132
1456250 2126
1456260 2126
1456270 2120
1456280 2117
1456290 2117
1456300 2117
1456310 2120
1456320 2120
1456330 2122
1456340 2118
1456350 2118
1456360 2113
1456370 2108
1456380 2102
1456390 2102
1456400 2097
1456410 2093
1456420 2093
1456430 2089
1456440 2087
1456450 2087
1456460 2086
1456470 2086
1456480 2086
1456490 2083
1456500 2078
1456510 2078
1456520 2075
1456530 2072
1456540 2067
1456550 2067
1456560 2063
1456570 2059
1456580 2059
1456590 2057
1456600 2057
1456610 2057
1456620 2057
1456630 2056
1456640 2056
1456650 2054
1456660 2052
1456670 2052
1456680 2049
1456690 2051
1456700 2051
1456710 2053
1456720 2052
1456730 2050
1456740 2050
1456750 2050
1456760 2051
1456770 2051
1456780 2053
1456790 2056
1456800 2056
1456810 2060
1456820 2062
1456830 2062
1456840 2062
1456850 2064
1456860 2064
1456870 2068
1456880 2072
1456890 2072
1456900 2077
1456910 2083
1456920 2089
1456930 2089
1456940 2096
1456950 2103
1456960 2103
1456970 2110
1456980 2115
1456990 2115
1457000 2119
1457010 2122
1457020 2122
1457030 2127
1457040 2133
1457050 2133
1457060 2143
1457070 2161
1457080 2174
1457090 2174
1457100 2176
1457110 2178
1457120 2178
1457130 2192
1457140 2205
1457150 2205
1457160 2209
1457170 2211
1457180 2211
1457190 2213
1457200 2216
1457210 2216
1457220 2220
1457230 2230
1457240 2230
1457250 2239
1457260 2244
1457270 2247
1457280 2247
1457290 2250
1457300 2250
1457310 2250
1457320 2248
1457330 2246
1457340 2246
1457350 2247
1457360 2248
1457370 2248
1457380 2250
1457390 2252
1457400 2252
1457410 2252
1457420 2252
1457430 2252
1457440 2251
1457450 2251
1457460 2252
1457470 2252
1457480 2254
1457490 2254
1457500 2254
1457510 2253
1457520 2251
1457530 2251
1457540 2248
1457550 2246
1457560 2246
1457570 2244
1457580 2241
1457590 2241
1457600 2239
1457610 2237
1457620 2235
1457630 2235
1457640 2235
1457650 2237
1457660 2237
1457670 2242
1457680 2246
1457690 2246
1457700 2249
1457710 2251
1457720 2251
1457730 2252
1457740 2252
1457750 2252
1457760 2251
1457770 2249
1457780 2249
1457790 2250
1457800 2249
1457810 2252
1457820 2252
1457830 2254
1457840 2255
1457850 2255
1457860 2254
1457870 2254
1457880 2254
1457890 2257
1457900 2260
1457910 2260
1457920 2262
1457930 2264
1457940 2264
1457950 2264
1457960 2266
1457970 2266
1457980 2270
1457990 2274
1458000 2279
1458010 2279
1458020 2283
1458030 2288
1458040 2288
1458050 2291
1458060 2294
1458070 2294
1458080 2297
1458090 2297
1458100 2297
1458110 2295
1458120 2295
1458130 2295
1458140 2293
1458150 2291
1458160 2291
1458170 2289
1458180 2286
1458190 2286
1458200 2286
1458210 2286
1458220 2285
1458230 2285
1458240 2285
1458250 2284
1458260 2284
1458270 2283
1458280 2282
1458290 2282
1458300 2278
1458310 2275
1458320 2275
1458330 2275
1458340 2274
1458350 2274
1458360 2274
1458370 2273
1458380 2273
1458390 2273
1458400 2273
1458410 2274
1458420 2274
1458430 2276
1458440 2278
1458450 2278
1458460 2280
1458470 2283
1458480 2283
1458490 2287
1458500 2291
1458510 2291
1458520 2294
1458530 2298
1458540 2299
1458550 2299
1458560 2303
1458570 2308
1458580 2308
1458590 2312
1458600 2317
1458610 2317
1458620 2321
1458630 2326
1458640 2326
1458650 2329
1458660 2332
1458670 2332
1458680 2334
1458690 2334
1458700 2334
1458710 2334
1458720 2334
1458730 2334
1458740 2334
1458750 2335
1458760 2335
1458770 2335
1458780 2335
1458790 2336
1458800 2336
1458810 2336
1458820 2339
1458830 2339
1458840 2342
1458850 2344
1458860 2344
1458870 2348
1458880 2353
1458890 2358
1458900 2358
1458910 2361
1458920 2362
1458930 2362
1458940 2361
1458950 2360
1458960 2360
1458970 2358
1458980 2357
1458990 2357
1459000 2356
1459010 2356
1459020 2356
1459030 2356
1459040 2357
1459050 2357
1459060 2358
1459070 2359
1459080 2360
1459090 2360
1459100 2361
1459110 2364
1459120 2364
1459130 2365
1459140 2368
1459150 2368
1459160 2371
1459170 2375
1459180 2375
1459190 2380
1459200 2384
1459210 2384
1459220 2389
1459230 2393
1459240 2393
1459250 2395
1459260 2398
1459270 2401
1459280 2401
1459290 2405
1459300 2411
1459310 2411
1459320 2416
1459330 2420
1459340 2420
1459350 2424
1459360 2427
1459370 2427
1459380 2429
1459390 2434
1459400 2434
1459410 2439
1459420 2444
1459430 2450
1459440 2450
1459450 2458
1459460 2474
1459470 2474
1459480 2488
1459490 2506
1459500 2506
1459510 2520
1459520 2525
1459530 2525
1459540 2520
1459550 2516
1459560 2516
1459570 2513
1459580 2512
1459590 2512
1459600 2509
1459610 2506
1459620 2501
1459630 2501
1459640 2497
1459650 2492
1459660 2492
1459670 2485
1459680 2476
1459690 2476
1459700 2468
1459710 2461
1459720 2461
1459730 2456
1459740 2453
1459750 2453
1459760 2447
1459770 2441
1459780 2441
1459790 2434
1459800 2427
1459810 2421
1459820 2421
1459830 2414
1459840 2409
1459850 2409
1459860 2406
1459870 2402
1459880 2402
1459890 2397
1459900 2392
1459910 2392
1459920 2387
1459930 2383
1459940 2383
1459950 2379
1459960 2375
1459970 2373
1459980 2373
1459990 2372
