1440000 1241
1440010 1237
1440020 1234
1440030 1234
1440040 1230
1440050 1228
1440060 1228
1440070 1228
1440080 1228
1440090 1228
1440100 1228
1440110 1224
1440120 1219
1440130 1219
1440140 1212
1440150 1206
1440160 1206
1440170 1200
1440180 1192
1440190 1192
1440200 1184
1440210 1176
1440220 1176
1440230 1170
1440240 1165
1440250 1165
1440260 1159
1440270 1156
1440280 1160
1440290 1160
1440300 1163
1440310 1162
1440320 1162
1440330 1160
1440340 1157
1440350 1157
1440360 1156
1440370 1156
1440380 1156
1440390 1155
1440400 1155
1440410 1155
1440420 1156
1440430 1158
1440440 1158
1440450 1160
1440460 1164
1440470 1170
1440480 1170
1440490 1177
1440500 1185
1440510 1185
1440520 1192
1440530 1199
1440540 1199
1440550 1205
1440560 1210
1440570 1210
1440580 1215
1440590 1217
1440600 1217
1440610 1221
1440620 1227
1440630 1231
1440640 1231
1440650 1235
1440660 1239
1440670 1239
1440680 1242
1440690 1245
1440700 1245
1440710 1250
1440720 1257
1440730 1257
1440740 1263
1440750 1271
1440760 1271
1440770 1275
1440780 1280
1440790 1280
1440800 1285
1440810 1289
1440820 1294
1440830 1294
1440840 1299
1440850 1304
1440860 1304
1440870 1309
1440880 1314
1440890 1314
1440900 1320
1440910 1326
1440920 1326
1440930 1333
1440940 1339
1440950 1339
1440960 1345
1440970 1353
1440980 1353
1440990 1360
1441000 1367
1441010 1373
1441020 1373
1441030 1380
1441040 1389
1441050 1389
1441060 1395
1441070 1395
1441080 1395
1441090 1398
1441100 1400
1441110 1400
1441120 1401
1441130 1404
1441140 1404
1441150 1406
1441160 1409
1441170 1414
1441180 1414
1441190 1418
1441200 1423
1441210 1423
1441220 1429
1441230 1435
1441240 1435
1441250 1441
1441260 1449
1441270 1449
1441280 1458
1441290 1467
1441300 1467
1441310 1478
1441320 1487
1441330 1487
1441340 1494
1441350 1499
1441360 1505
1441370 1505
1441380 1510
1441390 1515
1441400 1515
1441410 1520
1441420 1526
1441430 1526
1441440 1532
1441450 1538
1441460 1538
1441470 1544
1441480 1549
1441490 1549
1441500 1553
1441510 1559
1441520 1559
1441530 1565
1441540 1571
1441550 1578
1441560 1578
1441570 1584
1441580 1589
1441590 1589
1441600 1594
1441610 1597
1441620 1597
1441630 1599
1441640 1602
1441650 1602
1441660 1605
1441670 1607
1441680 1607
1441690 1611
1441700 1614
1441710 1618
1441720 1618
1441730 1621
1441740 1624
1441750 1624
1441760 1628
1441770 1633
1441780 1633
1441790 1637
1441800 1642
1441810 1642
1441820 1646
1441830 1649
1441840 1649
1441850 1653
1441860 1657
1441870 1657
1441880 1659
1441890 1662
1441900 1665
1441910 1665
1441920 1666
1441930 1666
1441940 1666
1441950 1667
1441960 1667
1441970 1667
1441980 1669
1441990 1671
1442000 1671
1442010 1673
1442020 1674
1442030 1674
1442040 1674
1442050 1676
1442060 1676
1442070 1680
1442080 1682
1442090 1684
1442100 1684
1442110 1686
1442120 1688
1442130 1688
1442140 1689
1442150 1691
1442160 1691
1442170 1693
1442180 1695
1442190 1695
1442200 1697
1442210 1698
1442220 1698
1442230 1700
1442240 1703
1442250 1703
1442260 1706
1442270 1709
1442280 1712
1442290 1712
1442300 1715
1442310 1718
1442320 1718
1442330 1721
1442340 1723
1442350 1723
1442360 1724
1442370 1725
1442380 1725
1442390 1725
1442400 1725
1442410 1725
1442420 1725
1442430 1726
1442440 1727
1442450 1727
1442460 1728
1442470 1730
1442480 1730
1442490 1731
1442500 1733
1442510 1733
1442520 1733
1442530 1734
1442540 1734
1442550 1735
1442560 1737
1442570 1737
1442580 1741
1442590 1745
1442600 1745
1442610 1748
1442620 1751
1442630 1752
1442640 1752
1442650 1754
1442660 1757
1442670 1757
1442680 1759
1442690 1760
1442700 1760
1442710 1760
1442720 1760
1442730 1760
1442740 1760
1442750 1754
1442760 1754
1442770 1748
1442780 1743
1442790 1743
1442800 1743
1442810 1747
1442820 1750
1442830 1750
1442840 1748
1442850 1747
1442860 1747
1442870 1747
1442880 1747
1442890 1747
1442900 1749
1442910 1752
1442920 1752
1442930 1757
1442940 1762
1442950 1762
1442960 1766
1442970 1766
1442980 1766
1442990 1766
1443000 1766
1443010 1765
1443020 1765
1443030 1762
1443040 1759
1443050 1759
1443060 1760
1443070 1760
1443080 1760
1443090 1760
1443100 1762
1443110 1762
1443120 1765
1443130 1767
1443140 1767
1443150 1769
1443160 1770
1443170 1770
1443180 1770
1443190 1770
1443200 1771
1443210 1771
1443220 1773
1443230 1775
1443240 1775
1443250 1778
1443260 1783
1443270 1783
1443280 1788
1443290 1788
1443300 1788
1443310 1787
1443320 1786
1443330 1786
1443340 1786
1443350 1787
1443360 1787
1443370 1787
1443380 1784
1443390 1781
1443400 1781
1443410 1787
1443420 1791
1443430 1791
1443440 1793
1443450 1797
1443460 1797
1443470 1796
1443480 1799
1443490 1799
1443500 1805
1443510 1811
1443520 1814
1443530 1814
1443540 1816
1443550 1818
1443560 1818
1443570 1821
1443580 1825
1443590 1825
1443600 1827
1443610 1829
1443620 1829
1443630 1831
1443640 1833
1443650 1833
1443660 1836
1443670 1841
1443680 1841
1443690 1847
1443700 1851
1443710 1853
1443720 1853
1443730 1856
1443740 1859
1443750 1859
1443760 1862
1443770 1865
1443780 1865
1443790 1869
1443800 1873
1443810 1873
1443820 1877
1443830 1880
1443840 1880
1443850 1882
1443860 1884
1443870 1884
1443880 1886
1443890 1891
1443900 1894
1443910 1894
1443920 1897
1443930 1901
1443940 1901
1443950 1904
1443960 1907
1443970 1907
1443980 1912
1443990 1917
1444000 1917
1444010 1922
1444020 1926
1444030 1926
1444040 1927
1444050 1928
1444060 1930
1444070 1930
1444080 1932
1444090 1934
1444100 1934
1444110 1936
1444120 1937
1444130 1937
1444140 1937
1444150 1937
1444160 1937
1444170 1936
1444180 1935
1444190 1935
1444200 1933
1444210 1932
1444220 1932
1444230 1932
1444240 1932
1444250 1935
1444260 1935
1444270 1934
1444280 1933
1444290 1933
1444300 1932
1444310 1931
1444320 1931
1444330 1932
1444340 1932
1444350 1932
1444360 1930
1444370 1928
1444380 1928
1444390 1926
1444400 1920
1444410 1920
1444420 1913
1444430 1906
1444440 1901
1444450 1901
1444460 1897
1444470 1893
1444480 1893
1444490 1885
1444500 1879
1444510 1879
1444520 1872
1444530 1865
1444540 1865
1444550 1859
1444560 1853
1444570 1853
1444580 1845
1444590 1838
1444600 1838
1444610 1830
1444620 1824
1444630 1818
1444640 1818
1444650 1811
1444660 1803
1444670 1803
1444680 1795
1444690 1786
1444700 1786
1444710 1778
1444720 1771
1444730 1771
1444740 1765
1444750 1759
1444760 1759
1444770 1753
1444780 1747
1444790 1741
1444800 1741
1444810 1735
1444820 1729
1444830 1729
1444840 1725
1444850 1722
1444860 1722
1444870 1720
1444880 1718
1444890 1718
1444900 1716
1444910 1711
1444920 1711
1444930 1705
1444940 1704
1444950 1704
1444960 1706
1444970 1708
1444980 1708
1444990 1708
1445000 1707
1445010 1706
1445020 1706
1445030 1704
1445040 1701
1445050 1701
1445060 1698
1445070 1695
1445080 1695
1445090 1692
1445100 1687
1445110 1687
1445120 1683
1445130 1681
1445140 1681
1445150 1684
1445160 1685
1445170 1684
1445180 1684
1445190 1683
1445200 1681
1445210 1681
1445220 1681
1445230 1682
1445240 1682
1445250 1680
1445260 1679
1445270 1679
1445280 1683
1445290 1684
1445300 1684
1445310 1686
1445320 1687
1445330 1689
1445340 1689
1445350 1690
1445360 1693
1445370 1693
1445380 1695
1445390 1697
1445400 1697
1445410 1700
1445420 1703
1445430 1703
1445440 1707
1445450 1711
1445460 1711
1445470 1715
1445480 1719
1445490 1719
1445500 1722
1445510 1726
1445520 1730
1445530 1730
1445540 1734
1445550 1737
1445560 1737
1445570 1740
1445580 1745
1445590 1745
1445600 1750
1445610 1754
1445620 1754
1445630 1758
1445640 1761
1445650 1761
1445660 1764
1445670 1767
1445680 1767
1445690 1768
1445700 1768
1445710 1766
1445720 1766
1445730 1764
1445740 1762
1445750 1762
1445760 1760
1445770 1757
1445780 1757
1445790 1756
1445800 1755
1445810 1755
1445820 1753
1445830 1751
1445840 1751
1445850 1748
1445860 1747
1445870 1746
1445880 1746
1445890 1746
1445900 1746
1445910 1746
1445920 1747
1445930 1747
1445940 1747
1445950 1748
1445960 1750
1445970 1750
1445980 1754
1445990 1758
1446000 1758
1446010 1762
1446020 1765
1446030 1765
1446040 1767
1446050 1771
1446060 1771
1446070 1771
1446080 1770
1446090 1772
1446100 1772
1446110 1773
1446120 1774
1446130 1774
1446140 1774
1446150 1774
1446160 1774
1446170 1772
1446180 1768
1446190 1768
1446200 1767
1446210 1767
1446220 1767
1446230 1767
1446240 1766
1446250 1765
1446260 1765
1446270 1763
1446280 1762
1446290 1762
1446300 1761
1446310 1760
1446320 1760
1446330 1759
1446340 1758
1446350 1758
1446360 1756
1446370 1756
1446380 1756
1446390 1753
1446400 1748
1446410 1746
1446420 1746
1446430 1744
1446440 1746
1446450 1746
1446460 1748
1446470 1748
1446480 1748
1446490 1747
1446500 1747
1446510 1747
1446520 1748
1446530 1745
1446540 1745
1446550 1743
1446560 1742
1446570 1742
1446580 1742
1446590 1742
1446600 1744
1446610 1744
1446620 1745
1446630 1747
1446640 1747
1446650 1749
1446660 1752
1446670 1752
1446680 1755
1446690 1757
1446700 1757
1446710 1757
1446720 1758
1446730 1758
1446740 1760
1446750 1763
1446760 1763
1446770 1767
1446780 1767
1446790 1765
1446800 1765
1446810 1770
1446820 1777
1446830 1777
1446840 1780
1446850 1783
1446860 1783
1446870 1785
1446880 1787
1446890 1787
1446900 1790
1446910 1791
1446920 1791
1446930 1790
1446940 1777
1446950 1777
1446960 1749
1446970 1743
1446980 1745
1446990 1745
1447000 1745
1447010 1750
1447020 1750
1447030 1757
1447040 1761
1447050 1761
1447060 1761
1447070 1752
1447080 1752
1447090 1755
1447100 1761
1447110 1761
1447120 1764
1447130 1761
1447140 1755
1447150 1755
1447160 1742
1447170 1731
1447180 1731
1447190 1720
1447200 1707
1447210 1707
1447220 1694
1447230 1688
1447240 1688
1447250 1681
1447260 1672
1447270 1672
1447280 1663
1447290 1656
1447300 1656
1447310 1650
1447320 1645
1447330 1639
1447340 1639
1447350 1636
1447360 1637
1447370 1637
1447380 1638
1447390 1640
1447400 1640
1447410 1645
1447420 1644
1447430 1644
1447440 1630
1447450 1617
1447460 1617
1447470 1614
1447480 1613
1447490 1613
1447500 1610
1447510 1607
1447520 1609
1447530 1619
1447540 1621
1447550 1616
1447560 1616
1447570 1613
1447580 1617
1447590 1617
1447600 1623
1447610 1629
1447620 1629
1447630 1633
1447640 1634
1447650 1634
1447660 1634
1447670 1632
1447680 1619
1447690 1619
1447700 1606
1447710 1590
1447720 1590
1447730 1577
1447740 1566
1447750 1566
1447760 1554
1447770 1545
1447780 1545
1447790 1540
1447800 1535
1447810 1535
1447820 1529
1447830 1523
1447840 1523
1447850 1517
1447860 1512
1447870 1501
1447880 1501
1447890 1490
1447900 1483
1447910 1483
1447920 1476
1447930 1469
1447940 1469
1447950 1463
1447960 1459
1447970 1459
1447980 1455
1447990 1450
1448000 1450
1448010 1445
1448020 1440
1448030 1440
1448040 1435
1448050 1429
1448060 1424
1448070 1424
1448080 1419
1448090 1414
1448100 1414
1448110 1409
1448120 1409
1448130 1409
1448140 1408
1448150 1407
1448160 1407
1448170 1404
1448180 1401
1448190 1401
1448200 1402
1448210 1403
1448220 1404
1448230 1404
1448240 1405
1448250 1407
1448260 1407
1448270 1406
1448280 1404
1448290 1404
1448300 1402
1448310 1401
1448320 1401
1448330 1399
1448340 1399
1448350 1399
1448360 1397
1448370 1397
1448380 1397
1448390 1396
1448400 1395
1448410 1395
1448420 1395
1448430 1395
1448440 1394
1448450 1394
1448460 1393
1448470 1392
1448480 1392
1448490 1392
1448500 1393
1448510 1393
1448520 1393
1448530 1395
1448540 1395
1448550 1397
1448560 1399
1448570 1399
1448580 1401
1448590 1403
1448600 1407
1448610 1407
1448620 1409
1448630 1411
1448640 1411
1448650 1413
1448660 1416
1448670 1416
1448680 1421
1448690 1425
1448700 1425
1448710 1428
1448720 1432
1448730 1432
1448740 1438
1448750 1445
1448760 1451
1448770 1451
1448780 1458
1448790 1463
1448800 1463
1448810 1468
1448820 1471
1448830 1471
1448840 1475
1448850 1480
1448860 1480
1448870 1485
1448880 1488
1448890 1488
1448900 1491
1448910 1495
1448920 1495
1448930 1498
1448940 1499
1448950 1502
1448960 1502
1448970 1506
1448980 1512
1448990 1512
1449000 1517
1449010 1523
1449020 1523
1449030 1529
1449040 1534
1449050 1534
1449060 1539
1449070 1543
1449080 1543
1449090 1545
1449100 1546
1449110 1546
1449120 1546
1449130 1548
1449140 1554
1449150 1554
1449160 1559
1449170 1563
1449180 1563
1449190 1569
1449200 1574
1449210 1574
1449220 1580
1449230 1584
1449240 1584
1449250 1588
1449260 1591
1449270 1591
1449280 1594
1449290 1597
1449300 1600
1449310 1600
1449320 1603
1449330 1605
1449340 1605
1449350 1608
1449360 1610
1449370 1610
1449380 1613
1449390 1615
1449400 1615
1449410 1616
1449420 1618
1449430 1618
1449440 1619
1449450 1619
1449460 1619
1449470 1620
1449480 1622
1449490 1622
1449500 1622
1449510 1622
1449520 1622
1449530 1622
1449540 1622
1449550 1622
1449560 1622
1449570 1621
1449580 1617
1449590 1617
1449600 1616
1449610 1617
1449620 1617
1449630 1618
1449640 1618
1449650 1618
1449660 1618
1449670 1617
1449680 1617
1449690 1617
1449700 1615
1449710 1612
1449720 1612
1449730 1613
1449740 1616
1449750 1616
1449760 1618
1449770 1619
1449780 1619
1449790 1619
1449800 1620
1449810 1620
1449820 1623
1449830 1628
1449840 1628
1449850 1632
1449860 1635
1449870 1636
1449880 1636
1449890 1637
1449900 1637
1449910 1637
1449920 1637
1449930 1635
1449940 1635
1449950 1634
1449960 1634
1449970 1634
1449980 1635
1449990 1639
1450000 1639
1450010 1646
1450020 1653
1450030 1659
1450040 1659
1450050 1665
1450060 1668
1450070 1668
1450080 1672
1450090 1674
1450100 1674
1450110 1676
1450120 1681
1450130 1681
1450140 1685
1450150 1688
1450160 1688
1450170 1691
1450180 1694
1450190 1694
1450200 1698
1450210 1700
1450220 1703
1450230 1703
1450240 1708
1450250 1713
1450260 1713
1450270 1718
1450280 1720
1450290 1720
1450300 1721
1450310 1721
1450320 1721
1450330 1723
1450340 1725
1450350 1725
1450360 1726
1450370 1729
1450380 1729
1450390 1731
1450400 1734
1450410 1737
1450420 1737
1450430 1742
1450440 1746
1450450 1746
1450460 1750
1450470 1753
1450480 1753
1450490 1757
1450500 1761
1450510 1761
1450520 1765
1450530 1770
1450540 1770
1450550 1774
1450560 1779
1450570 1782
1450580 1782
1450590 1785
1450600 1787
1450610 1787
1450620 1789
1450630 1790
1450640 1790
1450650 1792
1450660 1794
1450670 1794
1450680 1796
1450690 1799
1450700 1799
1450710 1806
1450720 1813
1450730 1813
1450740 1817
1450750 1823
1450760 1828
1450770 1828
1450780 1833
1450790 1839
1450800 1839
1450810 1843
1450820 1847
1450830 1847
1450840 1853
1450850 1860
1450860 1860
1450870 1868
1450880 1874
1450890 1874
1450900 1879
1450910 1885
1450920 1885
1450930 1892
1450940 1897
1450950 1901
1450960 1901
1450970 1903
1450980 1906
1450990 1906
1451000 1909
1451010 1913
1451020 1913
1451030 1921
1451040 1925
1451050 1925
1451060 1929
1451070 1933
1451080 1933
1451090 1939
1451100 1942
1451110 1946
1451120 1940
1451130 1945
1451140 1951
1451150 1951
1451160 1955
1451170 1960
1451180 1960
1451190 1967
1451200 1974
1451210 1974
1451220 1981
1451230 1990
1451240 1990
1451250 2001
1451260 2011
1451270 2011
1451280 2015
1451290 2016
1451300 2018
1451310 2018
1451320 2023
1451330 2030
1451340 2030
1451350 2036
1451360 2041
1451370 2041
1451380 2045
1451390 2051
1451400 2051
1451410 2056
1451420 2059
1451430 2059
1451440 2063
1451450 2070
1451460 2070
1451470 2079
1451480 2086
1451490 2090
1451500 2090
1451510 2088
1451520 2083
1451530 2083
1451540 2080
1451550 2076
1451560 2076
1451570 2072
1451580 2076
1451590 2076
1451600 2084
1451610 2091
1451620 2091
1451630 2100
1451640 2114
1451650 2126
1451660 2126
1451670 2129
1451680 2130
1451690 2130
1451700 2129
1451710 2130
1451720 2130
1451730 2137
1451740 2148
1451750 2148
1451760 2160
1451770 2173
1451780 2173
1451790 2189
1451800 2196
1451810 2196
1451820 2208
1451830 2216
1451840 2223
1451850 2223
1451860 2230
1451870 2236
1451880 2236
1451890 2241
1451900 2249
1451910 2249
1451920 2259
1451930 2268
1451940 2268
1451950 2276
1451960 2282
1451970 2282
1451980 2287
1451990 2292
1452000 2292
1452010 2298
1452020 2303
1452030 2309
1452040 2309
1452050 2316
1452060 2324
1452070 2324
1452080 2332
1452090 2339
1452100 2339
1452110 2346
1452120 2352
1452130 2352
1452140 2354
1452150 2355
1452160 2355
1452170 2357
1452180 2359
1452190 2359
1452200 2362
1452210 2364
1452220 2366
1452230 2366
1452240 2367
1452250 2370
1452260 2370
1452270 2374
1452280 2378
1452290 2378
1452300 2383
1452310 2387
1452320 2387
1452330 2391
1452340 2396
1452350 2396
1452360 2404
1452370 2415
1452380 2419
1452390 2419
1452400 2423
1452410 2427
1452420 2427
1452430 2432
1452440 2437
1452450 2437
1452460 2442
1452470 2447
1452480 2447
1452490 2451
1452500 2458
1452510 2458
1452520 2468
1452530 2478
1452540 2478
1452550 2488
1452560 2498
1452570 2504
1452580 2504
1452590 2510
1452600 2521
1452610 2521
1452620 2532
1452630 2537
1452640 2537
1452650 2542
1452660 2551
1452670 2551
1452680 2559
1452690 2566
1452700 2566
1452710 2574
1452720 2587
1452730 2587
1452740 2598
1452750 2608
1452760 2613
1452770 2613
1452780 2612
1452790 2606
1452800 2606
1452810 2599
1452820 2591
1452830 2591
1452840 2586
1452850 2579
1452860 2579
1452870 2572
1452880 2561
1452890 2561
1452900 2548
1452910 2539
1452920 2527
1452930 2527
1452940 2514
1452950 2503
1452960 2503
1452970 2493
1452980 2478
1452990 2478
1453000 2463
1453010 2455
1453020 2455
1453030 2448
1453040 2441
1453050 2441
1453060 2435
1453070 2431
1453080 2431
1453090 2427
1453100 2422
1453110 2418
1453120 2418
1453130 2413
1453140 2409
1453150 2409
1453160 2404
1453170 2400
1453180 2400
1453190 2397
1453200 2394
1453210 2394
1453220 2391
1453230 2388
1453240 2388
1453250 2384
1453260 2380
1453270 2380
1453280 2376
1453290 2373
1453300 2371
1453310 2371
1453320 2369
1453330 2367
1453340 2367
1453350 2365
1453360 2362
1453370 2362
1453380 2357
1453390 2354
1453400 2354
1453410 2351
1453420 2347
1453430 2347
1453440 2343
1453450 2340
1453460 2339
1453470 2339
1453480 2337
1453490 2336
1453500 2336
1453510 2334
1453520 2331
1453530 2331
1453540 2327
1453550 2323
1453560 2323
1453570 2318
1453580 2313
1453590 2313
1453600 2309
1453610 2306
1453620 2306
1453630 2303
1453640 2301
1453650 2301
1453660 2301
1453670 2301
1453680 2301
1453690 2301
1453700 2301
1453710 2300
1453720 2300
1453730 2301
1453740 2301
1453750 2301
1453760 2301
1453770 2300
1453780 2300
1453790 2300
1453800 2300
1453810 2300
1453820 2294
1453830 2284
1453840 2278
1453850 2278
1453860 2273
1453870 2269
1453880 2269
1453890 2264
1453900 2261
1453910 2261
1453920 2259
1453930 2256
1453940 2256
1453950 2253
1453960 2250
1453970 2250
1453980 2247
1453990 2243
1454000 2239
1454010 2239
1454020 2234
1454030 2227
1454040 2227
1454050 2221
1454060 2217
1454070 2217
1454080 2215
1454090 2214
1454100 2214
1454110 2212
1454120 2208
1454130 2208
1454140 2203
1454150 2199
1454160 2199
1454170 2197
1454180 2196
1454190 2195
1454200 2195
1454210 2195
1454220 2193
1454230 2193
1454240 2189
1454250 2184
1454260 2184
1454270 2183
1454280 2181
1454290 2181
1454300 2177
1454310 2172
1454320 2172
1454330 2165
1454340 2159
1454350 2159
1454360 2152
1454370 2144
1454380 2135
1454390 2135
1454400 2127
1454410 2118
1454420 2118
1454430 2110
1454440 2102
1454450 2102
1454460 2094
1454470 2087
1454480 2087
1454490 2080
1454500 2073
1454510 2073
1454520 2066
1454530 2060
1454540 2060
1454550 2052
1454560 2046
1454570 2035
1454580 2035
1454590 2028
1454600 2024
1454610 2024
1454620 2021
1454630 2018
1454640 2018
1454650 2017
1454660 2017
1454670 2017
1454680 2017
1454690 2017
1454700 2017
1454710 2017
1454720 2017
1454730 2017
1454740 2017
1454750 2018
1454760 2018
1454770 2018
1454780 2018
1454790 2018
1454800 2018
1454810 2017
1454820 2017
1454830 2017
1454840 2017
1454850 2017
1454860 2017
1454870 2018
1454880 2021
1454890 2021
1454900 2023
1454910 2026
1454920 2030
1454930 2030
1454940 2034
1454950 2037
1454960 2037
1454970 2039
1454980 2043
1454990 2043
1455000 2049
1455010 2056
1455020 2056
1455030 2064
1455040 2073
1455050 2073
1455060 2078
1455070 2082
1455080 2082
1455090 2084
1455100 2086
1455110 2090
1455120 2090
1455130 2094
1455140 2101
1455150 2101
1455160 2106
1455170 2112
1455180 2112
1455190 2119
1455200 2127
1455210 2127
1455220 2134
1455230 2141
1455240 2141
1455250 2148
1455260 2153
1455270 2158
1455280 2158
1455290 2162
1455300 2163
1455310 2163
1455320 2164
1455330 2164
1455340 2164
1455350 2166
1455360 2166
1455370 2166
1455380 2167
1455390 2168
1455400 2168
1455410 2169
1455420 2171
1455430 2171
1455440 2171
1455450 2172
1455460 2172
1455470 2172
1455480 2175
1455490 2173
1455500 2173
1455510 2170
1455520 2166
1455530 2166
1455540 2162
1455550 2157
1455560 2157
1455570 2154
1455580 2153
1455590 2153
1455600 2153
1455610 2150
1455620 2150
1455630 2145
1455640 2136
1455650 2130
1455660 2130
1455670 2128
1455680 2128
1455690 2128
1455700 2128
1455710 2127
1455720 2127
1455730 2120
1455740 2112
1455750 2112
1455760 2101
1455770 2094
1455780 2094
1455790 2094
1455800 2095
1455810 2092
1455820 2092
1455830 2082
1455840 2080
1455850 2080
1455860 2079
1455870 2072
1455880 2072
1455890 2069
1455900 2069
1455910 2069
1455920 2069
1455930 2068
1455940 2068
1455950 2069
1455960 2071
1455970 2071
1455980 2070
1455990 2068
1456000 2069
1456010 2069
1456020 2069
1456030 2070
1456040 2070
1456050 2071
1456060 2072
1456070 2072
1456080 2076
1456090 2081
1456100 2081
1456110 2091
1456120 2096
1456130 2096
1456140 2104
1456150 2110
1456160 2110
1456170 2119
1456180 2121
1456190 2116
1456200 2116
1456210 2114
1456220 2121
1456230 2121
1456240 2120
1456250 2115
1456260 2115
1456270 2112
1456280 2112
1456290 2112
1456300 2110
1456310 2109
1456320 2109
1456330 2106
1456340 2104
1456350 2106
1456360 2106
1456370 2106
1456380 2100
1456390 2100
1456400 2094
1456410 2090
1456420 2090
1456430 2086
1456440 2081
1456450 2081
1456460 2077
1456470 2075
1456480 2075
1456490 2072
1456500 2069
1456510 2069
1456520 2066
1456530 2063
1456540 2059
1456550 2059
1456560 2055
1456570 2053
1456580 2053
1456590 2052
1456600 2053
1456610 2053
1456620 2053
1456630 2052
1456640 2052
1456650 2050
1456660 2048
1456670 2048
1456680 2044
1456690 2043
1456700 2043
1456710 2044
1456720 2044
1456730 2044
1456740 2044
1456750 2044
1456760 2044
1456770 2044
1456780 2045
1456790 2047
1456800 2047
1456810 2050
1456820 2052
1456830 2052
1456840 2054
1456850 2055
1456860 2055
1456870 2059
1456880 2065
1456890 2065
1456900 2072
1456910 2079
1456920 2087
1456930 2087
1456940 2094
1456950 2100
1456960 2100
1456970 2104
1456980 2106
1456990 2106
1457000 2109
1457010 2111
1457020 2111
1457030 2116
1457040 2122
1457050 2122
1457060 2129
1457070 2136
1457080 2143
1457090 2143
1457100 2151
1457110 2168
1457120 2168
1457130 2182
1457140 2190
1457150 2190
1457160 2199
1457170 2204
1457180 2204
1457190 2208
1457200 2213
1457210 2213
1457220 2220
1457230 2228
1457240 2228
1457250 2237
1457260 2242
1457270 2243
1457280 2243
1457290 2242
1457300 2240
1457310 2240
1457320 2239
1457330 2237
1457340 2237
1457350 2239
1457360 2240
1457370 2240
1457380 2241
1457390 2240
1457400 2240
1457410 2238
1457420 2237
1457430 2237
1457440 2238
1457450 2238
1457460 2240
1457470 2240
1457480 2244
1457490 2250
1457500 2250
1457510 2251
1457520 2250
1457530 2250
1457540 2248
1457550 2245
1457560 2245
1457570 2241
1457580 2238
1457590 2238
1457600 2236
1457610 2234
1457620 2233
1457630 2233
1457640 2233
1457650 2233
1457660 2233
1457670 2234
1457680 2235
1457690 2235
1457700 2238
1457710 2242
1457720 2242
1457730 2244
1457740 2244
1457750 2244
1457760 2244
1457770 2243
1457780 2243
1457790 2244
1457800 2248
1457810 2250
1457820 2250
1457830 2251
1457840 2252
1457850 2252
1457860 2252
1457870 2253
1457880 2253
1457890 2254
1457900 2256
1457910 2256
1457920 2259
1457930 2261
1457940 2261
1457950 2262
1457960 2265
1457970 2265
1457980 2268
1457990 2273
1458000 2277
1458010 2277
1458020 2280
1458030 2282
1458040 2282
1458050 2283
1458060 2282
1458070 2282
1458080 2280
1458090 2280
1458100 2280
1458110 2280
1458120 2280
1458130 2280
1458140 2281
1458150 2282
1458160 2282
1458170 2282
1458180 2283
1458190 2285
1458200 2285
1458210 2285
1458220 2284
1458230 2284
1458240 2281
1458250 2278
1458260 2278
1458270 2275
1458280 2274
1458290 2274
1458300 2273
1458310 2272
1458320 2272
1458330 2272
1458340 2272
1458350 2272
1458360 2272
1458370 2272
1458380 2272
1458390 2272
1458400 2272
1458410 2272
1458420 2272
1458430 2272
1458440 2272
1458450 2272
1458460 2274
1458470 2276
1458480 2276
1458490 2278
1458500 2281
1458510 2281
1458520 2285
1458530 2289
1458540 2294
1458550 2294
1458560 2300
1458570 2306
1458580 2306
1458590 2312
1458600 2318
1458610 2318
1458620 2324
1458630 2328
1458640 2328
1458650 2329
1458660 2330
1458670 2330
1458680 2331
1458690 2331
1458700 2332
1458710 2332
1458720 2333
1458730 2335
1458740 2335
1458750 2338
1458760 2340
1458770 2340
1458780 2341
1458790 2341
1458800 2341
1458810 2341
1458820 2342
1458830 2342
1458840 2343
1458850 2345
1458860 2345
1458870 2348
1458880 2350
1458890 2352
1458900 2352
1458910 2353
1458920 2354
1458930 2354
1458940 2355
1458950 2356
1458960 2356
1458970 2356
1458980 2357
1458990 2357
1459000 2359
1459010 2361
1459020 2361
1459030 2363
1459040 2363
1459050 2363
1459060 2363
1459070 2365
1459080 2366
1459090 2366
1459100 2369
1459110 2371
1459120 2371
1459130 2373
1459140 2378
1459150 2378
1459160 2383
1459170 2387
1459180 2387
1459190 2390
1459200 2394
1459210 2394
1459220 2397
1459230 2399
1459240 2399
1459250 2402
1459260 2405
1459270 2409
1459280 2409
1459290 2414
1459300 2420
1459310 2420
1459320 2427
1459330 2431
1459340 2431
1459350 2435
1459360 2440
1459370 2440
1459380 2444
1459390 2449
1459400 2449
1459410 2457
1459420 2465
1459430 2467
1459440 2467
1459450 2474
1459460 2485
1459470 2485
1459480 2497
1459490 2510
1459500 2510
1459510 2525
1459520 2540
1459530 2540
1459540 2546
1459550 2542
1459560 2542
1459570 2535
1459580 2529
1459590 2529
1459600 2523
1459610 2516
1459620 2510
1459630 2510
1459640 2504
1459650 2498
1459660 2498
1459670 2491
1459680 2485
1459690 2485
1459700 2477
1459710 2470
1459720 2470
1459730 2459
1459740 2451
1459750 2451
1459760 2444
1459770 2437
1459780 2437
1459790 2432
1459800 2429
1459810 2425
1459820 2425
1459830 2422
1459840 2418
1459850 2418
1459860 2414
1459870 2410
1459880 2410
1459890 2406
1459900 2399
1459910 2399
1459920 2393
1459930 2389
1459940 2389
1459950 2387
1459960 2386
1459970 2383
1459980 2383
1459990 2380
