1440000 1365
1440010 1364
1440020 1364
1440030 1365
1440040 1368
1440050 1368
1440060 1366
1440070 1362
1440080 1362
1440090 1360
1440100 1358
1440110 1356
1440120 1356
1440130 1353
1440140 1349
1440150 1349
1440160 1345
1440170 1341
1440180 1341
1440190 1337
1440200 1332
1440210 1332
1440220 1328
1440230 1324
1440240 1324
1440250 1321
1440260 1316
1440270 1311
1440280 1311
1440290 1306
1440300 1305
1440310 1305
1440320 1306
1440330 1305
1440340 1305
1440350 1301
1440360 1295
1440370 1295
1440380 1286
1440390 1279
1440400 1279
1440410 1273
1440420 1269
1440430 1269
1440440 1266
1440450 1263
1440460 1261
1440470 1261
1440480 1260
1440490 1259
1440500 1259
1440510 1259
1440520 1258
1440530 1258
1440540 1258
1440550 1256
1440560 1256
1440570 1254
1440580 1251
1440590 1251
1440600 1246
1440610 1242
1440620 1242
1440630 1238
1440640 1234
1440650 1230
1440660 1230
1440670 1226
1440680 1221
1440690 1221
1440700 1217
1440710 1213
1440720 1213
1440730 1208
1440740 1204
1440750 1204
1440760 1200
1440770 1196
1440780 1196
1440790 1191
1440800 1187
1440810 1187
1440820 1182
1440830 1178
1440840 1173
1440850 1173
1440860 1169
1440870 1164
1440880 1164
1440890 1158
1440900 1150
1440910 1150
1440920 1145
1440930 1140
1440940 1140
1440950 1134
1440960 1119
1440970 1119
1440980 1104
1440990 1093
1441000 1093
1441010 1084
1441020 1080
1441030 1084
1441040 1084
1441050 1095
1441060 1102
1441070 1102
1441080 1108
1441090 1114
1441100 1114
1441110 1115
1441120 1110
1441130 1110
1441140 1107
1441150 1106
1441160 1106
1441170 1105
1441180 1105
1441190 1106
1441200 1106
1441210 1109
1441220 1113
1441230 1113
1441240 1117
1441250 1120
1441260 1120
1441270 1122
1441280 1123
1441290 1123
1441300 1126
1441310 1127
1441320 1127
1441330 1127
1441340 1126
1441350 1126
1441360 1123
1441370 1121
1441380 1121
1441390 1121
1441400 1119
1441410 1116
1441420 1116
1441430 1119
1441440 1122
1441450 1122
1441460 1124
1441470 1126
1441480 1126
1441490 1129
1441500 1133
1441510 1133
1441520 1134
1441530 1135
1441540 1135
1441550 1135
1441560 1136
1441570 1137
1441580 1137
1441590 1138
1441600 1140
1441610 1140
1441620 1142
1441630 1143
1441640 1143
1441650 1144
1441660 1144
1441670 1144
1441680 1143
1441690 1142
1441700 1142
1441710 1142
1441720 1141
1441730 1141
1441740 1141
1441750 1141
1441760 1140
1441770 1140
1441780 1140
1441790 1138
1441800 1138
1441810 1136
1441820 1134
1441830 1134
1441840 1131
1441850 1128
1441860 1128
1441870 1124
1441880 1119
1441890 1119
1441900 1112
1441910 1107
1441920 1107
1441930 1104
1441940 1101
1441950 1101
1441960 1101
1441970 1102
1441980 1102
1441990 1102
1442000 1100
1442010 1099
1442020 1099
1442030 1096
1442040 1094
1442050 1094
1442060 1093
1442070 1091
1442080 1091
1442090 1088
1442100 1086
1442110 1086
1442120 1084
1442130 1083
1442140 1081
1442150 1081
1442160 1080
1442170 1079
1442180 1075
1442190 1073
1442200 1071
1442210 1071
1442220 1069
1442230 1067
1442240 1067
1442250 1065
1442260 1062
1442270 1062
1442280 1061
1442290 1059
1442300 1056
1442310 1056
1442320 1052
1442330 1048
1442340 1048
1442350 1045
1442360 1043
1442370 1043
1442380 1041
1442390 1039
1442400 1039
1442410 1036
1442420 1033
1442430 1033
1442440 1031
1442450 1028
1442460 1028
1442470 1026
1442480 1023
1442490 1020
1442500 1020
1442510 1013
1442520 1005
1442530 1005
1442540 998
1442550 993
1442560 993
1442570 988
1442580 986
1442590 986
1442600 981
1442610 975
1442620 975
1442630 970
1442640 964
1442650 964
1442660 956
1442670 949
1442680 946
1442690 946
1442700 945
1442710 946
1442720 946
1442730 946
1442740 949
1442750 949
1442760 955
1442770 960
1442780 960
1442790 966
1442800 971
1442810 971
1442820 976
1442830 978
1442840 978
1442850 978
1442860 975
1442870 972
1442880 972
1442890 969
1442900 966
1442910 966
1442920 963
1442930 960
1442940 960
1442950 957
1442960 955
1442970 955
1442980 951
1442990 948
1443000 948
1443010 944
1443020 940
1443030 940
1443040 936
1443050 928
1443060 919
1443070 919
1443080 912
1443090 906
1443100 906
1443110 900
1443120 898
1443130 898
1443140 897
1443150 896
1443160 896
1443170 895
1443180 894
1443190 894
1443200 893
1443210 891
1443220 890
1443230 890
1443240 889
1443250 888
1443260 888
1443270 886
1443280 884
1443290 884
1443300 883
1443310 881
1443320 881
1443330 879
1443340 878
1443350 878
1443360 877
1443370 878
1443380 878
1443390 877
1443400 877
1443410 879
1443420 879
1443430 880
1443440 879
1443450 879
1443460 880
1443470 879
1443480 879
1443490 879
1443500 876
1443510 876
1443520 872
1443530 869
1443540 869
1443550 865
1443560 861
1443570 861
1443580 858
1443590 855
1443600 851
1443610 851
1443620 849
1443630 847
1443640 847
1443650 846
1443660 844
1443670 844
1443680 843
1443690 841
1443700 841
1443710 839
1443720 837
1443730 837
1443740 835
1443750 833
1443760 833
1443770 831
1443780 830
1443790 829
1443800 829
1443810 828
1443820 827
1443830 827
1443840 827
1443850 826
1443860 826
1443870 824
1443880 823
1443890 823
1443900 822
1443910 821
1443920 821
1443930 821
1443940 821
1443950 821
1443960 821
1443970 821
1443980 821
1443990 821
1444000 821
1444010 820
1444020 820
1444030 820
1444040 820
1444050 820
1444060 820
1444070 821
1444080 821
1444090 820
1444100 820
1444110 820
1444120 820
1444130 820
1444140 820
1444150 820
1444160 820
1444170 820
1444180 820
1444190 820
1444200 820
1444210 820
1444220 819
1444230 819
1444240 819
1444250 819
1444260 819
1444270 819
1444280 819
1444290 819
1444300 819
1444310 819
1444320 819
1444330 819
1444340 819
1444350 820
1444360 820
1444370 820
1444380 820
1444390 820
1444400 820
1444410 820
1444420 819
1444430 819
1444440 819
1444450 819
1444460 819
1444470 819
1444480 819
1444490 819
1444500 819
1444510 819
1444520 819
1444530 819
1444540 819
1444550 819
1444560 819
1444570 819
1444580 819
1444590 819
1444600 819
1444610 819
1444620 819
1444630 819
1444640 819
1444650 819
1444660 819
1444670 819
1444680 819
1444690 819
1444700 819
1444710 819
1444720 819
1444730 819
1444740 818
1444750 818
1444760 818
1444770 818
1444780 818
1444790 818
1444800 817
1444810 817
1444820 816
1444830 816
1444840 816
1444850 815
1444860 815
1444870 815
1444880 816
1444890 816
1444900 817
1444910 817
1444920 818
1444930 818
1444940 818
1444950 818
1444960 818
1444970 818
1444980 818
1444990 817
1445000 817
1445010 817
1445020 817
1445030 817
1445040 817
1445050 816
1445060 816
1445070 816
1445080 817
1445090 817
1445100 817
1445110 817
1445120 817
1445130 817
1445140 817
1445150 817
1445160 817
1445170 817
1445180 817
1445190 817
1445200 817
1445210 818
1445220 818
1445230 818
1445240 818
1445250 821
1445260 821
1445270 824
1445280 825
1445290 825
1445300 826
1445310 828
1445320 828
1445330 831
1445340 831
1445350 831
1445360 832
1445370 836
1445380 836
1445390 841
1445400 845
1445410 845
1445420 847
1445430 850
1445440 856
1445450 856
1445460 861
1445470 865
1445480 865
1445490 866
1445500 867
1445510 867
1445520 872
1445530 877
1445540 877
1445550 882
1445560 889
1445570 889
1445580 897
1445590 903
1445600 903
1445610 908
1445620 912
1445630 914
1445640 914
1445650 914
1445660 915
1445670 915
1445680 919
1445690 923
1445700 923
1445710 926
1445720 927
1445730 927
1445740 927
1445750 930
1445760 930
1445770 935
1445780 938
1445790 938
1445800 940
1445810 942
1445820 946
1445830 946
1445840 951
1445850 956
1445860 956
1445870 959
1445880 960
1445890 960
1445900 961
1445910 963
1445920 963
1445930 968
1445940 973
1445950 973
1445960 978
1445970 982
1445980 982
1445990 986
1446000 991
1446010 994
1446020 994
1446030 997
1446040 1000
1446050 1000
1446060 1002
1446070 1005
1446080 1005
1446090 1009
1446100 1012
1446110 1012
1446120 1017
1446130 1021
1446140 1021
1446150 1023
1446160 1024
1446170 1025
1446180 1025
1446190 1028
1446200 1031
1446210 1031
1446220 1036
1446230 1042
1446240 1042
1446250 1047
1446260 1049
1446270 1049
1446280 1052
1446290 1054
1446300 1054
1446310 1057
1446320 1061
1446330 1061
1446340 1065
1446350 1070
1446360 1076
1446370 1076
1446380 1079
1446390 1082
1446400 1082
1446410 1084
1446420 1081
1446430 1081
1446440 1073
1446450 1075
1446460 1075
1446470 1088
1446480 1097
1446490 1097
1446500 1100
1446510 1103
1446520 1103
1446530 1108
1446540 1113
1446550 1117
1446560 1117
1446570 1122
1446580 1125
1446590 1125
1446600 1129
1446610 1132
1446620 1132
1446630 1135
1446640 1142
1446650 1142
1446660 1147
1446670 1151
1446680 1151
1446690 1155
1446700 1157
1446710 1157
1446720 1158
1446730 1160
1446740 1164
1446750 1164
1446760 1168
1446770 1172
1446780 1172
1446790 1176
1446800 1180
1446810 1180
1446820 1183
1446830 1184
1446840 1184
1446850 1184
1446860 1184
1446870 1184
1446880 1184
1446890 1186
1446900 1186
1446910 1189
1446920 1191
1446930 1194
1446940 1194
1446950 1197
1446960 1199
1446970 1199
1446980 1199
1446990 1201
1447000 1201
1447010 1203
1447020 1203
1447030 1203
1447040 1204
1447050 1204
1447060 1204
1447070 1205
1447080 1206
1447090 1206
1447100 1208
1447110 1212
1447120 1215
1447130 1215
1447140 1218
1447150 1221
1447160 1221
1447170 1224
1447180 1225
1447190 1225
1447200 1226
1447210 1228
1447220 1228
1447230 1230
1447240 1235
1447250 1235
1447260 1238
1447270 1238
1447280 1237
1447290 1237
1447300 1236
1447310 1238
1447320 1238
1447330 1239
1447340 1239
1447350 1239
1447360 1240
1447370 1240
1447380 1240
1447390 1241
1447400 1241
1447410 1241
1447420 1240
1447430 1245
1447440 1245
1447450 1252
1447460 1254
1447470 1256
1447480 1256
1447490 1258
1447500 1260
1447510 1260
1447520 1260
1447530 1262
1447540 1262
1447550 1264
1447560 1266
1447570 1266
1447580 1269
1447590 1271
1447600 1271
1447610 1272
1447620 1273
1447630 1273
1447640 1274
1447650 1275
1447660 1277
1447670 1277
1447680 1278
1447690 1281
1447700 1281
1447710 1283
1447720 1286
1447730 1286
1447740 1289
1447750 1292
1447760 1292
1447770 1297
1447780 1301
1447790 1301
1447800 1303
1447810 1305
1447820 1305
1447830 1308
1447840 1311
1447850 1318
1447860 1318
1447870 1325
1447880 1326
1447890 1326
1447900 1323
1447910 1321
1447920 1321
1447930 1320
1447940 1320
1447950 1320
1447960 1318
1447970 1320
1447980 1320
1447990 1323
1448000 1326
1448010 1326
1448020 1328
1448030 1329
1448040 1328
1448050 1328
1448060 1327
1448070 1328
1448080 1328
1448090 1328
1448100 1331
1448110 1331
1448120 1336
1448130 1341
1448140 1341
1448150 1344
1448160 1346
1448170 1346
1448180 1349
1448190 1352
1448200 1355
1448210 1355
1448220 1358
1448230 1361
1448240 1361
1448250 1364
1448260 1366
1448270 1366
1448280 1368
1448290 1370
1448300 1370
1448310 1372
1448320 1374
1448330 1374
1448340 1377
1448350 1379
1448360 1379
1448370 1382
1448380 1384
1448390 1386
1448400 1386
1448410 1387
1448420 1390
1448430 1390
1448440 1392
1448450 1394
1448460 1394
1448470 1393
1448480 1392
1448490 1392
1448500 1390
1448510 1390
1448520 1390
1448530 1389
1448540 1388
1448550 1388
1448560 1386
1448570 1384
1448580 1381
1448590 1381
1448600 1375
1448610 1368
1448620 1368
1448630 1369
1448640 1364
1448650 1364
1448660 1358
1448670 1350
1448680 1350
1448690 1342
1448700 1335
1448710 1335
1448720 1327
1448730 1315
1448740 1315
1448750 1301
1448760 1290
1448770 1287
1448780 1287
1448790 1291
1448800 1299
1448810 1299
1448820 1306
1448830 1314
1448840 1314
1448850 1319
1448860 1324
1448870 1324
1448880 1327
1448890 1329
1448900 1329
1448910 1332
1448920 1334
1448930 1334
1448940 1335
1448950 1340
1448960 1342
1448970 1342
1448980 1341
1448990 1340
1449000 1340
1449010 1340
1449020 1339
1449030 1339
1449040 1337
1449050 1333
1449060 1333
1449070 1330
1449080 1326
1449090 1326
1449100 1324
1449110 1324
1449120 1315
1449130 1315
1449140 1305
1449150 1296
1449160 1296
1449170 1291
1449180 1292
1449190 1292
1449200 1297
1449210 1304
1449220 1304
1449230 1314
1449240 1325
1449250 1325
1449260 1332
1449270 1338
1449280 1338
1449290 1346
1449300 1357
1449310 1374
1449320 1374
1449330 1385
1449340 1402
1449350 1402
1449360 1417
1449370 1429
1449380 1429
1449390 1438
1449400 1445
1449410 1445
1449420 1450
1449430 1455
1449440 1455
1449450 1463
1449460 1471
1449470 1471
1449480 1479
1449490 1485
1449500 1491
1449510 1491
1449520 1496
1449530 1502
1449540 1502
1449550 1508
1449560 1512
1449570 1512
1449580 1517
1449590 1522
1449600 1522
1449610 1526
1449620 1531
1449630 1531
1449640 1535
1449650 1539
1449660 1539
1449670 1542
1449680 1545
1449690 1549
1449700 1549
1449710 1551
1449720 1555
1449730 1555
1449740 1560
1449750 1563
1449760 1563
1449770 1566
1449780 1569
1449790 1569
1449800 1572
1449810 1576
1449820 1576
1449830 1580
1449840 1584
1449850 1584
1449860 1589
1449870 1593
1449880 1597
1449890 1597
1449900 1601
1449910 1604
1449920 1604
1449930 1607
1449940 1610
1449950 1610
1449960 1613
1449970 1616
1449980 1616
1449990 1620
1450000 1623
1450010 1623
1450020 1626
1450030 1629
1450040 1629
1450050 1634
1450060 1638
1450070 1641
1450080 1641
1450090 1641
1450100 1639
1450110 1639
1450120 1638
1450130 1640
1450140 1640
1450150 1641
1450160 1643
1450170 1643
1450180 1646
1450190 1648
1450200 1648
1450210 1649
1450220 1650
1450230 1651
1450240 1651
1450250 1652
1450260 1653
1450270 1653
1450280 1655
1450290 1656
1450300 1656
1450310 1659
1450320 1661
1450330 1661
1450340 1664
1450350 1668
1450360 1668
1450370 1671
1450380 1673
1450390 1673
1450400 1675
1450410 1677
1450420 1675
1450430 1675
1450440 1676
1450450 1677
1450460 1677
1450470 1678
1450480 1679
1450490 1679
1450500 1679
1450510 1681
1450520 1681
1450530 1683
1450540 1683
1450550 1683
1450560 1683
1450570 1681
1450580 1681
1450590 1679
1450600 1677
1450610 1673
1450620 1673
1450630 1668
1450640 1662
1450650 1662
1450660 1656
1450670 1650
1450680 1650
1450690 1645
1450700 1642
1450710 1642
1450720 1639
1450730 1638
1450740 1638
1450750 1636
1450760 1631
1450770 1631
1450780 1628
1450790 1626
1450800 1623
1450810 1623
1450820 1622
1450830 1615
1450840 1615
1450850 1609
1450860 1605
1450870 1605
1450880 1615
1450890 1632
1450900 1632
1450910 1642
1450920 1639
1450930 1639
1450940 1643
1450950 1655
1450960 1655
1450970 1666
1450980 1672
1450990 1676
1451000 1676
1451010 1682
1451020 1688
1451030 1688
1451040 1694
1451050 1697
1451060 1697
1451070 1700
1451080 1705
1451090 1705
1451100 1710
1451110 1715
1451120 1715
1451130 1721
1451140 1727
1451150 1730
1451160 1730
1451170 1733
1451180 1737
1451190 1737
1451200 1742
1451210 1746
1451220 1746
1451230 1748
1451240 1750
1451250 1750
1451260 1755
1451270 1758
1451280 1758
1451290 1762
1451300 1766
1451310 1766
1451320 1770
1451330 1774
1451340 1779
1451350 1779
1451360 1782
1451370 1785
1451380 1785
1451390 1789
1451400 1793
1451410 1793
1451420 1796
1451430 1800
1451440 1800
1451450 1804
1451460 1809
1451470 1809
1451480 1814
1451490 1817
1451500 1817
1451510 1820
1451520 1823
1451530 1827
1451540 1827
1451550 1832
1451560 1837
1451570 1837
1451580 1842
1451590 1846
1451600 1846
1451610 1851
1451620 1856
1451630 1856
1451640 1860
1451650 1866
1451660 1866
1451670 1872
1451680 1878
1451690 1878
1451700 1882
1451710 1886
1451720 1887
1451730 1887
1451740 1889
1451750 1892
1451760 1892
1451770 1894
1451780 1894
1451790 1894
1451800 1897
1451810 1900
1451820 1900
1451830 1902
1451840 1903
1451850 1903
1451860 1904
1451870 1905
1451880 1905
1451890 1906
1451900 1906
1451910 1907
1451920 1907
1451930 1908
1451940 1908
1451950 1908
1451960 1910
1451970 1910
1451980 1910
1451990 1911
1452000 1912
1452010 1912
1452020 1915
1452030 1918
1452040 1918
1452050 1920
1452060 1922
1452070 1922
1452080 1923
1452090 1925
1452100 1926
1452110 1926
1452120 1928
1452130 1930
1452140 1930
1452150 1932
1452160 1934
1452170 1934
1452180 1938
1452190 1941
1452200 1941
1452210 1944
1452220 1947
1452230 1947
1452240 1951
1452250 1956
1452260 1960
1452270 1960
1452280 1965
1452290 1970
1452300 1970
1452310 1974
1452320 1977
1452330 1977
1452340 1983
1452350 1984
1452360 1984
1452370 1986
1452380 1987
1452390 1987
1452400 1985
1452410 1986
1452420 1986
1452430 1990
1452440 1996
1452450 2000
1452460 2000
1452470 2002
1452480 2003
1452490 2003
1452500 2005
1452510 2005
1452520 2005
1452530 1999
1452540 1993
1452550 1993
1452560 1986
1452570 1979
1452580 1979
1452590 1972
1452600 1963
1452610 1963
1452620 1954
1452630 1945
1452640 1939
1452650 1939
1452660 1933
1452670 1928
1452680 1928
1452690 1925
1452700 1921
1452710 1921
1452720 1917
1452730 1916
1452740 1916
1452750 1916
1452760 1915
1452770 1915
1452780 1915
1452790 1915
1452800 1915
1452810 1914
1452820 1914
1452830 1915
1452840 1915
1452850 1917
1452860 1919
1452870 1919
1452880 1920
1452890 1922
1452900 1922
1452910 1922
1452920 1921
1452930 1921
1452940 1920
1452950 1921
1452960 1921
1452970 1921
1452980 1922
1452990 1922
1453000 1925
1453010 1928
1453020 1932
1453030 1932
1453040 1935
1453050 1937
1453060 1937
1453070 1939
1453080 1940
1453090 1940
1453100 1940
1453110 1939
1453120 1939
1453130 1940
1453140 1943
1453150 1943
1453160 1947
1453170 1952
1453180 1956
1453190 1956
1453200 1960
1453210 1963
1453220 1963
1453230 1965
1453240 1967
1453250 1967
1453260 1969
1453270 1969
1453280 1969
1453290 1968
1453300 1969
1453310 1969
1453320 1970
1453330 1971
1453340 1971
1453350 1971
1453360 1971
1453370 1969
1453380 1969
1453390 1965
1453400 1961
1453410 1961
1453420 1958
1453430 1956
1453440 1956
1453450 1954
1453460 1951
1453470 1951
1453480 1948
1453490 1944
1453500 1944
1453510 1940
1453520 1935
1453530 1935
1453540 1930
1453550 1926
1453560 1921
1453570 1921
1453580 1912
1453590 1903
1453600 1903
1453610 1893
1453620 1885
1453630 1885
1453640 1878
1453650 1871
1453660 1871
1453670 1866
1453680 1862
1453690 1862
1453700 1858
1453710 1854
1453720 1854
1453730 1848
1453740 1844
1453750 1838
1453760 1838
1453770 1829
1453780 1820
1453790 1820
1453800 1811
1453810 1804
1453820 1804
1453830 1799
1453840 1794
1453850 1794
1453860 1787
1453870 1779
1453880 1779
1453890 1770
1453900 1760
1453910 1760
1453920 1752
1453930 1744
1453940 1737
1453950 1737
1453960 1730
1453970 1725
1453980 1725
1453990 1719
1454000 1714
1454010 1714
1454020 1709
1454030 1700
1454040 1700
1454050 1692
1454060 1681
1454070 1681
1454080 1672
1454090 1666
1454100 1666
1454110 1660
1454120 1655
1454130 1651
1454140 1651
1454150 1647
1454160 1643
1454170 1643
1454180 1640
1454190 1636
1454200 1636
1454210 1630
1454220 1623
1454230 1623
1454240 1616
1454250 1610
1454260 1610
1454270 1600
1454280 1591
1454290 1584
1454300 1584
1454310 1579
1454320 1576
1454330 1576
1454340 1574
1454350 1574
1454360 1574
1454370 1571
1454380 1565
1454390 1565
1454400 1561
1454410 1557
1454420 1557
1454430 1552
1454440 1548
1454450 1548
1454460 1546
1454470 1546
1454480 1546
1454490 1546
1454500 1545
1454510 1542
1454520 1542
1454530 1538
1454540 1533
1454550 1533
1454560 1526
1454570 1516
1454580 1516
1454590 1505
1454600 1497
1454610 1497
1454620 1489
1454630 1482
1454640 1482
1454650 1475
1454660 1467
1454670 1459
1454680 1459
1454690 1451
1454700 1443
1454710 1443
1454720 1436
1454730 1430
1454740 1430
1454750 1423
1454760 1417
1454770 1417
1454780 1412
1454790 1408
1454800 1408
1454810 1404
1454820 1399
1454830 1399
1454840 1394
1454850 1389
1454860 1382
1454870 1382
1454880 1373
1454890 1364
1454900 1364
1454910 1356
1454920 1349
1454930 1349
1454940 1342
1454950 1336
1454960 1336
1454970 1332
1454980 1327
1454990 1327
1455000 1324
1455010 1321
1455020 1321
1455030 1318
1455040 1314
1455050 1308
1455060 1308
1455070 1301
1455080 1294
1455090 1294
1455100 1287
1455110 1281
1455120 1281
1455130 1275
1455140 1270
1455150 1270
1455160 1266
1455170 1264
1455180 1264
1455190 1262
1455200 1257
1455210 1250
1455220 1250
1455230 1247
1455240 1248
1455250 1248
1455260 1246
1455270 1244
1455280 1244
1455290 1248
1455300 1255
1455310 1255
1455320 1264
1455330 1273
1455340 1273
1455350 1283
1455360 1289
1455370 1289
1455380 1292
1455390 1293
1455400 1294
1455410 1294
1455420 1297
1455430 1303
1455440 1303
1455450 1309
1455460 1317
1455470 1317
1455480 1325
1455490 1334
1455500 1334
1455510 1345
1455520 1356
1455530 1356
1455540 1365
1455550 1371
1455560 1371
1455570 1376
1455580 1381
1455590 1389
1455600 1389
1455610 1398
1455620 1407
1455630 1407
1455640 1414
1455650 1420
1455660 1420
1455670 1424
1455680 1430
1455690 1430
1455700 1437
1455710 1445
1455720 1445
1455730 1453
1455740 1461
1455750 1461
1455760 1471
1455770 1477
1455780 1481
1455790 1481
1455800 1487
1455810 1493
1455820 1493
1455830 1499
1455840 1505
1455850 1505
1455860 1511
1455870 1517
1455880 1517
1455890 1526
1455900 1533
1455910 1533
1455920 1539
1455930 1544
1455940 1544
1455950 1550
1455960 1555
1455970 1561
1455980 1561
1455990 1567
1456000 1574
1456010 1574
1456020 1581
1456030 1589
1456040 1589
1456050 1594
1456060 1600
1456070 1600
1456080 1606
1456090 1612
1456100 1612
1456110 1618
1456120 1625
1456130 1625
1456140 1631
1456150 1635
1456160 1640
1456170 1640
1456180 1647
1456190 1651
1456200 1651
1456210 1656
1456220 1660
1456230 1660
1456240 1664
1456250 1669
1456260 1669
1456270 1673
1456280 1677
1456290 1677
1456300 1682
1456310 1688
1456320 1694
1456330 1694
1456340 1698
1456350 1703
1456360 1703
1456370 1707
1456380 1712
1456390 1712
1456400 1718
1456410 1725
1456420 1725
1456430 1731
1456440 1738
1456450 1738
1456460 1745
1456470 1752
1456480 1752
1456490 1758
1456500 1763
1456510 1768
1456520 1768
1456530 1778
1456540 1791
1456550 1791
1456560 1801
1456570 1809
1456580 1809
1456590 1815
1456600 1820
1456610 1820
1456620 1825
1456630 1831
1456640 1831
1456650 1836
1456660 1842
1456670 1842
1456680 1848
1456690 1855
1456700 1864
1456710 1864
1456720 1874
1456730 1884
1456740 1884
1456750 1889
1456760 1896
1456770 1896
1456780 1900
1456790 1906
1456800 1906
1456810 1917
1456820 1924
1456830 1924
1456840 1931
1456850 1940
1456860 1940
1456870 1947
1456880 1959
1456890 1967
1456900 1967
1456910 1973
1456920 1977
1456930 1977
1456940 1981
1456950 1984
1456960 1984
1456970 1987
1456980 1989
1456990 1989
1457000 1993
1457010 1996
1457020 1996
1457030 2001
1457040 2006
1457050 2006
1457060 2011
1457070 2017
1457080 2020
1457090 2020
1457100 2023
1457110 2027
1457120 2027
1457130 2030
1457140 2035
1457150 2035
1457160 2038
1457170 2043
1457180 2043
1457190 2047
1457200 2052
1457210 2052
1457220 2058
1457230 2066
1457240 2072
1457250 2072
1457260 2079
1457270 2082
1457280 2082
1457290 2085
1457300 2089
1457310 2089
1457320 2094
1457330 2097
1457340 2097
1457350 2100
1457360 2103
1457370 2103
1457380 2108
1457390 2113
1457400 2113
1457410 2117
1457420 2118
1457430 2118
1457440 2118
1457450 2117
1457460 2118
1457470 2118
1457480 2118
1457490 2117
1457500 2117
1457510 2116
1457520 2116
1457530 2116
1457540 2117
1457550 2118
1457560 2118
1457570 2120
1457580 2121
1457590 2121
1457600 2122
1457610 2122
1457620 2122
1457630 2122
1457640 2123
1457650 2123
1457660 2123
1457670 2124
1457680 2125
1457690 2125
1457700 2125
1457710 2126
1457720 2126
1457730 2130
1457740 2134
1457750 2134
1457760 2141
1457770 2145
1457780 2145
1457790 2147
1457800 2149
1457810 2152
1457820 2152
1457830 2156
1457840 2158
1457850 2158
1457860 2160
1457870 2162
1457880 2162
1457890 2166
1457900 2169
1457910 2169
1457920 2173
1457930 2177
1457940 2177
1457950 2182
1457960 2186
1457970 2186
1457980 2191
1457990 2195
1458000 2200
1458010 2200
1458020 2205
1458030 2211
1458040 2211
1458050 2216
1458060 2222
1458070 2222
1458080 2228
1458090 2234
1458100 2234
1458110 2239
1458120 2243
1458130 2243
1458140 2245
1458150 2244
1458160 2243
1458170 2243
1458180 2243
1458190 2244
1458200 2244
1458210 2248
1458220 2250
1458230 2250
1458240 2253
1458250 2255
1458260 2255
1458270 2257
1458280 2260
1458290 2260
1458300 2262
1458310 2265
1458320 2265
1458330 2268
1458340 2271
1458350 2274
1458360 2274
1458370 2277
1458380 2281
1458390 2281
1458400 2286
1458410 2291
1458420 2291
1458430 2295
1458440 2299
1458450 2299
1458460 2303
1458470 2308
1458480 2308
1458490 2312
1458500 2316
1458510 2316
1458520 2320
1458530 2325
1458540 2330
1458550 2330
1458560 2336
1458570 2341
1458580 2341
1458590 2346
1458600 2350
1458610 2350
1458620 2353
1458630 2358
1458640 2358
1458650 2363
1458660 2368
1458670 2368
1458680 2373
1458690 2378
1458700 2378
1458710 2381
1458720 2385
1458730 2389
1458740 2389
1458750 2393
1458760 2397
1458770 2397
1458780 2402
1458790 2406
1458800 2406
1458810 2410
1458820 2413
1458830 2413
1458840 2415
1458850 2417
1458860 2417
1458870 2423
1458880 2429
1458890 2429
1458900 2436
1458910 2447
1458920 2458
1458930 2458
1458940 2463
1458950 2468
1458960 2468
1458970 2472
1458980 2477
1458990 2477
1459000 2482
1459010 2486
1459020 2486
1459030 2486
1459040 2487
1459050 2487
1459060 2499
1459070 2513
1459080 2513
1459090 2527
1459100 2538
1459110 2543
1459120 2543
1459130 2546
1459140 2551
1459150 2551
1459160 2556
1459170 2560
1459180 2560
1459190 2557
1459200 2563
1459210 2563
1459220 2577
1459230 2592
1459240 2592
1459250 2602
1459260 2604
1459270 2609
1459280 2609
1459290 2616
1459300 2621
1459310 2621
1459320 2626
1459330 2630
1459340 2630
1459350 2635
1459360 2639
1459370 2639
1459380 2644
1459390 2651
1459400 2651
1459410 2654
1459420 2658
1459430 2658
1459440 2664
1459450 2671
1459460 2668
1459470 2668
1459480 2662
1459490 2657
1459500 2657
1459510 2652
1459520 2647
1459530 2647
1459540 2642
1459550 2637
1459560 2637
1459570 2632
1459580 2630
1459590 2630
1459600 2631
1459610 2630
1459620 2630
1459630 2628
1459640 2626
1459650 2626
1459660 2626
1459670 2627
1459680 2630
1459690 2630
1459700 2630
1459710 2630
1459720 2630
1459730 2630
1459740 2630
1459750 2630
1459760 2627
1459770 2623
1459780 2623
1459790 2617
1459800 2610
1459810 2610
1459820 2607
1459830 2608
1459840 2608
1459850 2608
1459860 2607
1459870 2607
1459880 2607
1459890 2607
1459900 2607
1459910 2607
1459920 2604
1459930 2600
1459940 2600
1459950 2595
1459960 2591
1459970 2591
1459980 2590
1459990 2590
