1440000 1685
1440010 1685
1440020 1683
1440030 1681
1440040 1681
1440050 1678
1440060 1676
1440070 1676
1440080 1672
1440090 1668
1440100 1668
1440110 1662
1440120 1658
1440130 1658
1440140 1653
1440150 1648
1440160 1648
1440170 1643
1440180 1638
1440190 1634
1440200 1634
1440210 1632
1440220 1630
1440230 1630
1440240 1630
1440250 1632
1440260 1632
1440270 1634
1440280 1633
1440290 1633
1440300 1630
1440310 1627
1440320 1627
1440330 1624
1440340 1622
1440350 1624
1440360 1624
1440370 1626
1440380 1627
1440390 1625
1440400 1625
1440410 1623
1440420 1623
1440430 1619
1440440 1616
1440450 1616
1440460 1616
1440470 1616
1440480 1616
1440490 1614
1440500 1610
1440510 1610
1440520 1606
1440530 1601
1440540 1599
1440550 1599
1440560 1600
1440570 1598
1440580 1598
1440590 1596
1440600 1594
1440610 1594
1440620 1594
1440630 1594
1440640 1594
1440650 1592
1440660 1591
1440670 1591
1440680 1592
1440690 1593
1440700 1593
1440710 1594
1440720 1593
1440730 1591
1440740 1591
1440750 1589
1440760 1588
1440770 1588
1440780 1586
1440790 1587
1440800 1587
1440810 1588
1440820 1586
1440830 1586
1440840 1585
1440850 1585
1440860 1585
1440870 1584
1440880 1584
1440890 1584
1440900 1583
1440910 1582
1440920 1582
1440930 1582
1440940 1584
1440950 1584
1440960 1584
1440970 1587
1440980 1588
1440990 1588
1441000 1587
1441010 1584
1441020 1584
1441030 1578
1441040 1572
1441050 1572
1441060 1569
1441070 1566
1441080 1566
1441090 1564
1441100 1563
1441110 1558
1441120 1558
1441130 1554
1441140 1551
1441150 1551
1441160 1549
1441170 1546
1441180 1546
1441190 1544
1441200 1542
1441210 1542
1441220 1538
1441230 1532
1441240 1532
1441250 1528
1441260 1524
1441270 1524
1441280 1520
1441290 1515
1441300 1512
1441310 1512
1441320 1507
1441330 1503
1441340 1503
1441350 1498
1441360 1491
1441370 1491
1441380 1485
1441390 1479
1441400 1479
1441410 1474
1441420 1468
1441430 1468
1441440 1462
1441450 1456
1441460 1456
1441470 1451
1441480 1447
1441490 1446
1441500 1446
1441510 1447
1441520 1447
1441530 1447
1441540 1447
1441550 1444
1441560 1444
1441570 1436
1441580 1428
1441590 1428
1441600 1421
1441610 1419
1441620 1419
1441630 1425
1441640 1430
1441650 1429
1441660 1429
1441670 1425
1441680 1421
1441690 1421
1441700 1419
1441710 1416
1441720 1416
1441730 1415
1441740 1413
1441750 1413
1441760 1412
1441770 1411
1441780 1411
1441790 1411
1441800 1412
1441810 1412
1441820 1415
1441830 1419
1441840 1420
1441850 1420
1441860 1419
1441870 1416
1441880 1416
1441890 1411
1441900 1407
1441910 1407
1441920 1405
1441930 1403
1441940 1403
1441950 1400
1441960 1397
1441970 1397
1441980 1395
1441990 1392
1442000 1392
1442010 1389
1442020 1387
1442030 1385
1442040 1385
1442050 1382
1442060 1377
1442070 1377
1442080 1370
1442090 1362
1442100 1362
1442110 1355
1442120 1348
1442130 1348
1442140 1340
1442150 1332
1442160 1332
1442170 1324
1442180 1315
1442190 1315
1442200 1311
1442210 1312
1442220 1311
1442230 1311
1442240 1309
1442250 1309
1442260 1309
1442270 1310
1442280 1313
1442290 1313
1442300 1314
1442310 1317
1442320 1317
1442330 1323
1442340 1329
1442350 1329
1442360 1338
1442370 1344
1442380 1344
1442390 1345
1442400 1343
1442410 1339
1442420 1339
1442430 1339
1442440 1340
1442450 1340
1442460 1337
1442470 1334
1442480 1334
1442490 1333
1442500 1333
1442510 1333
1442520 1332
1442530 1329
1442540 1329
1442550 1323
1442560 1318
1442570 1318
1442580 1323
1442590 1329
1442600 1334
1442610 1334
1442620 1339
1442630 1345
1442640 1345
1442650 1351
1442660 1355
1442670 1355
1442680 1355
1442690 1357
1442700 1357
1442710 1358
1442720 1355
1442730 1355
1442740 1350
1442750 1347
1442760 1348
1442770 1348
1442780 1350
1442790 1352
1442800 1352
1442810 1353
1442820 1353
1442830 1353
1442840 1352
1442850 1349
1442860 1349
1442870 1345
1442880 1341
1442890 1341
1442900 1333
1442910 1321
1442920 1321
1442930 1311
1442940 1312
1442950 1315
1442960 1315
1442970 1317
1442980 1319
1442990 1319
1443000 1320
1443010 1318
1443020 1318
1443030 1315
1443040 1313
1443050 1313
1443060 1315
1443070 1318
1443080 1318
1443090 1322
1443100 1324
1443110 1324
1443120 1324
1443130 1323
1443140 1320
1443150 1320
1443160 1317
1443170 1316
1443180 1316
1443190 1315
1443200 1314
1443210 1314
1443220 1313
1443230 1310
1443240 1310
1443250 1306
1443260 1302
1443270 1302
1443280 1298
1443290 1294
1443300 1294
1443310 1291
1443320 1289
1443330 1285
1443340 1285
1443350 1281
1443360 1278
1443370 1278
1443380 1274
1443390 1266
1443400 1266
1443410 1261
1443420 1251
1443430 1251
1443440 1241
1443450 1232
1443460 1232
1443470 1223
1443480 1214
1443490 1214
1443500 1206
1443510 1198
1443520 1189
1443530 1189
1443540 1179
1443550 1180
1443560 1180
1443570 1191
1443580 1204
1443590 1204
1443600 1218
1443610 1228
1443620 1228
1443630 1238
1443640 1243
1443650 1243
1443660 1244
1443670 1245
1443680 1245
1443690 1245
1443700 1245
1443710 1245
1443720 1245
1443730 1244
1443740 1243
1443750 1243
1443760 1242
1443770 1240
1443780 1240
1443790 1238
1443800 1235
1443810 1235
1443820 1231
1443830 1229
1443840 1229
1443850 1228
1443860 1228
1443870 1228
1443880 1229
1443890 1229
1443900 1228
1443910 1228
1443920 1226
1443930 1221
1443940 1221
1443950 1217
1443960 1217
1443970 1217
1443980 1217
1443990 1217
1444000 1217
1444010 1216
1444020 1215
1444030 1215
1444040 1213
1444050 1211
1444060 1210
1444070 1210
1444080 1206
1444090 1198
1444100 1198
1444110 1197
1444120 1203
1444130 1203
1444140 1202
1444150 1201
1444160 1201
1444170 1199
1444180 1194
1444190 1194
1444200 1192
1444210 1192
1444220 1192
1444230 1189
1444240 1186
1444250 1183
1444260 1183
1444270 1180
1444280 1177
1444290 1177
1444300 1176
1444310 1174
1444320 1174
1444330 1174
1444340 1172
1444350 1172
1444360 1166
1444370 1161
1444380 1161
1444390 1160
1444400 1155
1444410 1155
1444420 1151
1444430 1147
1444440 1144
1444450 1144
1444460 1141
1444470 1138
1444480 1138
1444490 1132
1444500 1126
1444510 1126
1444520 1122
1444530 1119
1444540 1119
1444550 1117
1444560 1115
1444570 1115
1444580 1114
1444590 1110
1444600 1110
1444610 1105
1444620 1104
1444630 1099
1444640 1099
1444650 1093
1444660 1089
1444670 1089
1444680 1085
1444690 1080
1444700 1080
1444710 1074
1444720 1069
1444730 1069
1444740 1066
1444750 1059
1444760 1059
1444770 1053
1444780 1050
1444790 1050
1444800 1046
1444810 1042
1444820 1038
1444830 1038
1444840 1035
1444850 1031
1444860 1031
1444870 1026
1444880 1022
1444890 1022
1444900 1018
1444910 1014
1444920 1014
1444930 1011
1444940 1008
1444950 1008
1444960 1005
1444970 1003
1444980 1003
1444990 1001
1445000 1000
1445010 998
1445020 998
1445030 995
1445040 991
1445050 991
1445060 989
1445070 987
1445080 987
1445090 986
1445100 984
1445110 984
1445120 982
1445130 980
1445140 980
1445150 976
1445160 971
1445170 971
1445180 966
1445190 962
1445200 959
1445210 959
1445220 955
1445230 950
1445240 950
1445250 944
1445260 939
1445270 939
1445280 933
1445290 927
1445300 927
1445310 921
1445320 914
1445330 914
1445340 908
1445350 903
1445360 897
1445370 897
1445380 896
1445390 895
1445400 895
1445410 899
1445420 905
1445430 905
1445440 912
1445450 919
1445460 919
1445470 925
1445480 930
1445490 930
1445500 934
1445510 937
1445520 937
1445530 937
1445540 934
1445550 930
1445560 930
1445570 926
1445580 921
1445590 921
1445600 917
1445610 914
1445620 914
1445630 912
1445640 911
1445650 911
1445660 910
1445670 910
1445680 910
1445690 910
1445700 911
1445710 911
1445720 911
1445730 911
1445740 911
1445750 911
1445760 910
1445770 909
1445780 909
1445790 907
1445800 907
1445810 907
1445820 907
1445830 906
1445840 906
1445850 905
1445860 906
1445870 906
1445880 906
1445890 905
1445900 905
1445910 904
1445920 902
1445930 900
1445940 900
1445950 899
1445960 898
1445970 898
1445980 897
1445990 897
1446000 897
1446010 896
1446020 895
1446030 895
1446040 894
1446050 893
1446060 893
1446070 892
1446080 891
1446090 891
1446100 889
1446110 888
1446120 887
1446130 887
1446140 886
1446150 885
1446160 885
1446170 885
1446180 884
1446190 884
1446200 882
1446210 880
1446220 880
1446230 878
1446240 877
1446250 877
1446260 876
1446270 876
1446280 876
1446290 875
1446300 873
1446310 873
1446320 873
1446330 871
1446340 869
1446350 869
1446360 866
1446370 863
1446380 863
1446390 860
1446400 857
1446410 857
1446420 854
1446430 851
1446440 851
1446450 849
1446460 849
1446470 849
1446480 849
1446490 848
1446500 846
1446510 846
1446520 845
1446530 844
1446540 844
1446550 841
1446560 839
1446570 839
1446580 838
1446590 836
1446600 836
1446610 834
1446620 832
1446630 832
1446640 831
1446650 829
1446660 828
1446670 828
1446680 827
1446690 825
1446700 825
1446710 822
1446720 820
1446730 820
1446740 819
1446750 818
1446760 818
1446770 817
1446780 816
1446790 816
1446800 815
1446810 814
1446820 814
1446830 814
1446840 811
1446850 808
1446860 808
1446870 807
1446880 807
1446890 807
1446900 806
1446910 806
1446920 806
1446930 806
1446940 806
1446950 806
1446960 806
1446970 806
1446980 806
1446990 806
1447000 805
1447010 805
1447020 805
1447030 805
1447040 805
1447050 805
1447060 805
1447070 804
1447080 804
1447090 805
1447100 805
1447110 805
1447120 805
1447130 805
1447140 805
1447150 805
1447160 805
1447170 805
1447180 805
1447190 805
1447200 805
1447210 805
1447220 805
1447230 805
1447240 805
1447250 805
1447260 805
1447270 805
1447280 805
1447290 805
1447300 805
1447310 805
1447320 805
1447330 805
1447340 804
1447350 804
1447360 804
1447370 803
1447380 803
1447390 803
1447400 802
1447410 802
1447420 803
1447430 803
1447440 804
1447450 804
1447460 804
1447470 804
1447480 804
1447490 804
1447500 804
1447510 804
1447520 804
1447530 804
1447540 804
1447550 804
1447560 804
1447570 804
1447580 804
1447590 804
1447600 804
1447610 804
1447620 804
1447630 804
1447640 804
1447650 804
1447660 805
1447670 805
1447680 805
1447690 806
1447700 807
1447710 807
1447720 808
1447730 809
1447740 809
1447750 810
1447760 811
1447770 811
1447780 812
1447790 813
1447800 814
1447810 814
1447820 815
1447830 816
1447840 816
1447850 817
1447860 818
1447870 818
1447880 819
1447890 820
1447900 820
1447910 822
1447920 823
1447930 823
1447940 824
1447950 826
1447960 827
1447970 827
1447980 828
1447990 830
1448000 830
1448010 831
1448020 833
1448030 833
1448040 835
1448050 837
1448060 837
1448070 839
1448080 840
1448090 840
1448100 842
1448110 843
1448120 843
1448130 845
1448140 847
1448150 849
1448160 849
1448170 852
1448180 854
1448190 854
1448200 855
1448210 857
1448220 857
1448230 859
1448240 861
1448250 861
1448260 863
1448270 865
1448280 865
1448290 867
1448300 868
1448310 868
1448320 870
1448330 873
1448340 875
1448350 875
1448360 878
1448370 877
1448380 877
1448390 880
1448400 882
1448410 882
1448420 881
1448430 881
1448440 881
1448450 881
1448460 881
1448470 881
1448480 882
1448490 884
1448500 884
1448510 884
1448520 884
1448530 886
1448540 886
1448550 891
1448560 898
1448570 898
1448580 906
1448590 914
1448600 914
1448610 921
1448620 927
1448630 927
1448640 934
1448650 940
1448660 940
1448670 946
1448680 949
1448690 949
1448700 953
1448710 957
1448720 961
1448730 961
1448740 964
1448750 968
1448760 968
1448770 971
1448780 971
1448790 971
1448800 969
1448810 966
1448820 966
1448830 962
1448840 959
1448850 959
1448860 958
1448870 958
1448880 958
1448890 961
1448900 964
1448910 969
1448920 969
1448930 973
1448940 977
1448950 977
1448960 980
1448970 983
1448980 983
1448990 986
1449000 989
1449010 989
1449020 992
1449030 995
1449040 995
1449050 998
1449060 1001
1449070 1001
1449080 1002
1449090 1003
1449100 1006
1449110 1006
1449120 1011
1449130 1015
1449140 1015
1449150 1018
1449160 1020
1449170 1020
1449180 1022
1449190 1022
1449200 1022
1449210 1021
1449220 1019
1449230 1019
1449240 1018
1449250 1021
1449260 1026
1449270 1026
1449280 1030
1449290 1032
1449300 1032
1449310 1034
1449320 1035
1449330 1035
1449340 1035
1449350 1035
1449360 1035
1449370 1039
1449380 1042
1449390 1042
1449400 1047
1449410 1051
1449420 1051
1449430 1054
1449440 1058
1449450 1061
1449460 1061
1449470 1064
1449480 1067
1449490 1067
1449500 1070
1449510 1072
1449520 1072
1449530 1073
1449540 1073
1449550 1073
1449560 1073
1449570 1073
1449580 1073
1449590 1074
1449600 1075
1449610 1075
1449620 1075
1449630 1075
1449640 1078
1449650 1078
1449660 1080
1449670 1082
1449680 1082
1449690 1084
1449700 1087
1449710 1087
1449720 1090
1449730 1091
1449740 1091
1449750 1093
1449760 1096
1449770 1096
1449780 1098
1449790 1099
1449800 1099
1449810 1101
1449820 1103
1449830 1105
1449840 1105
1449850 1106
1449860 1108
1449870 1108
1449880 1109
1449890 1110
1449900 1110
1449910 1112
1449920 1114
1449930 1114
1449940 1116
1449950 1118
1449960 1118
1449970 1119
1449980 1120
1449990 1120
1450000 1126
1450010 1128
1450020 1131
1450030 1131
1450040 1132
1450050 1131
1450060 1131
1450070 1129
1450080 1130
1450090 1130
1450100 1134
1450110 1138
1450120 1138
1450130 1140
1450140 1141
1450150 1141
1450160 1141
1450170 1141
1450180 1141
1450190 1140
1450200 1134
1450210 1129
1450220 1129
1450230 1124
1450240 1116
1450250 1116
1450260 1109
1450270 1102
1450280 1102
1450290 1099
1450300 1102
1450310 1102
1450320 1112
1450330 1121
1450340 1121
1450350 1128
1450360 1132
1450370 1132
1450380 1135
1450390 1140
1450400 1143
1450410 1143
1450420 1146
1450430 1150
1450440 1150
1450450 1154
1450460 1157
1450470 1157
1450480 1161
1450490 1164
1450500 1164
1450510 1167
1450520 1170
1450530 1170
1450540 1173
1450550 1177
1450560 1179
1450570 1179
1450580 1178
1450590 1178
1450600 1178
1450610 1178
1450620 1180
1450630 1180
1450640 1181
1450650 1180
1450660 1180
1450670 1175
1450680 1169
1450690 1169
1450700 1165
1450710 1164
1450720 1164
1450730 1170
1450740 1178
1450750 1185
1450760 1185
1450770 1191
1450780 1197
1450790 1197
1450800 1203
1450810 1211
1450820 1211
1450830 1218
1450840 1227
1450850 1227
1450860 1236
1450870 1246
1450880 1246
1450890 1256
1450900 1266
1450910 1266
1450920 1275
1450930 1284
1450940 1293
1450950 1293
1450960 1299
1450970 1303
1450980 1303
1450990 1306
1451000 1310
1451010 1310
1451020 1315
1451030 1319
1451040 1319
1451050 1323
1451060 1327
1451070 1327
1451080 1331
1451090 1334
1451100 1334
1451110 1338
1451120 1341
1451130 1342
1451140 1342
1451150 1344
1451160 1346
1451170 1346
1451180 1349
1451190 1352
1451200 1352
1451210 1355
1451220 1358
1451230 1358
1451240 1361
1451250 1364
1451260 1364
1451270 1365
1451280 1365
1451290 1365
1451300 1365
1451310 1366
1451320 1367
1451330 1367
1451340 1369
1451350 1371
1451360 1371
1451370 1373
1451380 1375
1451390 1375
1451400 1377
1451410 1378
1451420 1378
1451430 1381
1451440 1384
1451450 1384
1451460 1388
1451470 1391
1451480 1391
1451490 1393
1451500 1396
1451510 1399
1451520 1399
1451530 1402
1451540 1405
1451550 1405
1451560 1408
1451570 1410
1451580 1410
1451590 1411
1451600 1413
1451610 1413
1451620 1416
1451630 1418
1451640 1418
1451650 1420
1451660 1423
1451670 1423
1451680 1426
1451690 1429
1451700 1432
1451710 1432
1451720 1434
1451730 1435
1451740 1435
1451750 1435
1451760 1435
1451770 1435
1451780 1436
1451790 1437
1451800 1437
1451810 1438
1451820 1440
1451830 1440
1451840 1442
1451850 1445
1451860 1448
1451870 1448
1451880 1453
1451890 1457
1451900 1457
1451910 1462
1451920 1466
1451930 1466
1451940 1468
1451950 1472
1451960 1472
1451970 1480
1451980 1489
1451990 1489
1452000 1497
1452010 1504
1452020 1504
1452030 1511
1452040 1517
1452050 1521
1452060 1521
1452070 1521
1452080 1519
1452090 1519
1452100 1517
1452110 1515
1452120 1515
1452130 1513
1452140 1511
1452150 1511
1452160 1508
1452170 1504
1452180 1504
1452190 1499
1452200 1494
1452210 1494
1452220 1490
1452230 1484
1452240 1478
1452250 1478
1452260 1471
1452270 1464
1452280 1464
1452290 1457
1452300 1450
1452310 1450
1452320 1443
1452330 1435
1452340 1435
1452350 1427
1452360 1420
1452370 1420
1452380 1415
1452390 1409
1452400 1409
1452410 1402
1452420 1395
1452430 1388
1452440 1388
1452450 1383
1452460 1376
1452470 1376
1452480 1369
1452490 1365
1452500 1365
1452510 1361
1452520 1356
1452530 1356
1452540 1348
1452550 1338
1452560 1338
1452570 1329
1452580 1322
1452590 1322
1452600 1328
1452610 1341
1452620 1349
1452630 1349
1452640 1353
1452650 1356
1452660 1356
1452670 1359
1452680 1362
1452690 1362
1452700 1369
1452710 1375
1452720 1375
1452730 1379
1452740 1383
1452750 1383
1452760 1387
1452770 1392
1452780 1392
1452790 1397
1452800 1401
1452810 1405
1452820 1405
1452830 1407
1452840 1406
1452850 1406
1452860 1400
1452870 1391
1452880 1391
1452890 1382
1452900 1374
1452910 1374
1452920 1368
1452930 1372
1452940 1372
1452950 1380
1452960 1387
1452970 1387
1452980 1394
1452990 1399
1453000 1405
1453010 1405
1453020 1410
1453030 1415
1453040 1415
1453050 1418
1453060 1418
1453070 1418
1453080 1417
1453090 1418
1453100 1418
1453110 1423
1453120 1431
1453130 1431
1453140 1440
1453150 1450
1453160 1460
1453170 1460
1453180 1468
1453190 1476
1453200 1476
1453210 1482
1453220 1488
1453230 1488
1453240 1492
1453250 1497
1453260 1497
1453270 1501
1453280 1503
1453290 1503
1453300 1507
1453310 1512
1453320 1512
1453330 1517
1453340 1524
1453350 1530
1453360 1530
1453370 1539
1453380 1547
1453390 1547
1453400 1555
1453410 1562
1453420 1562
1453430 1569
1453440 1576
1453450 1576
1453460 1582
1453470 1587
1453480 1587
1453490 1593
1453500 1599
1453510 1599
1453520 1605
1453530 1611
1453540 1617
1453550 1617
1453560 1622
1453570 1628
1453580 1628
1453590 1632
1453600 1636
1453610 1636
1453620 1640
1453630 1643
1453640 1643
1453650 1646
1453660 1646
1453670 1646
1453680 1646
1453690 1649
1453700 1649
1453710 1650
1453720 1650
1453730 1651
1453740 1651
1453750 1651
1453760 1648
1453770 1648
1453780 1646
1453790 1646
1453800 1646
1453810 1645
1453820 1642
1453830 1642
1453840 1639
1453850 1637
1453860 1637
1453870 1634
1453880 1631
1453890 1631
1453900 1627
1453910 1624
1453920 1621
1453930 1621
1453940 1618
1453950 1614
1453960 1614
1453970 1608
1453980 1603
1453990 1603
1454000 1598
1454010 1593
1454020 1593
1454030 1588
1454040 1583
1454050 1583
1454060 1578
1454070 1573
1454080 1573
1454090 1567
1454100 1562
1454110 1556
1454120 1556
1454130 1551
1454140 1546
1454150 1546
1454160 1541
1454170 1535
1454180 1535
1454190 1529
1454200 1522
1454210 1522
1454220 1515
1454230 1510
1454240 1510
1454250 1504
1454260 1497
1454270 1497
1454280 1490
1454290 1483
1454300 1475
1454310 1475
1454320 1467
1454330 1458
1454340 1458
1454350 1450
1454360 1440
1454370 1440
1454380 1431
1454390 1423
1454400 1423
1454410 1418
1454420 1413
1454430 1413
1454440 1406
1454450 1399
1454460 1393
1454470 1393
1454480 1386
1454490 1379
1454500 1379
1454510 1373
1454520 1365
1454530 1365
1454540 1358
1454550 1350
1454560 1350
1454570 1344
1454580 1336
1454590 1336
1454600 1329
1454610 1321
1454620 1321
1454630 1313
1454640 1305
1454650 1299
1454660 1299
1454670 1295
1454680 1293
1454690 1293
1454700 1290
1454710 1288
1454720 1288
1454730 1285
1454740 1282
1454750 1282
1454760 1278
1454770 1273
1454780 1273
1454790 1268
1454800 1262
1454810 1262
1454820 1257
1454830 1253
1454840 1248
1454850 1248
1454860 1243
1454870 1236
1454880 1236
1454890 1228
1454900 1219
1454910 1219
1454920 1216
1454930 1220
1454940 1220
1454950 1221
1454960 1220
1454970 1220
1454980 1220
1454990 1218
1455000 1218
1455010 1215
1455020 1211
1455030 1207
1455040 1207
1455050 1204
1455060 1200
1455070 1200
1455080 1194
1455090 1190
1455100 1190
1455110 1185
1455120 1178
1455130 1178
1455140 1172
1455150 1166
1455160 1166
1455170 1161
1455180 1157
1455190 1157
1455200 1154
1455210 1149
1455220 1145
1455230 1145
1455240 1139
1455250 1136
1455260 1136
1455270 1135
1455280 1134
1455290 1134
1455300 1134
1455310 1135
1455320 1135
1455330 1136
1455340 1137
1455350 1137
1455360 1142
1455370 1149
1455380 1149
1455390 1158
1455400 1167
1455410 1176
1455420 1176
1455430 1184
1455440 1190
1455450 1190
1455460 1197
1455470 1205
1455480 1205
1455490 1214
1455500 1221
1455510 1221
1455520 1225
1455530 1229
1455540 1229
1455550 1233
1455560 1237
1455570 1237
1455580 1240
1455590 1243
1455600 1245
1455610 1245
1455620 1245
1455630 1245
1455640 1245
1455650 1245
1455660 1247
1455670 1247
1455680 1249
1455690 1251
1455700 1251
1455710 1253
1455720 1252
1455730 1252
1455740 1249
1455750 1247
1455760 1249
1455770 1249
1455780 1254
1455790 1262
1455800 1262
1455810 1269
1455820 1278
1455830 1278
1455840 1289
1455850 1298
1455860 1298
1455870 1307
1455880 1317
1455890 1317
1455900 1326
1455910 1335
1455920 1335
1455930 1344
1455940 1352
1455950 1360
1455960 1360
1455970 1367
1455980 1376
1455990 1376
1456000 1385
1456010 1394
1456020 1394
1456030 1401
1456040 1408
1456050 1408
1456060 1416
1456070 1425
1456080 1425
1456090 1433
1456100 1441
1456110 1441
1456120 1449
1456130 1457
1456140 1464
1456150 1464
1456160 1473
1456170 1481
1456180 1481
1456190 1489
1456200 1497
1456210 1497
1456220 1505
1456230 1511
1456240 1511
1456250 1519
1456260 1527
1456270 1527
1456280 1533
1456290 1539
1456300 1539
1456310 1547
1456320 1554
1456330 1560
1456340 1560
1456350 1567
1456360 1574
1456370 1574
1456380 1582
1456390 1589
1456400 1589
1456410 1595
1456420 1600
1456430 1600
1456440 1608
1456450 1615
1456460 1615
1456470 1623
1456480 1631
1456490 1631
1456500 1639
1456510 1642
1456520 1644
1456530 1644
1456540 1652
1456550 1659
1456560 1659
1456570 1664
1456580 1670
1456590 1670
1456600 1674
1456610 1678
1456620 1678
1456630 1682
1456640 1687
1456650 1687
1456660 1691
1456670 1695
1456680 1695
1456690 1698
1456700 1701
1456710 1704
1456720 1704
1456730 1708
1456740 1712
1456750 1712
1456760 1716
1456770 1720
1456780 1720
1456790 1724
1456800 1727
1456810 1727
1456820 1730
1456830 1735
1456840 1735
1456850 1739
1456860 1745
1456870 1745
1456880 1751
1456890 1757
1456900 1761
1456910 1761
1456920 1765
1456930 1770
1456940 1770
1456950 1775
1456960 1781
1456970 1781
1456980 1788
1456990 1794
1457000 1794
1457010 1799
1457020 1804
1457030 1804
1457040 1811
1457050 1817
1457060 1821
1457070 1821
1457080 1825
1457090 1830
1457100 1830
1457110 1834
1457120 1838
1457130 1838
1457140 1843
1457150 1849
1457160 1849
1457170 1854
1457180 1860
1457190 1860
1457200 1865
1457210 1868
1457220 1868
1457230 1869
1457240 1872
1457250 1878
1457260 1878
1457270 1886
1457280 1892
1457290 1892
1457300 1898
1457310 1905
1457320 1905
1457330 1912
1457340 1917
1457350 1917
1457360 1918
1457370 1919
1457380 1919
1457390 1923
1457400 1929
1457410 1929
1457420 1934
1457430 1939
1457440 1945
1457450 1945
1457460 1950
1457470 1954
1457480 1954
1457490 1954
1457500 1954
1457510 1954
1457520 1955
1457530 1956
1457540 1956
1457550 1957
1457560 1960
1457570 1960
1457580 1961
1457590 1964
1457600 1964
1457610 1968
1457620 1973
1457630 1979
1457640 1979
1457650 1983
1457660 1988
1457670 1988
1457680 1991
1457690 1993
1457700 1993
1457710 1997
1457720 2001
1457730 2001
1457740 2004
1457750 2006
1457760 2006
1457770 2008
1457780 2010
1457790 2010
1457800 2012
1457810 2015
1457820 2018
1457830 2018
1457840 2020
1457850 2025
1457860 2025
1457870 2031
1457880 2038
1457890 2038
1457900 2047
1457910 2055
1457920 2055
1457930 2060
1457940 2064
1457950 2064
1457960 2067
1457970 2068
1457980 2068
1457990 2070
1458000 2073
1458010 2074
1458020 2074
1458030 2074
1458040 2074
1458050 2074
1458060 2074
1458070 2075
1458080 2075
1458090 2076
1458100 2079
1458110 2079
1458120 2083
1458130 2088
1458140 2088
1458150 2093
1458160 2097
1458170 2097
1458180 2103
1458190 2108
1458200 2113
1458210 2113
1458220 2117
1458230 2121
1458240 2121
1458250 2125
1458260 2132
1458270 2132
1458280 2138
1458290 2144
1458300 2145
1458310 2154
1458320 2163
1458330 2163
1458340 2171
1458350 2179
1458360 2186
1458370 2186
1458380 2193
1458390 2198
1458400 2198
1458410 2202
1458420 2205
1458430 2205
1458440 2208
1458450 2211
1458460 2211
1458470 2214
1458480 2218
1458490 2218
1458500 2223
1458510 2228
1458520 2228
1458530 2232
1458540 2236
1458550 2238
1458560 2238
1458570 2239
1458580 2241
1458590 2241
1458600 2246
1458610 2249
1458620 2249
1458630 2250
1458640 2252
1458650 2252
1458660 2253
1458670 2255
1458680 2255
1458690 2257
1458700 2259
1458710 2259
1458720 2259
1458730 2260
1458740 2262
1458750 2262
1458760 2265
1458770 2267
1458780 2267
1458790 2270
1458800 2272
1458810 2272
1458820 2275
1458830 2281
1458840 2281
1458850 2287
1458860 2292
1458870 2292
1458880 2297
1458890 2312
1458900 2312
1458910 2323
1458920 2326
1458930 2329
1458940 2329
1458950 2333
1458960 2337
1458970 2337
1458980 2342
1458990 2347
1459000 2347
1459010 2352
1459020 2355
1459030 2355
1459040 2358
1459050 2362
1459060 2362
1459070 2368
1459080 2374
1459090 2374
1459100 2380
1459110 2387
1459120 2393
1459130 2393
1459140 2399
1459150 2406
1459160 2406
1459170 2424
1459180 2440
1459190 2440
1459200 2449
1459210 2455
1459220 2455
1459230 2461
1459240 2468
1459250 2468
1459260 2477
1459270 2489
1459280 2489
1459290 2502
1459300 2511
1459310 2519
1459320 2519
1459330 2527
1459340 2534
1459350 2534
1459360 2540
1459370 2546
1459380 2546
1459390 2551
1459400 2557
1459410 2557
1459420 2563
1459430 2570
1459440 2570
1459450 2577
1459460 2584
1459470 2584
1459480 2591
1459490 2598
1459500 2605
1459510 2605
1459520 2611
1459530 2617
1459540 2617
1459550 2622
1459560 2627
1459570 2627
1459580 2633
1459590 2638
1459600 2638
1459610 2642
1459620 2639
1459630 2639
1459640 2633
1459650 2629
1459660 2628
1459670 2628
1459680 2632
1459690 2629
1459700 2629
1459710 2622
1459720 2613
1459730 2613
1459740 2603
1459750 2596
1459760 2596
1459770 2583
1459780 2569
1459790 2569
1459800 2555
1459810 2548
1459820 2548
1459830 2544
1459840 2542
1459850 2536
1459860 2536
1459870 2520
1459880 2508
1459890 2508
1459900 2497
1459910 2482
1459920 2482
1459930 2469
1459940 2462
1459950 2462
1459960 2457
1459970 2451
1459980 2451
1459990 2445
