1440000 1693
1440010 1693
1440020 1691
1440030 1689
1440040 1689
1440050 1685
1440060 1681
1440070 1681
1440080 1677
1440090 1670
1440100 1670
1440110 1666
1440120 1664
1440130 1664
1440140 1660
1440150 1654
1440160 1648
1440170 1648
1440180 1642
1440190 1640
1440200 1640
1440210 1639
1440220 1639
1440230 1639
1440240 1639
1440250 1640
1440260 1640
1440270 1639
1440280 1636
1440290 1636
1440300 1633
1440310 1631
1440320 1631
1440330 1630
1440340 1631
1440350 1632
1440360 1632
1440370 1632
1440380 1631
1440390 1631
1440400 1630
1440410 1629
1440420 1629
1440430 1627
1440440 1627
1440450 1627
1440460 1626
1440470 1625
1440480 1625
1440490 1624
1440500 1621
1440510 1621
1440520 1615
1440530 1613
1440540 1611
1440550 1611
1440560 1611
1440570 1609
1440580 1609
1440590 1609
1440600 1608
1440610 1608
1440620 1606
1440630 1606
1440640 1606
1440650 1604
1440660 1603
1440670 1603
1440680 1602
1440690 1603
1440700 1603
1440710 1603
1440720 1603
1440730 1602
1440740 1602
1440750 1598
1440760 1593
1440770 1593
1440780 1590
1440790 1591
1440800 1591
1440810 1592
1440820 1593
1440830 1593
1440840 1592
1440850 1592
1440860 1592
1440870 1592
1440880 1592
1440890 1592
1440900 1592
1440910 1590
1440920 1589
1440930 1589
1440940 1591
1440950 1593
1440960 1593
1440970 1594
1440980 1593
1440990 1593
1441000 1590
1441010 1586
1441020 1586
1441030 1581
1441040 1577
1441050 1577
1441060 1574
1441070 1573
1441080 1573
1441090 1571
1441100 1565
1441110 1560
1441120 1560
1441130 1557
1441140 1555
1441150 1555
1441160 1552
1441170 1549
1441180 1549
1441190 1545
1441200 1541
1441210 1541
1441220 1537
1441230 1533
1441240 1533
1441250 1530
1441260 1527
1441270 1522
1441280 1522
1441290 1519
1441300 1516
1441310 1516
1441320 1514
1441330 1511
1441340 1511
1441350 1506
1441360 1499
1441370 1499
1441380 1491
1441390 1484
1441400 1484
1441410 1478
1441420 1472
1441430 1472
1441440 1467
1441450 1462
1441460 1458
1441470 1458
1441480 1455
1441490 1456
1441500 1456
1441510 1457
1441520 1458
1441530 1458
1441540 1458
1441550 1451
1441560 1451
1441570 1442
1441580 1434
1441590 1434
1441600 1426
1441610 1429
1441620 1429
1441630 1436
1441640 1438
1441650 1436
1441660 1436
1441670 1432
1441680 1429
1441690 1429
1441700 1427
1441710 1425
1441720 1425
1441730 1423
1441740 1422
1441750 1422
1441760 1421
1441770 1421
1441780 1421
1441790 1421
1441800 1422
1441810 1422
1441820 1424
1441830 1427
1441840 1428
1441850 1428
1441860 1426
1441870 1424
1441880 1424
1441890 1422
1441900 1418
1441910 1418
1441920 1416
1441930 1412
1441940 1412
1441950 1408
1441960 1404
1441970 1404
1441980 1402
1441990 1401
1442000 1401
1442010 1399
1442020 1397
1442030 1395
1442040 1395
1442050 1391
1442060 1384
1442070 1384
1442080 1376
1442090 1369
1442100 1369
1442110 1363
1442120 1355
1442130 1355
1442140 1348
1442150 1340
1442160 1340
1442170 1332
1442180 1328
1442190 1328
1442200 1322
1442210 1323
1442220 1324
1442230 1324
1442240 1323
1442250 1322
1442260 1322
1442270 1323
1442280 1324
1442290 1324
1442300 1327
1442310 1331
1442320 1331
1442330 1336
1442340 1342
1442350 1342
1442360 1348
1442370 1353
1442380 1353
1442390 1350
1442400 1345
1442410 1343
1442420 1343
1442430 1343
1442440 1343
1442450 1343
1442460 1343
1442470 1343
1442480 1343
1442490 1344
1442500 1345
1442510 1345
1442520 1345
1442530 1343
1442540 1343
1442550 1338
1442560 1331
1442570 1328
1442580 1328
1442590 1337
1442600 1344
1442610 1344
1442620 1349
1442630 1354
1442640 1354
1442650 1359
1442660 1362
1442670 1362
1442680 1364
1442690 1366
1442700 1366
1442710 1365
1442720 1360
1442730 1360
1442740 1356
1442750 1355
1442760 1358
1442770 1358
1442780 1361
1442790 1362
1442800 1362
1442810 1362
1442820 1360
1442830 1360
1442840 1356
1442850 1352
1442860 1352
1442870 1343
1442880 1334
1442890 1334
1442900 1326
1442910 1322
1442920 1322
1442930 1322
1442940 1324
1442950 1328
1442960 1328
1442970 1331
1442980 1335
1442990 1335
1443000 1337
1443010 1335
1443020 1335
1443030 1333
1443040 1334
1443050 1334
1443060 1331
1443070 1333
1443080 1333
1443090 1336
1443100 1337
1443110 1337
1443120 1335
1443130 1333
1443140 1330
1443150 1330
1443160 1327
1443170 1323
1443180 1323
1443190 1320
1443200 1317
1443210 1317
1443220 1313
1443230 1309
1443240 1309
1443250 1305
1443260 1302
1443270 1302
1443280 1298
1443290 1295
1443300 1295
1443310 1292
1443320 1288
1443330 1284
1443340 1284
1443350 1279
1443360 1273
1443370 1273
1443380 1267
1443390 1264
1443400 1264
1443410 1259
1443420 1251
1443430 1251
1443440 1244
1443450 1235
1443460 1235
1443470 1229
1443480 1221
1443490 1221
1443500 1212
1443510 1203
1443520 1194
1443530 1194
1443540 1187
1443550 1194
1443560 1194
1443570 1200
1443580 1206
1443590 1206
1443600 1213
1443610 1222
1443620 1222
1443630 1234
1443640 1246
1443650 1246
1443660 1251
1443670 1251
1443680 1251
1443690 1251
1443700 1251
1443710 1251
1443720 1251
1443730 1251
1443740 1250
1443750 1250
1443760 1249
1443770 1246
1443780 1246
1443790 1241
1443800 1238
1443810 1238
1443820 1238
1443830 1238
1443840 1238
1443850 1239
1443860 1239
1443870 1239
1443880 1239
1443890 1236
1443900 1233
1443910 1233
1443920 1228
1443930 1225
1443940 1225
1443950 1225
1443960 1224
1443970 1224
1443980 1223
1443990 1221
1444000 1221
1444010 1220
1444020 1218
1444030 1218
1444040 1217
1444050 1214
1444060 1211
1444070 1211
1444080 1208
1444090 1208
1444100 1208
1444110 1209
1444120 1207
1444130 1207
1444140 1205
1444150 1204
1444160 1204
1444170 1202
1444180 1201
1444190 1201
1444200 1199
1444210 1197
1444220 1197
1444230 1195
1444240 1192
1444250 1190
1444260 1190
1444270 1187
1444280 1185
1444290 1185
1444300 1183
1444310 1182
1444320 1182
1444330 1182
1444340 1181
1444350 1181
1444360 1181
1444370 1182
1444380 1182
1444390 1181
1444400 1178
1444410 1178
1444420 1169
1444430 1161
1444440 1155
1444450 1155
1444460 1149
1444470 1144
1444480 1144
1444490 1141
1444500 1138
1444510 1138
1444520 1135
1444530 1130
1444540 1130
1444550 1127
1444560 1124
1444570 1124
1444580 1121
1444590 1118
1444600 1118
1444610 1114
1444620 1110
1444630 1106
1444640 1106
1444650 1102
1444660 1098
1444670 1098
1444680 1094
1444690 1089
1444700 1089
1444710 1084
1444720 1079
1444730 1079
1444740 1075
1444750 1071
1444760 1071
1444770 1067
1444780 1061
1444790 1061
1444800 1054
1444810 1051
1444820 1046
1444830 1046
1444840 1041
1444850 1037
1444860 1037
1444870 1035
1444880 1032
1444890 1032
1444900 1029
1444910 1025
1444920 1025
1444930 1020
1444940 1016
1444950 1016
1444960 1013
1444970 1011
1444980 1011
1444990 1009
1445000 1006
1445010 1004
1445020 1004
1445030 1002
1445040 999
1445050 999
1445060 995
1445070 994
1445080 994
1445090 994
1445100 993
1445110 993
1445120 991
1445130 987
1445140 987
1445150 982
1445160 978
1445170 974
1445180 974
1445190 971
1445200 969
1445210 969
1445220 965
1445230 961
1445240 961
1445250 955
1445260 948
1445270 948
1445280 942
1445290 937
1445300 937
1445310 932
1445320 927
1445330 927
1445340 919
1445350 911
1445360 903
1445370 903
1445380 899
1445390 901
1445400 901
1445410 908
1445420 914
1445430 914
1445440 921
1445450 926
1445460 926
1445470 930
1445480 933
1445490 933
1445500 938
1445510 940
1445520 940
1445530 939
1445540 937
1445550 934
1445560 934
1445570 931
1445580 927
1445590 927
1445600 922
1445610 918
1445620 918
1445630 916
1445640 915
1445650 915
1445660 914
1445670 914
1445680 914
1445690 914
1445700 914
1445710 914
1445720 914
1445730 913
1445740 913
1445750 913
1445760 912
1445770 912
1445780 912
1445790 911
1445800 910
1445810 910
1445820 910
1445830 909
1445840 909
1445850 909
1445860 909
1445870 909
1445880 908
1445890 905
1445900 905
1445910 906
1445920 905
1445930 904
1445940 904
1445950 902
1445960 901
1445970 901
1445980 900
1445990 899
1446000 899
1446010 899
1446020 900
1446030 900
1446040 900
1446050 899
1446060 899
1446070 899
1446080 898
1446090 898
1446100 897
1446110 896
1446120 895
1446130 895
1446140 894
1446150 893
1446160 893
1446170 893
1446180 893
1446190 893
1446200 894
1446210 895
1446220 895
1446230 895
1446240 894
1446250 894
1446260 894
1446270 892
1446280 892
1446290 890
1446300 888
1446310 886
1446320 886
1446330 883
1446340 880
1446350 880
1446360 877
1446370 875
1446380 875
1446390 871
1446400 867
1446410 867
1446420 863
1446430 859
1446440 859
1446450 856
1446460 854
1446470 854
1446480 854
1446490 854
1446500 852
1446510 852
1446520 850
1446530 850
1446540 850
1446550 849
1446560 848
1446570 848
1446580 846
1446590 844
1446600 844
1446610 842
1446620 839
1446630 839
1446640 837
1446650 835
1446660 830
1446670 830
1446680 828
1446690 826
1446700 826
1446710 825
1446720 822
1446730 822
1446740 821
1446750 821
1446760 821
1446770 820
1446780 819
1446790 819
1446800 816
1446810 814
1446820 814
1446830 813
1446840 813
1446850 812
1446860 812
1446870 810
1446880 807
1446890 807
1446900 807
1446910 806
1446920 806
1446930 806
1446940 806
1446950 806
1446960 806
1446970 806
1446980 806
1446990 805
1447000 805
1447010 805
1447020 805
1447030 805
1447040 805
1447050 805
1447060 805
1447070 805
1447080 805
1447090 804
1447100 804
1447110 804
1447120 805
1447130 805
1447140 805
1447150 805
1447160 805
1447170 805
1447180 804
1447190 804
1447200 804
1447210 804
1447220 804
1447230 804
1447240 804
1447250 804
1447260 804
1447270 804
1447280 804
1447290 804
1447300 804
1447310 804
1447320 804
1447330 804
1447340 804
1447350 805
1447360 805
1447370 805
1447380 804
1447390 804
1447400 804
1447410 803
1447420 802
1447430 802
1447440 802
1447450 802
1447460 802
1447470 803
1447480 803
1447490 803
1447500 803
1447510 804
1447520 804
1447530 803
1447540 803
1447550 803
1447560 803
1447570 803
1447580 803
1447590 803
1447600 804
1447610 804
1447620 804
1447630 804
1447640 804
1447650 804
1447660 805
1447670 806
1447680 806
1447690 806
1447700 807
1447710 807
1447720 808
1447730 809
1447740 809
1447750 810
1447760 811
1447770 812
1447780 812
1447790 812
1447800 813
1447810 813
1447820 814
1447830 815
1447840 815
1447850 816
1447860 817
1447870 817
1447880 818
1447890 820
1447900 820
1447910 820
1447920 821
1447930 821
1447940 822
1447950 824
1447960 825
1447970 825
1447980 827
1447990 829
1448000 829
1448010 830
1448020 832
1448030 832
1448040 834
1448050 835
1448060 835
1448070 837
1448080 839
1448090 839
1448100 841
1448110 842
1448120 842
1448130 844
1448140 846
1448150 848
1448160 848
1448170 850
1448180 853
1448190 853
1448200 854
1448210 856
1448220 856
1448230 858
1448240 860
1448250 860
1448260 861
1448270 864
1448280 864
1448290 866
1448300 867
1448310 867
1448320 869
1448330 871
1448340 873
1448350 873
1448360 873
1448370 873
1448380 873
1448390 877
1448400 878
1448410 878
1448420 878
1448430 878
1448440 878
1448450 877
1448460 877
1448470 877
1448480 878
1448490 879
1448500 879
1448510 880
1448520 880
1448530 881
1448540 881
1448550 887
1448560 898
1448570 898
1448580 904
1448590 910
1448600 910
1448610 916
1448620 920
1448630 920
1448640 924
1448650 929
1448660 929
1448670 933
1448680 938
1448690 938
1448700 942
1448710 945
1448720 949
1448730 949
1448740 953
1448750 957
1448760 957
1448770 960
1448780 961
1448790 961
1448800 959
1448810 955
1448820 955
1448830 950
1448840 947
1448850 947
1448860 946
1448870 948
1448880 948
1448890 950
1448900 951
1448910 954
1448920 954
1448930 957
1448940 961
1448950 961
1448960 965
1448970 969
1448980 969
1448990 973
1449000 976
1449010 976
1449020 980
1449030 983
1449040 983
1449050 985
1449060 987
1449070 989
1449080 989
1449090 990
1449100 993
1449110 993
1449120 997
1449130 1001
1449140 1001
1449150 1005
1449160 1008
1449170 1008
1449180 1009
1449190 1009
1449200 1009
1449210 1010
1449220 1011
1449230 1011
1449240 1010
1449250 1013
1449260 1017
1449270 1017
1449280 1020
1449290 1023
1449300 1023
1449310 1025
1449320 1026
1449330 1026
1449340 1025
1449350 1023
1449360 1023
1449370 1023
1449380 1025
1449390 1025
1449400 1027
1449410 1030
1449420 1030
1449430 1035
1449440 1039
1449450 1042
1449460 1042
1449470 1045
1449480 1048
1449490 1048
1449500 1051
1449510 1055
1449520 1055
1449530 1058
1449540 1058
1449550 1058
1449560 1059
1449570 1060
1449580 1060
1449590 1062
1449600 1063
1449610 1063
1449620 1064
1449630 1064
1449640 1065
1449650 1065
1449660 1067
1449670 1069
1449680 1069
1449690 1072
1449700 1076
1449710 1076
1449720 1078
1449730 1080
1449740 1080
1449750 1083
1449760 1087
1449770 1087
1449780 1089
1449790 1091
1449800 1091
1449810 1092
1449820 1094
1449830 1096
1449840 1096
1449850 1098
1449860 1099
1449870 1099
1449880 1100
1449890 1101
1449900 1101
1449910 1103
1449920 1105
1449930 1105
1449940 1107
1449950 1109
1449960 1109
1449970 1110
1449980 1111
1449990 1111
1450000 1112
1450010 1113
1450020 1115
1450030 1115
1450040 1115
1450050 1115
1450060 1115
1450070 1116
1450080 1118
1450090 1118
1450100 1122
1450110 1125
1450120 1125
1450130 1126
1450140 1126
1450150 1126
1450160 1126
1450170 1131
1450180 1131
1450190 1129
1450200 1127
1450210 1122
1450220 1122
1450230 1113
1450240 1102
1450250 1102
1450260 1092
1450270 1093
1450280 1093
1450290 1104
1450300 1115
1450310 1115
1450320 1124
1450330 1130
1450340 1130
1450350 1135
1450360 1137
1450370 1138
1450380 1138
1450390 1139
1450400 1141
1450410 1141
1450420 1142
1450430 1145
1450440 1145
1450450 1147
1450460 1149
1450470 1149
1450480 1152
1450490 1154
1450500 1154
1450510 1157
1450520 1160
1450530 1160
1450540 1164
1450550 1169
1450560 1171
1450570 1171
1450580 1169
1450590 1168
1450600 1168
1450610 1168
1450620 1167
1450630 1167
1450640 1166
1450650 1164
1450660 1164
1450670 1160
1450680 1153
1450690 1153
1450700 1152
1450710 1159
1450720 1159
1450730 1168
1450740 1176
1450750 1183
1450760 1183
1450770 1189
1450780 1195
1450790 1195
1450800 1203
1450810 1211
1450820 1211
1450830 1219
1450840 1230
1450850 1230
1450860 1241
1450870 1252
1450880 1252
1450890 1261
1450900 1269
1450910 1269
1450920 1276
1450930 1281
1450940 1285
1450950 1285
1450960 1289
1450970 1292
1450980 1292
1450990 1296
1451000 1300
1451010 1300
1451020 1304
1451030 1308
1451040 1308
1451050 1311
1451060 1313
1451070 1313
1451080 1315
1451090 1319
1451100 1319
1451110 1323
1451120 1326
1451130 1330
1451140 1330
1451150 1333
1451160 1334
1451170 1334
1451180 1336
1451190 1338
1451200 1338
1451210 1342
1451220 1345
1451230 1345
1451240 1349
1451250 1352
1451260 1352
1451270 1354
1451280 1355
1451290 1355
1451300 1357
1451310 1358
1451320 1358
1451330 1358
1451340 1360
1451350 1362
1451360 1362
1451370 1366
1451380 1369
1451390 1369
1451400 1371
1451410 1372
1451420 1372
1451430 1374
1451440 1376
1451450 1376
1451460 1378
1451470 1382
1451480 1382
1451490 1385
1451500 1387
1451510 1390
1451520 1390
1451530 1392
1451540 1395
1451550 1395
1451560 1397
1451570 1400
1451580 1400
1451590 1402
1451600 1404
1451610 1404
1451620 1406
1451630 1408
1451640 1408
1451650 1410
1451660 1412
1451670 1414
1451680 1414
1451690 1417
1451700 1420
1451710 1420
1451720 1422
1451730 1423
1451740 1423
1451750 1424
1451760 1424
1451770 1424
1451780 1425
1451790 1426
1451800 1426
1451810 1426
1451820 1427
1451830 1427
1451840 1429
1451850 1431
1451860 1434
1451870 1434
1451880 1438
1451890 1444
1451900 1444
1451910 1450
1451920 1452
1451930 1452
1451940 1453
1451950 1458
1451960 1458
1451970 1467
1451980 1478
1451990 1478
1452000 1484
1452010 1492
1452020 1492
1452030 1499
1452040 1506
1452050 1509
1452060 1509
1452070 1509
1452080 1509
1452090 1509
1452100 1507
1452110 1505
1452120 1505
1452130 1503
1452140 1501
1452150 1501
1452160 1499
1452170 1495
1452180 1495
1452190 1491
1452200 1487
1452210 1487
1452220 1482
1452230 1476
1452240 1470
1452250 1470
1452260 1463
1452270 1455
1452280 1455
1452290 1448
1452300 1442
1452310 1442
1452320 1436
1452330 1431
1452340 1431
1452350 1426
1452360 1420
1452370 1420
1452380 1414
1452390 1408
1452400 1408
1452410 1400
1452420 1392
1452430 1381
1452440 1381
1452450 1371
1452460 1364
1452470 1364
1452480 1359
1452490 1354
1452500 1354
1452510 1351
1452520 1345
1452530 1345
1452540 1338
1452550 1331
1452560 1331
1452570 1321
1452580 1309
1452590 1309
1452600 1317
1452610 1328
1452620 1334
1452630 1334
1452640 1338
1452650 1340
1452660 1340
1452670 1344
1452680 1350
1452690 1350
1452700 1358
1452710 1364
1452720 1364
1452730 1368
1452740 1371
1452750 1371
1452760 1374
1452770 1378
1452780 1378
1452790 1382
1452800 1386
1452810 1389
1452820 1389
1452830 1391
1452840 1390
1452850 1390
1452860 1387
1452870 1382
1452880 1382
1452890 1374
1452900 1364
1452910 1364
1452920 1356
1452930 1360
1452940 1360
1452950 1367
1452960 1374
1452970 1381
1452980 1381
1452990 1387
1453000 1391
1453010 1391
1453020 1394
1453030 1396
1453040 1396
1453050 1397
1453060 1399
1453070 1399
1453080 1404
1453090 1412
1453100 1412
1453110 1420
1453120 1430
1453130 1430
1453140 1439
1453150 1447
1453160 1454
1453170 1454
1453180 1462
1453190 1469
1453200 1469
1453210 1474
1453220 1479
1453230 1479
1453240 1483
1453250 1487
1453260 1487
1453270 1492
1453280 1496
1453290 1496
1453300 1500
1453310 1504
1453320 1504
1453330 1510
1453340 1516
1453350 1523
1453360 1523
1453370 1530
1453380 1538
1453390 1538
1453400 1546
1453410 1554
1453420 1554
1453430 1561
1453440 1569
1453450 1569
1453460 1577
1453470 1583
1453480 1583
1453490 1588
1453500 1593
1453510 1593
1453520 1599
1453530 1605
1453540 1611
1453550 1611
1453560 1616
1453570 1622
1453580 1622
1453590 1627
1453600 1631
1453610 1631
1453620 1635
1453630 1639
1453640 1639
1453650 1643
1453660 1645
1453670 1645
1453680 1645
1453690 1645
1453700 1645
1453710 1646
1453720 1647
1453730 1647
1453740 1647
1453750 1647
1453760 1643
1453770 1643
1453780 1642
1453790 1643
1453800 1643
1453810 1642
1453820 1641
1453830 1641
1453840 1639
1453850 1636
1453860 1636
1453870 1634
1453880 1630
1453890 1630
1453900 1627
1453910 1624
1453920 1621
1453930 1621
1453940 1618
1453950 1614
1453960 1614
1453970 1610
1453980 1604
1453990 1604
1454000 1598
1454010 1592
1454020 1592
1454030 1586
1454040 1581
1454050 1581
1454060 1576
1454070 1571
1454080 1571
1454090 1566
1454100 1561
1454110 1555
1454120 1555
1454130 1549
1454140 1543
1454150 1543
1454160 1539
1454170 1534
1454180 1534
1454190 1528
1454200 1524
1454210 1524
1454220 1519
1454230 1512
1454240 1512
1454250 1504
1454260 1496
1454270 1487
1454280 1487
1454290 1478
1454300 1470
1454310 1470
1454320 1464
1454330 1458
1454340 1458
1454350 1452
1454360 1447
1454370 1447
1454380 1442
1454390 1436
1454400 1436
1454410 1430
1454420 1424
1454430 1424
1454440 1416
1454450 1409
1454460 1401
1454470 1401
1454480 1392
1454490 1384
1454500 1384
1454510 1375
1454520 1366
1454530 1366
1454540 1359
1454550 1351
1454560 1351
1454570 1344
1454580 1337
1454590 1337
1454600 1330
1454610 1322
1454620 1322
1454630 1315
1454640 1307
1454650 1299
1454660 1299
1454670 1294
1454680 1289
1454690 1289
1454700 1284
1454710 1281
1454720 1281
1454730 1279
1454740 1276
1454750 1276
1454760 1273
1454770 1269
1454780 1269
1454790 1265
1454800 1261
1454810 1261
1454820 1256
1454830 1251
1454840 1246
1454850 1246
1454860 1239
1454870 1232
1454880 1232
1454890 1226
1454900 1220
1454910 1220
1454920 1212
1454930 1206
1454940 1206
1454950 1204
1454960 1204
1454970 1204
1454980 1206
1454990 1206
1455000 1206
1455010 1206
1455020 1207
1455030 1204
1455040 1204
1455050 1200
1455060 1197
1455070 1197
1455080 1193
1455090 1188
1455100 1188
1455110 1184
1455120 1179
1455130 1179
1455140 1173
1455150 1166
1455160 1166
1455170 1161
1455180 1155
1455190 1155
1455200 1150
1455210 1146
1455220 1140
1455230 1140
1455240 1135
1455250 1133
1455260 1133
1455270 1133
1455280 1132
1455290 1132
1455300 1133
1455310 1135
1455320 1135
1455330 1135
1455340 1137
1455350 1137
1455360 1143
1455370 1152
1455380 1152
1455390 1161
1455400 1169
1455410 1176
1455420 1176
1455430 1185
1455440 1195
1455450 1195
1455460 1203
1455470 1209
1455480 1209
1455490 1213
1455500 1218
1455510 1218
1455520 1223
1455530 1228
1455540 1228
1455550 1234
1455560 1236
1455570 1239
1455580 1239
1455590 1238
1455600 1236
1455610 1236
1455620 1236
1455630 1238
1455640 1238
1455650 1241
1455660 1244
1455670 1244
1455680 1246
1455690 1246
1455700 1246
1455710 1244
1455720 1240
1455730 1240
1455740 1243
1455750 1249
1455760 1257
1455770 1257
1455780 1264
1455790 1272
1455800 1272
1455810 1280
1455820 1286
1455830 1286
1455840 1293
1455850 1303
1455860 1303
1455870 1315
1455880 1326
1455890 1326
1455900 1336
1455910 1344
1455920 1344
1455930 1353
1455940 1361
1455950 1369
1455960 1369
1455970 1377
1455980 1385
1455990 1385
1456000 1393
1456010 1401
1456020 1401
1456030 1410
1456040 1418
1456050 1418
1456060 1426
1456070 1433
1456080 1433
1456090 1440
1456100 1449
1456110 1449
1456120 1457
1456130 1465
1456140 1474
1456150 1474
1456160 1482
1456170 1489
1456180 1489
1456190 1497
1456200 1504
1456210 1504
1456220 1510
1456230 1517
1456240 1517
1456250 1523
1456260 1529
1456270 1529
1456280 1536
1456290 1542
1456300 1542
1456310 1549
1456320 1556
1456330 1563
1456340 1563
1456350 1570
1456360 1577
1456370 1577
1456380 1585
1456390 1591
1456400 1591
1456410 1598
1456420 1604
1456430 1604
1456440 1611
1456450 1619
1456460 1619
1456470 1627
1456480 1636
1456490 1636
1456500 1642
1456510 1647
1456520 1654
1456530 1654
1456540 1660
1456550 1665
1456560 1665
1456570 1671
1456580 1676
1456590 1676
1456600 1680
1456610 1685
1456620 1685
1456630 1690
1456640 1693
1456650 1693
1456660 1694
1456670 1696
1456680 1696
1456690 1700
1456700 1704
1456710 1708
1456720 1708
1456730 1711
1456740 1715
1456750 1715
1456760 1718
1456770 1722
1456780 1722
1456790 1725
1456800 1729
1456810 1729
1456820 1734
1456830 1739
1456840 1739
1456850 1744
1456860 1749
1456870 1755
1456880 1755
1456890 1761
1456900 1766
1456910 1766
1456920 1772
1456930 1778
1456940 1778
1456950 1784
1456960 1790
1456970 1790
1456980 1796
1456990 1802
1457000 1802
1457010 1807
1457020 1814
1457030 1814
1457040 1819
1457050 1823
1457060 1829
1457070 1829
1457080 1834
1457090 1839
1457100 1839
1457110 1844
1457120 1848
1457130 1848
1457140 1852
1457150 1857
1457160 1857
1457170 1862
1457180 1865
1457190 1865
1457200 1867
1457210 1869
1457220 1869
1457230 1875
1457240 1883
1457250 1892
1457260 1892
1457270 1901
1457280 1908
1457290 1908
1457300 1914
1457310 1918
1457320 1918
1457330 1923
1457340 1923
1457350 1923
1457360 1924
1457370 1928
1457380 1928
1457390 1934
1457400 1939
1457410 1939
1457420 1945
1457430 1951
1457440 1955
1457450 1955
1457460 1956
1457470 1960
1457480 1960
1457490 1964
1457500 1966
1457510 1966
1457520 1968
1457530 1970
1457540 1970
1457550 1970
1457560 1971
1457570 1971
1457580 1973
1457590 1975
1457600 1975
1457610 1979
1457620 1983
1457630 1989
1457640 1989
1457650 1995
1457660 2000
1457670 2000
1457680 2002
1457690 2003
1457700 2003
1457710 2003
1457720 2005
1457730 2005
1457740 2007
1457750 2010
1457760 2010
1457770 2013
1457780 2015
1457790 2015
1457800 2017
1457810 2020
1457820 2023
1457830 2023
1457840 2026
1457850 2029
1457860 2029
1457870 2033
1457880 2040
1457890 2040
1457900 2050
1457910 2058
1457920 2058
1457930 2061
1457940 2064
1457950 2064
1457960 2067
1457970 2070
1457980 2070
1457990 2072
1458000 2073
1458010 2073
1458020 2073
1458030 2072
1458040 2073
1458050 2073
1458060 2074
1458070 2075
1458080 2075
1458090 2077
1458100 2079
1458110 2079
1458120 2082
1458130 2086
1458140 2086
1458150 2091
1458160 2096
1458170 2099
1458180 2099
1458190 2102
1458200 2106
1458210 2106
1458220 2110
1458230 2118
1458240 2118
1458250 2123
1458260 2129
1458270 2129
1458280 2135
1458290 2143
1458300 2143
1458310 2150
1458320 2158
1458330 2158
1458340 2165
1458350 2172
1458360 2179
1458370 2179
1458380 2186
1458390 2191
1458400 2191
1458410 2196
1458420 2201
1458430 2201
1458440 2204
1458450 2207
1458460 2207
1458470 2209
1458480 2212
1458490 2212
1458500 2214
1458510 2217
1458520 2217
1458530 2222
1458540 2225
1458550 2229
1458560 2229
1458570 2236
1458580 2241
1458590 2241
1458600 2243
1458610 2245
1458620 2245
1458630 2247
1458640 2249
1458650 2249
1458660 2252
1458670 2254
1458680 2254
1458690 2257
1458700 2258
1458710 2258
1458720 2261
1458730 2263
1458740 2265
1458750 2265
1458760 2268
1458770 2270
1458780 2270
1458790 2272
1458800 2274
1458810 2274
1458820 2278
1458830 2283
1458840 2283
1458850 2288
1458860 2292
1458870 2292
1458880 2295
1458890 2300
1458900 2300
1458910 2305
1458920 2310
1458930 2315
1458940 2315
1458950 2320
1458960 2325
1458970 2325
1458980 2330
1458990 2335
1459000 2335
1459010 2340
1459020 2345
1459030 2345
1459040 2351
1459050 2357
1459060 2357
1459070 2364
1459080 2370
1459090 2370
1459100 2378
1459110 2385
1459120 2393
1459130 2393
1459140 2401
1459150 2409
1459160 2409
1459170 2418
1459180 2428
1459190 2428
1459200 2439
1459210 2458
1459220 2458
1459230 2472
1459240 2482
1459250 2482
1459260 2492
1459270 2496
1459280 2496
1459290 2502
1459300 2512
1459310 2525
1459320 2525
1459330 2535
1459340 2543
1459350 2543
1459360 2551
1459370 2557
1459380 2557
1459390 2560
1459400 2563
1459410 2563
1459420 2569
1459430 2573
1459440 2573
1459450 2577
1459460 2585
1459470 2592
1459480 2592
1459490 2600
1459500 2609
1459510 2609
1459520 2618
1459530 2625
1459540 2625
1459550 2630
1459560 2634
1459570 2634
1459580 2638
1459590 2640
1459600 2640
1459610 2644
1459620 2647
1459630 2647
1459640 2647
1459650 2645
1459660 2644
1459670 2644
1459680 2640
1459690 2632
1459700 2632
1459710 2622
1459720 2611
1459730 2611
1459740 2604
1459750 2594
1459760 2594
1459770 2583
1459780 2571
1459790 2571
1459800 2565
1459810 2554
1459820 2554
1459830 2543
1459840 2533
1459850 2523
1459860 2523
1459870 2513
1459880 2502
1459890 2502
1459900 2490
1459910 2481
1459920 2481
1459930 2473
1459940 2467
1459950 2467
1459960 2461
1459970 2455
1459980 2455
1459990 2448
