1440000 2127
1440010 2127
1440020 2132
1440030 2136
1440040 2136
1440050 2141
1440060 2146
1440070 2146
1440080 2151
1440090 2158
1440100 2158
1440110 2166
1440120 2175
1440130 2175
1440140 2184
1440150 2192
1440160 2192
1440170 2200
1440180 2209
1440190 2217
1440200 2217
1440210 2225
1440220 2234
1440230 2234
1440240 2242
1440250 2251
1440260 2251
1440270 2268
1440280 2279
1440290 2279
1440300 2290
1440310 2295
1440320 2295
1440330 2287
1440340 2278
1440350 2278
1440360 2269
1440370 2262
1440380 2262
1440390 2262
1440400 2271
1440410 2279
1440420 2279
1440430 2282
1440440 2279
1440450 2279
1440460 2273
1440470 2270
1440480 2270
1440490 2265
1440500 2260
1440510 2260
1440520 2258
1440530 2253
1440540 2253
1440550 2247
1440560 2244
1440570 2240
1440580 2240
1440590 2237
1440600 2238
1440610 2238
1440620 2239
1440630 2232
1440640 2232
1440650 2226
1440660 2220
1440670 2220
1440680 2215
1440690 2209
1440700 2209
1440710 2207
1440720 2202
1440730 2202
1440740 2198
1440750 2199
1440760 2200
1440770 2200
1440780 2202
1440790 2205
1440800 2205
1440810 2206
1440820 2209
1440830 2209
1440840 2213
1440850 2218
1440860 2218
1440870 2223
1440880 2228
1440890 2228
1440900 2232
1440910 2237
1440920 2237
1440930 2241
1440940 2245
1440950 2250
1440960 2250
1440970 2255
1440980 2260
1440990 2260
1441000 2267
1441010 2273
1441020 2273
1441030 2279
1441040 2286
1441050 2286
1441060 2294
1441070 2306
1441080 2306
1441090 2315
1441100 2325
1441110 2336
1441120 2336
1441130 2351
1441140 2363
1441150 2363
1441160 2372
1441170 2379
1441180 2379
1441190 2387
1441200 2395
1441210 2395
1441220 2403
1441230 2412
1441240 2412
1441250 2421
1441260 2430
1441270 2430
1441280 2440
1441290 2449
1441300 2459
1441310 2459
1441320 2466
1441330 2473
1441340 2473
1441350 2480
1441360 2489
1441370 2489
1441380 2498
1441390 2505
1441400 2505
1441410 2510
1441420 2512
1441430 2512
1441440 2511
1441450 2509
1441460 2509
1441470 2504
1441480 2498
1441490 2493
1441500 2493
1441510 2488
1441520 2483
1441530 2483
1441540 2481
1441550 2480
1441560 2480
1441570 2480
1441580 2480
1441590 2480
1441600 2478
1441610 2474
1441620 2474
1441630 2467
1441640 2459
1441650 2459
1441660 2453
1441670 2446
1441680 2440
1441690 2440
1441700 2433
1441710 2426
1441720 2426
1441730 2421
1441740 2421
1441750 2421
1441760 2423
1441770 2425
1441780 2425
1441790 2426
1441800 2426
1441810 2426
1441820 2424
1441830 2423
1441840 2423
1441850 2421
1441860 2419
1441870 2417
1441880 2417
1441890 2412
1441900 2404
1441910 2404
1441920 2391
1441930 2386
1441940 2386
1441950 2386
1441960 2384
1441970 2384
1441980 2385
1441990 2385
1442000 2385
1442010 2385
1442020 2384
1442030 2384
1442040 2380
1442050 2372
1442060 2363
1442070 2363
1442080 2353
1442090 2344
1442100 2344
1442110 2326
1442120 2320
1442130 2320
1442140 2318
1442150 2315
1442160 2315
1442170 2311
1442180 2309
1442190 2309
1442200 2306
1442210 2303
1442220 2303
1442230 2301
1442240 2300
1442250 2299
1442260 2299
1442270 2299
1442280 2298
1442290 2298
1442300 2296
1442310 2293
1442320 2293
1442330 2288
1442340 2284
1442350 2284
1442360 2279
1442370 2276
1442380 2276
1442390 2273
1442400 2270
1442410 2270
1442420 2268
1442430 2265
1442440 2262
1442450 2262
1442460 2259
1442470 2255
1442480 2255
1442490 2252
1442500 2249
1442510 2249
1442520 2245
1442530 2240
1442540 2237
1442550 2233
1442560 2230
1442570 2230
1442580 2230
1442590 2229
1442600 2229
1442610 2228
1442620 2225
1442630 2221
1442640 2221
1442650 2219
1442660 2219
1442670 2219
1442680 2222
1442690 2224
1442700 2224
1442710 2226
1442720 2227
1442730 2227
1442740 2227
1442750 2227
1442760 2227
1442770 2227
1442780 2227
1442790 2227
1442800 2226
1442810 2225
1442820 2224
1442830 2224
1442840 2222
1442850 2219
1442860 2219
1442870 2215
1442880 2212
1442890 2212
1442900 2206
1442910 2200
1442920 2200
1442930 2195
1442940 2189
1442950 2189
1442960 2184
1442970 2179
1442980 2179
1442990 2175
1443000 2172
1443010 2171
1443020 2171
1443030 2173
1443040 2174
1443050 2174
1443060 2172
1443070 2168
1443080 2168
1443090 2165
1443100 2163
1443110 2163
1443120 2159
1443130 2154
1443140 2154
1443150 2148
1443160 2142
1443170 2142
1443180 2136
1443190 2131
1443200 2126
1443210 2126
1443220 2122
1443230 2118
1443240 2118
1443250 2115
1443260 2112
1443270 2112
1443280 2109
1443290 2106
1443300 2106
1443310 2103
1443320 2099
1443330 2099
1443340 2095
1443350 2091
1443360 2091
1443370 2087
1443380 2085
1443390 2082
1443400 2082
1443410 2078
1443420 2075
1443430 2075
1443440 2072
1443450 2065
1443460 2065
1443470 2058
1443480 2053
1443490 2053
1443500 2052
1443510 2052
1443520 2052
1443530 2053
1443540 2052
1443550 2052
1443560 2050
1443570 2047
1443580 2043
1443590 2043
1443600 2036
1443610 2028
1443620 2028
1443630 2020
1443640 2014
1443650 2014
1443660 2008
1443670 2003
1443680 2003
1443690 1996
1443700 1990
1443710 1990
1443720 1984
1443730 1981
1443740 1981
1443750 1979
1443760 1977
1443770 1975
1443780 1975
1443790 1974
1443800 1974
1443810 1974
1443820 1973
1443830 1970
1443840 1970
1443850 1966
1443860 1963
1443870 1963
1443880 1960
1443890 1955
1443900 1955
1443910 1950
1443920 1943
1443930 1935
1443940 1935
1443950 1927
1443960 1919
1443970 1919
1443980 1911
1443990 1901
1444000 1901
1444010 1887
1444020 1878
1444030 1878
1444040 1872
1444050 1867
1444060 1867
1444070 1862
1444080 1857
1444090 1857
1444100 1852
1444110 1849
1444120 1848
1444130 1848
1444140 1843
1444150 1832
1444160 1832
1444170 1821
1444180 1812
1444190 1812
1444200 1808
1444210 1804
1444220 1804
1444230 1797
1444240 1791
1444250 1791
1444260 1792
1444270 1794
1444280 1794
1444290 1795
1444300 1794
1444310 1792
1444320 1792
1444330 1790
1444340 1787
1444350 1787
1444360 1783
1444370 1781
1444380 1781
1444390 1778
1444400 1776
1444410 1776
1444420 1774
1444430 1769
1444440 1769
1444450 1765
1444460 1769
1444470 1769
1444480 1772
1444490 1772
1444500 1770
1444510 1770
1444520 1768
1444530 1767
1444540 1767
1444550 1766
1444560 1763
1444570 1763
1444580 1758
1444590 1753
1444600 1753
1444610 1754
1444620 1756
1444630 1756
1444640 1760
1444650 1764
1444660 1764
1444670 1766
1444680 1765
1444690 1767
1444700 1767
1444710 1770
1444720 1772
1444730 1772
1444740 1771
1444750 1767
1444760 1767
1444770 1751
1444780 1743
1444790 1743
1444800 1735
1444810 1733
1444820 1733
1444830 1736
1444840 1736
1444850 1736
1444860 1733
1444870 1729
1444880 1725
1444890 1725
1444900 1725
1444910 1722
1444920 1722
1444930 1719
1444940 1718
1444950 1718
1444960 1718
1444970 1718
1444980 1718
1444990 1718
1445000 1719
1445010 1719
1445020 1720
1445030 1722
1445040 1722
1445050 1722
1445060 1722
1445070 1721
1445080 1721
1445090 1720
1445100 1722
1445110 1722
1445120 1728
1445130 1735
1445140 1735
1445150 1740
1445160 1742
1445170 1742
1445180 1743
1445190 1745
1445200 1745
1445210 1745
1445220 1742
1445230 1742
1445240 1732
1445250 1719
1445260 1709
1445270 1709
1445280 1706
1445290 1704
1445300 1704
1445310 1698
1445320 1693
1445330 1693
1445340 1688
1445350 1684
1445360 1684
1445370 1681
1445380 1679
1445390 1679
1445400 1676
1445410 1672
1445420 1672
1445430 1668
1445440 1663
1445450 1658
1445460 1658
1445470 1655
1445480 1653
1445490 1653
1445500 1652
1445510 1651
1445520 1651
1445530 1651
1445540 1651
1445550 1651
1445560 1651
1445570 1651
1445580 1651
1445590 1650
1445600 1650
1445610 1650
1445620 1649
1445630 1648
1445640 1647
1445650 1647
1445660 1641
1445670 1639
1445680 1639
1445690 1639
1445700 1638
1445710 1638
1445720 1636
1445730 1635
1445740 1635
1445750 1633
1445760 1630
1445770 1630
1445780 1628
1445790 1626
1445800 1626
1445810 1624
1445820 1621
1445830 1619
1445840 1619
1445850 1617
1445860 1614
1445870 1614
1445880 1611
1445890 1609
1445900 1609
1445910 1607
1445920 1603
1445930 1603
1445940 1597
1445950 1591
1445960 1591
1445970 1585
1445980 1578
1445990 1578
1446000 1574
1446010 1571
1446020 1571
1446030 1571
1446040 1572
1446050 1570
1446060 1570
1446070 1566
1446080 1561
1446090 1561
1446100 1555
1446110 1549
1446120 1549
1446130 1544
1446140 1540
1446150 1540
1446160 1534
1446170 1526
1446180 1526
1446190 1516
1446200 1506
1446210 1493
1446220 1493
1446230 1482
1446240 1474
1446250 1474
1446260 1463
1446270 1451
1446280 1451
1446290 1444
1446300 1445
1446310 1445
1446320 1448
1446330 1450
1446340 1450
1446350 1454
1446360 1457
1446370 1457
1446380 1459
1446390 1461
1446400 1463
1446410 1463
1446420 1467
1446430 1470
1446440 1470
1446450 1473
1446460 1477
1446470 1477
1446480 1481
1446490 1484
1446500 1484
1446510 1485
1446520 1485
1446530 1485
1446540 1489
1446550 1499
1446560 1499
1446570 1506
1446580 1509
1446590 1509
1446600 1509
1446610 1508
1446620 1506
1446630 1506
1446640 1505
1446650 1502
1446660 1502
1446670 1499
1446680 1496
1446690 1496
1446700 1493
1446710 1490
1446720 1490
1446730 1487
1446740 1484
1446750 1482
1446760 1482
1446770 1481
1446780 1480
1446790 1480
1446800 1478
1446810 1479
1446820 1479
1446830 1480
1446840 1477
1446850 1477
1446860 1474
1446870 1471
1446880 1471
1446890 1466
1446900 1460
1446910 1460
1446920 1454
1446930 1449
1446940 1443
1446950 1443
1446960 1436
1446970 1431
1446980 1431
1446990 1424
1447000 1414
1447010 1414
1447020 1411
1447030 1414
1447040 1414
1447050 1417
1447060 1420
1447070 1420
1447080 1423
1447090 1427
1447100 1427
1447110 1436
1447120 1444
1447130 1449
1447140 1449
1447150 1448
1447160 1447
1447170 1447
1447180 1444
1447190 1443
1447200 1443
1447210 1443
1447220 1442
1447230 1442
1447240 1440
1447250 1438
1447260 1438
1447270 1433
1447280 1428
1447290 1428
1447300 1425
1447310 1424
1447320 1422
1447330 1422
1447340 1418
1447350 1415
1447360 1415
1447370 1412
1447380 1410
1447390 1410
1447400 1411
1447410 1411
1447420 1411
1447430 1414
1447440 1417
1447450 1417
1447460 1419
1447470 1421
1447480 1421
1447490 1420
1447500 1420
1447510 1419
1447520 1419
1447530 1418
1447540 1417
1447550 1417
1447560 1414
1447570 1413
1447580 1413
1447590 1413
1447600 1413
1447610 1413
1447620 1413
1447630 1414
1447640 1414
1447650 1414
1447660 1412
1447670 1412
1447680 1407
1447690 1402
1447700 1396
1447710 1396
1447720 1388
1447730 1379
1447740 1379
1447750 1371
1447760 1371
1447770 1371
1447780 1373
1447790 1379
1447800 1379
1447810 1384
1447820 1388
1447830 1388
1447840 1391
1447850 1393
1447860 1393
1447870 1393
1447880 1392
1447890 1390
1447900 1390
1447910 1389
1447920 1389
1447930 1389
1447940 1390
1447950 1391
1447960 1391
1447970 1391
1447980 1391
1447990 1391
1448000 1392
1448010 1392
1448020 1392
1448030 1392
1448040 1391
1448050 1391
1448060 1390
1448070 1389
1448080 1387
1448090 1387
1448100 1384
1448110 1381
1448120 1381
1448130 1378
1448140 1376
1448150 1376
1448160 1375
1448170 1374
1448180 1374
1448190 1374
1448200 1372
1448210 1372
1448220 1370
1448230 1369
1448240 1369
1448250 1367
1448260 1363
1448270 1356
1448280 1356
1448290 1349
1448300 1342
1448310 1342
1448320 1336
1448330 1331
1448340 1331
1448350 1324
1448360 1317
1448370 1317
1448380 1311
1448390 1306
1448400 1306
1448410 1301
1448420 1296
1448430 1296
1448440 1292
1448450 1291
1448460 1287
1448470 1287
1448480 1282
1448490 1277
1448500 1277
1448510 1271
1448520 1265
1448530 1265
1448540 1259
1448550 1254
1448560 1254
1448570 1250
1448580 1246
1448590 1246
1448600 1242
1448610 1237
1448620 1237
1448630 1235
1448640 1232
1448650 1229
1448660 1229
1448670 1226
1448680 1224
1448690 1224
1448700 1218
1448710 1211
1448720 1211
1448730 1204
1448740 1195
1448750 1195
1448760 1190
1448770 1194
1448780 1194
1448790 1195
1448800 1193
1448810 1193
1448820 1187
1448830 1177
1448840 1168
1448850 1168
1448860 1160
1448870 1154
1448880 1154
1448890 1157
1448900 1165
1448910 1165
1448920 1173
1448930 1180
1448940 1180
1448950 1181
1448960 1180
1448970 1180
1448980 1178
1448990 1178
1449000 1178
1449010 1178
1449020 1180
1449030 1182
1449040 1182
1449050 1183
1449060 1184
1449070 1184
1449080 1180
1449090 1180
1449100 1180
1449110 1179
1449120 1179
1449130 1179
1449140 1178
1449150 1178
1449160 1178
1449170 1181
1449180 1184
1449190 1184
1449200 1185
1449210 1184
1449220 1182
1449230 1182
1449240 1181
1449250 1179
1449260 1179
1449270 1175
1449280 1172
1449290 1172
1449300 1170
1449310 1169
1449320 1169
1449330 1169
1449340 1168
1449350 1168
1449360 1167
1449370 1167
1449380 1167
1449390 1167
1449400 1169
1449410 1169
1449420 1169
1449430 1167
1449440 1164
1449450 1164
1449460 1161
1449470 1160
1449480 1160
1449490 1161
1449500 1160
1449510 1160
1449520 1158
1449530 1155
1449540 1155
1449550 1152
1449560 1148
1449570 1143
1449580 1143
1449590 1142
1449600 1141
1449610 1141
1449620 1138
1449630 1134
1449640 1134
1449650 1131
1449660 1130
1449670 1130
1449680 1128
1449690 1124
1449700 1124
1449710 1123
1449720 1122
1449730 1122
1449740 1122
1449750 1126
1449760 1128
1449770 1128
1449780 1126
1449790 1121
1449800 1121
1449810 1117
1449820 1113
1449830 1113
1449840 1110
1449850 1107
1449860 1107
1449870 1103
1449880 1099
1449890 1099
1449900 1097
1449910 1097
1449920 1097
1449930 1097
1449940 1095
1449950 1093
1449960 1093
1449970 1090
1449980 1089
1449990 1089
1450000 1089
1450010 1088
1450020 1088
1450030 1090
1450040 1093
1450050 1093
1450060 1094
1450070 1088
1450080 1088
1450090 1083
1450100 1079
1450110 1079
1450120 1076
1450130 1073
1450140 1070
1450150 1070
1450160 1065
1450170 1057
1450180 1057
1450190 1046
1450200 1034
1450210 1034
1450220 1021
1450230 1009
1450240 1009
1450250 1001
1450260 1003
1450270 1003
1450280 1013
1450290 1027
1450300 1027
1450310 1036
1450320 1035
1450330 1030
1450340 1030
1450350 1030
1450360 1033
1450370 1033
1450380 1034
1450390 1040
1450400 1040
1450410 1047
1450420 1054
1450430 1054
1450440 1059
1450450 1059
1450460 1059
1450470 1054
1450480 1051
1450490 1051
1450500 1049
1450510 1041
1450520 1034
1450530 1034
1450540 1027
1450550 1020
1450560 1020
1450570 1012
1450580 1005
1450590 1005
1450600 997
1450610 991
1450620 991
1450630 988
1450640 987
1450650 987
1450660 988
1450670 990
1450680 990
1450690 993
1450700 1000
1450710 1006
1450720 1006
1450730 1012
1450740 1017
1450750 1017
1450760 1024
1450770 1030
1450780 1030
1450790 1034
1450800 1040
1450810 1040
1450820 1046
1450830 1052
1450840 1052
1450850 1056
1450860 1057
1450870 1057
1450880 1059
1450890 1060
1450900 1061
1450910 1061
1450920 1061
1450930 1060
1450940 1060
1450950 1059
1450960 1056
1450970 1056
1450980 1051
1450990 1045
1451000 1045
1451010 1039
1451020 1034
1451030 1034
1451040 1030
1451050 1027
1451060 1027
1451070 1024
1451080 1022
1451090 1021
1451100 1021
1451110 1021
1451120 1023
1451130 1023
1451140 1026
1451150 1029
1451160 1029
1451170 1031
1451180 1032
1451190 1032
1451200 1031
1451210 1031
1451220 1031
1451230 1031
1451240 1028
1451250 1028
1451260 1019
1451270 1010
1451280 1000
1451290 1000
1451300 992
1451310 984
1451320 984
1451330 977
1451340 971
1451350 971
1451360 972
1451370 975
1451380 975
1451390 981
1451400 989
1451410 989
1451420 993
1451430 992
1451440 992
1451450 987
1451460 981
1451470 977
1451480 977
1451490 977
1451500 981
1451510 981
1451520 983
1451530 984
1451540 984
1451550 985
1451560 985
1451570 985
1451580 985
1451590 984
1451600 984
1451610 982
1451620 980
1451630 980
1451640 979
1451650 979
1451660 978
1451670 978
1451680 977
1451690 976
1451700 976
1451710 974
1451720 971
1451730 971
1451740 969
1451750 967
1451760 967
1451770 965
1451780 966
1451790 966
1451800 967
1451810 967
1451820 967
1451830 965
1451840 963
1451850 961
1451860 961
1451870 959
1451880 956
1451890 956
1451900 952
1451910 947
1451920 947
1451930 942
1451940 935
1451950 935
1451960 928
1451970 920
1451980 920
1451990 911
1452000 906
1452010 906
1452020 902
1452030 899
1452040 897
1452050 897
1452060 895
1452070 894
1452080 894
1452090 892
1452100 888
1452110 888
1452120 886
1452130 884
1452140 884
1452150 882
1452160 881
1452170 881
1452180 880
1452190 880
1452200 880
1452210 879
1452220 879
1452230 878
1452240 878
1452250 878
1452260 876
1452270 876
1452280 874
1452290 876
1452300 876
1452310 878
1452320 878
1452330 878
1452340 880
1452350 882
1452360 882
1452370 884
1452380 886
1452390 888
1452400 888
1452410 891
1452420 893
1452430 893
1452440 895
1452450 896
1452460 896
1452470 900
1452480 904
1452490 904
1452500 905
1452510 906
1452520 906
1452530 906
1452540 907
1452550 907
1452560 906
1452570 905
1452580 904
1452590 904
1452600 902
1452610 901
1452620 901
1452630 899
1452640 899
1452650 899
1452660 900
1452670 901
1452680 901
1452690 903
1452700 904
1452710 904
1452720 903
1452730 902
1452740 902
1452750 899
1452760 898
1452770 898
1452780 898
1452790 897
1452800 894
1452810 894
1452820 889
1452830 878
1452840 862
1452850 850
1452860 838
1452870 838
1452880 827
1452890 821
1452900 821
1452910 817
1452920 812
1452930 812
1452940 808
1452950 804
1452960 800
1452970 800
1452980 796
1452990 791
1453000 791
1453010 786
1453020 781
1453030 781
1453040 778
1453050 774
1453060 774
1453070 771
1453080 767
1453090 767
1453100 764
1453110 763
1453120 763
1453130 762
1453140 761
1453150 761
1453160 761
1453170 760
1453180 759
1453190 759
1453200 759
1453210 759
1453220 759
1453230 761
1453240 761
1453250 761
1453260 761
1453270 762
1453280 762
1453290 762
1453300 762
1453310 762
1453320 761
1453330 761
1453340 760
1453350 760
1453360 760
1453370 760
1453380 760
1453390 760
1453400 760
1453410 760
1453420 760
1453430 760
1453440 760
1453450 760
1453460 760
1453470 760
1453480 760
1453490 760
1453500 760
1453510 760
1453520 760
1453530 760
1453540 760
1453550 760
1453560 760
1453570 760
1453580 759
1453590 760
1453600 760
1453610 761
1453620 763
1453630 763
1453640 766
1453650 770
1453660 770
1453670 773
1453680 774
1453690 774
1453700 776
1453710 779
1453720 781
1453730 781
1453740 784
1453750 787
1453760 787
1453770 790
1453780 793
1453790 793
1453800 796
1453810 799
1453820 799
1453830 801
1453840 803
1453850 803
1453860 806
1453870 811
1453880 811
1453890 814
1453900 817
1453910 819
1453920 819
1453930 823
1453940 827
1453950 827
1453960 830
1453970 833
1453980 833
1453990 836
1454000 841
1454010 841
1454020 845
1454030 849
1454040 849
1454050 854
1454060 859
1454070 859
1454080 862
1454090 866
1454100 869
1454110 869
1454120 871
1454130 874
1454140 874
1454150 879
1454160 884
1454170 884
1454180 888
1454190 893
1454200 893
1454210 898
1454220 903
1454230 903
1454240 908
1454250 917
1454260 917
1454270 924
1454280 930
1454290 933
1454300 933
1454310 938
1454320 944
1454330 944
1454340 950
1454350 958
1454360 958
1454370 966
1454380 972
1454390 972
1454400 978
1454410 984
1454420 984
1454430 989
1454440 993
1454450 993
1454460 996
1454470 998
1454480 1000
1454490 1000
1454500 1001
1454510 1002
1454520 1002
1454530 1003
1454540 1004
1454550 1004
1454560 1004
1454570 1004
1454580 1004
1454590 1007
1454600 1012
1454610 1012
1454620 1016
1454630 1017
1454640 1017
1454650 1017
1454660 1017
1454670 1017
1454680 1017
1454690 1018
1454700 1018
1454710 1018
1454720 1020
1454730 1021
1454740 1021
1454750 1023
1454760 1024
1454770 1024
1454780 1026
1454790 1027
1454800 1027
1454810 1028
1454820 1028
1454830 1028
1454840 1028
1454850 1027
1454860 1026
1454870 1026
1454880 1025
1454890 1024
1454900 1024
1454910 1023
1454920 1021
1454930 1021
1454940 1018
1454950 1016
1454960 1016
1454970 1014
1454980 1012
1454990 1012
1455000 1007
1455010 1003
1455020 1003
1455030 1002
1455040 1001
1455050 1003
1455060 1003
1455070 1001
1455080 994
1455090 994
1455100 986
1455110 979
1455120 979
1455130 973
1455140 970
1455150 970
1455160 968
1455170 963
1455180 963
1455190 962
1455200 960
1455210 960
1455220 954
1455230 945
1455240 940
1455250 940
1455260 939
1455270 932
1455280 932
1455290 914
1455300 901
1455310 901
1455320 892
1455330 885
1455340 885
1455350 874
1455360 866
1455370 866
1455380 867
1455390 873
1455400 881
1455410 881
1455420 889
1455430 898
1455440 898
1455450 909
1455460 921
1455470 921
1455480 930
1455490 937
1455500 937
1455510 947
1455520 961
1455530 961
1455540 981
1455550 999
1455560 999
1455570 1008
1455580 1016
1455590 1022
1455600 1022
1455610 1029
1455620 1035
1455630 1035
1455640 1040
1455650 1044
1455660 1044
1455670 1048
1455680 1051
1455690 1051
1455700 1056
1455710 1060
1455720 1060
1455730 1065
1455740 1070
1455750 1070
1455760 1075
1455770 1078
1455780 1081
1455790 1081
1455800 1083
1455810 1086
1455820 1086
1455830 1090
1455840 1093
1455850 1093
1455860 1098
1455870 1104
1455880 1104
1455890 1111
1455900 1117
1455910 1117
1455920 1121
1455930 1122
1455940 1122
1455950 1128
1455960 1140
1455970 1146
1455980 1146
1455990 1152
1456000 1159
1456010 1159
1456020 1170
1456030 1178
1456040 1178
1456050 1186
1456060 1192
1456070 1192
1456080 1197
1456090 1203
1456100 1203
1456110 1210
1456120 1215
1456130 1215
1456140 1223
1456150 1232
1456160 1240
1456170 1240
1456180 1245
1456190 1252
1456200 1252
1456210 1258
1456220 1265
1456230 1265
1456240 1273
1456250 1278
1456260 1278
1456270 1281
1456280 1284
1456290 1284
1456300 1289
1456310 1294
1456320 1294
1456330 1300
1456340 1305
1456350 1312
1456360 1312
1456370 1318
1456380 1324
1456390 1324
1456400 1329
1456410 1335
1456420 1335
1456430 1340
1456440 1346
1456450 1346
1456460 1352
1456470 1358
1456480 1358
1456490 1364
1456500 1370
1456510 1370
1456520 1375
1456530 1381
1456540 1387
1456550 1387
1456560 1393
1456570 1401
1456580 1401
1456590 1411
1456600 1421
1456610 1421
1456620 1431
1456630 1441
1456640 1441
1456650 1447
1456660 1454
1456670 1454
1456680 1461
1456690 1469
1456700 1469
1456710 1477
1456720 1485
1456730 1494
1456740 1494
1456750 1503
1456760 1513
1456770 1513
1456780 1523
1456790 1532
1456800 1532
1456810 1540
1456820 1548
1456830 1548
1456840 1557
1456850 1568
1456860 1568
1456870 1578
1456880 1586
1456890 1586
1456900 1594
1456910 1602
1456920 1611
1456930 1611
1456940 1619
1456950 1627
1456960 1627
1456970 1636
1456980 1645
1456990 1645
1457000 1653
1457010 1663
1457020 1663
1457030 1673
1457040 1683
1457050 1683
1457060 1689
1457070 1692
1457080 1692
1457090 1696
1457100 1702
1457110 1707
1457120 1707
1457130 1710
1457140 1714
1457150 1714
1457160 1720
1457170 1727
1457180 1727
1457190 1732
1457200 1738
1457210 1738
1457220 1743
1457230 1748
1457240 1748
1457250 1752
1457260 1756
1457270 1756
1457280 1759
1457290 1757
1457300 1755
1457310 1755
1457320 1757
1457330 1762
1457340 1762
1457350 1769
1457360 1777
1457370 1777
1457380 1785
1457390 1795
1457400 1795
1457410 1805
1457420 1807
1457430 1807
1457440 1804
1457450 1801
1457460 1801
1457470 1800
1457480 1801
1457490 1809
1457500 1809
1457510 1820
1457520 1827
1457530 1827
1457540 1834
1457550 1841
1457560 1841
1457570 1844
1457580 1847
1457590 1847
1457600 1852
1457610 1860
1457620 1860
1457630 1863
1457640 1861
1457650 1861
1457660 1863
1457670 1864
1457680 1862
1457690 1862
1457700 1857
1457710 1857
1457720 1857
1457730 1857
1457740 1854
1457750 1854
1457760 1854
1457770 1858
1457780 1858
1457790 1862
1457800 1862
1457810 1862
1457820 1862
1457830 1865
1457840 1865
1457850 1873
1457860 1883
1457870 1892
1457880 1892
1457890 1899
1457900 1907
1457910 1907
1457920 1915
1457930 1922
1457940 1922
1457950 1930
1457960 1937
1457970 1937
1457980 1944
1457990 1953
1458000 1953
1458010 1961
1458020 1969
1458030 1969
1458040 1977
1458050 1984
1458060 1991
1458070 1991
1458080 1999
1458090 2002
1458100 2002
1458110 2002
1458120 2007
1458130 2007
1458140 2016
1458150 2023
1458160 2023
1458170 2029
1458180 2034
1458190 2034
1458200 2039
1458210 2044
1458220 2050
1458230 2050
1458240 2054
1458250 2058
1458260 2058
1458270 2063
1458280 2065
1458290 2065
1458300 2065
1458310 2064
1458320 2064
1458330 2065
1458340 2072
1458350 2072
1458360 2082
1458370 2091
1458380 2091
1458390 2099
1458400 2106
1458410 2114
1458420 2114
1458430 2122
1458440 2128
1458450 2128
1458460 2134
1458470 2141
1458480 2141
1458490 2147
1458500 2155
1458510 2155
1458520 2162
1458530 2167
1458540 2167
1458550 2171
1458560 2176
1458570 2176
1458580 2182
1458590 2186
1458600 2190
1458610 2190
1458620 2197
1458630 2203
1458640 2203
1458650 2207
1458660 2211
1458670 2211
1458680 2216
1458690 2220
1458700 2220
1458710 2225
1458720 2230
1458730 2230
1458740 2237
1458750 2245
1458760 2245
1458770 2252
1458780 2260
1458790 2267
1458800 2267
1458810 2275
1458820 2282
1458830 2282
1458840 2289
1458850 2297
1458860 2297
1458870 2305
1458880 2313
1458890 2313
1458900 2321
1458910 2321
1458920 2321
1458930 2313
1458940 2305
1458950 2305
1458960 2297
1458970 2289
1458980 2282
1458990 2282
1459000 2277
1459010 2270
1459020 2270
1459030 2264
1459040 2258
1459050 2258
1459060 2252
1459070 2246
1459080 2246
1459090 2239
1459100 2233
1459110 2233
1459120 2226
1459130 2220
1459140 2220
1459150 2211
1459160 2205
1459170 2199
1459180 2199
1459190 2196
1459200 2191
1459210 2191
1459220 2187
1459230 2183
1459240 2183
1459250 2179
1459260 2175
1459270 2175
1459280 2170
1459290 2164
1459300 2164
1459310 2157
1459320 2156
1459330 2156
1459340 2157
1459350 2156
1459360 2154
1459370 2154
1459380 2152
1459390 2149
1459400 2149
1459410 2143
1459420 2137
1459430 2137
1459440 2129
1459450 2121
1459460 2121
1459470 2115
1459480 2112
1459490 2112
1459500 2111
1459510 2111
1459520 2111
1459530 2112
1459540 2112
1459550 2110
1459560 2110
1459570 2106
1459580 2102
1459590 2102
1459600 2097
1459610 2090
1459620 2090
1459630 2083
1459640 2076
1459650 2076
1459660 2070
1459670 2063
1459680 2063
1459690 2058
1459700 2057
1459710 2057
1459720 2056
1459730 2054
1459740 2051
1459750 2051
1459760 2047
1459770 2040
1459780 2040
1459790 2033
1459800 2027
1459810 2027
1459820 2021
1459830 2016
1459840 2016
1459850 2014
1459860 2012
1459870 2012
1459880 2009
1459890 2006
1459900 2006
1459910 2003
1459920 2000
1459930 1996
1459940 1996
1459950 1993
1459960 1990
1459970 1990
1459980 1986
1459990 1982
