1440000 2073
1440010 2073
1440020 2072
1440030 2072
1440040 2072
1440050 2071
1440060 2066
1440070 2066
1440080 2063
1440090 2063
1440100 2062
1440110 2062
1440120 2061
1440130 2060
1440140 2060
1440150 2059
1440160 2057
1440170 2057
1440180 2058
1440190 2059
1440200 2059
1440210 2058
1440220 2059
1440230 2059
1440240 2061
1440250 2064
1440260 2064
1440270 2066
1440280 2066
1440290 2068
1440300 2068
1440310 2071
1440320 2075
1440330 2075
1440340 2081
1440350 2088
1440360 2088
1440370 2094
1440380 2100
1440390 2100
1440400 2105
1440410 2109
1440420 2109
1440430 2111
1440440 2111
1440450 2111
1440460 2112
1440470 2113
1440480 2113
1440490 2113
1440500 2117
1440510 2121
1440520 2121
1440530 2121
1440540 2119
1440550 2119
1440560 2122
1440570 2125
1440580 2125
1440590 2127
1440600 2128
1440610 2128
1440620 2130
1440630 2132
1440640 2132
1440650 2136
1440660 2139
1440670 2142
1440680 2142
1440690 2145
1440700 2147
1440710 2147
1440720 2149
1440730 2155
1440740 2155
1440750 2162
1440760 2168
1440770 2168
1440780 2174
1440790 2181
1440800 2181
1440810 2187
1440820 2194
1440830 2194
1440840 2201
1440850 2207
1440860 2211
1440870 2211
1440880 2215
1440890 2219
1440900 2219
1440910 2224
1440920 2229
1440930 2229
1440940 2235
1440950 2241
1440960 2241
1440970 2248
1440980 2254
1440990 2254
1441000 2261
1441010 2270
1441020 2270
1441030 2277
1441040 2283
1441050 2290
1441060 2290
1441070 2298
1441080 2305
1441090 2305
1441100 2312
1441110 2319
1441120 2319
1441130 2326
1441140 2338
1441150 2338
1441160 2353
1441170 2366
1441180 2366
1441190 2378
1441200 2393
1441210 2393
1441220 2404
1441230 2413
1441240 2421
1441250 2421
1441260 2427
1441270 2428
1441280 2428
1441290 2428
1441300 2428
1441310 2428
1441320 2432
1441330 2439
1441340 2439
1441350 2446
1441360 2452
1441370 2452
1441380 2457
1441390 2461
1441400 2461
1441410 2463
1441420 2464
1441430 2464
1441440 2464
1441450 2466
1441460 2469
1441470 2469
1441480 2476
1441490 2483
1441500 2483
1441510 2490
1441520 2494
1441530 2494
1441540 2498
1441550 2503
1441560 2503
1441570 2508
1441580 2515
1441590 2515
1441600 2522
1441610 2529
1441620 2536
1441630 2536
1441640 2542
1441650 2546
1441660 2546
1441670 2545
1441680 2541
1441690 2541
1441700 2543
1441710 2559
1441720 2559
1441730 2568
1441740 2569
1441750 2569
1441760 2569
1441770 2567
1441780 2567
1441790 2562
1441800 2558
1441810 2554
1441820 2554
1441830 2550
1441840 2547
1441850 2547
1441860 2545
1441870 2543
1441880 2543
1441890 2542
1441900 2543
1441910 2543
1441920 2544
1441930 2545
1441940 2545
1441950 2545
1441960 2544
1441970 2544
1441980 2542
1441990 2538
1442000 2533
1442010 2533
1442020 2527
1442030 2522
1442040 2522
1442050 2517
1442060 2511
1442070 2511
1442080 2504
1442090 2497
1442100 2497
1442110 2490
1442120 2484
1442130 2484
1442140 2478
1442150 2472
1442160 2472
1442170 2467
1442180 2462
1442190 2458
1442200 2458
1442210 2455
1442220 2452
1442230 2452
1442240 2449
1442250 2447
1442260 2447
1442270 2444
1442280 2442
1442290 2442
1442300 2441
1442310 2439
1442320 2433
1442330 2431
1442340 2428
1442350 2428
1442360 2423
1442370 2418
1442380 2413
1442390 2413
1442400 2408
1442410 2403
1442420 2403
1442430 2399
1442440 2397
1442450 2397
1442460 2395
1442470 2393
1442480 2393
1442490 2391
1442500 2392
1442510 2392
1442520 2391
1442530 2388
1442540 2388
1442550 2384
1442560 2379
1442570 2374
1442580 2374
1442590 2368
1442600 2362
1442610 2362
1442620 2356
1442630 2353
1442640 2353
1442650 2350
1442660 2348
1442670 2348
1442680 2345
1442690 2341
1442700 2341
1442710 2336
1442720 2332
1442730 2332
1442740 2326
1442750 2320
1442760 2315
1442770 2315
1442780 2310
1442790 2304
1442800 2304
1442810 2301
1442820 2300
1442830 2300
1442840 2299
1442850 2297
1442860 2297
1442870 2297
1442880 2298
1442890 2298
1442900 2298
1442910 2301
1442920 2304
1442930 2304
1442940 2305
1442950 2304
1442960 2304
1442970 2303
1442980 2301
1442990 2301
1443000 2298
1443010 2293
1443020 2293
1443030 2286
1443040 2280
1443050 2280
1443060 2274
1443070 2269
1443080 2269
1443090 2263
1443100 2258
1443110 2256
1443120 2256
1443130 2254
1443140 2253
1443150 2253
1443160 2252
1443170 2250
1443180 2250
1443190 2248
1443200 2248
1443210 2248
1443220 2248
1443230 2249
1443240 2249
1443250 2247
1443260 2241
1443270 2241
1443280 2236
1443290 2234
1443300 2229
1443310 2229
1443320 2226
1443330 2224
1443340 2224
1443350 2223
1443360 2222
1443370 2222
1443380 2223
1443390 2225
1443400 2225
1443410 2227
1443420 2229
1443430 2229
1443440 2228
1443450 2226
1443460 2226
1443470 2223
1443480 2220
1443490 2217
1443500 2217
1443510 2215
1443520 2212
1443530 2212
1443540 2209
1443550 2207
1443560 2207
1443570 2206
1443580 2202
1443590 2202
1443600 2198
1443610 2187
1443620 2187
1443630 2177
1443640 2170
1443650 2170
1443660 2162
1443670 2157
1443680 2152
1443690 2152
1443700 2148
1443710 2143
1443720 2143
1443730 2129
1443740 2119
1443750 2119
1443760 2111
1443770 2104
1443780 2104
1443790 2102
1443800 2101
1443810 2101
1443820 2100
1443830 2096
1443840 2096
1443850 2093
1443860 2090
1443870 2087
1443880 2087
1443890 2081
1443900 2073
1443910 2073
1443920 2063
1443930 2053
1443940 2053
1443950 2042
1443960 2030
1443970 2030
1443980 2025
1443990 2027
1444000 2027
1444010 2029
1444020 2031
1444030 2031
1444040 2030
1444050 2025
1444060 2018
1444070 2018
1444080 2011
1444090 2005
1444100 2005
1444110 2000
1444120 1997
1444130 1997
1444140 1999
1444150 2003
1444160 2003
1444170 2007
1444180 2007
1444190 2007
1444200 2002
1444210 2011
1444220 2011
1444230 2009
1444240 2003
1444250 2002
1444260 2002
1444270 1998
1444280 1992
1444290 1992
1444300 1990
1444310 1986
1444320 1986
1444330 1981
1444340 1964
1444350 1964
1444360 1955
1444370 1956
1444380 1956
1444390 1959
1444400 1961
1444410 1961
1444420 1962
1444430 1964
1444440 1965
1444450 1965
1444460 1966
1444470 1967
1444480 1967
1444490 1966
1444500 1965
1444510 1965
1444520 1963
1444530 1962
1444540 1962
1444550 1958
1444560 1952
1444570 1952
1444580 1949
1444590 1947
1444600 1947
1444610 1947
1444620 1948
1444630 1948
1444640 1948
1444650 1948
1444660 1949
1444670 1949
1444680 1950
1444690 1949
1444700 1949
1444710 1948
1444720 1947
1444730 1947
1444740 1947
1444750 1948
1444760 1948
1444770 1949
1444780 1948
1444790 1948
1444800 1947
1444810 1947
1444820 1945
1444830 1945
1444840 1944
1444850 1943
1444860 1943
1444870 1942
1444880 1942
1444890 1942
1444900 1942
1444910 1940
1444920 1940
1444930 1940
1444940 1942
1444950 1942
1444960 1946
1444970 1947
1444980 1947
1444990 1948
1445000 1946
1445010 1938
1445020 1938
1445030 1932
1445040 1929
1445050 1929
1445060 1924
1445070 1918
1445080 1918
1445090 1917
1445100 1916
1445110 1916
1445120 1912
1445130 1905
1445140 1905
1445150 1897
1445160 1887
1445170 1887
1445180 1878
1445190 1870
1445200 1863
1445210 1863
1445220 1858
1445230 1852
1445240 1852
1445250 1848
1445260 1841
1445270 1841
1445280 1834
1445290 1827
1445300 1827
1445310 1821
1445320 1816
1445330 1816
1445340 1811
1445350 1806
1445360 1806
1445370 1801
1445380 1795
1445390 1789
1445400 1789
1445410 1783
1445420 1775
1445430 1775
1445440 1771
1445450 1768
1445460 1768
1445470 1765
1445480 1763
1445490 1763
1445500 1759
1445510 1754
1445520 1754
1445530 1749
1445540 1743
1445550 1743
1445560 1739
1445570 1734
1445580 1730
1445590 1730
1445600 1726
1445610 1720
1445620 1720
1445630 1711
1445640 1698
1445650 1698
1445660 1687
1445670 1677
1445680 1677
1445690 1667
1445700 1658
1445710 1658
1445720 1655
1445730 1657
1445740 1657
1445750 1658
1445760 1658
1445770 1660
1445780 1660
1445790 1661
1445800 1660
1445810 1660
1445820 1662
1445830 1665
1445840 1665
1445850 1669
1445860 1670
1445870 1670
1445880 1665
1445890 1659
1445900 1659
1445910 1651
1445920 1643
1445930 1643
1445940 1630
1445950 1627
1445960 1632
1445970 1632
1445980 1633
1445990 1634
1446000 1634
1446010 1636
1446020 1633
1446030 1633
1446040 1628
1446050 1627
1446060 1627
1446070 1628
1446080 1633
1446090 1633
1446100 1636
1446110 1636
1446120 1632
1446130 1632
1446140 1631
1446150 1633
1446160 1633
1446170 1633
1446180 1631
1446190 1631
1446200 1628
1446210 1624
1446220 1624
1446230 1619
1446240 1617
1446250 1617
1446260 1615
1446270 1615
1446280 1615
1446290 1617
1446300 1622
1446310 1628
1446320 1628
1446330 1634
1446340 1638
1446350 1638
1446360 1642
1446370 1643
1446380 1643
1446390 1643
1446400 1644
1446410 1644
1446420 1644
1446430 1647
1446440 1647
1446450 1652
1446460 1654
1446470 1654
1446480 1654
1446490 1652
1446500 1649
1446510 1649
1446520 1649
1446530 1649
1446540 1649
1446550 1648
1446560 1646
1446570 1646
1446580 1642
1446590 1637
1446600 1637
1446610 1632
1446620 1629
1446630 1629
1446640 1627
1446650 1625
1446660 1625
1446670 1619
1446680 1611
1446690 1606
1446700 1606
1446710 1603
1446720 1600
1446730 1600
1446740 1600
1446750 1600
1446760 1600
1446770 1598
1446780 1597
1446790 1597
1446800 1598
1446810 1596
1446820 1596
1446830 1593
1446840 1587
1446850 1587
1446860 1584
1446870 1582
1446880 1576
1446890 1576
1446900 1571
1446910 1573
1446920 1573
1446930 1576
1446940 1578
1446950 1578
1446960 1581
1446970 1584
1446980 1584
1446990 1585
1447000 1586
1447010 1586
1447020 1588
1447030 1589
1447040 1589
1447050 1589
1447060 1589
1447070 1590
1447080 1590
1447090 1592
1447100 1594
1447110 1594
1447120 1594
1447130 1593
1447140 1593
1447150 1590
1447160 1585
1447170 1585
1447180 1581
1447190 1575
1447200 1575
1447210 1571
1447220 1571
1447230 1571
1447240 1572
1447250 1572
1447260 1570
1447270 1570
1447280 1567
1447290 1562
1447300 1562
1447310 1555
1447320 1551
1447330 1551
1447340 1549
1447350 1546
1447360 1546
1447370 1542
1447380 1534
1447390 1534
1447400 1525
1447410 1517
1447420 1517
1447430 1510
1447440 1505
1447450 1500
1447460 1500
1447470 1499
1447480 1499
1447490 1499
1447500 1499
1447510 1500
1447520 1500
1447530 1501
1447540 1500
1447550 1500
1447560 1499
1447570 1498
1447580 1498
1447590 1499
1447600 1501
1447610 1501
1447620 1504
1447630 1506
1447640 1506
1447650 1506
1447660 1507
1447670 1507
1447680 1507
1447690 1507
1447700 1507
1447710 1507
1447720 1505
1447730 1505
1447740 1505
1447750 1505
1447760 1506
1447770 1506
1447780 1509
1447790 1509
1447800 1509
1447810 1508
1447820 1506
1447830 1504
1447840 1504
1447850 1502
1447860 1501
1447870 1501
1447880 1499
1447890 1497
1447900 1497
1447910 1496
1447920 1495
1447930 1495
1447940 1494
1447950 1492
1447960 1492
1447970 1490
1447980 1488
1447990 1488
1448000 1486
1448010 1484
1448020 1482
1448030 1482
1448040 1480
1448050 1478
1448060 1478
1448070 1477
1448080 1476
1448090 1476
1448100 1475
1448110 1474
1448120 1474
1448130 1473
1448140 1471
1448150 1471
1448160 1470
1448170 1468
1448180 1468
1448190 1468
1448200 1466
1448210 1464
1448220 1464
1448230 1462
1448240 1460
1448250 1460
1448260 1457
1448270 1456
1448280 1456
1448290 1454
1448300 1451
1448310 1451
1448320 1447
1448330 1441
1448340 1441
1448350 1434
1448360 1427
1448370 1427
1448380 1420
1448390 1414
1448400 1409
1448410 1409
1448420 1405
1448430 1400
1448440 1400
1448450 1396
1448460 1393
1448470 1393
1448480 1390
1448490 1385
1448500 1385
1448510 1381
1448520 1380
1448530 1380
1448540 1378
1448550 1376
1448560 1376
1448570 1375
1448580 1375
1448590 1376
1448600 1376
1448610 1376
1448620 1374
1448630 1374
1448640 1367
1448650 1361
1448660 1361
1448670 1355
1448680 1348
1448690 1348
1448700 1343
1448710 1342
1448720 1342
1448730 1340
1448740 1331
1448750 1331
1448760 1335
1448770 1345
1448780 1351
1448790 1351
1448800 1354
1448810 1351
1448820 1351
1448830 1354
1448840 1357
1448850 1357
1448860 1357
1448870 1357
1448880 1357
1448890 1358
1448900 1358
1448910 1358
1448920 1356
1448930 1354
1448940 1354
1448950 1347
1448960 1338
1448970 1333
1448980 1333
1448990 1328
1449000 1322
1449010 1322
1449020 1318
1449030 1317
1449040 1317
1449050 1319
1449060 1320
1449070 1320
1449080 1320
1449090 1319
1449100 1319
1449110 1322
1449120 1324
1449130 1324
1449140 1326
1449150 1328
1449160 1330
1449170 1330
1449180 1331
1449190 1331
1449200 1331
1449210 1331
1449220 1329
1449230 1329
1449240 1326
1449250 1323
1449260 1323
1449270 1321
1449280 1320
1449290 1320
1449300 1317
1449310 1315
1449320 1315
1449330 1314
1449340 1312
1449350 1310
1449360 1310
1449370 1308
1449380 1305
1449390 1305
1449400 1303
1449410 1301
1449420 1301
1449430 1298
1449440 1294
1449450 1294
1449460 1291
1449470 1285
1449480 1285
1449490 1278
1449500 1274
1449510 1269
1449520 1269
1449530 1265
1449540 1263
1449550 1263
1449560 1260
1449570 1256
1449580 1256
1449590 1251
1449600 1245
1449610 1245
1449620 1241
1449630 1238
1449640 1238
1449650 1234
1449660 1228
1449670 1228
1449680 1222
1449690 1220
1449700 1219
1449710 1219
1449720 1219
1449730 1215
1449740 1215
1449750 1207
1449760 1198
1449770 1198
1449780 1188
1449790 1181
1449800 1181
1449810 1173
1449820 1167
1449830 1167
1449840 1161
1449850 1156
1449860 1156
1449870 1151
1449880 1143
1449890 1133
1449900 1133
1449910 1127
1449920 1123
1449930 1123
1449940 1127
1449950 1129
1449960 1129
1449970 1128
1449980 1121
1449990 1121
1450000 1109
1450010 1102
1450020 1102
1450030 1104
1450040 1113
1450050 1113
1450060 1121
1450070 1133
1450080 1137
1450090 1137
1450100 1137
1450110 1140
1450120 1140
1450130 1145
1450140 1151
1450150 1151
1450160 1158
1450170 1164
1450180 1164
1450190 1166
1450200 1165
1450210 1165
1450220 1163
1450230 1161
1450240 1161
1450250 1161
1450260 1162
1450270 1163
1450280 1163
1450290 1165
1450300 1165
1450310 1165
1450320 1162
1450330 1157
1450340 1157
1450350 1152
1450360 1146
1450370 1146
1450380 1142
1450390 1135
1450400 1135
1450410 1131
1450420 1129
1450430 1129
1450440 1129
1450450 1132
1450460 1130
1450470 1130
1450480 1121
1450490 1118
1450500 1118
1450510 1126
1450520 1132
1450530 1132
1450540 1135
1450550 1141
1450560 1141
1450570 1146
1450580 1149
1450590 1149
1450600 1149
1450610 1149
1450620 1149
1450630 1147
1450640 1144
1450650 1140
1450660 1140
1450670 1137
1450680 1135
1450690 1135
1450700 1137
1450710 1140
1450720 1140
1450730 1143
1450740 1146
1450750 1146
1450760 1151
1450770 1156
1450780 1156
1450790 1160
1450800 1162
1450810 1162
1450820 1163
1450830 1162
1450840 1162
1450850 1162
1450860 1161
1450870 1160
1450880 1160
1450890 1158
1450900 1155
1450910 1155
1450920 1153
1450930 1150
1450940 1150
1450950 1146
1450960 1141
1450970 1141
1450980 1136
1450990 1132
1451000 1132
1451010 1128
1451020 1125
1451030 1122
1451040 1122
1451050 1119
1451060 1117
1451070 1117
1451080 1117
1451090 1118
1451100 1118
1451110 1120
1451120 1122
1451130 1122
1451140 1123
1451150 1125
1451160 1125
1451170 1127
1451180 1128
1451190 1128
1451200 1123
1451210 1116
1451220 1107
1451230 1107
1451240 1100
1451250 1094
1451260 1094
1451270 1089
1451280 1083
1451290 1083
1451300 1084
1451310 1090
1451320 1090
1451330 1097
1451340 1106
1451350 1106
1451360 1111
1451370 1110
1451380 1110
1451390 1109
1451400 1108
1451410 1107
1451420 1107
1451430 1102
1451440 1097
1451450 1097
1451460 1095
1451470 1094
1451480 1094
1451490 1095
1451500 1094
1451510 1094
1451520 1093
1451530 1090
1451540 1090
1451550 1088
1451560 1087
1451570 1087
1451580 1086
1451590 1086
1451600 1087
1451610 1087
1451620 1088
1451630 1087
1451640 1087
1451650 1086
1451660 1086
1451670 1086
1451680 1086
1451690 1085
1451700 1085
1451710 1085
1451720 1086
1451730 1086
1451740 1086
1451750 1086
1451760 1086
1451770 1086
1451780 1087
1451790 1087
1451800 1087
1451810 1086
1451820 1082
1451830 1082
1451840 1080
1451850 1078
1451860 1078
1451870 1075
1451880 1071
1451890 1071
1451900 1069
1451910 1068
1451920 1068
1451930 1066
1451940 1063
1451950 1063
1451960 1060
1451970 1059
1451980 1059
1451990 1059
1452000 1059
1452010 1063
1452020 1063
1452030 1067
1452040 1063
1452050 1063
1452060 1062
1452070 1070
1452080 1070
1452090 1076
1452100 1078
1452110 1078
1452120 1082
1452130 1081
1452140 1081
1452150 1069
1452160 1068
1452170 1068
1452180 1068
1452190 1072
1452200 1076
1452210 1076
1452220 1083
1452230 1093
1452240 1093
1452250 1107
1452260 1119
1452270 1119
1452280 1126
1452290 1126
1452300 1126
1452310 1124
1452320 1122
1452330 1122
1452340 1121
1452350 1118
1452360 1116
1452370 1116
1452380 1113
1452390 1108
1452400 1108
1452410 1103
1452420 1099
1452430 1099
1452440 1094
1452450 1090
1452460 1090
1452470 1086
1452480 1082
1452490 1082
1452500 1077
1452510 1073
1452520 1073
1452530 1068
1452540 1058
1452550 1053
1452560 1053
1452570 1048
1452580 1042
1452590 1042
1452600 1036
1452610 1030
1452620 1030
1452630 1024
1452640 1020
1452650 1020
1452660 1015
1452670 1012
1452680 1012
1452690 1009
1452700 1008
1452710 1008
1452720 1004
1452730 1000
1452740 996
1452750 996
1452760 990
1452770 985
1452780 985
1452790 978
1452800 973
1452810 973
1452820 966
1452830 960
1452840 960
1452850 956
1452860 951
1452870 951
1452880 946
1452890 942
1452900 942
1452910 939
1452920 937
1452930 934
1452940 934
1452950 930
1452960 927
1452970 927
1452980 922
1452990 916
1453000 916
1453010 913
1453020 910
1453030 910
1453040 907
1453050 904
1453060 904
1453070 901
1453080 898
1453090 894
1453100 894
1453110 890
1453120 887
1453130 887
1453140 885
1453150 882
1453160 882
1453170 879
1453180 876
1453190 876
1453200 873
1453210 871
1453220 871
1453230 867
1453240 862
1453250 862
1453260 856
1453270 852
1453280 848
1453290 848
1453300 846
1453310 844
1453320 844
1453330 842
1453340 840
1453350 840
1453360 838
1453370 837
1453380 837
1453390 832
1453400 827
1453410 827
1453420 825
1453430 824
1453440 824
1453450 820
1453460 816
1453470 810
1453480 810
1453490 803
1453500 794
1453510 794
1453520 788
1453530 781
1453540 781
1453550 773
1453560 764
1453570 764
1453580 760
1453590 759
1453600 759
1453610 758
1453620 757
1453630 757
1453640 758
1453650 759
1453660 759
1453670 759
1453680 759
1453690 759
1453700 759
1453710 759
1453720 759
1453730 759
1453740 759
1453750 759
1453760 759
1453770 759
1453780 759
1453790 759
1453800 759
1453810 759
1453820 759
1453830 759
1453840 759
1453850 760
1453860 760
1453870 760
1453880 759
1453890 759
1453900 759
1453910 759
1453920 759
1453930 759
1453940 759
1453950 759
1453960 759
1453970 759
1453980 759
1453990 759
1454000 759
1454010 759
1454020 759
1454030 759
1454040 759
1454050 759
1454060 759
1454070 760
1454080 760
1454090 760
1454100 760
1454110 760
1454120 761
1454130 761
1454140 761
1454150 761
1454160 761
1454170 761
1454180 762
1454190 763
1454200 763
1454210 763
1454220 765
1454230 767
1454240 767
1454250 771
1454260 776
1454270 776
1454280 784
1454290 792
1454300 792
1454310 799
1454320 807
1454330 807
1454340 814
1454350 819
1454360 819
1454370 825
1454380 830
1454390 830
1454400 837
1454410 842
1454420 848
1454430 848
1454440 854
1454450 860
1454460 860
1454470 868
1454480 875
1454490 875
1454500 881
1454510 886
1454520 886
1454530 890
1454540 894
1454550 894
1454560 897
1454570 899
1454580 899
1454590 903
1454600 905
1454610 906
1454620 906
1454630 908
1454640 911
1454650 911
1454660 910
1454670 908
1454680 908
1454690 910
1454700 915
1454710 915
1454720 918
1454730 921
1454740 921
1454750 920
1454760 921
1454770 921
1454780 925
1454790 926
1454800 921
1454810 921
1454820 911
1454830 901
1454840 901
1454850 892
1454860 882
1454870 882
1454880 875
1454890 869
1454900 869
1454910 861
1454920 857
1454930 857
1454940 856
1454950 853
1454960 853
1454970 849
1454980 846
1454990 848
1455000 848
1455010 851
1455020 851
1455030 851
1455040 850
1455050 839
1455060 839
1455070 833
1455080 831
1455090 831
1455100 830
1455110 834
1455120 834
1455130 831
1455140 827
1455150 827
1455160 828
1455170 829
1455180 833
1455190 833
1455200 841
1455210 850
1455220 850
1455230 861
1455240 872
1455250 872
1455260 886
1455270 898
1455280 898
1455290 907
1455300 918
1455310 918
1455320 938
1455330 956
1455340 956
1455350 968
1455360 978
1455370 984
1455380 984
1455390 990
1455400 996
1455410 996
1455420 1003
1455430 1009
1455440 1009
1455450 1014
1455460 1020
1455470 1020
1455480 1025
1455490 1029
1455500 1029
1455510 1035
1455520 1042
1455530 1042
1455540 1050
1455550 1059
1455560 1068
1455570 1068
1455580 1077
1455590 1087
1455600 1087
1455610 1097
1455620 1107
1455630 1107
1455640 1114
1455650 1123
1455660 1123
1455670 1131
1455680 1137
1455690 1137
1455700 1143
1455710 1148
1455720 1148
1455730 1152
1455740 1155
1455750 1158
1455760 1158
1455770 1161
1455780 1164
1455790 1164
1455800 1167
1455810 1170
1455820 1170
1455830 1174
1455840 1176
1455850 1176
1455860 1181
1455870 1188
1455880 1188
1455890 1194
1455900 1200
1455910 1200
1455920 1207
1455930 1214
1455940 1219
1455950 1219
1455960 1222
1455970 1225
1455980 1225
1455990 1229
1456000 1233
1456010 1233
1456020 1237
1456030 1242
1456040 1242
1456050 1246
1456060 1249
1456070 1249
1456080 1253
1456090 1257
1456100 1257
1456110 1261
1456120 1265
1456130 1268
1456140 1268
1456150 1271
1456160 1274
1456170 1274
1456180 1276
1456190 1279
1456200 1279
1456210 1280
1456220 1281
1456230 1281
1456240 1283
1456250 1286
1456260 1286
1456270 1292
1456280 1300
1456290 1300
1456300 1310
1456310 1322
1456320 1337
1456330 1337
1456340 1349
1456350 1357
1456360 1357
1456370 1362
1456380 1366
1456390 1366
1456400 1371
1456410 1375
1456420 1375
1456430 1380
1456440 1382
1456450 1382
1456460 1383
1456470 1382
1456480 1388
1456490 1388
1456500 1398
1456510 1403
1456520 1403
1456530 1407
1456540 1411
1456550 1411
1456560 1415
1456570 1416
1456580 1416
1456590 1416
1456600 1418
1456610 1418
1456620 1422
1456630 1425
1456640 1425
1456650 1428
1456660 1430
1456670 1431
1456680 1431
1456690 1434
1456700 1436
1456710 1436
1456720 1439
1456730 1442
1456740 1442
1456750 1446
1456760 1456
1456770 1456
1456780 1459
1456790 1461
1456800 1461
1456810 1463
1456820 1469
1456830 1469
1456840 1475
1456850 1480
1456860 1484
1456870 1484
1456880 1491
1456890 1498
1456900 1498
1456910 1504
1456920 1507
1456930 1507
1456940 1511
1456950 1514
1456960 1514
1456970 1516
1456980 1516
1456990 1516
1457000 1516
1457010 1521
1457020 1521
1457030 1527
1457040 1531
1457050 1534
1457060 1534
1457070 1537
1457080 1541
1457090 1541
1457100 1542
1457110 1544
1457120 1544
1457130 1549
1457140 1550
1457150 1550
1457160 1549
1457170 1551
1457180 1551
1457190 1558
1457200 1562
1457210 1562
1457220 1564
1457230 1569
1457240 1577
1457250 1577
1457260 1585
1457270 1593
1457280 1593
1457290 1600
1457300 1606
1457310 1606
1457320 1611
1457330 1615
1457340 1615
1457350 1618
1457360 1621
1457370 1621
1457380 1624
1457390 1627
1457400 1627
1457410 1631
1457420 1635
1457430 1637
1457440 1637
1457450 1636
1457460 1637
1457470 1637
1457480 1638
1457490 1636
1457500 1636
1457510 1631
1457520 1641
1457530 1641
1457540 1655
1457550 1664
1457560 1664
1457570 1671
1457580 1679
1457590 1679
1457600 1685
1457610 1689
1457620 1692
1457630 1692
1457640 1691
1457650 1688
1457660 1688
1457670 1692
1457680 1697
1457690 1697
1457700 1705
1457710 1711
1457720 1711
1457730 1716
1457740 1716
1457750 1716
1457760 1721
1457770 1730
1457780 1730
1457790 1734
1457800 1736
1457810 1741
1457820 1741
1457830 1743
1457840 1746
1457850 1746
1457860 1751
1457870 1757
1457880 1757
1457890 1761
1457900 1764
1457910 1764
1457920 1765
1457930 1771
1457940 1771
1457950 1786
1457960 1795
1457970 1795
1457980 1805
1457990 1820
1458000 1830
1458010 1830
1458020 1836
1458030 1842
1458040 1842
1458050 1847
1458060 1851
1458070 1851
1458080 1853
1458090 1855
1458100 1855
1458110 1858
1458120 1864
1458130 1864
1458140 1870
1458150 1877
1458160 1877
1458170 1885
1458180 1894
1458190 1903
1458200 1903
1458210 1913
1458220 1922
1458230 1922
1458240 1931
1458250 1939
1458260 1939
1458270 1947
1458280 1954
1458290 1954
1458300 1963
1458310 1974
1458320 1974
1458330 1982
1458340 1987
1458350 1987
1458360 1991
1458370 1991
1458380 1994
1458390 1994
1458400 2001
1458410 2010
1458420 2010
1458430 2016
1458440 2022
1458450 2022
1458460 2030
1458470 2038
1458480 2038
1458490 2046
1458500 2054
1458510 2054
1458520 2062
1458530 2071
1458540 2071
1458550 2079
1458560 2086
1458570 2093
1458580 2093
1458590 2099
1458600 2108
1458610 2108
1458620 2116
1458630 2126
1458640 2126
1458650 2137
1458660 2144
1458670 2144
1458680 2149
1458690 2155
1458700 2155
1458710 2162
1458720 2169
1458730 2169
1458740 2176
1458750 2185
1458760 2194
1458770 2194
1458780 2203
1458790 2212
1458800 2212
1458810 2222
1458820 2232
1458830 2232
1458840 2242
1458850 2251
1458860 2251
1458870 2258
1458880 2265
1458890 2265
1458900 2274
1458910 2279
1458920 2279
1458930 2287
1458940 2299
1458950 2311
1458960 2311
1458970 2316
1458980 2321
1458990 2321
1459000 2329
1459010 2340
1459020 2340
1459030 2354
1459040 2366
1459050 2366
1459060 2372
1459070 2378
1459080 2378
1459090 2374
1459100 2368
1459110 2368
1459120 2360
1459130 2352
1459140 2345
1459150 2345
1459160 2338
1459170 2332
1459180 2332
1459190 2330
1459200 2328
1459210 2328
1459220 2322
1459230 2314
1459240 2314
1459250 2310
1459260 2310
1459270 2310
1459280 2312
1459290 2312
1459300 2312
1459310 2312
1459320 2310
1459330 2307
1459340 2307
1459350 2305
1459360 2300
1459370 2300
1459380 2296
1459390 2291
1459400 2291
1459410 2286
1459420 2282
1459430 2282
1459440 2277
1459450 2271
1459460 2271
1459470 2267
1459480 2263
1459490 2263
1459500 2258
1459510 2252
1459520 2246
1459530 2246
1459540 2240
1459550 2234
1459560 2234
1459570 2228
1459580 2223
1459590 2223
1459600 2218
1459610 2213
1459620 2213
1459630 2208
1459640 2203
1459650 2203
1459660 2196
1459670 2190
1459680 2182
1459690 2182
1459700 2173
1459710 2166
1459720 2166
1459730 2159
1459740 2152
1459750 2152
1459760 2146
1459770 2140
1459780 2140
1459790 2133
1459800 2128
1459810 2128
1459820 2123
1459830 2120
1459840 2120
1459850 2116
1459860 2110
1459870 2104
1459880 2104
1459890 2099
1459900 2093
1459910 2093
1459920 2085
1459930 2077
1459940 2077
1459950 2069
1459960 2061
1459970 2061
1459980 2054
1459990 2046
