1440000 2031
1440010 2037
1440020 2037
1440030 2043
1440040 2050
1440050 2050
1440060 2058
1440070 2065
1440080 2065
1440090 2072
1440100 2078
1440110 2084
1440120 2084
1440130 2089
1440140 2093
1440150 2093
1440160 2098
1440170 2102
1440180 2102
1440190 2108
1440200 2114
1440210 2114
1440220 2121
1440230 2126
1440240 2126
1440250 2132
1440260 2139
1440270 2139
1440280 2145
1440290 2152
1440300 2159
1440310 2159
1440320 2165
1440330 2171
1440340 2171
1440350 2175
1440360 2182
1440370 2182
1440380 2191
1440390 2199
1440400 2199
1440410 2206
1440420 2212
1440430 2212
1440440 2218
1440450 2224
1440460 2224
1440470 2229
1440480 2234
1440490 2239
1440500 2239
1440510 2246
1440520 2254
1440530 2254
1440540 2259
1440550 2264
1440560 2264
1440570 2269
1440580 2274
1440590 2274
1440600 2278
1440610 2283
1440620 2283
1440630 2288
1440640 2292
1440650 2292
1440660 2295
1440670 2297
1440680 2302
1440690 2302
1440700 2306
1440710 2311
1440720 2311
1440730 2315
1440740 2319
1440750 2319
1440760 2323
1440770 2328
1440780 2328
1440790 2331
1440800 2334
1440810 2334
1440820 2337
1440830 2341
1440840 2341
1440850 2344
1440860 2348
1440870 2351
1440880 2351
1440890 2354
1440900 2358
1440910 2358
1440920 2361
1440930 2365
1440940 2365
1440950 2363
1440960 2366
1440970 2366
1440980 2368
1440990 2369
1441000 2369
1441010 2370
1441020 2372
1441030 2372
1441040 2375
1441050 2378
1441060 2378
1441070 2378
1441080 2379
1441090 2383
1441100 2383
1441110 2385
1441120 2387
1441130 2387
1441140 2388
1441150 2386
1441160 2386
1441170 2384
1441180 2384
1441190 2384
1441200 2382
1441210 2384
1441220 2384
1441230 2388
1441240 2391
1441250 2389
1441260 2389
1441270 2382
1441280 2373
1441290 2373
1441300 2363
1441310 2353
1441320 2353
1441330 2350
1441340 2351
1441350 2351
1441360 2351
1441370 2352
1441380 2352
1441390 2347
1441400 2339
1441410 2339
1441420 2335
1441430 2334
1441440 2331
1441450 2331
1441460 2325
1441470 2319
1441480 2319
1441490 2316
1441500 2310
1441510 2310
1441520 2306
1441530 2303
1441540 2303
1441550 2302
1441560 2298
1441570 2298
1441580 2297
1441590 2294
1441600 2290
1441610 2290
1441620 2286
1441630 2282
1441640 2282
1441650 2280
1441660 2276
1441670 2276
1441680 2271
1441690 2267
1441700 2267
1441710 2266
1441720 2264
1441730 2264
1441740 2261
1441750 2259
1441760 2259
1441770 2258
1441780 2260
1441790 2263
1441800 2263
1441810 2267
1441820 2270
1441830 2270
1441840 2271
1441850 2273
1441860 2273
1441870 2273
1441880 2274
1441890 2274
1441900 2277
1441910 2278
1441920 2278
1441930 2275
1441940 2270
1441950 2270
1441960 2263
1441970 2255
1441980 2252
1441990 2252
1442000 2248
1442010 2245
1442020 2245
1442030 2239
1442040 2229
1442050 2229
1442060 2229
1442070 2235
1442080 2235
1442090 2243
1442100 2256
1442110 2256
1442120 2270
1442130 2281
1442140 2281
1442150 2302
1442160 2317
1442170 2321
1442180 2321
1442190 2316
1442200 2305
1442210 2305
1442220 2296
1442230 2285
1442240 2285
1442250 2279
1442260 2274
1442270 2274
1442280 2265
1442290 2256
1442300 2256
1442310 2253
1442320 2247
1442330 2247
1442340 2243
1442350 2241
1442360 2239
1442370 2239
1442380 2236
1442390 2234
1442400 2234
1442410 2234
1442420 2234
1442430 2234
1442440 2234
1442450 2233
1442460 2233
1442470 2234
1442480 2235
1442490 2235
1442500 2240
1442510 2249
1442520 2249
1442530 2256
1442540 2261
1442550 2267
1442560 2267
1442570 2266
1442580 2269
1442590 2269
1442600 2273
1442610 2275
1442620 2275
1442630 2279
1442640 2283
1442650 2283
1442660 2285
1442670 2285
1442680 2285
1442690 2284
1442700 2284
1442710 2284
1442720 2288
1442730 2292
1442740 2297
1442750 2297
1442760 2301
1442770 2305
1442780 2305
1442790 2308
1442800 2309
1442810 2309
1442820 2312
1442830 2316
1442840 2316
1442850 2320
1442860 2324
1442870 2324
1442880 2328
1442890 2331
1442900 2331
1442910 2337
1442920 2344
1442930 2352
1442940 2352
1442950 2359
1442960 2365
1442970 2365
1442980 2373
1442990 2381
1443000 2381
1443010 2387
1443020 2393
1443030 2393
1443040 2398
1443050 2404
1443060 2404
1443070 2411
1443080 2419
1443090 2419
1443100 2431
1443110 2443
1443120 2446
1443130 2446
1443140 2440
1443150 2435
1443160 2435
1443170 2431
1443180 2429
1443190 2429
1443200 2429
1443210 2429
1443220 2429
1443230 2426
1443240 2421
1443250 2421
1443260 2417
1443270 2414
1443280 2414
1443290 2410
1443300 2403
1443310 2399
1443320 2399
1443330 2399
1443340 2401
1443350 2401
1443360 2402
1443370 2403
1443380 2403
1443390 2403
1443400 2406
1443410 2406
1443420 2408
1443430 2408
1443440 2408
1443450 2415
1443460 2418
1443470 2418
1443480 2415
1443490 2409
1443500 2405
1443510 2405
1443520 2404
1443530 2404
1443540 2404
1443550 2404
1443560 2402
1443570 2402
1443580 2397
1443590 2392
1443600 2392
1443610 2389
1443620 2386
1443630 2386
1443640 2383
1443650 2381
1443660 2381
1443670 2380
1443680 2383
1443690 2387
1443700 2387
1443710 2390
1443720 2395
1443730 2395
1443740 2400
1443750 2405
1443760 2405
1443770 2409
1443780 2415
1443790 2415
1443800 2422
1443810 2428
1443820 2428
1443830 2434
1443840 2450
1443850 2450
1443860 2482
1443870 2502
1443880 2511
1443890 2511
1443900 2509
1443910 2504
1443920 2504
1443930 2504
1443940 2510
1443950 2505
1443960 2502
1443970 2497
1443980 2497
1443990 2490
1444000 2483
1444010 2483
1444020 2478
1444030 2475
1444040 2475
1444050 2474
1444060 2473
1444070 2469
1444080 2469
1444090 2467
1444100 2467
1444110 2467
1444120 2465
1444130 2461
1444140 2461
1444150 2456
1444160 2450
1444170 2450
1444180 2443
1444190 2435
1444200 2435
1444210 2430
1444220 2426
1444230 2426
1444240 2420
1444250 2413
1444260 2406
1444270 2406
1444280 2400
1444290 2395
1444300 2395
1444310 2391
1444320 2386
1444330 2386
1444340 2381
1444350 2376
1444360 2376
1444370 2371
1444380 2365
1444390 2365
1444400 2359
1444410 2352
1444420 2352
1444430 2345
1444440 2340
1444450 2334
1444460 2334
1444470 2328
1444480 2322
1444490 2322
1444500 2316
1444510 2309
1444520 2309
1444530 2302
1444540 2295
1444550 2295
1444560 2289
1444570 2285
1444580 2285
1444590 2289
1444600 2288
1444610 2288
1444620 2273
1444630 2266
1444640 2272
1444650 2272
1444660 2272
1444670 2267
1444680 2267
1444690 2261
1444700 2254
1444710 2254
1444720 2248
1444730 2243
1444740 2243
1444750 2235
1444760 2228
1444770 2228
1444780 2215
1444790 2201
1444800 2201
1444810 2190
1444820 2180
1444830 2173
1444840 2173
1444850 2167
1444860 2162
1444870 2162
1444880 2156
1444890 2150
1444900 2150
1444910 2147
1444920 2145
1444930 2145
1444940 2144
1444950 2146
1444960 2146
1444970 2147
1444980 2148
1444990 2148
1445000 2150
1445010 2146
1445020 2141
1445030 2141
1445040 2138
1445050 2135
1445060 2135
1445070 2135
1445080 2133
1445090 2133
1445100 2132
1445110 2129
1445120 2129
1445130 2126
1445140 2125
1445150 2125
1445160 2124
1445170 2123
1445180 2123
1445190 2123
1445200 2122
1445210 2120
1445220 2120
1445230 2118
1445240 2115
1445250 2115
1445260 2116
1445270 2119
1445280 2119
1445290 2122
1445300 2122
1445310 2122
1445320 2120
1445330 2120
1445340 2120
1445350 2119
1445360 2118
1445370 2118
1445380 2117
1445390 2115
1445400 2111
1445410 2111
1445420 2107
1445430 2104
1445440 2104
1445450 2101
1445460 2098
1445470 2098
1445480 2094
1445490 2089
1445500 2089
1445510 2083
1445520 2082
1445530 2082
1445540 2082
1445550 2081
1445560 2081
1445570 2083
1445580 2082
1445590 2085
1445600 2085
1445610 2084
1445620 2083
1445630 2083
1445640 2083
1445650 2083
1445660 2083
1445670 2082
1445680 2081
1445690 2081
1445700 2081
1445710 2082
1445720 2082
1445730 2084
1445740 2086
1445750 2086
1445760 2087
1445770 2088
1445780 2090
1445790 2090
1445800 2095
1445810 2096
1445820 2096
1445830 2094
1445840 2091
1445850 2091
1445860 2087
1445870 2083
1445880 2083
1445890 2080
1445900 2077
1445910 2077
1445920 2073
1445930 2069
1445940 2069
1445950 2065
1445960 2061
1445970 2058
1445980 2058
1445990 2054
1446000 2049
1446010 2049
1446020 2044
1446030 2039
1446040 2039
1446050 2032
1446060 2025
1446070 2025
1446080 2016
1446090 2008
1446100 2008
1446110 2000
1446120 1993
1446130 1993
1446140 1985
1446150 1976
1446160 1966
1446170 1966
1446180 1960
1446190 1956
1446200 1956
1446210 1953
1446220 1952
1446230 1952
1446240 1951
1446250 1949
1446260 1949
1446270 1945
1446280 1941
1446290 1941
1446300 1937
1446310 1933
1446320 1933
1446330 1930
1446340 1925
1446350 1920
1446360 1920
1446370 1912
1446380 1904
1446390 1904
1446400 1899
1446410 1895
1446420 1895
1446430 1893
1446440 1891
1446450 1891
1446460 1889
1446470 1888
1446480 1888
1446490 1885
1446500 1882
1446510 1882
1446520 1881
1446530 1880
1446540 1879
1446550 1879
1446560 1876
1446570 1872
1446580 1872
1446590 1869
1446600 1866
1446610 1866
1446620 1863
1446630 1860
1446640 1860
1446650 1857
1446660 1854
1446670 1854
1446680 1852
1446690 1850
1446700 1850
1446710 1847
1446720 1844
1446730 1839
1446740 1839
1446750 1834
1446760 1828
1446770 1828
1446780 1823
1446790 1821
1446800 1821
1446810 1821
1446820 1820
1446830 1820
1446840 1817
1446850 1816
1446860 1816
1446870 1819
1446880 1821
1446890 1821
1446900 1821
1446910 1819
1446920 1818
1446930 1818
1446940 1818
1446950 1818
1446960 1818
1446970 1818
1446980 1819
1446990 1819
1447000 1819
1447010 1822
1447020 1822
1447030 1825
1447040 1824
1447050 1824
1447060 1821
1447070 1820
1447080 1820
1447090 1818
1447100 1820
1447110 1825
1447120 1825
1447130 1830
1447140 1833
1447150 1833
1447160 1835
1447170 1838
1447180 1838
1447190 1840
1447200 1839
1447210 1839
1447220 1843
1447230 1846
1447240 1846
1447250 1848
1447260 1850
1447270 1850
1447280 1852
1447290 1855
1447300 1858
1447310 1858
1447320 1860
1447330 1862
1447340 1862
1447350 1863
1447360 1863
1447370 1863
1447380 1862
1447390 1855
1447400 1855
1447410 1847
1447420 1842
1447430 1842
1447440 1842
1447450 1841
1447460 1841
1447470 1840
1447480 1841
1447490 1842
1447500 1842
1447510 1843
1447520 1844
1447530 1844
1447540 1844
1447550 1847
1447560 1847
1447570 1848
1447580 1847
1447590 1847
1447600 1847
1447610 1846
1447620 1846
1447630 1845
1447640 1843
1447650 1843
1447660 1838
1447670 1827
1447680 1815
1447690 1815
1447700 1809
1447710 1803
1447720 1803
1447730 1796
1447740 1790
1447750 1790
1447760 1786
1447770 1782
1447780 1782
1447790 1779
1447800 1776
1447810 1776
1447820 1773
1447830 1769
1447840 1769
1447850 1766
1447860 1763
1447870 1758
1447880 1758
1447890 1752
1447900 1745
1447910 1745
1447920 1738
1447930 1732
1447940 1732
1447950 1726
1447960 1721
1447970 1721
1447980 1716
1447990 1711
1448000 1711
1448010 1707
1448020 1705
1448030 1705
1448040 1702
1448050 1700
1448060 1693
1448070 1693
1448080 1686
1448090 1679
1448100 1679
1448110 1670
1448120 1661
1448130 1661
1448140 1654
1448150 1658
1448160 1658
1448170 1664
1448180 1668
1448190 1668
1448200 1673
1448210 1677
1448220 1678
1448230 1678
1448240 1679
1448250 1678
1448260 1678
1448270 1678
1448280 1679
1448290 1679
1448300 1681
1448310 1683
1448320 1683
1448330 1684
1448340 1684
1448350 1684
1448360 1683
1448370 1680
1448380 1680
1448390 1676
1448400 1673
1448410 1669
1448420 1669
1448430 1665
1448440 1661
1448450 1661
1448460 1657
1448470 1655
1448480 1655
1448490 1651
1448500 1647
1448510 1647
1448520 1645
1448530 1642
1448540 1642
1448550 1639
1448560 1635
1448570 1635
1448580 1630
1448590 1626
1448600 1621
1448610 1621
1448620 1616
1448630 1610
1448640 1610
1448650 1605
1448660 1600
1448670 1600
1448680 1595
1448690 1590
1448700 1590
1448710 1586
1448720 1581
1448730 1581
1448740 1576
1448750 1571
1448760 1571
1448770 1567
1448780 1562
1448790 1557
1448800 1557
1448810 1552
1448820 1548
1448830 1548
1448840 1542
1448850 1537
1448860 1537
1448870 1532
1448880 1527
1448890 1527
1448900 1523
1448910 1519
1448920 1519
1448930 1514
1448940 1511
1448950 1511
1448960 1507
1448970 1503
1448980 1500
1448990 1500
1449000 1497
1449010 1493
1449020 1493
1449030 1490
1449040 1488
1449050 1488
1449060 1484
1449070 1480
1449080 1480
1449090 1476
1449100 1472
1449110 1472
1449120 1468
1449130 1464
1449140 1464
1449150 1460
1449160 1455
1449170 1451
1449180 1451
1449190 1447
1449200 1444
1449210 1444
1449220 1440
1449230 1435
1449240 1435
1449250 1430
1449260 1423
1449270 1423
1449280 1417
1449290 1412
1449300 1412
1449310 1406
1449320 1400
1449330 1400
1449340 1394
1449350 1387
1449360 1379
1449370 1379
1449380 1377
1449390 1380
1449400 1380
1449410 1378
1449420 1370
1449430 1370
1449440 1362
1449450 1357
1449460 1357
1449470 1359
1449480 1360
1449490 1360
1449500 1352
1449510 1341
1449520 1341
1449530 1336
1449540 1336
1449550 1341
1449560 1341
1449570 1345
1449580 1351
1449590 1351
1449600 1357
1449610 1362
1449620 1362
1449630 1367
1449640 1372
1449650 1372
1449660 1377
1449670 1380
1449680 1380
1449690 1383
1449700 1387
1449710 1387
1449720 1388
1449730 1388
1449740 1387
1449750 1387
1449760 1384
1449770 1381
1449780 1381
1449790 1380
1449800 1381
1449810 1381
1449820 1381
1449830 1381
1449840 1381
1449850 1380
1449860 1379
1449870 1379
1449880 1378
1449890 1379
1449900 1379
1449910 1381
1449920 1382
1449930 1383
1449940 1383
1449950 1384
1449960 1385
1449970 1385
1449980 1386
1449990 1388
1450000 1388
1450010 1389
1450020 1390
1450030 1390
1450040 1392
1450050 1394
1450060 1394
1450070 1396
1450080 1400
1450090 1400
1450100 1404
1450110 1408
1450120 1413
1450130 1413
1450140 1419
1450150 1424
1450160 1424
1450170 1429
1450180 1433
1450190 1433
1450200 1436
1450210 1440
1450220 1440
1450230 1446
1450240 1454
1450250 1454
1450260 1461
1450270 1468
1450280 1468
1450290 1473
1450300 1477
1450310 1480
1450320 1480
1450330 1483
1450340 1486
1450350 1486
1450360 1491
1450370 1493
1450380 1493
1450390 1495
1450400 1497
1450410 1497
1450420 1499
1450430 1501
1450440 1501
1450450 1503
1450460 1505
1450470 1505
1450480 1507
1450490 1508
1450500 1509
1450510 1509
1450520 1510
1450530 1509
1450540 1509
1450550 1510
1450560 1511
1450570 1511
1450580 1512
1450590 1513
1450600 1513
1450610 1515
1450620 1516
1450630 1516
1450640 1517
1450650 1518
1450660 1518
1450670 1519
1450680 1519
1450690 1520
1450700 1520
1450710 1520
1450720 1521
1450730 1521
1450740 1521
1450750 1521
1450760 1516
1450770 1516
1450780 1516
1450790 1516
1450800 1516
1450810 1517
1450820 1517
1450830 1517
1450840 1518
1450850 1518
1450860 1519
1450870 1519
1450880 1520
1450890 1520
1450900 1520
1450910 1520
1450920 1520
1450930 1520
1450940 1520
1450950 1520
1450960 1519
1450970 1518
1450980 1518
1450990 1517
1451000 1516
1451010 1516
1451020 1514
1451030 1512
1451040 1512
1451050 1510
1451060 1510
1451070 1509
1451080 1509
1451090 1508
1451100 1506
1451110 1506
1451120 1504
1451130 1501
1451140 1501
1451150 1497
1451160 1494
1451170 1494
1451180 1490
1451190 1489
1451200 1489
1451210 1489
1451220 1487
1451230 1487
1451240 1485
1451250 1483
1451260 1481
1451270 1481
1451280 1479
1451290 1478
1451300 1478
1451310 1478
1451320 1478
1451330 1478
1451340 1478
1451350 1479
1451360 1479
1451370 1479
1451380 1479
1451390 1479
1451400 1480
1451410 1480
1451420 1480
1451430 1480
1451440 1480
1451450 1480
1451460 1480
1451470 1480
1451480 1482
1451490 1482
1451500 1483
1451510 1484
1451520 1484
1451530 1485
1451540 1484
1451550 1484
1451560 1484
1451570 1485
1451580 1485
1451590 1487
1451600 1488
1451610 1488
1451620 1489
1451630 1489
1451640 1490
1451650 1490
1451660 1491
1451670 1491
1451680 1491
1451690 1491
1451700 1488
1451710 1488
1451720 1482
1451730 1476
1451740 1476
1451750 1470
1451760 1465
1451770 1465
1451780 1464
1451790 1462
1451800 1462
1451810 1458
1451820 1453
1451830 1447
1451840 1447
1451850 1444
1451860 1444
1451870 1444
1451880 1443
1451890 1441
1451900 1441
1451910 1440
1451920 1438
1451930 1438
1451940 1434
1451950 1429
1451960 1429
1451970 1425
1451980 1421
1451990 1421
1452000 1417
1452010 1414
1452020 1412
1452030 1412
1452040 1411
1452050 1408
1452060 1408
1452070 1404
1452080 1401
1452090 1401
1452100 1398
1452110 1395
1452120 1395
1452130 1391
1452140 1388
1452150 1388
1452160 1385
1452170 1382
1452180 1382
1452190 1379
1452200 1375
1452210 1369
1452220 1369
1452230 1362
1452240 1357
1452250 1357
1452260 1351
1452270 1344
1452280 1344
1452290 1337
1452300 1331
1452310 1331
1452320 1327
1452330 1326
1452340 1326
1452350 1325
1452360 1321
1452370 1321
1452380 1316
1452390 1310
1452400 1303
1452410 1303
1452420 1294
1452430 1286
1452440 1286
1452450 1280
1452460 1276
1452470 1276
1452480 1273
1452490 1271
1452500 1271
1452510 1270
1452520 1270
1452530 1270
1452540 1266
1452550 1263
1452560 1263
1452570 1260
1452580 1256
1452590 1253
1452600 1253
1452610 1249
1452620 1243
1452630 1243
1452640 1236
1452650 1231
1452660 1231
1452670 1226
1452680 1222
1452690 1222
1452700 1218
1452710 1215
1452720 1215
1452730 1213
1452740 1210
1452750 1210
1452760 1206
1452770 1199
1452780 1193
1452790 1193
1452800 1187
1452810 1182
1452820 1182
1452830 1176
1452840 1172
1452850 1172
1452860 1168
1452870 1164
1452880 1164
1452890 1161
1452900 1156
1452910 1156
1452920 1151
1452930 1146
1452940 1146
1452950 1141
1452960 1137
1452970 1127
1452980 1127
1452990 1118
1453000 1111
1453010 1111
1453020 1105
1453030 1099
1453040 1099
1453050 1094
1453060 1088
1453070 1088
1453080 1081
1453090 1074
1453100 1074
1453110 1066
1453120 1059
1453130 1059
1453140 1054
1453150 1047
1453160 1040
1453170 1040
1453180 1035
1453190 1030
1453200 1030
1453210 1026
1453220 1021
1453230 1021
1453240 1017
1453250 1010
1453260 1010
1453270 1002
1453280 996
1453290 996
1453300 991
1453310 986
1453320 986
1453330 983
1453340 981
1453350 977
1453360 977
1453370 973
1453380 969
1453390 969
1453400 966
1453410 963
1453420 963
1453430 961
1453440 959
1453450 959
1453460 955
1453470 952
1453480 952
1453490 949
1453500 946
1453510 946
1453520 944
1453530 942
1453540 940
1453550 940
1453560 937
1453570 929
1453580 929
1453590 924
1453600 919
1453610 919
1453620 914
1453630 910
1453640 910
1453650 905
1453660 900
1453670 900
1453680 894
1453690 887
1453700 887
1453710 886
1453720 884
1453730 881
1453740 881
1453750 877
1453760 874
1453770 874
1453780 869
1453790 863
1453800 863
1453810 855
1453820 849
1453830 849
1453840 842
1453850 836
1453860 836
1453870 830
1453880 823
1453890 823
1453900 818
1453910 813
1453920 808
1453930 808
1453940 803
1453950 799
1453960 799
1453970 795
1453980 792
1453990 792
1454000 788
1454010 784
1454020 784
1454030 781
1454040 778
1454050 778
1454060 774
1454070 772
1454080 772
1454090 768
1454100 764
1454110 759
1454120 759
1454130 756
1454140 754
1454150 754
1454160 753
1454170 753
1454180 753
1454190 753
1454200 754
1454210 754
1454220 754
1454230 754
1454240 754
1454250 754
1454260 754
1454270 754
1454280 754
1454290 753
1454300 753
1454310 753
1454320 755
1454330 755
1454340 755
1454350 755
1454360 754
1454370 754
1454380 753
1454390 753
1454400 753
1454410 753
1454420 754
1454430 754
1454440 754
1454450 754
1454460 754
1454470 754
1454480 753
1454490 753
1454500 753
1454510 753
1454520 753
1454530 753
1454540 753
1454550 753
1454560 753
1454570 753
1454580 752
1454590 752
1454600 752
1454610 752
1454620 752
1454630 752
1454640 752
1454650 752
1454660 752
1454670 752
1454680 752
1454690 752
1454700 752
1454710 754
1454720 754
1454730 752
1454740 752
1454750 752
1454760 753
1454770 753
1454780 753
1454790 754
1454800 756
1454810 756
1454820 760
1454830 762
1454840 762
1454850 764
1454860 766
1454870 769
1454880 769
1454890 772
1454900 775
1454910 775
1454920 780
1454930 785
1454940 785
1454950 790
1454960 793
1454970 793
1454980 796
1454990 800
1455000 800
1455010 805
1455020 810
1455030 810
1455040 816
1455050 821
1455060 828
1455070 828
1455080 836
1455090 844
1455100 844
1455110 854
1455120 863
1455130 863
1455140 871
1455150 878
1455160 878
1455170 884
1455180 888
1455190 888
1455200 894
1455210 902
1455220 909
1455230 909
1455240 917
1455250 925
1455260 925
1455270 934
1455280 941
1455290 941
1455300 948
1455310 955
1455320 955
1455330 964
1455340 973
1455350 973
1455360 981
1455370 987
1455380 987
1455390 993
1455400 994
1455410 993
1455420 993
1455430 996
1455440 1003
1455450 1003
1455460 1013
1455470 1022
1455480 1022
1455490 1030
1455500 1040
1455510 1040
1455520 1050
1455530 1058
1455540 1058
1455550 1063
1455560 1067
1455570 1067
1455580 1073
1455590 1082
1455600 1095
1455610 1095
1455620 1116
1455630 1130
1455640 1130
1455650 1138
1455660 1142
1455670 1142
1455680 1144
1455690 1143
1455700 1143
1455710 1137
1455720 1140
1455730 1140
1455740 1147
1455750 1155
1455760 1155
1455770 1164
1455780 1173
1455790 1183
1455800 1183
1455810 1192
1455820 1198
1455830 1198
1455840 1203
1455850 1210
1455860 1210
1455870 1216
1455880 1225
1455890 1225
1455900 1234
1455910 1244
1455920 1244
1455930 1253
1455940 1259
1455950 1259
1455960 1264
1455970 1269
1455980 1275
1455990 1275
1456000 1280
1456010 1287
1456020 1287
1456030 1294
1456040 1300
1456050 1300
1456060 1307
1456070 1313
1456080 1313
1456090 1319
1456100 1329
1456110 1329
1456120 1338
1456130 1342
1456140 1342
1456150 1347
1456160 1358
1456170 1364
1456180 1364
1456190 1368
1456200 1371
1456210 1371
1456220 1376
1456230 1381
1456240 1381
1456250 1386
1456260 1390
1456270 1390
1456280 1396
1456290 1403
1456300 1403
1456310 1410
1456320 1415
1456330 1415
1456340 1418
1456350 1421
1456360 1423
1456370 1423
1456380 1426
1456390 1430
1456400 1430
1456410 1435
1456420 1440
1456430 1440
1456440 1443
1456450 1446
1456460 1446
1456470 1449
1456480 1452
1456490 1452
1456500 1455
1456510 1458
1456520 1458
1456530 1460
1456540 1464
1456550 1467
1456560 1467
1456570 1472
1456580 1477
1456590 1477
1456600 1481
1456610 1485
1456620 1485
1456630 1490
1456640 1494
1456650 1494
1456660 1498
1456670 1504
1456680 1504
1456690 1510
1456700 1516
1456710 1516
1456720 1524
1456730 1531
1456740 1537
1456750 1537
1456760 1543
1456770 1548
1456780 1548
1456790 1555
1456800 1562
1456810 1562
1456820 1567
1456830 1573
1456840 1573
1456850 1578
1456860 1583
1456870 1583
1456880 1587
1456890 1591
1456900 1591
1456910 1594
1456920 1600
1456930 1606
1456940 1606
1456950 1612
1456960 1616
1456970 1616
1456980 1621
1456990 1627
1457000 1627
1457010 1632
1457020 1634
1457030 1634
1457040 1637
1457050 1639
1457060 1639
1457070 1642
1457080 1645
1457090 1645
1457100 1648
1457110 1650
1457120 1652
1457130 1652
1457140 1655
1457150 1658
1457160 1658
1457170 1662
1457180 1666
1457190 1666
1457200 1671
1457210 1672
1457220 1672
1457230 1672
1457240 1673
1457250 1673
1457260 1672
1457270 1671
1457280 1671
1457290 1670
1457300 1673
1457310 1674
1457320 1674
1457330 1671
1457340 1668
1457350 1668
1457360 1667
1457370 1667
1457380 1667
1457390 1669
1457400 1673
1457410 1673
1457420 1680
1457430 1685
1457440 1685
1457450 1689
1457460 1693
1457470 1693
1457480 1696
1457490 1697
1457500 1698
1457510 1698
1457520 1701
1457530 1704
1457540 1704
1457550 1708
1457560 1710
1457570 1710
1457580 1709
1457590 1711
1457600 1711
1457610 1718
1457620 1724
1457630 1724
1457640 1725
1457650 1727
1457660 1727
1457670 1733
1457680 1741
1457690 1749
1457700 1749
1457710 1758
1457720 1766
1457730 1766
1457740 1774
1457750 1782
1457760 1782
1457770 1792
1457780 1800
1457790 1800
1457800 1809
1457810 1817
1457820 1817
1457830 1829
1457840 1842
1457850 1842
1457860 1852
1457870 1862
1457880 1872
1457890 1872
1457900 1881
1457910 1887
1457920 1887
1457930 1891
1457940 1896
1457950 1896
1457960 1902
1457970 1908
1457980 1908
1457990 1913
1458000 1919
1458010 1919
1458020 1925
1458030 1930
1458040 1930
1458050 1937
1458060 1943
1458070 1950
1458080 1950
1458090 1955
1458100 1958
1458110 1958
1458120 1963
1458130 1968
1458140 1968
1458150 1973
1458160 1976
1458170 1976
1458180 1976
1458190 1974
1458200 1974
1458210 1970
1458220 1967
1458230 1967
1458240 1967
1458250 1968
1458260 1969
1458270 1969
1458280 1972
1458290 1973
1458300 1973
1458310 1975
1458320 1978
1458330 1978
1458340 1982
1458350 1986
1458360 1986
1458370 1989
1458380 1992
1458390 1992
1458400 1996
1458410 2001
1458420 2001
1458430 2006
1458440 2011
1458450 2016
1458460 2016
1458470 2021
1458480 2022
1458490 2022
1458500 2023
1458510 2025
1458520 2025
1458530 2027
1458540 2027
1458550 2027
1458560 2028
1458570 2032
1458580 2032
1458590 2038
1458600 2045
1458610 2045
1458620 2051
1458630 2056
1458640 2062
1458650 2062
1458660 2066
1458670 2070
1458680 2070
1458690 2074
1458700 2077
1458710 2077
1458720 2082
1458730 2088
1458740 2088
1458750 2093
1458760 2098
1458770 2098
1458780 2104
1458790 2109
1458800 2109
1458810 2113
1458820 2118
1458830 2122
1458840 2122
1458850 2127
1458860 2132
1458870 2132
1458880 2136
1458890 2141
1458900 2141
1458910 2147
1458920 2153
1458930 2153
1458940 2160
1458950 2166
1458960 2166
1458970 2171
1458980 2176
1458990 2176
1459000 2180
1459010 2185
1459020 2191
1459030 2191
1459040 2197
1459050 2202
1459060 2202
1459070 2207
1459080 2213
1459090 2213
1459100 2220
1459110 2227
1459120 2227
1459130 2235
1459140 2243
1459150 2243
1459160 2250
1459170 2257
1459180 2257
1459190 2266
1459200 2276
1459210 2286
1459220 2286
1459230 2298
1459240 2313
1459250 2313
1459260 2322
1459270 2330
1459280 2330
1459290 2339
1459300 2348
1459310 2343
1459320 2350
1459330 2358
1459340 2358
1459350 2367
1459360 2375
1459370 2375
1459380 2383
1459390 2390
1459400 2392
1459410 2392
1459420 2389
1459430 2384
1459440 2384
1459450 2380
1459460 2377
1459470 2377
1459480 2376
1459490 2377
1459500 2377
1459510 2371
1459520 2355
1459530 2355
1459540 2343
1459550 2337
1459560 2337
1459570 2330
1459580 2324
1459590 2319
1459600 2319
1459610 2314
1459620 2308
1459630 2308
1459640 2302
1459650 2296
1459660 2296
1459670 2290
1459680 2287
1459690 2287
1459700 2285
1459710 2282
1459720 2282
1459730 2275
1459740 2269
1459750 2269
1459760 2264
1459770 2259
1459780 2250
1459790 2250
1459800 2241
1459810 2234
1459820 2234
1459830 2227
1459840 2221
1459850 2221
1459860 2216
1459870 2210
1459880 2210
1459890 2204
1459900 2198
1459910 2198
1459920 2189
1459930 2181
1459940 2181
1459950 2174
1459960 2167
1459970 2160
1459980 2160
1459990 2154
