1440000 2030
1440010 2037
1440020 2037
1440030 2044
1440040 2049
1440050 2049
1440060 2056
1440070 2063
1440080 2063
1440090 2071
1440100 2080
1440110 2087
1440120 2087
1440130 2093
1440140 2097
1440150 2097
1440160 2101
1440170 2105
1440180 2105
1440190 2110
1440200 2116
1440210 2116
1440220 2121
1440230 2124
1440240 2124
1440250 2130
1440260 2136
1440270 2136
1440280 2142
1440290 2149
1440300 2155
1440310 2155
1440320 2161
1440330 2168
1440340 2168
1440350 2173
1440360 2180
1440370 2180
1440380 2186
1440390 2191
1440400 2191
1440410 2196
1440420 2202
1440430 2202
1440440 2209
1440450 2215
1440460 2215
1440470 2220
1440480 2225
1440490 2230
1440500 2230
1440510 2234
1440520 2239
1440530 2239
1440540 2245
1440550 2249
1440560 2249
1440570 2252
1440580 2256
1440590 2256
1440600 2259
1440610 2262
1440620 2262
1440630 2265
1440640 2268
1440650 2268
1440660 2272
1440670 2276
1440680 2278
1440690 2278
1440700 2282
1440710 2285
1440720 2285
1440730 2288
1440740 2293
1440750 2293
1440760 2297
1440770 2301
1440780 2301
1440790 2303
1440800 2305
1440810 2305
1440820 2308
1440830 2312
1440840 2312
1440850 2315
1440860 2318
1440870 2320
1440880 2320
1440890 2323
1440900 2325
1440910 2325
1440920 2328
1440930 2331
1440940 2331
1440950 2334
1440960 2338
1440970 2338
1440980 2341
1440990 2343
1441000 2343
1441010 2346
1441020 2347
1441030 2347
1441040 2348
1441050 2349
1441060 2351
1441070 2351
1441080 2354
1441090 2355
1441100 2355
1441110 2349
1441120 2344
1441130 2344
1441140 2340
1441150 2343
1441160 2343
1441170 2348
1441180 2349
1441190 2349
1441200 2346
1441210 2349
1441220 2349
1441230 2350
1441240 2351
1441250 2350
1441260 2350
1441270 2337
1441280 2318
1441290 2318
1441300 2312
1441310 2310
1441320 2310
1441330 2311
1441340 2311
1441350 2311
1441360 2310
1441370 2308
1441380 2308
1441390 2309
1441400 2312
1441410 2312
1441420 2315
1441430 2320
1441440 2325
1441450 2325
1441460 2331
1441470 2335
1441480 2335
1441490 2338
1441500 2342
1441510 2342
1441520 2345
1441530 2348
1441540 2348
1441550 2353
1441560 2351
1441570 2351
1441580 2352
1441590 2345
1441600 2345
1441610 2357
1441620 2359
1441630 2362
1441640 2362
1441650 2361
1441660 2359
1441670 2359
1441680 2358
1441690 2361
1441700 2361
1441710 2353
1441720 2346
1441730 2346
1441740 2349
1441750 2354
1441760 2354
1441770 2354
1441780 2350
1441790 2350
1441800 2348
1441810 2341
1441820 2331
1441830 2331
1441840 2321
1441850 2313
1441860 2313
1441870 2309
1441880 2306
1441890 2306
1441900 2303
1441910 2300
1441920 2300
1441930 2298
1441940 2296
1441950 2296
1441960 2294
1441970 2296
1441980 2296
1441990 2296
1442000 2288
1442010 2281
1442020 2281
1442030 2275
1442040 2272
1442050 2272
1442060 2268
1442070 2265
1442080 2265
1442090 2270
1442100 2280
1442110 2280
1442120 2305
1442130 2329
1442140 2329
1442150 2348
1442160 2360
1442170 2360
1442180 2362
1442190 2361
1442200 2360
1442210 2360
1442220 2359
1442230 2358
1442240 2358
1442250 2356
1442260 2352
1442270 2352
1442280 2350
1442290 2350
1442300 2350
1442310 2349
1442320 2340
1442330 2340
1442340 2327
1442350 2311
1442360 2311
1442370 2300
1442380 2292
1442390 2287
1442400 2287
1442410 2281
1442420 2275
1442430 2275
1442440 2272
1442450 2271
1442460 2271
1442470 2270
1442480 2272
1442490 2272
1442500 2276
1442510 2279
1442520 2279
1442530 2281
1442540 2282
1442550 2282
1442560 2283
1442570 2286
1442580 2289
1442590 2289
1442600 2292
1442610 2298
1442620 2298
1442630 2304
1442640 2304
1442650 2304
1442660 2302
1442670 2303
1442680 2303
1442690 2305
1442700 2305
1442710 2305
1442720 2305
1442730 2305
1442740 2305
1442750 2309
1442760 2313
1442770 2318
1442780 2318
1442790 2323
1442800 2326
1442810 2326
1442820 2325
1442830 2323
1442840 2323
1442850 2321
1442860 2321
1442870 2321
1442880 2323
1442890 2326
1442900 2326
1442910 2331
1442920 2335
1442930 2335
1442940 2341
1442950 2347
1442960 2353
1442970 2353
1442980 2360
1442990 2367
1443000 2367
1443010 2375
1443020 2383
1443030 2383
1443040 2391
1443050 2400
1443060 2400
1443070 2413
1443080 2433
1443090 2433
1443100 2446
1443110 2458
1443120 2458
1443130 2469
1443140 2469
1443150 2460
1443160 2460
1443170 2453
1443180 2448
1443190 2448
1443200 2447
1443210 2446
1443220 2446
1443230 2446
1443240 2445
1443250 2445
1443260 2444
1443270 2445
1443280 2445
1443290 2448
1443300 2450
1443310 2450
1443320 2452
1443330 2455
1443340 2460
1443350 2460
1443360 2462
1443370 2462
1443380 2462
1443390 2460
1443400 2458
1443410 2458
1443420 2455
1443430 2453
1443440 2453
1443450 2451
1443460 2449
1443470 2449
1443480 2446
1443490 2443
1443500 2443
1443510 2440
1443520 2437
1443530 2434
1443540 2434
1443550 2432
1443560 2430
1443570 2430
1443580 2428
1443590 2426
1443600 2426
1443610 2424
1443620 2422
1443630 2422
1443640 2420
1443650 2419
1443660 2419
1443670 2417
1443680 2418
1443690 2418
1443700 2420
1443710 2425
1443720 2429
1443730 2429
1443740 2440
1443750 2462
1443760 2462
1443770 2476
1443780 2493
1443790 2493
1443800 2503
1443810 2503
1443820 2503
1443830 2503
1443840 2504
1443850 2504
1443860 2505
1443870 2507
1443880 2507
1443890 2501
1443900 2493
1443910 2483
1443920 2483
1443930 2477
1443940 2473
1443950 2473
1443960 2472
1443970 2472
1443980 2472
1443990 2470
1444000 2465
1444010 2465
1444020 2456
1444030 2448
1444040 2448
1444050 2444
1444060 2442
1444070 2442
1444080 2440
1444090 2435
1444100 2434
1444110 2434
1444120 2436
1444130 2438
1444140 2438
1444150 2438
1444160 2434
1444170 2434
1444180 2427
1444190 2420
1444200 2420
1444210 2412
1444220 2406
1444230 2406
1444240 2402
1444250 2397
1444260 2392
1444270 2392
1444280 2386
1444290 2379
1444300 2379
1444310 2373
1444320 2368
1444330 2368
1444340 2364
1444350 2359
1444360 2359
1444370 2355
1444380 2351
1444390 2351
1444400 2346
1444410 2340
1444420 2340
1444430 2336
1444440 2332
1444450 2327
1444460 2327
1444470 2322
1444480 2317
1444490 2317
1444500 2311
1444510 2305
1444520 2305
1444530 2298
1444540 2291
1444550 2291
1444560 2283
1444570 2275
1444580 2275
1444590 2264
1444600 2255
1444610 2255
1444620 2246
1444630 2238
1444640 2232
1444650 2232
1444660 2220
1444670 2217
1444680 2217
1444690 2215
1444700 2216
1444710 2216
1444720 2223
1444730 2223
1444740 2223
1444750 2214
1444760 2200
1444770 2200
1444780 2186
1444790 2177
1444800 2177
1444810 2171
1444820 2165
1444830 2156
1444840 2156
1444850 2146
1444860 2138
1444870 2138
1444880 2135
1444890 2130
1444900 2130
1444910 2125
1444920 2123
1444930 2123
1444940 2123
1444950 2122
1444960 2122
1444970 2120
1444980 2117
1444990 2117
1445000 2114
1445010 2111
1445020 2109
1445030 2109
1445040 2110
1445050 2112
1445060 2112
1445070 2113
1445080 2113
1445090 2113
1445100 2110
1445110 2106
1445120 2106
1445130 2102
1445140 2100
1445150 2100
1445160 2101
1445170 2100
1445180 2100
1445190 2097
1445200 2094
1445210 2090
1445220 2090
1445230 2089
1445240 2087
1445250 2087
1445260 2087
1445270 2089
1445280 2089
1445290 2089
1445300 2087
1445310 2087
1445320 2087
1445330 2086
1445340 2086
1445350 2087
1445360 2088
1445370 2088
1445380 2087
1445390 2085
1445400 2083
1445410 2083
1445420 2081
1445430 2078
1445440 2078
1445450 2075
1445460 2071
1445470 2071
1445480 2067
1445490 2063
1445500 2063
1445510 2060
1445520 2055
1445530 2055
1445540 2050
1445550 2045
1445560 2045
1445570 2047
1445580 2050
1445590 2050
1445600 2050
1445610 2045
1445620 2038
1445630 2038
1445640 2036
1445650 2039
1445660 2039
1445670 2043
1445680 2047
1445690 2047
1445700 2048
1445710 2048
1445720 2048
1445730 2047
1445740 2047
1445750 2047
1445760 2047
1445770 2047
1445780 2048
1445790 2048
1445800 2050
1445810 2052
1445820 2052
1445830 2054
1445840 2056
1445850 2056
1445860 2058
1445870 2055
1445880 2055
1445890 2053
1445900 2051
1445910 2051
1445920 2049
1445930 2047
1445940 2047
1445950 2047
1445960 2044
1445970 2038
1445980 2038
1445990 2032
1446000 2026
1446010 2026
1446020 2021
1446030 2019
1446040 2019
1446050 2015
1446060 2014
1446070 2014
1446080 2014
1446090 2010
1446100 2010
1446110 2003
1446120 1996
1446130 1996
1446140 1988
1446150 1982
1446160 1972
1446170 1972
1446180 1964
1446190 1956
1446200 1956
1446210 1948
1446220 1937
1446230 1937
1446240 1927
1446250 1917
1446260 1917
1446270 1911
1446280 1908
1446290 1908
1446300 1905
1446310 1901
1446320 1901
1446330 1896
1446340 1893
1446350 1888
1446360 1888
1446370 1882
1446380 1879
1446390 1879
1446400 1874
1446410 1866
1446420 1866
1446430 1862
1446440 1861
1446450 1861
1446460 1861
1446470 1862
1446480 1862
1446490 1861
1446500 1860
1446510 1860
1446520 1859
1446530 1858
1446540 1855
1446550 1855
1446560 1852
1446570 1849
1446580 1849
1446590 1847
1446600 1845
1446610 1845
1446620 1844
1446630 1843
1446640 1843
1446650 1840
1446660 1837
1446670 1837
1446680 1834
1446690 1831
1446700 1831
1446710 1828
1446720 1823
1446730 1819
1446740 1819
1446750 1817
1446760 1814
1446770 1814
1446780 1811
1446790 1805
1446800 1805
1446810 1798
1446820 1792
1446830 1792
1446840 1789
1446850 1788
1446860 1788
1446870 1788
1446880 1791
1446890 1791
1446900 1793
1446910 1795
1446920 1797
1446930 1797
1446940 1798
1446950 1797
1446960 1797
1446970 1796
1446980 1796
1446990 1796
1447000 1799
1447010 1802
1447020 1802
1447030 1803
1447040 1804
1447050 1804
1447060 1805
1447070 1806
1447080 1806
1447090 1806
1447100 1806
1447110 1807
1447120 1807
1447130 1810
1447140 1814
1447150 1814
1447160 1818
1447170 1821
1447180 1821
1447190 1824
1447200 1826
1447210 1826
1447220 1828
1447230 1831
1447240 1831
1447250 1834
1447260 1838
1447270 1838
1447280 1840
1447290 1842
1447300 1845
1447310 1845
1447320 1846
1447330 1847
1447340 1847
1447350 1849
1447360 1849
1447370 1849
1447380 1845
1447390 1838
1447400 1838
1447410 1831
1447420 1827
1447430 1827
1447440 1827
1447450 1827
1447460 1827
1447470 1828
1447480 1828
1447490 1828
1447500 1828
1447510 1829
1447520 1830
1447530 1830
1447540 1831
1447550 1832
1447560 1832
1447570 1832
1447580 1831
1447590 1831
1447600 1831
1447610 1830
1447620 1830
1447630 1828
1447640 1824
1447650 1824
1447660 1813
1447670 1802
1447680 1794
1447690 1794
1447700 1790
1447710 1786
1447720 1786
1447730 1782
1447740 1779
1447750 1779
1447760 1775
1447770 1774
1447780 1774
1447790 1772
1447800 1771
1447810 1771
1447820 1769
1447830 1766
1447840 1766
1447850 1764
1447860 1761
1447870 1756
1447880 1756
1447890 1749
1447900 1740
1447910 1740
1447920 1732
1447930 1727
1447940 1727
1447950 1722
1447960 1716
1447970 1712
1447980 1707
1447990 1702
1448000 1702
1448010 1697
1448020 1693
1448030 1693
1448040 1691
1448050 1689
1448060 1685
1448070 1685
1448080 1679
1448090 1673
1448100 1673
1448110 1670
1448120 1666
1448130 1666
1448140 1658
1448150 1649
1448160 1649
1448170 1640
1448180 1632
1448190 1632
1448200 1629
1448210 1634
1448220 1634
1448230 1641
1448240 1645
1448250 1646
1448260 1646
1448270 1647
1448280 1648
1448290 1648
1448300 1648
1448310 1649
1448320 1649
1448330 1649
1448340 1650
1448350 1650
1448360 1651
1448370 1651
1448380 1651
1448390 1650
1448400 1647
1448410 1647
1448420 1645
1448430 1643
1448440 1640
1448450 1640
1448460 1637
1448470 1634
1448480 1634
1448490 1631
1448500 1629
1448510 1629
1448520 1626
1448530 1623
1448540 1623
1448550 1620
1448560 1617
1448570 1617
1448580 1614
1448590 1610
1448600 1610
1448610 1608
1448620 1606
1448630 1602
1448640 1602
1448650 1598
1448660 1593
1448670 1593
1448680 1587
1448690 1580
1448700 1580
1448710 1572
1448720 1564
1448730 1564
1448740 1559
1448750 1555
1448760 1555
1448770 1549
1448780 1546
1448790 1546
1448800 1544
1448810 1542
1448820 1540
1448830 1540
1448840 1538
1448850 1535
1448860 1535
1448870 1532
1448880 1528
1448890 1528
1448900 1523
1448910 1517
1448920 1517
1448930 1513
1448940 1509
1448950 1509
1448960 1505
1448970 1501
1448980 1501
1448990 1496
1449000 1491
1449010 1485
1449020 1485
1449030 1479
1449040 1473
1449050 1473
1449060 1468
1449070 1464
1449080 1464
1449090 1460
1449100 1457
1449110 1457
1449120 1454
1449130 1452
1449140 1452
1449150 1449
1449160 1445
1449170 1445
1449180 1441
1449190 1436
1449200 1431
1449210 1431
1449220 1425
1449230 1420
1449240 1420
1449250 1415
1449260 1408
1449270 1408
1449280 1402
1449290 1397
1449300 1397
1449310 1392
1449320 1386
1449330 1386
1449340 1380
1449350 1375
1449360 1375
1449370 1370
1449380 1364
1449390 1360
1449400 1360
1449410 1355
1449420 1349
1449430 1349
1449440 1349
1449450 1347
1449460 1347
1449470 1340
1449480 1335
1449490 1335
1449500 1334
1449510 1335
1449520 1335
1449530 1329
1449540 1322
1449550 1322
1449560 1319
1449570 1321
1449580 1329
1449590 1329
1449600 1332
1449610 1336
1449620 1336
1449630 1341
1449640 1346
1449650 1346
1449660 1352
1449670 1360
1449680 1360
1449690 1365
1449700 1367
1449710 1367
1449720 1369
1449730 1369
1449740 1369
1449750 1369
1449760 1369
1449770 1370
1449780 1370
1449790 1370
1449800 1369
1449810 1369
1449820 1367
1449830 1365
1449840 1365
1449850 1364
1449860 1365
1449870 1365
1449880 1366
1449890 1367
1449900 1367
1449910 1368
1449920 1369
1449930 1369
1449940 1370
1449950 1371
1449960 1372
1449970 1372
1449980 1374
1449990 1375
1450000 1375
1450010 1376
1450020 1378
1450030 1378
1450040 1381
1450050 1385
1450060 1385
1450070 1388
1450080 1392
1450090 1392
1450100 1396
1450110 1400
1450120 1400
1450130 1405
1450140 1408
1450150 1410
1450160 1410
1450170 1413
1450180 1416
1450190 1416
1450200 1422
1450210 1430
1450220 1430
1450230 1436
1450240 1444
1450250 1444
1450260 1450
1450270 1455
1450280 1455
1450290 1461
1450300 1465
1450310 1465
1450320 1467
1450330 1469
1450340 1470
1450350 1470
1450360 1470
1450370 1471
1450380 1471
1450390 1473
1450400 1474
1450410 1474
1450420 1475
1450430 1478
1450440 1478
1450450 1480
1450460 1482
1450470 1482
1450480 1483
1450490 1484
1450500 1484
1450510 1484
1450520 1485
1450530 1487
1450540 1487
1450550 1488
1450560 1488
1450570 1488
1450580 1489
1450590 1490
1450600 1490
1450610 1491
1450620 1491
1450630 1491
1450640 1492
1450650 1493
1450660 1493
1450670 1494
1450680 1495
1450690 1496
1450700 1496
1450710 1496
1450720 1497
1450730 1497
1450740 1497
1450750 1498
1450760 1498
1450770 1498
1450780 1499
1450790 1499
1450800 1499
1450810 1499
1450820 1499
1450830 1498
1450840 1498
1450850 1498
1450860 1498
1450870 1498
1450880 1498
1450890 1498
1450900 1497
1450910 1497
1450920 1497
1450930 1497
1450940 1498
1450950 1498
1450960 1499
1450970 1500
1450980 1500
1450990 1499
1451000 1499
1451010 1499
1451020 1498
1451030 1497
1451040 1497
1451050 1495
1451060 1493
1451070 1490
1451080 1490
1451090 1487
1451100 1484
1451110 1484
1451120 1481
1451130 1479
1451140 1479
1451150 1478
1451160 1475
1451170 1475
1451180 1472
1451190 1471
1451200 1471
1451210 1470
1451220 1469
1451230 1469
1451240 1468
1451250 1468
1451260 1468
1451270 1468
1451280 1468
1451290 1468
1451300 1468
1451310 1469
1451320 1469
1451330 1469
1451340 1470
1451350 1469
1451360 1469
1451370 1469
1451380 1470
1451390 1470
1451400 1472
1451410 1473
1451420 1473
1451430 1474
1451440 1473
1451450 1473
1451460 1473
1451470 1472
1451480 1472
1451490 1472
1451500 1473
1451510 1475
1451520 1475
1451530 1478
1451540 1481
1451550 1481
1451560 1486
1451570 1488
1451580 1488
1451590 1490
1451600 1491
1451610 1492
1451620 1495
1451630 1497
1451640 1496
1451650 1496
1451660 1495
1451670 1490
1451680 1490
1451690 1483
1451700 1478
1451710 1478
1451720 1476
1451730 1475
1451740 1475
1451750 1473
1451760 1471
1451770 1471
1451780 1470
1451790 1469
1451800 1469
1451810 1469
1451820 1470
1451830 1470
1451840 1470
1451850 1470
1451860 1470
1451870 1470
1451880 1470
1451890 1469
1451900 1469
1451910 1468
1451920 1467
1451930 1467
1451940 1465
1451950 1462
1451960 1462
1451970 1458
1451980 1452
1451990 1452
1452000 1445
1452010 1440
1452020 1437
1452030 1437
1452040 1437
1452050 1436
1452060 1436
1452070 1434
1452080 1430
1452090 1430
1452100 1427
1452110 1424
1452120 1424
1452130 1422
1452140 1417
1452150 1417
1452160 1408
1452170 1401
1452180 1401
1452190 1397
1452200 1393
1452210 1385
1452220 1385
1452230 1376
1452240 1365
1452250 1365
1452260 1361
1452270 1360
1452280 1360
1452290 1358
1452300 1353
1452310 1353
1452320 1344
1452330 1334
1452340 1334
1452350 1324
1452360 1314
1452370 1314
1452380 1301
1452390 1295
1452400 1290
1452410 1290
1452420 1285
1452430 1281
1452440 1281
1452450 1278
1452460 1275
1452470 1275
1452480 1272
1452490 1269
1452500 1269
1452510 1266
1452520 1263
1452530 1263
1452540 1259
1452550 1254
1452560 1254
1452570 1249
1452580 1244
1452590 1240
1452600 1240
1452610 1236
1452620 1233
1452630 1233
1452640 1231
1452650 1229
1452660 1229
1452670 1225
1452680 1222
1452690 1222
1452700 1219
1452710 1217
1452720 1217
1452730 1210
1452740 1204
1452750 1204
1452760 1201
1452770 1198
1452780 1194
1452790 1194
1452800 1190
1452810 1184
1452820 1184
1452830 1178
1452840 1171
1452850 1171
1452860 1164
1452870 1159
1452880 1159
1452890 1155
1452900 1152
1452910 1152
1452920 1149
1452930 1145
1452940 1145
1452950 1139
1452960 1131
1452970 1124
1452980 1124
1452990 1119
1453000 1114
1453010 1114
1453020 1108
1453030 1099
1453040 1099
1453050 1088
1453060 1078
1453070 1078
1453080 1070
1453090 1064
1453100 1064
1453110 1059
1453120 1053
1453130 1053
1453140 1051
1453150 1047
1453160 1044
1453170 1044
1453180 1040
1453190 1033
1453200 1033
1453210 1025
1453220 1017
1453230 1017
1453240 1011
1453250 1005
1453260 1005
1453270 999
1453280 995
1453290 995
1453300 990
1453310 984
1453320 984
1453330 977
1453340 974
1453350 970
1453360 970
1453370 967
1453380 965
1453390 965
1453400 962
1453410 959
1453420 959
1453430 956
1453440 952
1453450 952
1453460 950
1453470 948
1453480 948
1453490 946
1453500 943
1453510 943
1453520 941
1453530 940
1453540 939
1453550 939
1453560 937
1453570 932
1453580 932
1453590 927
1453600 923
1453610 923
1453620 918
1453630 911
1453640 911
1453650 903
1453660 898
1453670 898
1453680 893
1453690 889
1453700 889
1453710 883
1453720 872
1453730 862
1453740 862
1453750 852
1453760 844
1453770 844
1453780 839
1453790 835
1453800 835
1453810 832
1453820 829
1453830 829
1453840 826
1453850 822
1453860 822
1453870 817
1453880 812
1453890 812
1453900 808
1453910 804
1453920 801
1453930 801
1453940 798
1453950 795
1453960 795
1453970 793
1453980 791
1453990 791
1454000 791
1454010 791
1454020 791
1454030 791
1454040 790
1454050 790
1454060 787
1454070 784
1454080 784
1454090 781
1454100 778
1454110 774
1454120 774
1454130 771
1454140 766
1454150 766
1454160 761
1454170 756
1454180 756
1454190 754
1454200 754
1454210 754
1454220 754
1454230 754
1454240 754
1454250 754
1454260 754
1454270 754
1454280 753
1454290 753
1454300 755
1454310 755
1454320 756
1454330 756
1454340 756
1454350 755
1454360 754
1454370 754
1454380 754
1454390 754
1454400 754
1454410 755
1454420 755
1454430 755
1454440 755
1454450 755
1454460 755
1454470 755
1454480 755
1454490 756
1454500 756
1454510 756
1454520 755
1454530 755
1454540 755
1454550 755
1454560 755
1454570 755
1454580 755
1454590 755
1454600 755
1454610 755
1454620 755
1454630 755
1454640 755
1454650 755
1454660 755
1454670 754
1454680 754
1454690 754
1454700 755
1454710 755
1454720 755
1454730 756
1454740 756
1454750 756
1454760 757
1454770 758
1454780 758
1454790 759
1454800 761
1454810 761
1454820 763
1454830 764
1454840 764
1454850 766
1454860 769
1454870 772
1454880 772
1454890 776
1454900 779
1454910 779
1454920 783
1454930 789
1454940 789
1454950 794
1454960 799
1454970 799
1454980 804
1454990 808
1455000 808
1455010 812
1455020 819
1455030 819
1455040 828
1455050 835
1455060 845
1455070 845
1455080 853
1455090 860
1455100 860
1455110 865
1455120 866
1455130 866
1455140 863
1455150 864
1455160 864
1455170 871
1455180 880
1455190 880
1455200 893
1455210 905
1455220 905
1455230 916
1455240 925
1455250 932
1455260 932
1455270 940
1455280 948
1455290 948
1455300 959
1455310 969
1455320 969
1455330 979
1455340 987
1455350 987
1455360 994
1455370 1001
1455380 1001
1455390 1009
1455400 1018
1455410 1018
1455420 1028
1455430 1037
1455440 1040
1455450 1040
1455460 1040
1455470 1041
1455480 1041
1455490 1044
1455500 1050
1455510 1050
1455520 1056
1455530 1064
1455540 1064
1455550 1071
1455560 1077
1455570 1077
1455580 1087
1455590 1096
1455600 1096
1455610 1106
1455620 1116
1455630 1128
1455640 1128
1455650 1141
1455660 1150
1455670 1150
1455680 1155
1455690 1158
1455700 1158
1455710 1161
1455720 1164
1455730 1164
1455740 1168
1455750 1174
1455760 1174
1455770 1178
1455780 1182
1455790 1182
1455800 1186
1455810 1192
1455820 1199
1455830 1199
1455840 1207
1455850 1214
1455860 1214
1455870 1219
1455880 1225
1455890 1225
1455900 1231
1455910 1239
1455920 1239
1455930 1247
1455940 1255
1455950 1255
1455960 1261
1455970 1267
1455980 1267
1455990 1273
1456000 1281
1456010 1288
1456020 1288
1456030 1294
1456040 1300
1456050 1300
1456060 1307
1456070 1312
1456080 1312
1456090 1318
1456100 1325
1456110 1325
1456120 1332
1456130 1337
1456140 1337
1456150 1342
1456160 1346
1456170 1346
1456180 1350
1456190 1353
1456200 1357
1456210 1357
1456220 1364
1456230 1372
1456240 1372
1456250 1378
1456260 1381
1456270 1381
1456280 1384
1456290 1388
1456300 1388
1456310 1389
1456320 1391
1456330 1391
1456340 1391
1456350 1397
1456360 1397
1456370 1403
1456380 1408
1456390 1413
1456400 1413
1456410 1415
1456420 1418
1456430 1418
1456440 1421
1456450 1422
1456460 1422
1456470 1424
1456480 1426
1456490 1426
1456500 1427
1456510 1428
1456520 1428
1456530 1429
1456540 1433
1456550 1433
1456560 1439
1456570 1445
1456580 1450
1456590 1450
1456600 1454
1456610 1457
1456620 1457
1456630 1462
1456640 1468
1456650 1468
1456660 1472
1456670 1476
1456680 1476
1456690 1483
1456700 1490
1456710 1490
1456720 1495
1456730 1502
1456740 1502
1456750 1506
1456760 1510
1456770 1515
1456780 1515
1456790 1521
1456800 1527
1456810 1527
1456820 1531
1456830 1535
1456840 1535
1456850 1540
1456860 1546
1456870 1546
1456880 1554
1456890 1562
1456900 1562
1456910 1570
1456920 1579
1456930 1579
1456940 1584
1456950 1587
1456960 1588
1456970 1588
1456980 1591
1456990 1595
1457000 1595
1457010 1599
1457020 1602
1457030 1602
1457040 1606
1457050 1612
1457060 1612
1457070 1618
1457080 1625
1457090 1625
1457100 1630
1457110 1635
1457120 1639
1457130 1639
1457140 1643
1457150 1648
1457160 1648
1457170 1654
1457180 1657
1457190 1657
1457200 1661
1457210 1664
1457220 1664
1457230 1666
1457240 1669
1457250 1669
1457260 1671
1457270 1673
1457280 1673
1457290 1675
1457300 1677
1457310 1679
1457320 1679
1457330 1681
1457340 1684
1457350 1684
1457360 1688
1457370 1692
1457380 1692
1457390 1693
1457400 1694
1457410 1694
1457420 1699
1457430 1704
1457440 1704
1457450 1709
1457460 1712
1457470 1712
1457480 1715
1457490 1720
1457500 1725
1457510 1725
1457520 1732
1457530 1736
1457540 1736
1457550 1739
1457560 1740
1457570 1740
1457580 1741
1457590 1743
1457600 1743
1457610 1747
1457620 1750
1457630 1750
1457640 1753
1457650 1758
1457660 1758
1457670 1762
1457680 1765
1457690 1769
1457700 1769
1457710 1773
1457720 1779
1457730 1779
1457740 1785
1457750 1791
1457760 1791
1457770 1796
1457780 1802
1457790 1802
1457800 1809
1457810 1817
1457820 1817
1457830 1826
1457840 1833
1457850 1833
1457860 1840
1457870 1848
1457880 1857
1457890 1857
1457900 1867
1457910 1878
1457920 1878
1457930 1886
1457940 1895
1457950 1895
1457960 1903
1457970 1911
1457980 1911
1457990 1918
1458000 1927
1458010 1927
1458020 1936
1458030 1943
1458040 1943
1458050 1950
1458060 1958
1458070 1967
1458080 1967
1458090 1974
1458100 1982
1458110 1982
1458120 1989
1458130 1996
1458140 1996
1458150 2001
1458160 2005
1458170 2005
1458180 2005
1458190 2004
1458200 2004
1458210 2000
1458220 1995
1458230 1995
1458240 1992
1458250 1990
1458260 1988
1458270 1988
1458280 1987
1458290 1986
1458300 1986
1458310 1984
1458320 1983
1458330 1983
1458340 1986
1458350 1988
1458360 1988
1458370 1990
1458380 1991
1458390 1991
1458400 1993
1458410 1996
1458420 1996
1458430 1998
1458440 2001
1458450 2005
1458460 2005
1458470 2009
1458480 2013
1458490 2013
1458500 2017
1458510 2020
1458520 2020
1458530 2022
1458540 2024
1458550 2024
1458560 2026
1458570 2027
1458580 2027
1458590 2029
1458600 2031
1458610 2031
1458620 2035
1458630 2039
1458640 2047
1458650 2047
1458660 2058
1458670 2065
1458680 2065
1458690 2071
1458700 2077
1458710 2077
1458720 2084
1458730 2091
1458740 2091
1458750 2097
1458760 2103
1458770 2103
1458780 2107
1458790 2110
1458800 2110
1458810 2113
1458820 2116
1458830 2120
1458840 2120
1458850 2124
1458860 2128
1458870 2128
1458880 2132
1458890 2137
1458900 2137
1458910 2141
1458920 2146
1458930 2146
1458940 2150
1458950 2154
1458960 2154
1458970 2159
1458980 2164
1458990 2164
1459000 2169
1459010 2174
1459020 2180
1459030 2180
1459040 2185
1459050 2190
1459060 2190
1459070 2197
1459080 2204
1459090 2204
1459100 2211
1459110 2218
1459120 2218
1459130 2226
1459140 2235
1459150 2235
1459160 2244
1459170 2254
1459180 2254
1459190 2271
1459200 2280
1459210 2289
1459220 2289
1459230 2300
1459240 2311
1459250 2311
1459260 2322
1459270 2335
1459280 2335
1459290 2348
1459300 2358
1459310 2358
1459320 2368
1459330 2376
1459340 2376
1459350 2375
1459360 2369
1459370 2369
1459380 2363
1459390 2358
1459400 2355
1459410 2355
1459420 2354
1459430 2353
1459440 2353
1459450 2350
1459460 2350
1459470 2350
1459480 2350
1459490 2344
1459500 2344
1459510 2339
1459520 2332
1459530 2332
1459540 2325
1459550 2319
1459560 2319
1459570 2315
1459580 2312
1459590 2309
1459600 2309
1459610 2305
1459620 2301
1459630 2301
1459640 2298
1459650 2293
1459660 2293
1459670 2289
1459680 2285
1459690 2285
1459700 2282
1459710 2281
1459720 2281
1459730 2277
1459740 2270
1459750 2270
1459760 2264
1459770 2262
1459780 2256
1459790 2256
1459800 2248
1459810 2239
1459820 2239
1459830 2230
1459840 2223
1459850 2223
1459860 2216
1459870 2209
1459880 2209
1459890 2204
1459900 2199
1459910 2199
1459920 2193
1459930 2186
1459940 2186
1459950 2179
1459960 2174
1459970 2168
1459980 2168
1459990 2161
