1440000 2017
1440010 2021
1440020 2021
1440030 2025
1440040 2029
1440050 2033
1440060 2033
1440070 2038
1440080 2043
1440090 2043
1440100 2048
1440110 2053
1440120 2053
1440130 2058
1440140 2063
1440150 2063
1440160 2070
1440170 2077
1440180 2077
1440190 2081
1440200 2086
1440210 2086
1440220 2094
1440230 2102
1440240 2108
1440250 2108
1440260 2119
1440270 2128
1440280 2128
1440290 2133
1440300 2138
1440310 2138
1440320 2143
1440330 2148
1440340 2148
1440350 2154
1440360 2161
1440370 2161
1440380 2167
1440390 2175
1440400 2175
1440410 2181
1440420 2189
1440430 2196
1440440 2196
1440450 2203
1440460 2210
1440470 2210
1440480 2219
1440490 2227
1440500 2227
1440510 2234
1440520 2241
1440530 2241
1440540 2249
1440550 2256
1440560 2256
1440570 2262
1440580 2268
1440590 2268
1440600 2275
1440610 2282
1440620 2290
1440630 2290
1440640 2298
1440650 2306
1440660 2306
1440670 2313
1440680 2320
1440690 2320
1440700 2326
1440710 2331
1440720 2331
1440730 2336
1440740 2338
1440750 2338
1440760 2342
1440770 2347
1440780 2347
1440790 2354
1440800 2360
1440810 2362
1440820 2362
1440830 2367
1440840 2375
1440850 2375
1440860 2384
1440870 2390
1440880 2390
1440890 2395
1440900 2398
1440910 2398
1440920 2400
1440930 2405
1440940 2405
1440950 2410
1440960 2408
1440970 2408
1440980 2407
1440990 2406
1441000 2404
1441010 2404
1441020 2403
1441030 2402
1441040 2402
1441050 2405
1441060 2404
1441070 2404
1441080 2396
1441090 2390
1441100 2390
1441110 2386
1441120 2382
1441130 2382
1441140 2379
1441150 2374
1441160 2374
1441170 2368
1441180 2362
1441190 2357
1441200 2357
1441210 2353
1441220 2349
1441230 2349
1441240 2344
1441250 2337
1441260 2337
1441270 2329
1441280 2321
1441290 2321
1441300 2315
1441310 2308
1441320 2308
1441330 2301
1441340 2295
1441350 2295
1441360 2290
1441370 2286
1441380 2282
1441390 2282
1441400 2277
1441410 2271
1441420 2271
1441430 2266
1441440 2260
1441450 2260
1441460 2255
1441470 2253
1441480 2253
1441490 2251
1441500 2249
1441510 2249
1441520 2244
1441530 2237
1441540 2237
1441550 2229
1441560 2221
1441570 2213
1441580 2213
1441590 2206
1441600 2199
1441610 2199
1441620 2195
1441630 2193
1441640 2193
1441650 2190
1441660 2188
1441670 2188
1441680 2186
1441690 2183
1441700 2183
1441710 2183
1441720 2184
1441730 2184
1441740 2184
1441750 2182
1441760 2180
1441770 2180
1441780 2177
1441790 2174
1441800 2174
1441810 2170
1441820 2164
1441830 2164
1441840 2160
1441850 2155
1441860 2155
1441870 2152
1441880 2154
1441890 2154
1441900 2165
1441910 2163
1441920 2163
1441930 2161
1441940 2161
1441950 2155
1441960 2155
1441970 2147
1441980 2143
1441990 2143
1442000 2141
1442010 2139
1442020 2139
1442030 2137
1442040 2135
1442050 2135
1442060 2135
1442070 2133
1442080 2133
1442090 2131
1442100 2129
1442110 2129
1442120 2128
1442130 2128
1442140 2129
1442150 2129
1442160 2131
1442170 2131
1442180 2131
1442190 2131
1442200 2131
1442210 2131
1442220 2132
1442230 2135
1442240 2135
1442250 2138
1442260 2142
1442270 2142
1442280 2146
1442290 2148
1442300 2148
1442310 2148
1442320 2148
1442330 2151
1442340 2151
1442350 2152
1442360 2154
1442370 2154
1442380 2158
1442390 2159
1442400 2159
1442410 2161
1442420 2165
1442430 2165
1442440 2171
1442450 2177
1442460 2177
1442470 2182
1442480 2185
1442490 2185
1442500 2189
1442510 2192
1442520 2195
1442530 2195
1442540 2200
1442550 2204
1442560 2204
1442570 2208
1442580 2213
1442590 2213
1442600 2217
1442610 2219
1442620 2219
1442630 2222
1442640 2226
1442650 2226
1442660 2230
1442670 2235
1442680 2235
1442690 2241
1442700 2249
1442710 2257
1442720 2257
1442730 2266
1442740 2276
1442750 2276
1442760 2285
1442770 2292
1442780 2292
1442790 2298
1442800 2302
1442810 2302
1442820 2301
1442830 2293
1442840 2293
1442850 2305
1442860 2318
1442870 2318
1442880 2327
1442890 2336
1442900 2349
1442910 2349
1442920 2365
1442930 2372
1442940 2372
1442950 2374
1442960 2373
1442970 2373
1442980 2373
1442990 2368
1443000 2368
1443010 2354
1443020 2341
1443030 2341
1443040 2322
1443050 2312
1443060 2312
1443070 2314
1443080 2313
1443090 2316
1443100 2316
1443110 2318
1443120 2322
1443130 2322
1443140 2328
1443150 2333
1443160 2333
1443170 2340
1443180 2353
1443190 2353
1443200 2361
1443210 2370
1443220 2370
1443230 2379
1443240 2379
1443250 2379
1443260 2373
1443270 2367
1443280 2362
1443290 2362
1443300 2356
1443310 2350
1443320 2350
1443330 2344
1443340 2339
1443350 2339
1443360 2336
1443370 2333
1443380 2333
1443390 2330
1443400 2327
1443410 2327
1443420 2325
1443430 2321
1443440 2321
1443450 2316
1443460 2312
1443470 2307
1443480 2307
1443490 2300
1443500 2295
1443510 2295
1443520 2292
1443530 2290
1443540 2290
1443550 2290
1443560 2292
1443570 2292
1443580 2295
1443590 2298
1443600 2298
1443610 2301
1443620 2304
1443630 2304
1443640 2307
1443650 2311
1443660 2315
1443670 2315
1443680 2319
1443690 2325
1443700 2325
1443710 2331
1443720 2336
1443730 2336
1443740 2342
1443750 2348
1443760 2348
1443770 2354
1443780 2361
1443790 2361
1443800 2367
1443810 2374
1443820 2374
1443830 2381
1443840 2388
1443850 2394
1443860 2394
1443870 2402
1443880 2409
1443890 2409
1443900 2417
1443910 2424
1443920 2424
1443930 2432
1443940 2441
1443950 2441
1443960 2451
1443970 2464
1443980 2464
1443990 2473
1444000 2479
1444010 2479
1444020 2489
1444030 2502
1444040 2513
1444050 2513
1444060 2524
1444070 2533
1444080 2533
1444090 2534
1444100 2531
1444110 2531
1444120 2528
1444130 2521
1444140 2521
1444150 2513
1444160 2506
1444170 2506
1444180 2501
1444190 2493
1444200 2493
1444210 2488
1444220 2483
1444230 2480
1444240 2480
1444250 2478
1444260 2474
1444270 2474
1444280 2469
1444290 2463
1444300 2463
1444310 2459
1444320 2455
1444330 2455
1444340 2448
1444350 2440
1444360 2440
1444370 2432
1444380 2425
1444390 2425
1444400 2419
1444410 2414
1444420 2408
1444430 2408
1444440 2402
1444450 2397
1444460 2397
1444470 2392
1444480 2386
1444490 2386
1444500 2380
1444510 2375
1444520 2375
1444530 2370
1444540 2366
1444550 2366
1444560 2361
1444570 2356
1444580 2356
1444590 2349
1444600 2341
1444610 2336
1444620 2336
1444630 2330
1444640 2324
1444650 2324
1444660 2316
1444670 2309
1444680 2309
1444690 2302
1444700 2296
1444710 2296
1444720 2290
1444730 2285
1444740 2285
1444750 2280
1444760 2275
1444770 2275
1444780 2270
1444790 2266
1444800 2263
1444810 2263
1444820 2260
1444830 2258
1444840 2258
1444850 2254
1444860 2251
1444870 2251
1444880 2248
1444890 2246
1444900 2246
1444910 2244
1444920 2241
1444930 2241
1444940 2242
1444950 2243
1444960 2243
1444970 2236
1444980 2238
1444990 2239
1445000 2239
1445010 2239
1445020 2238
1445030 2238
1445040 2238
1445050 2237
1445060 2237
1445070 2237
1445080 2237
1445090 2237
1445100 2236
1445110 2234
1445120 2234
1445130 2232
1445140 2230
1445150 2230
1445160 2227
1445170 2226
1445180 2223
1445190 2223
1445200 2220
1445210 2220
1445220 2220
1445230 2220
1445240 2220
1445250 2220
1445260 2220
1445270 2221
1445280 2221
1445290 2222
1445300 2220
1445310 2220
1445320 2219
1445330 2216
1445340 2216
1445350 2213
1445360 2209
1445370 2205
1445380 2205
1445390 2201
1445400 2198
1445410 2198
1445420 2195
1445430 2192
1445440 2192
1445450 2189
1445460 2188
1445470 2188
1445480 2187
1445490 2187
1445500 2187
1445510 2185
1445520 2185
1445530 2185
1445540 2183
1445550 2182
1445560 2181
1445570 2181
1445580 2181
1445590 2182
1445600 2182
1445610 2182
1445620 2183
1445630 2183
1445640 2184
1445650 2183
1445660 2183
1445670 2182
1445680 2179
1445690 2179
1445700 2178
1445710 2176
1445720 2176
1445730 2173
1445740 2170
1445750 2166
1445760 2166
1445770 2161
1445780 2159
1445790 2159
1445800 2156
1445810 2151
1445820 2151
1445830 2146
1445840 2142
1445850 2142
1445860 2137
1445870 2134
1445880 2134
1445890 2130
1445900 2128
1445910 2128
1445920 2126
1445930 2123
1445940 2119
1445950 2119
1445960 2115
1445970 2108
1445980 2108
1445990 2100
1446000 2091
1446010 2091
1446020 2083
1446030 2075
1446040 2075
1446050 2071
1446060 2070
1446070 2070
1446080 2071
1446090 2070
1446100 2070
1446110 2070
1446120 2069
1446130 2067
1446140 2067
1446150 2064
1446160 2060
1446170 2060
1446180 2058
1446190 2051
1446200 2051
1446210 2046
1446220 2042
1446230 2042
1446240 2038
1446250 2034
1446260 2034
1446270 2030
1446280 2027
1446290 2027
1446300 2023
1446310 2018
1446320 2014
1446330 2014
1446340 2010
1446350 2006
1446360 2006
1446370 2001
1446380 1996
1446390 1996
1446400 1991
1446410 1987
1446420 1987
1446430 1982
1446440 1980
1446450 1980
1446460 1978
1446470 1978
1446480 1978
1446490 1978
1446500 1977
1446510 1976
1446520 1976
1446530 1976
1446540 1976
1446550 1976
1446560 1973
1446570 1968
1446580 1968
1446590 1958
1446600 1948
1446610 1948
1446620 1940
1446630 1933
1446640 1933
1446650 1925
1446660 1919
1446670 1919
1446680 1918
1446690 1920
1446700 1920
1446710 1920
1446720 1917
1446730 1919
1446740 1919
1446750 1921
1446760 1923
1446770 1923
1446780 1923
1446790 1923
1446800 1923
1446810 1921
1446820 1915
1446830 1915
1446840 1910
1446850 1906
1446860 1906
1446870 1903
1446880 1898
1446890 1893
1446900 1893
1446910 1890
1446920 1887
1446930 1887
1446940 1882
1446950 1880
1446960 1880
1446970 1878
1446980 1876
1446990 1876
1447000 1874
1447010 1869
1447020 1869
1447030 1865
1447040 1863
1447050 1862
1447060 1862
1447070 1862
1447080 1867
1447090 1867
1447100 1872
1447110 1873
1447120 1873
1447130 1876
1447140 1883
1447150 1883
1447160 1887
1447170 1891
1447180 1891
1447190 1894
1447200 1896
1447210 1896
1447220 1899
1447230 1901
1447240 1904
1447250 1904
1447260 1906
1447270 1908
1447280 1908
1447290 1911
1447300 1915
1447310 1915
1447320 1917
1447330 1918
1447340 1918
1447350 1919
1447360 1921
1447370 1921
1447380 1921
1447390 1917
1447400 1917
1447410 1911
1447420 1907
1447430 1904
1447440 1904
1447450 1901
1447460 1901
1447470 1901
1447480 1901
1447490 1905
1447500 1905
1447510 1907
1447520 1907
1447530 1907
1447540 1907
1447550 1906
1447560 1906
1447570 1904
1447580 1901
1447590 1901
1447600 1899
1447610 1898
1447620 1897
1447630 1897
1447640 1893
1447650 1883
1447660 1883
1447670 1873
1447680 1864
1447690 1864
1447700 1855
1447710 1846
1447720 1846
1447730 1837
1447740 1829
1447750 1829
1447760 1822
1447770 1816
1447780 1816
1447790 1810
1447800 1805
1447810 1799
1447820 1799
1447830 1791
1447840 1781
1447850 1781
1447860 1775
1447870 1770
1447880 1770
1447890 1766
1447900 1760
1447910 1760
1447920 1753
1447930 1747
1447940 1747
1447950 1741
1447960 1735
1447970 1735
1447980 1729
1447990 1725
1448000 1727
1448010 1727
1448020 1733
1448030 1738
1448040 1738
1448050 1743
1448060 1749
1448070 1749
1448080 1754
1448090 1757
1448100 1757
1448110 1759
1448120 1761
1448130 1761
1448140 1762
1448150 1763
1448160 1763
1448170 1763
1448180 1762
1448190 1759
1448200 1759
1448210 1755
1448220 1752
1448230 1752
1448240 1751
1448250 1749
1448260 1749
1448270 1744
1448280 1741
1448290 1741
1448300 1741
1448310 1737
1448320 1737
1448330 1737
1448340 1735
1448350 1735
1448360 1733
1448370 1730
1448380 1726
1448390 1726
1448400 1721
1448410 1719
1448420 1719
1448430 1718
1448440 1716
1448450 1716
1448460 1716
1448470 1716
1448480 1716
1448490 1715
1448500 1715
1448510 1715
1448520 1715
1448530 1714
1448540 1714
1448550 1710
1448560 1706
1448570 1702
1448580 1702
1448590 1699
1448600 1696
1448610 1696
1448620 1691
1448630 1686
1448640 1686
1448650 1680
1448660 1674
1448670 1674
1448680 1667
1448690 1660
1448700 1660
1448710 1654
1448720 1649
1448730 1649
1448740 1643
1448750 1637
1448760 1632
1448770 1632
1448780 1626
1448790 1620
1448800 1620
1448810 1615
1448820 1609
1448830 1609
1448840 1604
1448850 1598
1448860 1598
1448870 1593
1448880 1585
1448890 1585
1448900 1578
1448910 1570
1448920 1570
1448930 1563
1448940 1557
1448950 1551
1448960 1551
1448970 1545
1448980 1540
1448990 1540
1449000 1535
1449010 1529
1449020 1529
1449030 1523
1449040 1516
1449050 1516
1449060 1510
1449070 1506
1449080 1506
1449090 1503
1449100 1501
1449110 1501
1449120 1497
1449130 1495
1449140 1490
1449150 1490
1449160 1486
1449170 1481
1449180 1481
1449190 1476
1449200 1471
1449210 1471
1449220 1465
1449230 1460
1449240 1460
1449250 1454
1449260 1447
1449270 1447
1449280 1441
1449290 1435
1449300 1435
1449310 1430
1449320 1424
1449330 1412
1449340 1412
1449350 1406
1449360 1411
1449370 1411
1449380 1414
1449390 1413
1449400 1413
1449410 1412
1449420 1415
1449430 1415
1449440 1415
1449450 1412
1449460 1412
1449470 1410
1449480 1411
1449490 1411
1449500 1414
1449510 1417
1449520 1419
1449530 1419
1449540 1419
1449550 1417
1449560 1417
1449570 1418
1449580 1423
1449590 1423
1449600 1427
1449610 1433
1449620 1433
1449630 1438
1449640 1441
1449650 1441
1449660 1442
1449670 1443
1449680 1443
1449690 1443
1449700 1443
1449710 1443
1449720 1443
1449730 1443
1449740 1444
1449750 1444
1449760 1444
1449770 1444
1449780 1444
1449790 1444
1449800 1444
1449810 1444
1449820 1444
1449830 1442
1449840 1442
1449850 1439
1449860 1436
1449870 1436
1449880 1434
1449890 1433
1449900 1435
1449910 1435
1449920 1440
1449930 1444
1449940 1444
1449950 1446
1449960 1449
1449970 1449
1449980 1452
1449990 1454
1450000 1454
1450010 1456
1450020 1457
1450030 1457
1450040 1458
1450050 1459
1450060 1459
1450070 1461
1450080 1462
1450090 1462
1450100 1462
1450110 1462
1450120 1461
1450130 1461
1450140 1459
1450150 1458
1450160 1458
1450170 1456
1450180 1455
1450190 1455
1450200 1456
1450210 1459
1450220 1459
1450230 1462
1450240 1467
1450250 1467
1450260 1471
1450270 1475
1450280 1479
1450290 1479
1450300 1486
1450310 1493
1450320 1493
1450330 1501
1450340 1507
1450350 1507
1450360 1513
1450370 1517
1450380 1517
1450390 1520
1450400 1529
1450410 1529
1450420 1539
1450430 1546
1450440 1546
1450450 1549
1450460 1551
1450470 1554
1450480 1554
1450490 1557
1450500 1560
1450510 1560
1450520 1562
1450530 1564
1450540 1564
1450550 1566
1450560 1568
1450570 1568
1450580 1569
1450590 1571
1450600 1571
1450610 1573
1450620 1575
1450630 1575
1450640 1577
1450650 1579
1450660 1580
1450670 1580
1450680 1581
1450690 1581
1450700 1581
1450710 1581
1450720 1580
1450730 1580
1450740 1579
1450750 1578
1450760 1578
1450770 1577
1450780 1575
1450790 1575
1450800 1573
1450810 1571
1450820 1571
1450830 1569
1450840 1568
1450850 1567
1450860 1567
1450870 1566
1450880 1564
1450890 1564
1450900 1564
1450910 1564
1450920 1564
1450930 1563
1450940 1562
1450950 1562
1450960 1561
1450970 1560
1450980 1560
1450990 1560
1451000 1559
1451010 1559
1451020 1561
1451030 1563
1451040 1564
1451050 1564
1451060 1565
1451070 1565
1451080 1565
1451090 1562
1451100 1559
1451110 1559
1451120 1556
1451130 1553
1451140 1553
1451150 1549
1451160 1546
1451170 1546
1451180 1542
1451190 1539
1451200 1539
1451210 1536
1451220 1535
1451230 1534
1451240 1534
1451250 1533
1451260 1533
1451270 1533
1451280 1531
1451290 1529
1451300 1529
1451310 1526
1451320 1524
1451330 1524
1451340 1523
1451350 1522
1451360 1522
1451370 1519
1451380 1517
1451390 1517
1451400 1516
1451410 1514
1451420 1511
1451430 1511
1451440 1509
1451450 1508
1451460 1508
1451470 1509
1451480 1509
1451490 1509
1451500 1507
1451510 1504
1451520 1504
1451530 1502
1451540 1499
1451550 1499
1451560 1496
1451570 1493
1451580 1493
1451590 1490
1451600 1487
1451610 1485
1451620 1485
1451630 1482
1451640 1475
1451650 1475
1451660 1469
1451670 1462
1451680 1462
1451690 1456
1451700 1452
1451710 1452
1451720 1448
1451730 1445
1451740 1445
1451750 1441
1451760 1437
1451770 1437
1451780 1433
1451790 1430
1451800 1428
1451810 1428
1451820 1425
1451830 1423
1451840 1423
1451850 1420
1451860 1418
1451870 1418
1451880 1417
1451890 1416
1451900 1416
1451910 1415
1451920 1414
1451930 1414
1451940 1411
1451950 1406
1451960 1406
1451970 1400
1451980 1396
1451990 1386
1452000 1386
1452010 1381
1452020 1377
1452030 1377
1452040 1372
1452050 1368
1452060 1368
1452070 1363
1452080 1358
1452090 1358
1452100 1353
1452110 1349
1452120 1349
1452130 1345
1452140 1342
1452150 1342
1452160 1338
1452170 1335
1452180 1332
1452190 1332
1452200 1330
1452210 1327
1452220 1327
1452230 1323
1452240 1320
1452250 1320
1452260 1317
1452270 1314
1452280 1314
1452290 1310
1452300 1306
1452310 1306
1452320 1302
1452330 1298
1452340 1298
1452350 1294
1452360 1291
1452370 1286
1452380 1286
1452390 1282
1452400 1277
1452410 1277
1452420 1273
1452430 1269
1452440 1269
1452450 1266
1452460 1263
1452470 1263
1452480 1259
1452490 1255
1452500 1255
1452510 1251
1452520 1247
1452530 1247
1452540 1242
1452550 1239
1452560 1235
1452570 1235
1452580 1230
1452590 1224
1452600 1224
1452610 1220
1452620 1216
1452630 1216
1452640 1213
1452650 1209
1452660 1209
1452670 1206
1452680 1203
1452690 1203
1452700 1200
1452710 1198
1452720 1198
1452730 1198
1452740 1197
1452750 1195
1452760 1195
1452770 1193
1452780 1190
1452790 1190
1452800 1187
1452810 1184
1452820 1184
1452830 1180
1452840 1172
1452850 1172
1452860 1165
1452870 1159
1452880 1159
1452890 1153
1452900 1148
1452910 1148
1452920 1144
1452930 1140
1452940 1137
1452950 1137
1452960 1131
1452970 1127
1452980 1127
1452990 1121
1453000 1115
1453010 1115
1453020 1112
1453030 1108
1453040 1108
1453050 1105
1453060 1102
1453070 1102
1453080 1098
1453090 1095
1453100 1095
1453110 1093
1453120 1091
1453130 1090
1453140 1090
1453150 1088
1453160 1085
1453170 1085
1453180 1081
1453190 1076
1453200 1076
1453210 1070
1453220 1057
1453230 1057
1453240 1049
1453250 1044
1453260 1044
1453270 1039
1453280 1035
1453290 1035
1453300 1032
1453310 1028
1453320 1023
1453330 1023
1453340 1016
1453350 1010
1453360 1010
1453370 1005
1453380 1001
1453390 1001
1453400 997
1453410 992
1453420 992
1453430 989
1453440 986
1453450 986
1453460 984
1453470 982
1453480 982
1453490 981
1453500 977
1453510 973
1453520 973
1453530 970
1453540 965
1453550 965
1453560 960
1453570 957
1453580 957
1453590 956
1453600 956
1453610 956
1453620 957
1453630 957
1453640 957
1453650 954
1453660 952
1453670 952
1453680 946
1453690 942
1453700 940
1453710 940
1453720 939
1453730 938
1453740 938
1453750 933
1453760 927
1453770 927
1453780 921
1453790 917
1453800 917
1453810 912
1453820 908
1453830 908
1453840 904
1453850 901
1453860 901
1453870 896
1453880 890
1453890 881
1453900 881
1453910 871
1453920 865
1453930 865
1453940 856
1453950 846
1453960 846
1453970 834
1453980 822
1453990 822
1454000 814
1454010 808
1454020 808
1454030 801
1454040 796
1454050 796
1454060 790
1454070 783
1454080 775
1454090 775
1454100 764
1454110 757
1454120 757
1454130 755
1454140 754
1454150 754
1454160 753
1454170 753
1454180 753
1454190 753
1454200 753
1454210 753
1454220 753
1454230 753
1454240 753
1454250 753
1454260 753
1454270 753
1454280 753
1454290 753
1454300 752
1454310 752
1454320 752
1454330 753
1454340 753
1454350 753
1454360 753
1454370 753
1454380 753
1454390 752
1454400 752
1454410 752
1454420 752
1454430 752
1454440 752
1454450 752
1454460 752
1454470 752
1454480 752
1454490 752
1454500 752
1454510 752
1454520 752
1454530 752
1454540 752
1454550 752
1454560 752
1454570 752
1454580 752
1454590 752
1454600 752
1454610 752
1454620 752
1454630 752
1454640 752
1454650 752
1454660 752
1454670 752
1454680 752
1454690 752
1454700 752
1454710 752
1454720 752
1454730 752
1454740 751
1454750 751
1454760 751
1454770 751
1454780 751
1454790 751
1454800 751
1454810 751
1454820 751
1454830 753
1454840 752
1454850 752
1454860 752
1454870 752
1454880 752
1454890 754
1454900 757
1454910 757
1454920 759
1454930 762
1454940 762
1454950 764
1454960 767
1454970 767
1454980 771
1454990 775
1455000 775
1455010 779
1455020 785
1455030 791
1455040 791
1455050 797
1455060 803
1455070 803
1455080 808
1455090 814
1455100 814
1455110 820
1455120 827
1455130 827
1455140 832
1455150 838
1455160 838
1455170 843
1455180 848
1455190 848
1455200 852
1455210 857
1455220 861
1455230 861
1455240 865
1455250 871
1455260 871
1455270 877
1455280 883
1455290 883
1455300 890
1455310 896
1455320 896
1455330 899
1455340 903
1455350 903
1455360 909
1455370 917
1455380 917
1455390 925
1455400 934
1455410 940
1455420 940
1455430 945
1455440 951
1455450 951
1455460 957
1455470 963
1455480 963
1455490 969
1455500 974
1455510 974
1455520 980
1455530 986
1455540 986
1455550 993
1455560 1001
1455570 1001
1455580 1009
1455590 1024
1455600 1033
1455610 1033
1455620 1037
1455630 1042
1455640 1042
1455650 1049
1455660 1056
1455670 1056
1455680 1062
1455690 1070
1455700 1070
1455710 1080
1455720 1088
1455730 1088
1455740 1096
1455750 1104
1455760 1116
1455770 1116
1455780 1131
1455790 1139
1455800 1139
1455810 1147
1455820 1153
1455830 1153
1455840 1160
1455850 1168
1455860 1168
1455870 1180
1455880 1186
1455890 1186
1455900 1192
1455910 1201
1455920 1201
1455930 1209
1455940 1218
1455950 1224
1455960 1224
1455970 1231
1455980 1238
1455990 1238
1456000 1247
1456010 1254
1456020 1254
1456030 1259
1456040 1263
1456050 1263
1456060 1267
1456070 1271
1456080 1271
1456090 1275
1456100 1279
1456110 1279
1456120 1283
1456130 1304
1456140 1310
1456150 1310
1456160 1311
1456170 1315
1456180 1315
1456190 1325
1456200 1334
1456210 1334
1456220 1345
1456230 1355
1456240 1355
1456250 1365
1456260 1372
1456270 1372
1456280 1381
1456290 1390
1456300 1390
1456310 1398
1456320 1405
1456330 1410
1456340 1410
1456350 1417
1456360 1424
1456370 1424
1456380 1431
1456390 1436
1456400 1436
1456410 1440
1456420 1447
1456430 1447
1456440 1456
1456450 1465
1456460 1465
1456470 1469
1456480 1471
1456490 1471
1456500 1471
1456510 1469
1456520 1470
1456530 1470
1456540 1475
1456550 1481
1456560 1481
1456570 1491
1456580 1498
1456590 1498
1456600 1501
1456610 1505
1456620 1505
1456630 1511
1456640 1519
1456650 1519
1456660 1524
1456670 1528
1456680 1528
1456690 1532
1456700 1529
1456710 1530
1456720 1530
1456730 1530
1456740 1530
1456750 1530
1456760 1533
1456770 1535
1456780 1535
1456790 1537
1456800 1539
1456810 1539
1456820 1540
1456830 1544
1456840 1544
1456850 1548
1456860 1549
1456870 1549
1456880 1549
1456890 1550
1456900 1552
1456910 1552
1456920 1553
1456930 1554
1456940 1554
1456950 1555
1456960 1556
1456970 1556
1456980 1558
1456990 1560
1457000 1560
1457010 1562
1457020 1564
1457030 1564
1457040 1565
1457050 1564
1457060 1564
1457070 1561
1457080 1561
1457090 1561
1457100 1561
1457110 1557
1457120 1553
1457130 1553
1457140 1548
1457150 1551
1457160 1551
1457170 1553
1457180 1549
1457190 1549
1457200 1545
1457210 1544
1457220 1544
1457230 1544
1457240 1544
1457250 1544
1457260 1548
1457270 1552
1457280 1555
1457290 1555
1457300 1559
1457310 1561
1457320 1561
1457330 1556
1457340 1557
1457350 1557
1457360 1563
1457370 1569
1457380 1569
1457390 1579
1457400 1589
1457410 1589
1457420 1597
1457430 1602
1457440 1602
1457450 1607
1457460 1613
1457470 1618
1457480 1618
1457490 1623
1457500 1629
1457510 1629
1457520 1635
1457530 1640
1457540 1640
1457550 1647
1457560 1654
1457570 1654
1457580 1660
1457590 1668
1457600 1668
1457610 1676
1457620 1683
1457630 1683
1457640 1691
1457650 1698
1457660 1706
1457670 1706
1457680 1714
1457690 1723
1457700 1723
1457710 1730
1457720 1738
1457730 1738
1457740 1749
1457750 1757
1457760 1757
1457770 1764
1457780 1772
1457790 1772
1457800 1777
1457810 1778
1457820 1778
1457830 1779
1457840 1775
1457850 1773
1457860 1773
1457870 1776
1457880 1782
1457890 1782
1457900 1786
1457910 1790
1457920 1790
1457930 1798
1457940 1803
1457950 1803
1457960 1802
1457970 1807
1457980 1807
1457990 1812
1458000 1817
1458010 1817
1458020 1822
1458030 1827
1458040 1837
1458050 1837
1458060 1843
1458070 1846
1458080 1846
1458090 1846
1458100 1846
1458110 1846
1458120 1845
1458130 1842
1458140 1842
1458150 1839
1458160 1845
1458170 1845
1458180 1852
1458190 1859
1458200 1859
1458210 1866
1458220 1876
1458230 1887
1458240 1887
1458250 1885
1458260 1881
1458270 1881
1458280 1880
1458290 1879
1458300 1879
1458310 1885
1458320 1895
1458330 1895
1458340 1907
1458350 1916
1458360 1916
1458370 1925
1458380 1941
1458390 1941
1458400 1960
1458410 1974
1458420 1982
1458430 1982
1458440 1986
1458450 1991
1458460 1991
1458470 1995
1458480 2000
1458490 2000
1458500 2005
1458510 2010
1458520 2010
1458530 2015
1458540 2020
1458550 2020
1458560 2025
1458570 2031
1458580 2031
1458590 2037
1458600 2047
1458610 2057
1458620 2057
1458630 2066
1458640 2075
1458650 2075
1458660 2087
1458670 2094
1458680 2094
1458690 2099
1458700 2104
1458710 2104
1458720 2109
1458730 2116
1458740 2116
1458750 2123
1458760 2129
1458770 2129
1458780 2135
1458790 2143
1458800 2150
1458810 2150
1458820 2158
1458830 2165
1458840 2165
1458850 2173
1458860 2181
1458870 2181
1458880 2189
1458890 2197
1458900 2197
1458910 2206
1458920 2213
1458930 2213
1458940 2219
1458950 2226
1458960 2226
1458970 2231
1458980 2235
1458990 2240
1459000 2240
1459010 2244
1459020 2248
1459030 2248
1459040 2254
1459050 2260
1459060 2260
1459070 2268
1459080 2275
1459090 2275
1459100 2280
1459110 2285
1459120 2285
1459130 2289
1459140 2294
1459150 2294
1459160 2298
1459170 2302
1459180 2309
1459190 2309
1459200 2316
1459210 2322
1459220 2322
1459230 2327
1459240 2330
1459250 2330
1459260 2333
1459270 2336
1459280 2336
1459290 2341
1459300 2345
1459310 2345
1459320 2348
1459330 2350
1459340 2350
1459350 2352
1459360 2354
1459370 2358
1459380 2358
1459390 2361
1459400 2364
1459410 2364
1459420 2367
1459430 2370
1459440 2370
1459450 2372
1459460 2375
1459470 2375
1459480 2378
1459490 2384
1459500 2384
1459510 2395
1459520 2402
1459530 2402
1459540 2399
1459550 2392
1459560 2384
1459570 2384
1459580 2377
1459590 2368
1459600 2368
1459610 2359
1459620 2347
1459630 2347
1459640 2337
1459650 2325
1459660 2325
1459670 2314
1459680 2302
1459690 2302
1459700 2290
1459710 2283
1459720 2283
1459730 2275
1459740 2269
1459750 2262
1459760 2262
1459770 2255
1459780 2249
1459790 2249
1459800 2244
1459810 2239
1459820 2239
1459830 2234
1459840 2229
1459850 2229
1459860 2220
1459870 2211
1459880 2211
1459890 2208
1459900 2204
1459910 2204
1459920 2198
1459930 2188
1459940 2180
1459950 2180
1459960 2174
1459970 2166
1459980 2166
1459990 2160
