1440000 2019
1440010 2023
1440020 2023
1440030 2026
1440040 2030
1440050 2033
1440060 2033
1440070 2038
1440080 2042
1440090 2042
1440100 2045
1440110 2050
1440120 2050
1440130 2055
1440140 2061
1440150 2061
1440160 2070
1440170 2077
1440180 2077
1440190 2081
1440200 2083
1440210 2083
1440220 2088
1440230 2095
1440240 2101
1440250 2101
1440260 2107
1440270 2113
1440280 2113
1440290 2121
1440300 2131
1440310 2131
1440320 2136
1440330 2141
1440340 2141
1440350 2147
1440360 2151
1440370 2151
1440380 2157
1440390 2163
1440400 2163
1440410 2170
1440420 2179
1440430 2187
1440440 2187
1440450 2194
1440460 2201
1440470 2201
1440480 2212
1440490 2221
1440500 2221
1440510 2226
1440520 2234
1440530 2234
1440540 2240
1440550 2248
1440560 2248
1440570 2255
1440580 2261
1440590 2261
1440600 2266
1440610 2272
1440620 2278
1440630 2278
1440640 2285
1440650 2292
1440660 2292
1440670 2299
1440680 2303
1440690 2303
1440700 2308
1440710 2313
1440720 2313
1440730 2315
1440740 2318
1440750 2318
1440760 2321
1440770 2325
1440780 2325
1440790 2330
1440800 2338
1440810 2345
1440820 2345
1440830 2350
1440840 2357
1440850 2357
1440860 2365
1440870 2373
1440880 2373
1440890 2374
1440900 2373
1440910 2373
1440920 2372
1440930 2374
1440940 2374
1440950 2377
1440960 2376
1440970 2376
1440980 2381
1440990 2383
1441000 2381
1441010 2381
1441020 2380
1441030 2380
1441040 2380
1441050 2380
1441060 2384
1441070 2384
1441080 2381
1441090 2375
1441100 2380
1441110 2375
1441120 2372
1441130 2372
1441140 2367
1441150 2362
1441160 2362
1441170 2356
1441180 2352
1441190 2350
1441200 2350
1441210 2349
1441220 2345
1441230 2345
1441240 2339
1441250 2332
1441260 2332
1441270 2325
1441280 2319
1441290 2319
1441300 2314
1441310 2307
1441320 2307
1441330 2299
1441340 2294
1441350 2294
1441360 2289
1441370 2285
1441380 2281
1441390 2281
1441400 2276
1441410 2271
1441420 2271
1441430 2265
1441440 2259
1441450 2259
1441460 2255
1441470 2254
1441480 2254
1441490 2253
1441500 2250
1441510 2250
1441520 2245
1441530 2237
1441540 2237
1441550 2229
1441560 2221
1441570 2214
1441580 2214
1441590 2207
1441600 2200
1441610 2200
1441620 2196
1441630 2195
1441640 2195
1441650 2192
1441660 2187
1441670 2187
1441680 2183
1441690 2181
1441700 2181
1441710 2177
1441720 2172
1441730 2172
1441740 2168
1441750 2167
1441760 2164
1441770 2164
1441780 2161
1441790 2158
1441800 2158
1441810 2151
1441820 2145
1441830 2145
1441840 2141
1441850 2137
1441860 2137
1441870 2135
1441880 2133
1441890 2133
1441900 2130
1441910 2129
1441920 2129
1441930 2127
1441940 2126
1441950 2123
1441960 2123
1441970 2121
1441980 2120
1441990 2120
1442000 2120
1442010 2121
1442020 2121
1442030 2121
1442040 2120
1442050 2120
1442060 2117
1442070 2115
1442080 2115
1442090 2111
1442100 2108
1442110 2108
1442120 2107
1442130 2107
1442140 2107
1442150 2107
1442160 2107
1442170 2107
1442180 2107
1442190 2108
1442200 2109
1442210 2109
1442220 2111
1442230 2115
1442240 2115
1442250 2119
1442260 2122
1442270 2122
1442280 2124
1442290 2124
1442300 2124
1442310 2123
1442320 2124
1442330 2123
1442340 2123
1442350 2122
1442360 2124
1442370 2124
1442380 2126
1442390 2130
1442400 2130
1442410 2134
1442420 2142
1442430 2142
1442440 2148
1442450 2155
1442460 2155
1442470 2160
1442480 2164
1442490 2164
1442500 2168
1442510 2173
1442520 2180
1442530 2180
1442540 2188
1442550 2193
1442560 2193
1442570 2196
1442580 2201
1442590 2201
1442600 2206
1442610 2210
1442620 2210
1442630 2214
1442640 2219
1442650 2219
1442660 2225
1442670 2232
1442680 2232
1442690 2241
1442700 2249
1442710 2263
1442720 2263
1442730 2272
1442740 2279
1442750 2279
1442760 2279
1442770 2277
1442780 2277
1442790 2271
1442800 2264
1442810 2264
1442820 2258
1442830 2254
1442840 2254
1442850 2285
1442860 2308
1442870 2308
1442880 2310
1442890 2306
1442900 2307
1442910 2307
1442920 2309
1442930 2312
1442940 2312
1442950 2312
1442960 2304
1442970 2304
1442980 2298
1442990 2292
1443000 2292
1443010 2284
1443020 2285
1443030 2285
1443040 2289
1443050 2287
1443060 2287
1443070 2288
1443080 2290
1443090 2293
1443100 2293
1443110 2299
1443120 2306
1443130 2306
1443140 2321
1443150 2332
1443160 2332
1443170 2344
1443180 2359
1443190 2359
1443200 2374
1443210 2375
1443220 2375
1443230 2372
1443240 2366
1443250 2366
1443260 2360
1443270 2353
1443280 2348
1443290 2348
1443300 2341
1443310 2335
1443320 2335
1443330 2331
1443340 2329
1443350 2329
1443360 2328
1443370 2325
1443380 2325
1443390 2323
1443400 2321
1443410 2321
1443420 2315
1443430 2311
1443440 2311
1443450 2309
1443460 2302
1443470 2295
1443480 2295
1443490 2289
1443500 2284
1443510 2284
1443520 2280
1443530 2280
1443540 2280
1443550 2282
1443560 2284
1443570 2284
1443580 2287
1443590 2289
1443600 2289
1443610 2292
1443620 2295
1443630 2295
1443640 2298
1443650 2300
1443660 2304
1443670 2304
1443680 2309
1443690 2319
1443700 2319
1443710 2329
1443720 2340
1443730 2340
1443740 2348
1443750 2354
1443760 2354
1443770 2360
1443780 2367
1443790 2367
1443800 2374
1443810 2381
1443820 2381
1443830 2388
1443840 2394
1443850 2401
1443860 2401
1443870 2408
1443880 2415
1443890 2415
1443900 2424
1443910 2444
1443920 2444
1443930 2457
1443940 2466
1443950 2466
1443960 2474
1443970 2481
1443980 2481
1443990 2487
1444000 2494
1444010 2494
1444020 2500
1444030 2499
1444040 2491
1444050 2491
1444060 2484
1444070 2479
1444080 2479
1444090 2474
1444100 2470
1444110 2495
1444120 2489
1444130 2483
1444140 2483
1444150 2475
1444160 2469
1444170 2469
1444180 2466
1444190 2467
1444200 2467
1444210 2471
1444220 2469
1444230 2463
1444240 2463
1444250 2463
1444260 2478
1444270 2478
1444280 2482
1444290 2477
1444300 2477
1444310 2470
1444320 2464
1444330 2464
1444340 2456
1444350 2448
1444360 2448
1444370 2440
1444380 2433
1444390 2433
1444400 2426
1444410 2420
1444420 2413
1444430 2413
1444440 2408
1444450 2403
1444460 2403
1444470 2398
1444480 2392
1444490 2392
1444500 2387
1444510 2382
1444520 2382
1444530 2378
1444540 2373
1444550 2373
1444560 2369
1444570 2364
1444580 2364
1444590 2357
1444600 2350
1444610 2344
1444620 2344
1444630 2337
1444640 2331
1444650 2331
1444660 2324
1444670 2315
1444680 2315
1444690 2308
1444700 2302
1444710 2302
1444720 2296
1444730 2290
1444740 2290
1444750 2286
1444760 2282
1444770 2282
1444780 2279
1444790 2276
1444800 2273
1444810 2273
1444820 2271
1444830 2268
1444840 2268
1444850 2265
1444860 2262
1444870 2262
1444880 2260
1444890 2257
1444900 2257
1444910 2255
1444920 2255
1444930 2255
1444940 2255
1444950 2256
1444960 2255
1444970 2255
1444980 2254
1444990 2253
1445000 2253
1445010 2252
1445020 2253
1445030 2253
1445040 2253
1445050 2252
1445060 2252
1445070 2251
1445080 2249
1445090 2249
1445100 2246
1445110 2244
1445120 2244
1445130 2243
1445140 2242
1445150 2242
1445160 2242
1445170 2241
1445180 2241
1445190 2241
1445200 2241
1445210 2242
1445220 2242
1445230 2242
1445240 2241
1445250 2241
1445260 2242
1445270 2242
1445280 2242
1445290 2241
1445300 2240
1445310 2240
1445320 2237
1445330 2233
1445340 2229
1445350 2229
1445360 2225
1445370 2222
1445380 2222
1445390 2219
1445400 2217
1445410 2217
1445420 2214
1445430 2211
1445440 2211
1445450 2209
1445460 2207
1445470 2207
1445480 2205
1445490 2204
1445500 2204
1445510 2204
1445520 2204
1445530 2203
1445540 2203
1445550 2202
1445560 2201
1445570 2201
1445580 2201
1445590 2202
1445600 2202
1445610 2203
1445620 2203
1445630 2203
1445640 2202
1445650 2201
1445660 2201
1445670 2199
1445680 2197
1445690 2197
1445700 2196
1445710 2195
1445720 2191
1445730 2191
1445740 2187
1445750 2182
1445760 2182
1445770 2177
1445780 2174
1445790 2174
1445800 2170
1445810 2167
1445820 2167
1445830 2164
1445840 2160
1445850 2160
1445860 2154
1445870 2151
1445880 2151
1445890 2149
1445900 2146
1445910 2141
1445920 2141
1445930 2136
1445940 2131
1445950 2131
1445960 2122
1445970 2115
1445980 2115
1445990 2108
1446000 2101
1446010 2101
1446020 2098
1446030 2095
1446040 2095
1446050 2095
1446060 2094
1446070 2094
1446080 2093
1446090 2092
1446100 2090
1446110 2090
1446120 2088
1446130 2085
1446140 2085
1446150 2081
1446160 2075
1446170 2075
1446180 2069
1446190 2064
1446200 2064
1446210 2060
1446220 2055
1446230 2055
1446240 2049
1446250 2044
1446260 2044
1446270 2041
1446280 2039
1446290 2036
1446300 2036
1446310 2031
1446320 2026
1446330 2026
1446340 2022
1446350 2017
1446360 2017
1446370 2013
1446380 2009
1446390 2009
1446400 2007
1446410 2004
1446420 2004
1446430 2002
1446440 1999
1446450 1999
1446460 1995
1446470 1993
1446480 1993
1446490 1993
1446500 1992
1446510 1989
1446520 1989
1446530 1987
1446540 1986
1446550 1986
1446560 1984
1446570 1979
1446580 1979
1446590 1970
1446600 1961
1446610 1961
1446620 1953
1446630 1945
1446640 1945
1446650 1937
1446660 1934
1446670 1937
1446680 1937
1446690 1939
1446700 1941
1446710 1941
1446720 1942
1446730 1941
1446740 1941
1446750 1939
1446760 1939
1446770 1939
1446780 1940
1446790 1940
1446800 1940
1446810 1937
1446820 1936
1446830 1936
1446840 1932
1446850 1928
1446860 1921
1446870 1921
1446880 1917
1446890 1912
1446900 1912
1446910 1907
1446920 1902
1446930 1902
1446940 1899
1446950 1894
1446960 1894
1446970 1887
1446980 1882
1446990 1882
1447000 1879
1447010 1877
1447020 1877
1447030 1875
1447040 1873
1447050 1872
1447060 1872
1447070 1873
1447080 1876
1447090 1876
1447100 1881
1447110 1885
1447120 1885
1447130 1890
1447140 1894
1447150 1894
1447160 1897
1447170 1900
1447180 1900
1447190 1904
1447200 1907
1447210 1907
1447220 1911
1447230 1914
1447240 1917
1447250 1917
1447260 1921
1447270 1925
1447280 1925
1447290 1928
1447300 1930
1447310 1930
1447320 1932
1447330 1932
1447340 1932
1447350 1932
1447360 1932
1447370 1932
1447380 1927
1447390 1923
1447400 1923
1447410 1919
1447420 1915
1447430 1910
1447440 1910
1447450 1908
1447460 1908
1447470 1908
1447480 1910
1447490 1913
1447500 1913
1447510 1914
1447520 1914
1447530 1914
1447540 1913
1447550 1911
1447560 1911
1447570 1909
1447580 1907
1447590 1907
1447600 1905
1447610 1904
1447620 1902
1447630 1902
1447640 1897
1447650 1889
1447660 1889
1447670 1880
1447680 1871
1447690 1871
1447700 1861
1447710 1850
1447720 1850
1447730 1840
1447740 1833
1447750 1833
1447760 1826
1447770 1820
1447780 1820
1447790 1815
1447800 1810
1447810 1804
1447820 1804
1447830 1798
1447840 1791
1447850 1791
1447860 1785
1447870 1779
1447880 1779
1447890 1773
1447900 1766
1447910 1766
1447920 1758
1447930 1750
1447940 1750
1447950 1741
1447960 1735
1447970 1735
1447980 1737
1447990 1742
1448000 1746
1448010 1746
1448020 1750
1448030 1754
1448040 1754
1448050 1758
1448060 1762
1448070 1762
1448080 1765
1448090 1768
1448100 1768
1448110 1769
1448120 1771
1448130 1771
1448140 1772
1448150 1774
1448160 1774
1448170 1774
1448180 1774
1448190 1771
1448200 1771
1448210 1767
1448220 1764
1448230 1764
1448240 1760
1448250 1758
1448260 1758
1448270 1755
1448280 1752
1448290 1752
1448300 1748
1448310 1748
1448320 1748
1448330 1748
1448340 1747
1448350 1747
1448360 1745
1448370 1741
1448380 1738
1448390 1738
1448400 1736
1448410 1734
1448420 1734
1448430 1735
1448440 1736
1448450 1736
1448460 1737
1448470 1737
1448480 1737
1448490 1736
1448500 1733
1448510 1733
1448520 1729
1448530 1724
1448540 1724
1448550 1719
1448560 1714
1448570 1709
1448580 1709
1448590 1704
1448600 1699
1448610 1699
1448620 1694
1448630 1688
1448640 1688
1448650 1682
1448660 1676
1448670 1676
1448680 1671
1448690 1666
1448700 1666
1448710 1660
1448720 1655
1448730 1655
1448740 1649
1448750 1644
1448760 1638
1448770 1638
1448780 1634
1448790 1627
1448800 1627
1448810 1622
1448820 1615
1448830 1615
1448840 1609
1448850 1603
1448860 1603
1448870 1597
1448880 1591
1448890 1591
1448900 1585
1448910 1579
1448920 1579
1448930 1573
1448940 1566
1448950 1560
1448960 1560
1448970 1554
1448980 1548
1448990 1548
1449000 1543
1449010 1534
1449020 1534
1449030 1529
1449040 1528
1449050 1528
1449060 1521
1449070 1515
1449080 1515
1449090 1510
1449100 1504
1449110 1504
1449120 1498
1449130 1493
1449140 1487
1449150 1487
1449160 1483
1449170 1479
1449180 1479
1449190 1476
1449200 1473
1449210 1473
1449220 1470
1449230 1467
1449240 1467
1449250 1463
1449260 1457
1449270 1457
1449280 1449
1449290 1441
1449300 1441
1449310 1433
1449320 1424
1449330 1419
1449340 1419
1449350 1424
1449360 1431
1449370 1431
1449380 1437
1449390 1437
1449400 1437
1449410 1435
1449420 1434
1449430 1434
1449440 1428
1449450 1421
1449460 1421
1449470 1419
1449480 1421
1449490 1421
1449500 1421
1449510 1421
1449520 1421
1449530 1421
1449540 1421
1449550 1421
1449560 1421
1449570 1422
1449580 1424
1449590 1424
1449600 1429
1449610 1434
1449620 1434
1449630 1440
1449640 1446
1449650 1446
1449660 1450
1449670 1453
1449680 1453
1449690 1454
1449700 1456
1449710 1458
1449720 1458
1449730 1459
1449740 1459
1449750 1459
1449760 1459
1449770 1459
1449780 1459
1449790 1459
1449800 1458
1449810 1458
1449820 1457
1449830 1456
1449840 1456
1449850 1453
1449860 1449
1449870 1449
1449880 1445
1449890 1444
1449900 1445
1449910 1445
1449920 1447
1449930 1449
1449940 1449
1449950 1454
1449960 1459
1449970 1459
1449980 1463
1449990 1467
1450000 1467
1450010 1470
1450020 1471
1450030 1471
1450040 1472
1450050 1473
1450060 1473
1450070 1474
1450080 1475
1450090 1476
1450100 1476
1450110 1476
1450120 1476
1450130 1476
1450140 1476
1450150 1475
1450160 1475
1450170 1472
1450180 1469
1450190 1469
1450200 1466
1450210 1467
1450220 1467
1450230 1470
1450240 1473
1450250 1473
1450260 1476
1450270 1480
1450280 1484
1450290 1484
1450300 1488
1450310 1492
1450320 1492
1450330 1497
1450340 1504
1450350 1504
1450360 1511
1450370 1517
1450380 1517
1450390 1523
1450400 1531
1450410 1531
1450420 1539
1450430 1548
1450440 1548
1450450 1557
1450460 1562
1450470 1564
1450480 1564
1450490 1566
1450500 1569
1450510 1569
1450520 1571
1450530 1573
1450540 1573
1450550 1576
1450560 1577
1450570 1577
1450580 1579
1450590 1582
1450600 1582
1450610 1584
1450620 1585
1450630 1585
1450640 1587
1450650 1587
1450660 1588
1450670 1588
1450680 1589
1450690 1591
1450700 1591
1450710 1592
1450720 1592
1450730 1592
1450740 1592
1450750 1592
1450760 1592
1450770 1591
1450780 1589
1450790 1589
1450800 1587
1450810 1586
1450820 1586
1450830 1584
1450840 1582
1450850 1580
1450860 1580
1450870 1581
1450880 1580
1450890 1580
1450900 1579
1450910 1578
1450920 1578
1450930 1577
1450940 1576
1450950 1576
1450960 1570
1450970 1570
1450980 1570
1450990 1572
1451000 1573
1451010 1573
1451020 1575
1451030 1576
1451040 1577
1451050 1577
1451060 1576
1451070 1575
1451080 1575
1451090 1574
1451100 1572
1451110 1572
1451120 1569
1451130 1566
1451140 1566
1451150 1563
1451160 1560
1451170 1560
1451180 1556
1451190 1554
1451200 1554
1451210 1550
1451220 1546
1451230 1543
1451240 1543
1451250 1540
1451260 1539
1451270 1539
1451280 1538
1451290 1536
1451300 1536
1451310 1534
1451320 1531
1451330 1531
1451340 1526
1451350 1524
1451360 1524
1451370 1523
1451380 1520
1451390 1520
1451400 1518
1451410 1516
1451420 1515
1451430 1515
1451440 1513
1451450 1511
1451460 1511
1451470 1509
1451480 1507
1451490 1507
1451500 1506
1451510 1505
1451520 1505
1451530 1504
1451540 1503
1451550 1503
1451560 1500
1451570 1496
1451580 1496
1451590 1494
1451600 1489
1451610 1485
1451620 1485
1451630 1481
1451640 1476
1451650 1476
1451660 1470
1451670 1465
1451680 1465
1451690 1459
1451700 1455
1451710 1455
1451720 1452
1451730 1450
1451740 1450
1451750 1447
1451760 1442
1451770 1442
1451780 1438
1451790 1435
1451800 1430
1451810 1430
1451820 1427
1451830 1423
1451840 1423
1451850 1419
1451860 1416
1451870 1416
1451880 1414
1451890 1413
1451900 1413
1451910 1411
1451920 1410
1451930 1410
1451940 1410
1451950 1408
1451960 1408
1451970 1406
1451980 1404
1451990 1400
1452000 1400
1452010 1395
1452020 1391
1452030 1391
1452040 1385
1452050 1380
1452060 1380
1452070 1375
1452080 1370
1452090 1370
1452100 1366
1452110 1360
1452120 1360
1452130 1355
1452140 1351
1452150 1351
1452160 1347
1452170 1344
1452180 1340
1452190 1340
1452200 1336
1452210 1333
1452220 1333
1452230 1330
1452240 1326
1452250 1326
1452260 1322
1452270 1318
1452280 1318
1452290 1314
1452300 1310
1452310 1310
1452320 1305
1452330 1301
1452340 1301
1452350 1296
1452360 1293
1452370 1289
1452380 1289
1452390 1286
1452400 1283
1452410 1283
1452420 1279
1452430 1275
1452440 1275
1452450 1271
1452460 1267
1452470 1267
1452480 1262
1452490 1258
1452500 1258
1452510 1254
1452520 1250
1452530 1250
1452540 1246
1452550 1242
1452560 1237
1452570 1237
1452580 1233
1452590 1228
1452600 1228
1452610 1224
1452620 1220
1452630 1220
1452640 1217
1452650 1213
1452660 1213
1452670 1208
1452680 1204
1452690 1204
1452700 1199
1452710 1195
1452720 1195
1452730 1192
1452740 1189
1452750 1185
1452760 1185
1452770 1181
1452780 1176
1452790 1176
1452800 1171
1452810 1165
1452820 1165
1452830 1163
1452840 1162
1452850 1162
1452860 1161
1452870 1159
1452880 1159
1452890 1152
1452900 1147
1452910 1147
1452920 1142
1452930 1137
1452940 1132
1452950 1132
1452960 1129
1452970 1125
1452980 1125
1452990 1121
1453000 1119
1453010 1119
1453020 1116
1453030 1113
1453040 1113
1453050 1111
1453060 1108
1453070 1108
1453080 1103
1453090 1099
1453100 1099
1453110 1094
1453120 1090
1453130 1087
1453140 1087
1453150 1085
1453160 1082
1453170 1082
1453180 1079
1453190 1075
1453200 1075
1453210 1071
1453220 1067
1453230 1067
1453240 1063
1453250 1056
1453260 1056
1453270 1046
1453280 1042
1453290 1042
1453300 1037
1453310 1033
1453320 1028
1453330 1028
1453340 1024
1453350 1020
1453360 1020
1453370 1016
1453380 1012
1453390 1012
1453400 1011
1453410 1010
1453420 1010
1453430 1008
1453440 1008
1453450 1008
1453460 1006
1453470 999
1453480 999
1453490 997
1453500 995
1453510 990
1453520 990
1453530 984
1453540 976
1453550 976
1453560 971
1453570 967
1453580 967
1453590 961
1453600 958
1453610 958
1453620 957
1453630 956
1453640 956
1453650 954
1453660 953
1453670 953
1453680 951
1453690 947
1453700 943
1453710 943
1453720 940
1453730 936
1453740 936
1453750 935
1453760 933
1453770 933
1453780 931
1453790 927
1453800 927
1453810 921
1453820 914
1453830 914
1453840 908
1453850 904
1453860 904
1453870 896
1453880 889
1453890 880
1453900 880
1453910 871
1453920 863
1453930 863
1453940 856
1453950 849
1453960 849
1453970 843
1453980 834
1453990 834
1454000 826
1454010 818
1454020 818
1454030 812
1454040 805
1454050 805
1454060 800
1454070 796
1454080 792
1454090 792
1454100 787
1454110 780
1454120 780
1454130 773
1454140 763
1454150 763
1454160 757
1454170 758
1454180 758
1454190 759
1454200 758
1454210 758
1454220 756
1454230 754
1454240 754
1454250 753
1454260 753
1454270 753
1454280 753
1454290 753
1454300 752
1454310 752
1454320 752
1454330 752
1454340 752
1454350 752
1454360 753
1454370 753
1454380 753
1454390 753
1454400 753
1454410 752
1454420 752
1454430 752
1454440 752
1454450 752
1454460 752
1454470 752
1454480 752
1454490 752
1454500 752
1454510 752
1454520 752
1454530 752
1454540 752
1454550 752
1454560 752
1454570 752
1454580 752
1454590 752
1454600 752
1454610 752
1454620 752
1454630 752
1454640 751
1454650 751
1454660 751
1454670 752
1454680 752
1454690 752
1454700 751
1454710 751
1454720 751
1454730 751
1454740 751
1454750 751
1454760 751
1454770 751
1454780 751
1454790 751
1454800 751
1454810 751
1454820 751
1454830 752
1454840 753
1454850 753
1454860 752
1454870 752
1454880 752
1454890 752
1454900 754
1454910 754
1454920 758
1454930 761
1454940 761
1454950 762
1454960 765
1454970 765
1454980 768
1454990 773
1455000 778
1455010 778
1455020 783
1455030 788
1455040 788
1455050 794
1455060 801
1455070 801
1455080 806
1455090 812
1455100 812
1455110 817
1455120 823
1455130 823
1455140 827
1455150 832
1455160 832
1455170 836
1455180 841
1455190 845
1455200 845
1455210 849
1455220 852
1455230 852
1455240 855
1455250 860
1455260 860
1455270 866
1455280 871
1455290 871
1455300 876
1455310 884
1455320 884
1455330 893
1455340 901
1455350 901
1455360 907
1455370 913
1455380 918
1455390 918
1455400 923
1455410 930
1455420 930
1455430 936
1455440 942
1455450 942
1455460 949
1455470 958
1455480 958
1455490 964
1455500 969
1455510 969
1455520 976
1455530 984
1455540 984
1455550 991
1455560 998
1455570 1005
1455580 1005
1455590 1010
1455600 1016
1455610 1016
1455620 1024
1455630 1030
1455640 1030
1455650 1036
1455660 1044
1455670 1044
1455680 1051
1455690 1058
1455700 1058
1455710 1066
1455720 1078
1455730 1078
1455740 1085
1455750 1091
1455760 1101
1455770 1101
1455780 1119
1455790 1133
1455800 1133
1455810 1144
1455820 1152
1455830 1152
1455840 1157
1455850 1162
1455860 1162
1455870 1169
1455880 1175
1455890 1175
1455900 1181
1455910 1189
1455920 1189
1455930 1200
1455940 1208
1455950 1213
1455960 1213
1455970 1221
1455980 1230
1455990 1230
1456000 1238
1456010 1248
1456020 1248
1456030 1255
1456040 1258
1456050 1258
1456060 1260
1456070 1263
1456080 1263
1456090 1267
1456100 1271
1456110 1271
1456120 1276
1456130 1282
1456140 1289
1456150 1289
1456160 1296
1456170 1303
1456180 1303
1456190 1313
1456200 1322
1456210 1322
1456220 1334
1456230 1345
1456240 1345
1456250 1355
1456260 1362
1456270 1362
1456280 1369
1456290 1376
1456300 1376
1456310 1383
1456320 1391
1456330 1401
1456340 1401
1456350 1408
1456360 1418
1456370 1418
1456380 1427
1456390 1433
1456400 1433
1456410 1435
1456420 1440
1456430 1440
1456440 1447
1456450 1453
1456460 1453
1456470 1460
1456480 1466
1456490 1466
1456500 1466
1456510 1464
1456520 1463
1456530 1463
1456540 1465
1456550 1468
1456560 1468
1456570 1473
1456580 1481
1456590 1481
1456600 1487
1456610 1494
1456620 1494
1456630 1499
1456640 1503
1456650 1503
1456660 1508
1456670 1509
1456680 1509
1456690 1509
1456700 1508
1456710 1511
1456720 1511
1456730 1514
1456740 1515
1456750 1515
1456760 1515
1456770 1516
1456780 1516
1456790 1521
1456800 1521
1456810 1521
1456820 1520
1456830 1522
1456840 1522
1456850 1524
1456860 1525
1456870 1525
1456880 1527
1456890 1528
1456900 1529
1456910 1529
1456920 1531
1456930 1533
1456940 1533
1456950 1534
1456960 1533
1456970 1533
1456980 1534
1456990 1536
1457000 1536
1457010 1538
1457020 1539
1457030 1539
1457040 1538
1457050 1537
1457060 1537
1457070 1535
1457080 1532
1457090 1532
1457100 1532
1457110 1531
1457120 1528
1457130 1528
1457140 1523
1457150 1519
1457160 1519
1457170 1519
1457180 1519
1457190 1519
1457200 1518
1457210 1520
1457220 1520
1457230 1521
1457240 1526
1457250 1526
1457260 1529
1457270 1533
1457280 1536
1457290 1536
1457300 1533
1457310 1538
1457320 1538
1457330 1551
1457340 1562
1457350 1562
1457360 1571
1457370 1580
1457380 1580
1457390 1587
1457400 1593
1457410 1593
1457420 1599
1457430 1606
1457440 1606
1457450 1612
1457460 1619
1457470 1626
1457480 1626
1457490 1632
1457500 1638
1457510 1638
1457520 1644
1457530 1651
1457540 1651
1457550 1658
1457560 1664
1457570 1664
1457580 1671
1457590 1680
1457600 1680
1457610 1689
1457620 1699
1457630 1699
1457640 1709
1457650 1715
1457660 1723
1457670 1723
1457680 1731
1457690 1737
1457700 1737
1457710 1741
1457720 1746
1457730 1746
1457740 1750
1457750 1752
1457760 1752
1457770 1752
1457780 1750
1457790 1750
1457800 1748
1457810 1745
1457820 1745
1457830 1747
1457840 1748
1457850 1746
1457860 1746
1457870 1750
1457880 1754
1457890 1754
1457900 1758
1457910 1761
1457920 1761
1457930 1766
1457940 1770
1457950 1770
1457960 1770
1457970 1776
1457980 1776
1457990 1785
1458000 1792
1458010 1792
1458020 1797
1458030 1801
1458040 1807
1458050 1807
1458060 1815
1458070 1820
1458080 1820
1458090 1822
1458100 1822
1458110 1822
1458120 1823
1458130 1818
1458140 1818
1458150 1825
1458160 1831
1458170 1831
1458180 1837
1458190 1841
1458200 1841
1458210 1845
1458220 1849
1458230 1845
1458240 1845
1458250 1849
1458260 1862
1458270 1862
1458280 1877
1458290 1890
1458300 1890
1458310 1902
1458320 1912
1458330 1912
1458340 1918
1458350 1924
1458360 1924
1458370 1932
1458380 1941
1458390 1941
1458400 1949
1458410 1956
1458420 1965
1458430 1965
1458440 1979
1458450 1990
1458460 1990
1458470 1998
1458480 2004
1458490 2004
1458500 2009
1458510 2015
1458520 2015
1458530 2021
1458540 2026
1458550 2026
1458560 2033
1458570 2042
1458580 2042
1458590 2051
1458600 2060
1458610 2070
1458620 2070
1458630 2079
1458640 2088
1458650 2088
1458660 2098
1458670 2109
1458680 2109
1458690 2115
1458700 2119
1458710 2119
1458720 2123
1458730 2128
1458740 2128
1458750 2133
1458760 2138
1458770 2138
1458780 2145
1458790 2153
1458800 2161
1458810 2161
1458820 2168
1458830 2175
1458840 2175
1458850 2183
1458860 2190
1458870 2190
1458880 2197
1458890 2204
1458900 2204
1458910 2211
1458920 2219
1458930 2219
1458940 2225
1458950 2231
1458960 2231
1458970 2236
1458980 2240
1458990 2243
1459000 2243
1459010 2246
1459020 2252
1459030 2252
1459040 2257
1459050 2263
1459060 2263
1459070 2270
1459080 2276
1459090 2276
1459100 2280
1459110 2286
1459120 2286
1459130 2292
1459140 2299
1459150 2299
1459160 2305
1459170 2309
1459180 2313
1459190 2313
1459200 2316
1459210 2318
1459220 2318
1459230 2319
1459240 2321
1459250 2321
1459260 2323
1459270 2326
1459280 2326
1459290 2330
1459300 2335
1459310 2335
1459320 2340
1459330 2343
1459340 2343
1459350 2346
1459360 2349
1459370 2350
1459380 2350
1459390 2353
1459400 2355
1459410 2355
1459420 2358
1459430 2360
1459440 2360
1459450 2358
1459460 2357
1459470 2357
1459480 2362
1459490 2364
1459500 2364
1459510 2368
1459520 2379
1459530 2379
1459540 2384
1459550 2388
1459560 2386
1459570 2386
1459580 2380
1459590 2370
1459600 2370
1459610 2359
1459620 2350
1459630 2350
1459640 2341
1459650 2331
1459660 2331
1459670 2319
1459680 2307
1459690 2307
1459700 2297
1459710 2289
1459720 2289
1459730 2282
1459740 2275
1459750 2267
1459760 2267
1459770 2260
1459780 2254
1459790 2254
1459800 2248
1459810 2242
1459820 2242
1459830 2234
1459840 2228
1459850 2228
1459860 2223
1459870 2215
1459880 2215
1459890 2208
1459900 2202
1459910 2202
1459920 2195
1459930 2189
1459940 2181
1459950 2181
1459960 2172
1459970 2164
1459980 2164
1459990 2158
