1440000 1588
1440010 1588
1440020 1600
1440030 1606
1440040 1606
1440050 1608
1440060 1609
1440070 1609
1440080 1611
1440090 1608
1440100 1608
1440110 1602
1440120 1597
1440130 1597
1440140 1607
1440150 1617
1440160 1623
1440170 1623
1440180 1624
1440190 1625
1440200 1625
1440210 1630
1440220 1642
1440230 1642
1440240 1647
1440250 1652
1440260 1652
1440270 1656
1440280 1659
1440290 1659
1440300 1663
1440310 1667
1440320 1667
1440330 1672
1440340 1676
1440350 1679
1440360 1679
1440370 1682
1440380 1684
1440390 1684
1440400 1685
1440410 1687
1440420 1687
1440430 1690
1440440 1695
1440450 1695
1440460 1698
1440470 1701
1440480 1701
1440490 1703
1440500 1705
1440510 1705
1440520 1706
1440530 1709
1440540 1712
1440550 1712
1440560 1714
1440570 1714
1440580 1714
1440590 1717
1440600 1721
1440610 1721
1440620 1720
1440630 1722
1440640 1722
1440650 1725
1440660 1728
1440670 1728
1440680 1729
1440690 1730
1440700 1730
1440710 1733
1440720 1736
1440730 1738
1440740 1738
1440750 1737
1440760 1735
1440770 1735
1440780 1733
1440790 1732
1440800 1732
1440810 1725
1440820 1725
1440830 1725
1440840 1729
1440850 1730
1440860 1730
1440870 1728
1440880 1724
1440890 1724
1440900 1717
1440910 1709
1440920 1713
1440930 1713
1440940 1712
1440950 1708
1440960 1708
1440970 1708
1440980 1710
1440990 1710
1441000 1714
1441010 1718
1441020 1718
1441030 1721
1441040 1728
1441050 1728
1441060 1735
1441070 1743
1441080 1743
1441090 1750
1441100 1755
1441110 1758
1441120 1758
1441130 1761
1441140 1758
1441150 1758
1441160 1762
1441170 1771
1441180 1771
1441190 1770
1441200 1777
1441210 1777
1441220 1780
1441230 1789
1441240 1789
1441250 1797
1441260 1801
1441270 1801
1441280 1803
1441290 1806
1441300 1810
1441310 1810
1441320 1818
1441330 1824
1441340 1824
1441350 1828
1441360 1831
1441370 1831
1441380 1840
1441390 1847
1441400 1847
1441410 1850
1441420 1850
1441430 1850
1441440 1848
1441450 1847
1441460 1847
1441470 1853
1441480 1857
1441490 1859
1441500 1859
1441510 1860
1441520 1859
1441530 1859
1441540 1857
1441550 1857
1441560 1857
1441570 1858
1441580 1856
1441590 1856
1441600 1851
1441610 1844
1441620 1844
1441630 1836
1441640 1830
1441650 1830
1441660 1826
1441670 1820
1441680 1821
1441690 1821
1441700 1831
1441710 1836
1441720 1836
1441730 1838
1441740 1840
1441750 1840
1441760 1841
1441770 1845
1441780 1845
1441790 1845
1441800 1845
1441810 1845
1441820 1850
1441830 1855
1441840 1855
1441850 1857
1441860 1855
1441870 1850
1441880 1850
1441890 1847
1441900 1851
1441910 1851
1441920 1853
1441930 1855
1441940 1855
1441950 1856
1441960 1861
1441970 1861
1441980 1867
1441990 1871
1442000 1871
1442010 1879
1442020 1889
1442030 1889
1442040 1894
1442050 1897
1442060 1899
1442070 1899
1442080 1902
1442090 1907
1442100 1907
1442110 1913
1442120 1917
1442130 1917
1442140 1920
1442150 1924
1442160 1924
1442170 1930
1442180 1935
1442190 1935
1442200 1939
1442210 1938
1442220 1938
1442230 1938
1442240 1941
1442250 1944
1442260 1944
1442270 1946
1442280 1950
1442290 1950
1442300 1958
1442310 1961
1442320 1961
1442330 1964
1442340 1968
1442350 1968
1442360 1973
1442370 1972
1442380 1972
1442390 1965
1442400 1966
1442410 1966
1442420 1967
1442430 1969
1442440 1970
1442450 1970
1442460 1976
1442470 1981
1442480 1981
1442490 1983
1442500 1987
1442510 1987
1442520 1993
1442530 1999
1442540 1999
1442550 2004
1442560 2008
1442570 2008
1442580 2011
1442590 2014
1442600 2014
1442610 2015
1442620 2016
1442630 2017
1442640 2017
1442650 2017
1442660 2014
1442670 2014
1442680 2011
1442690 2007
1442700 2007
1442710 2003
1442720 2000
1442730 2000
1442740 1997
1442750 1996
1442760 1996
1442770 1993
1442780 1986
1442790 1986
1442800 1990
1442810 1999
1442820 1999
1442830 2004
1442840 2000
1442850 1992
1442860 1992
1442870 1994
1442880 2009
1442890 2009
1442900 2018
1442910 2022
1442920 2022
1442930 2021
1442940 2020
1442950 2020
1442960 2020
1442970 2024
1442980 2024
1442990 2034
1443000 2043
1443010 2043
1443020 2049
1443030 2050
1443040 2049
1443050 2049
1443060 2046
1443070 2038
1443080 2038
1443090 2029
1443100 2029
1443110 2029
1443120 2032
1443130 2041
1443140 2041
1443150 2051
1443160 2059
1443170 2059
1443180 2069
1443190 2076
1443200 2076
1443210 2077
1443220 2074
1443230 2070
1443240 2070
1443250 2076
1443260 2084
1443270 2084
1443280 2087
1443290 2086
1443300 2086
1443310 2084
1443320 2084
1443330 2084
1443340 2086
1443350 2090
1443360 2090
1443370 2091
1443380 2094
1443390 2094
1443400 2097
1443410 2098
1443420 2097
1443430 2097
1443440 2096
1443450 2094
1443460 2094
1443470 2088
1443480 2082
1443490 2082
1443500 2076
1443510 2070
1443520 2070
1443530 2064
1443540 2058
1443550 2058
1443560 2053
1443570 2049
1443580 2049
1443590 2045
1443600 2040
1443610 2035
1443620 2035
1443630 2030
1443640 2026
1443650 2026
1443660 2022
1443670 2018
1443680 2018
1443690 2019
1443700 2025
1443710 2025
1443720 2027
1443730 2028
1443740 2028
1443750 2030
1443760 2031
1443770 2031
1443780 2030
1443790 2028
1443800 2027
1443810 2027
1443820 2027
1443830 2027
1443840 2027
1443850 2029
1443860 2031
1443870 2031
1443880 2034
1443890 2034
1443900 2034
1443910 2035
1443920 2037
1443930 2037
1443940 2038
1443950 2040
1443960 2040
1443970 2041
1443980 2042
1443990 2044
1444000 2044
1444010 2045
1444020 2044
1444030 2044
1444040 2045
1444050 2051
1444060 2051
1444070 2059
1444080 2065
1444090 2065
1444100 2070
1444110 2075
1444120 2075
1444130 2081
1444140 2086
1444150 2086
1444160 2093
1444170 2099
1444180 2109
1444190 2109
1444200 2120
1444210 2130
1444220 2124
1444230 2133
1444240 2137
1444250 2137
1444260 2141
1444270 2146
1444280 2146
1444290 2151
1444300 2156
1444310 2156
1444320 2163
1444330 2171
1444340 2171
1444350 2181
1444360 2188
1444370 2193
1444380 2193
1444390 2196
1444400 2201
1444410 2201
1444420 2203
1444430 2203
1444440 2203
1444450 2203
1444460 2203
1444470 2203
1444480 2202
1444490 2198
1444500 2198
1444510 2192
1444520 2187
1444530 2187
1444540 2180
1444550 2171
1444560 2161
1444570 2161
1444580 2151
1444590 2143
1444600 2143
1444610 2135
1444620 2128
1444630 2128
1444640 2124
1444650 2123
1444660 2123
1444670 2123
1444680 2122
1444690 2122
1444700 2121
1444710 2122
1444720 2122
1444730 2124
1444740 2123
1444750 2117
1444760 2117
1444770 2111
1444780 2108
1444790 2108
1444800 2105
1444810 2103
1444820 2103
1444830 2101
1444840 2099
1444850 2099
1444860 2097
1444870 2094
1444880 2094
1444890 2093
1444900 2091
1444910 2091
1444920 2090
1444930 2088
1444940 2088
1444950 2088
1444960 2088
1444970 2088
1444980 2088
1444990 2088
1445000 2087
1445010 2087
1445020 2089
1445030 2092
1445040 2092
1445050 2096
1445060 2101
1445070 2101
1445080 2108
1445090 2115
1445100 2115
1445110 2120
1445120 2123
1445130 2123
1445140 2123
1445150 2122
1445160 2122
1445170 2122
1445180 2123
1445190 2124
1445200 2124
1445210 2124
1445220 2124
1445230 2124
1445240 2123
1445250 2124
1445260 2124
1445270 2124
1445280 2124
1445290 2124
1445300 2123
1445310 2122
1445320 2122
1445330 2122
1445340 2121
1445350 2121
1445360 2121
1445370 2122
1445380 2123
1445390 2123
1445400 2124
1445410 2123
1445420 2123
1445430 2122
1445440 2121
1445450 2121
1445460 2119
1445470 2119
1445480 2119
1445490 2118
1445500 2118
1445510 2116
1445520 2116
1445530 2116
1445540 2116
1445550 2116
1445560 2118
1445570 2120
1445580 2120
1445590 2122
1445600 2124
1445610 2124
1445620 2126
1445630 2130
1445640 2130
1445650 2133
1445660 2135
1445670 2135
1445680 2135
1445690 2136
1445700 2138
1445710 2138
1445720 2141
1445730 2143
1445740 2143
1445750 2145
1445760 2148
1445770 2148
1445780 2150
1445790 2152
1445800 2152
1445810 2153
1445820 2153
1445830 2153
1445840 2153
1445850 2155
1445860 2155
1445870 2155
1445880 2152
1445890 2149
1445900 2149
1445910 2146
1445920 2144
1445930 2144
1445940 2141
1445950 2139
1445960 2139
1445970 2136
1445980 2133
1445990 2133
1446000 2131
1446010 2129
1446020 2129
1446030 2126
1446040 2123
1446050 2123
1446060 2121
1446070 2119
1446080 2119
1446090 2119
1446100 2119
1446110 2118
1446120 2118
1446130 2118
1446140 2119
1446150 2119
1446160 2119
1446170 2119
1446180 2119
1446190 2121
1446200 2122
1446210 2122
1446220 2123
1446230 2123
1446240 2123
1446250 2124
1446260 2127
1446270 2130
1446280 2130
1446290 2130
1446300 2131
1446310 2131
1446320 2133
1446330 2135
1446340 2135
1446350 2136
1446360 2137
1446370 2137
1446380 2139
1446390 2140
1446400 2140
1446410 2142
1446420 2143
1446430 2143
1446440 2144
1446450 2144
1446460 2144
1446470 2144
1446480 2144
1446490 2142
1446500 2142
1446510 2141
1446520 2140
1446530 2140
1446540 2141
1446550 2143
1446560 2143
1446570 2145
1446580 2147
1446590 2147
1446600 2148
1446610 2149
1446620 2149
1446630 2149
1446640 2150
1446650 2151
1446660 2151
1446670 2152
1446680 2152
1446690 2152
1446700 2153
1446710 2153
1446720 2153
1446730 2153
1446740 2153
1446750 2153
1446760 2154
1446770 2155
1446780 2155
1446790 2157
1446800 2159
1446810 2159
1446820 2162
1446830 2164
1446840 2167
1446850 2167
1446860 2169
1446870 2171
1446880 2171
1446890 2175
1446900 2178
1446910 2178
1446920 2180
1446930 2182
1446940 2182
1446950 2186
1446960 2189
1446970 2189
1446980 2191
1446990 2193
1447000 2193
1447010 2195
1447020 2199
1447030 2202
1447040 2202
1447050 2202
1447060 2202
1447070 2202
1447080 2202
1447090 2201
1447100 2201
1447110 2198
1447120 2198
1447130 2198
1447140 2199
1447150 2199
1447160 2199
1447170 2198
1447180 2194
1447190 2194
1447200 2191
1447210 2187
1447220 2187
1447230 2187
1447240 2186
1447250 2186
1447260 2186
1447270 2186
1447280 2186
1447290 2186
1447300 2186
1447310 2185
1447320 2185
1447330 2185
1447340 2187
1447350 2187
1447360 2189
1447370 2192
1447380 2192
1447390 2195
1447400 2191
1447410 2191
1447420 2191
1447430 2195
1447440 2197
1447450 2197
1447460 2198
1447470 2198
1447480 2198
1447490 2191
1447500 2190
1447510 2190
1447520 2189
1447530 2188
1447540 2188
1447550 2188
1447560 2188
1447570 2188
1447580 2188
1447590 2186
1447600 2182
1447610 2182
1447620 2178
1447630 2174
1447640 2174
1447650 2168
1447660 2162
1447670 2162
1447680 2157
1447690 2152
1447700 2152
1447710 2146
1447720 2140
1447730 2140
1447740 2134
1447750 2129
1447760 2129
1447770 2125
1447780 2120
1447790 2115
1447800 2115
1447810 2108
1447820 2101
1447830 2101
1447840 2093
1447850 2086
1447860 2086
1447870 2079
1447880 2073
1447890 2073
1447900 2068
1447910 2063
1447920 2063
1447930 2058
1447940 2053
1447950 2053
1447960 2048
1447970 2043
1447980 2037
1447990 2037
1448000 2032
1448010 2031
1448020 2031
1448030 2030
1448040 2028
1448050 2028
1448060 2028
1448070 2029
1448080 2029
1448090 2029
1448100 2027
1448110 2027
1448120 2026
1448130 2024
1448140 2024
1448150 2019
1448160 2015
1448170 2012
1448180 2012
1448190 2008
1448200 2003
1448210 2003
1448220 1997
1448230 1991
1448240 1991
1448250 1983
1448260 1976
1448270 1976
1448280 1969
1448290 1961
1448300 1961
1448310 1954
1448320 1947
1448330 1947
1448340 1943
1448350 1940
1448360 1936
1448370 1936
1448380 1933
1448390 1928
1448400 1928
1448410 1924
1448420 1917
1448430 1917
1448440 1914
1448450 1915
1448460 1915
1448470 1917
1448480 1920
1448490 1920
1448500 1923
1448510 1926
1448520 1926
1448530 1929
1448540 1933
1448550 1938
1448560 1938
1448570 1941
1448580 1945
1448590 1945
1448600 1946
1448610 1947
1448620 1947
1448630 1946
1448640 1946
1448650 1946
1448660 1946
1448670 1946
1448680 1946
1448690 1946
1448700 1948
1448710 1948
1448720 1949
1448730 1950
1448740 1950
1448750 1950
1448760 1951
1448770 1952
1448780 1952
1448790 1954
1448800 1955
1448810 1955
1448820 1956
1448830 1956
1448840 1956
1448850 1954
1448860 1954
1448870 1954
1448880 1954
1448890 1952
1448900 1952
1448910 1950
1448920 1946
1448930 1943
1448940 1943
1448950 1939
1448960 1935
1448970 1935
1448980 1932
1448990 1929
1449000 1929
1449010 1924
1449020 1918
1449030 1918
1449040 1914
1449050 1908
1449060 1908
1449070 1899
1449080 1890
1449090 1890
1449100 1884
1449110 1879
1449120 1873
1449130 1873
1449140 1866
1449150 1859
1449160 1859
1449170 1853
1449180 1846
1449190 1846
1449200 1840
1449210 1837
1449220 1837
1449230 1838
1449240 1839
1449250 1839
1449260 1840
1449270 1840
1449280 1840
1449290 1841
1449300 1844
1449310 1845
1449320 1845
1449330 1843
1449340 1842
1449350 1842
1449360 1841
1449370 1840
1449380 1840
1449390 1841
1449400 1843
1449410 1843
1449420 1844
1449430 1844
1449440 1844
1449450 1845
1449460 1847
1449470 1847
1449480 1851
1449490 1855
1449500 1859
1449510 1859
1449520 1862
1449530 1864
1449540 1864
1449550 1867
1449560 1869
1449570 1869
1449580 1872
1449590 1873
1449600 1873
1449610 1873
1449620 1873
1449630 1873
1449640 1870
1449650 1865
1449660 1865
1449670 1866
1449680 1867
1449690 1870
1449700 1870
1449710 1874
1449720 1877
1449730 1877
1449740 1878
1449750 1879
1449760 1879
1449770 1882
1449780 1887
1449790 1887
1449800 1892
1449810 1898
1449820 1898
1449830 1903
1449840 1908
1449850 1908
1449860 1912
1449870 1916
1449880 1921
1449890 1921
1449900 1925
1449910 1927
1449920 1927
1449930 1930
1449940 1935
1449950 1935
1449960 1941
1449970 1949
1449980 1949
1449990 1954
1450000 1953
1450010 1953
1450020 1950
1450030 1948
1450040 1948
1450050 1951
1450060 1960
1450070 1965
1450080 1965
1450090 1967
1450100 1967
1450110 1967
1450120 1968
1450130 1967
1450140 1967
1450150 1968
1450160 1968
1450170 1968
1450180 1969
1450190 1969
1450200 1969
1450210 1967
1450220 1964
1450230 1964
1450240 1963
1450250 1961
1450260 1963
1450270 1963
1450280 1966
1450290 1971
1450300 1971
1450310 1979
1450320 1988
1450330 1988
1450340 1997
1450350 1999
1450360 1999
1450370 1996
1450380 1992
1450390 1992
1450400 1988
1450410 1987
1450420 1987
1450430 1986
1450440 1985
1450450 1982
1450460 1982
1450470 1980
1450480 1980
1450490 1980
1450500 1979
1450510 1975
1450520 1975
1450530 1969
1450540 1964
1450550 1964
1450560 1959
1450570 1954
1450580 1954
1450590 1948
1450600 1943
1450610 1943
1450620 1937
1450630 1932
1450640 1927
1450650 1927
1450660 1924
1450670 1921
1450680 1921
1450690 1918
1450700 1915
1450710 1915
1450720 1911
1450730 1907
1450740 1907
1450750 1900
1450760 1893
1450770 1893
1450780 1889
1450790 1887
1450800 1887
1450810 1884
1450820 1880
1450830 1878
1450840 1878
1450850 1874
1450860 1868
1450870 1868
1450880 1861
1450890 1855
1450900 1855
1450910 1850
1450920 1846
1450930 1846
1450940 1842
1450950 1837
1450960 1837
1450970 1831
1450980 1825
1450990 1825
1451000 1819
1451010 1812
1451020 1806
1451030 1806
1451040 1800
1451050 1794
1451060 1794
1451070 1787
1451080 1779
1451090 1779
1451100 1771
1451110 1764
1451120 1764
1451130 1756
1451140 1748
1451150 1748
1451160 1740
1451170 1733
1451180 1733
1451190 1726
1451200 1722
1451210 1719
1451220 1719
1451230 1719
1451240 1719
1451250 1719
1451260 1718
1451270 1719
1451280 1719
1451290 1720
1451300 1721
1451310 1721
1451320 1719
1451330 1720
1451340 1720
1451350 1719
1451360 1719
1451370 1719
1451380 1718
1451390 1716
1451400 1715
1451410 1715
1451420 1714
1451430 1715
1451440 1715
1451450 1718
1451460 1722
1451470 1722
1451480 1722
1451490 1720
1451500 1720
1451510 1718
1451520 1714
1451530 1714
1451540 1710
1451550 1706
1451560 1706
1451570 1702
1451580 1697
1451590 1693
1451600 1693
1451610 1689
1451620 1686
1451630 1686
1451640 1684
1451650 1682
1451660 1682
1451670 1681
1451680 1676
1451690 1676
1451700 1670
1451710 1663
1451720 1663
1451730 1655
1451740 1649
1451750 1649
1451760 1643
1451770 1639
1451780 1634
1451790 1634
1451800 1630
1451810 1625
1451820 1625
1451830 1620
1451840 1616
1451850 1616
1451860 1613
1451870 1611
1451880 1611
1451890 1608
1451900 1606
1451910 1606
1451920 1603
1451930 1599
1451940 1599
1451950 1595
1451960 1590
1451970 1585
1451980 1585
1451990 1580
1452000 1575
1452010 1575
1452020 1570
1452030 1565
1452040 1565
1452050 1561
1452060 1557
1452070 1557
1452080 1553
1452090 1549
1452100 1549
1452110 1545
1452120 1542
1452130 1542
1452140 1539
1452150 1535
1452160 1532
1452170 1532
1452180 1528
1452190 1525
1452200 1525
1452210 1522
1452220 1519
1452230 1519
1452240 1515
1452250 1512
1452260 1512
1452270 1508
1452280 1504
1452290 1504
1452300 1498
1452310 1494
1452320 1494
1452330 1491
1452340 1488
1452350 1486
1452360 1486
1452370 1484
1452380 1481
1452390 1481
1452400 1478
1452410 1475
1452420 1475
1452430 1473
1452440 1470
1452450 1470
1452460 1466
1452470 1463
1452480 1463
1452490 1461
1452500 1458
1452510 1458
1452520 1455
1452530 1454
1452540 1453
1452550 1453
1452560 1452
1452570 1451
1452580 1451
1452590 1449
1452600 1446
1452610 1446
1452620 1438
1452630 1432
1452640 1432
1452650 1426
1452660 1420
1452670 1420
1452680 1416
1452690 1411
1452700 1411
1452710 1407
1452720 1405
1452730 1404
1452740 1404
1452750 1404
1452760 1402
1452770 1402
1452780 1397
1452790 1392
1452800 1392
1452810 1388
1452820 1384
1452830 1384
1452840 1381
1452850 1379
1452860 1379
1452870 1375
1452880 1370
1452890 1370
1452900 1365
1452910 1360
1452920 1355
1452930 1355
1452940 1350
1452950 1345
1452960 1345
1452970 1339
1452980 1332
1452990 1332
1453000 1324
1453010 1318
1453020 1318
1453030 1311
1453040 1306
1453050 1306
1453060 1300
1453070 1295
1453080 1295
1453090 1291
1453100 1286
1453110 1279
1453120 1279
1453130 1273
1453140 1269
1453150 1269
1453160 1264
1453170 1260
1453180 1260
1453190 1250
1453200 1242
1453210 1242
1453220 1236
1453230 1231
1453240 1231
1453250 1226
1453260 1221
1453270 1221
1453280 1216
1453290 1211
1453300 1207
1453310 1207
1453320 1203
1453330 1199
1453340 1199
1453350 1196
1453360 1193
1453370 1193
1453380 1189
1453390 1185
1453400 1185
1453410 1181
1453420 1176
1453430 1176
1453440 1169
1453450 1163
1453460 1163
1453470 1157
1453480 1151
1453490 1146
1453500 1146
1453510 1142
1453520 1138
1453530 1138
1453540 1134
1453550 1131
1453560 1131
1453570 1129
1453580 1126
1453590 1126
1453600 1121
1453610 1113
1453620 1113
1453630 1106
1453640 1101
1453650 1101
1453660 1095
1453670 1088
1453680 1082
1453690 1082
1453700 1077
1453710 1070
1453720 1070
1453730 1067
1453740 1066
1453750 1066
1453760 1064
1453770 1062
1453780 1062
1453790 1060
1453800 1058
1453810 1058
1453820 1055
1453830 1052
1453840 1052
1453850 1051
1453860 1047
1453870 1044
1453880 1044
1453890 1042
1453900 1039
1453910 1039
1453920 1037
1453930 1033
1453940 1033
1453950 1028
1453960 1024
1453970 1024
1453980 1020
1453990 1016
1454000 1016
1454010 1011
1454020 1005
1454030 1005
1454040 997
1454050 986
1454060 986
1454070 977
1454080 969
1454090 963
1454100 963
1454110 958
1454120 951
1454130 951
1454140 945
1454150 939
1454160 939
1454170 933
1454180 926
1454190 926
1454200 918
1454210 910
1454220 910
1454230 903
1454240 895
1454250 895
1454260 888
1454270 881
1454280 873
1454290 873
1454300 865
1454310 856
1454320 856
1454330 848
1454340 840
1454350 840
1454360 832
1454370 825
1454380 825
1454390 818
1454400 812
1454410 812
1454420 809
1454430 809
1454440 809
1454450 807
1454460 801
1454470 793
1454480 793
1454490 785
1454500 776
1454510 776
1454520 769
1454530 760
1454540 760
1454550 753
1454560 748
1454570 748
1454580 747
1454590 747
1454600 747
1454610 747
1454620 747
1454630 747
1454640 747
1454650 748
1454660 748
1454670 748
1454680 747
1454690 747
1454700 747
1454710 747
1454720 747
1454730 747
1454740 746
1454750 746
1454760 746
1454770 746
1454780 746
1454790 746
1454800 746
1454810 746
1454820 746
1454830 746
1454840 746
1454850 746
1454860 746
1454870 746
1454880 746
1454890 746
1454900 746
1454910 746
1454920 746
1454930 746
1454940 746
1454950 746
1454960 746
1454970 746
1454980 746
1454990 746
1455000 746
1455010 746
1455020 746
1455030 746
1455040 746
1455050 746
1455060 748
1455070 749
1455080 749
1455090 748
1455100 746
1455110 746
1455120 746
1455130 746
1455140 746
1455150 746
1455160 748
1455170 748
1455180 748
1455190 752
1455200 752
1455210 759
1455220 765
1455230 772
1455240 772
1455250 778
1455260 783
1455270 783
1455280 786
1455290 791
1455300 791
1455310 796
1455320 801
1455330 801
1455340 806
1455350 811
1455360 811
1455370 818
1455380 824
1455390 824
1455400 832
1455410 838
1455420 845
1455430 845
1455440 852
1455450 859
1455460 859
1455470 866
1455480 873
1455490 873
1455500 880
1455510 884
1455520 884
1455530 886
1455540 888
1455550 888
1455560 892
1455570 896
1455580 896
1455590 902
1455600 909
1455610 916
1455620 916
1455630 923
1455640 929
1455650 929
1455660 935
1455670 940
1455680 940
1455690 946
1455700 953
1455710 953
1455720 958
1455730 964
1455740 964
1455750 969
1455760 976
1455770 976
1455780 984
1455790 990
1455800 995
1455810 995
1455820 1001
1455830 1007
1455840 1007
1455850 1012
1455860 1016
1455870 1016
1455880 1020
1455890 1024
1455900 1024
1455910 1028
1455920 1032
1455930 1032
1455940 1035
1455950 1036
1455960 1036
1455970 1035
1455980 1032
1455990 1028
1456000 1028
1456010 1025
1456020 1023
1456030 1023
1456040 1024
1456050 1026
1456060 1026
1456070 1028
1456080 1032
1456090 1032
1456100 1037
1456110 1043
1456120 1043
1456130 1048
1456140 1053
1456150 1053
1456160 1060
1456170 1067
1456180 1072
1456190 1072
1456200 1080
1456210 1087
1456220 1087
1456230 1094
1456240 1100
1456250 1100
1456260 1103
1456270 1106
1456280 1106
1456290 1109
1456300 1111
1456310 1111
1456320 1113
1456330 1115
1456340 1115
1456350 1117
1456360 1119
1456370 1122
1456380 1122
1456390 1126
1456400 1132
1456410 1132
1456420 1139
1456430 1144
1456440 1144
1456450 1149
1456460 1153
1456470 1153
1456480 1156
1456490 1158
1456500 1158
1456510 1161
1456520 1164
1456530 1164
1456540 1167
1456550 1171
1456560 1174
1456570 1174
1456580 1177
1456590 1181
1456600 1181
1456610 1185
1456620 1190
1456630 1190
1456640 1193
1456650 1195
1456660 1195
1456670 1200
1456680 1205
1456690 1205
1456700 1210
1456710 1214
1456720 1214
1456730 1218
1456740 1223
1456750 1229
1456760 1229
1456770 1236
1456780 1241
1456790 1241
1456800 1246
1456810 1250
1456820 1250
1456830 1255
1456840 1258
1456850 1258
1456860 1264
1456870 1268
1456880 1268
1456890 1272
1456900 1276
1456910 1276
1456920 1283
1456930 1290
1456940 1297
1456950 1297
1456960 1304
1456970 1310
1456980 1310
1456990 1315
1457000 1322
1457010 1322
1457020 1330
1457030 1335
1457040 1335
1457050 1340
1457060 1346
1457070 1346
1457080 1351
1457090 1356
1457100 1356
1457110 1362
1457120 1370
1457130 1375
1457140 1375
1457150 1379
1457160 1383
1457170 1383
1457180 1387
1457190 1390
1457200 1390
1457210 1394
1457220 1399
1457230 1399
1457240 1403
1457250 1408
1457260 1408
1457270 1413
1457280 1419
1457290 1419
1457300 1425
1457310 1430
1457320 1434
1457330 1434
1457340 1438
1457350 1442
1457360 1442
1457370 1446
1457380 1451
1457390 1451
1457400 1456
1457410 1462
1457420 1462
1457430 1466
1457440 1468
1457450 1468
1457460 1472
1457470 1477
1457480 1477
1457490 1482
1457500 1486
1457510 1491
1457520 1491
1457530 1497
1457540 1502
1457550 1502
1457560 1506
1457570 1510
1457580 1510
1457590 1515
1457600 1518
1457610 1518
1457620 1520
1457630 1523
1457640 1523
1457650 1527
1457660 1533
1457670 1533
1457680 1538
1457690 1539
1457700 1540
1457710 1540
1457720 1540
1457730 1540
1457740 1540
1457750 1540
1457760 1540
1457770 1540
1457780 1544
1457790 1550
1457800 1550
1457810 1554
1457820 1559
1457830 1559
1457840 1563
1457850 1567
1457860 1567
1457870 1572
1457880 1575
1457890 1578
1457900 1578
1457910 1581
1457920 1586
1457930 1586
1457940 1592
1457950 1598
1457960 1598
1457970 1601
1457980 1605
1457990 1605
1458000 1608
1458010 1610
1458020 1610
1458030 1610
1458040 1610
1458050 1610
1458060 1613
1458070 1618
1458080 1623
1458090 1623
1458100 1631
1458110 1637
1458120 1637
1458130 1643
1458140 1647
1458150 1647
1458160 1652
1458170 1659
1458180 1659
1458190 1668
1458200 1677
1458210 1677
1458220 1682
1458230 1681
1458240 1681
1458250 1682
1458260 1686
1458270 1691
1458280 1691
1458290 1695
1458300 1701
1458310 1701
1458320 1708
1458330 1716
1458340 1716
1458350 1722
1458360 1729
1458370 1729
1458380 1737
1458390 1739
1458400 1739
1458410 1739
1458420 1741
1458430 1741
1458440 1745
1458450 1749
1458460 1751
1458470 1751
1458480 1756
1458490 1762
1458500 1762
1458510 1767
1458520 1774
1458530 1774
1458540 1779
1458550 1784
1458560 1784
1458570 1789
1458580 1793
1458590 1793
1458600 1800
1458610 1806
1458620 1806
1458630 1808
1458640 1811
1458650 1814
1458660 1814
1458670 1815
1458680 1815
1458690 1815
1458700 1815
1458710 1816
1458720 1816
1458730 1819
1458740 1822
1458750 1822
1458760 1822
1458770 1821
1458780 1821
1458790 1823
1458800 1824
1458810 1824
1458820 1821
1458830 1817
1458840 1816
1458850 1816
1458860 1814
1458870 1811
1458880 1811
1458890 1808
1458900 1810
1458910 1810
1458920 1811
1458930 1811
1458940 1811
1458950 1810
1458960 1810
1458970 1810
1458980 1809
1458990 1808
1459000 1808
1459010 1810
1459020 1813
1459030 1814
1459040 1814
1459050 1815
1459060 1816
1459070 1816
1459080 1816
1459090 1817
1459100 1817
1459110 1818
1459120 1819
1459130 1819
1459140 1818
1459150 1817
1459160 1817
1459170 1817
1459180 1817
1459190 1817
1459200 1819
1459210 1820
1459220 1821
1459230 1821
1459240 1819
1459250 1819
1459260 1819
1459270 1822
1459280 1824
1459290 1824
1459300 1825
1459310 1826
1459320 1826
1459330 1828
1459340 1829
1459350 1829
1459360 1830
1459370 1830
1459380 1830
1459390 1831
1459400 1830
1459410 1828
1459420 1828
1459430 1827
1459440 1827
1459450 1827
1459460 1827
1459470 1827
1459480 1827
1459490 1825
1459500 1822
1459510 1822
1459520 1823
1459530 1823
1459540 1823
1459550 1823
1459560 1823
1459570 1823
1459580 1824
1459590 1824
1459600 1825
1459610 1825
1459620 1826
1459630 1826
1459640 1826
1459650 1827
1459660 1829
1459670 1829
1459680 1830
1459690 1831
1459700 1831
1459710 1831
1459720 1831
1459730 1831
1459740 1831
1459750 1833
1459760 1837
1459770 1840
1459780 1840
1459790 1838
1459800 1838
1459810 1837
1459820 1835
1459830 1835
1459840 1833
1459850 1831
1459860 1831
1459870 1829
1459880 1829
1459890 1829
1459900 1831
1459910 1832
1459920 1832
1459930 1832
1459940 1833
1459950 1833
1459960 1833
1459970 1833
1459980 1832
1459990 1832
