1440000 1866
1440010 1864
1440020 1864
1440030 1863
1440040 1864
1440050 1864
1440060 1864
1440070 1862
1440080 1862
1440090 1861
1440100 1859
1440110 1859
1440120 1858
1440130 1857
1440140 1857
1440150 1856
1440160 1854
1440170 1851
1440180 1851
1440190 1847
1440200 1843
1440210 1843
1440220 1839
1440230 1836
1440240 1836
1440250 1833
1440260 1828
1440270 1828
1440280 1823
1440290 1818
1440300 1818
1440310 1813
1440320 1808
1440330 1808
1440340 1807
1440350 1807
1440360 1809
1440370 1809
1440380 1809
1440390 1810
1440400 1810
1440410 1811
1440420 1811
1440430 1811
1440440 1811
1440450 1810
1440460 1810
1440470 1809
1440480 1808
1440490 1808
1440500 1806
1440510 1801
1440520 1801
1440530 1796
1440540 1790
1440550 1785
1440560 1785
1440570 1781
1440580 1778
1440590 1778
1440600 1775
1440610 1771
1440620 1771
1440630 1768
1440640 1765
1440650 1765
1440660 1763
1440670 1761
1440680 1761
1440690 1756
1440700 1753
1440710 1753
1440720 1749
1440730 1746
1440740 1745
1440750 1745
1440760 1744
1440770 1745
1440780 1745
1440790 1745
1440800 1744
1440810 1744
1440820 1741
1440830 1738
1440840 1738
1440850 1735
1440860 1733
1440870 1733
1440880 1732
1440890 1731
1440900 1731
1440910 1727
1440920 1722
1440930 1722
1440940 1717
1440950 1712
1440960 1707
1440970 1707
1440980 1702
1440990 1699
1441000 1699
1441010 1696
1441020 1692
1441030 1692
1441040 1688
1441050 1685
1441060 1685
1441070 1684
1441080 1682
1441090 1682
1441100 1680
1441110 1678
1441120 1678
1441130 1675
1441140 1672
1441150 1669
1441160 1669
1441170 1667
1441180 1667
1441190 1667
1441200 1667
1441210 1668
1441220 1668
1441230 1668
1441240 1669
1441250 1669
1441260 1669
1441270 1670
1441280 1670
1441290 1670
1441300 1671
1441310 1671
1441320 1671
1441330 1671
1441340 1671
1441350 1671
1441360 1670
1441370 1669
1441380 1669
1441390 1668
1441400 1667
1441410 1667
1441420 1666
1441430 1666
1441440 1666
1441450 1665
1441460 1665
1441470 1665
1441480 1665
1441490 1665
1441500 1665
1441510 1665
1441520 1665
1441530 1665
1441540 1665
1441550 1662
1441560 1658
1441570 1658
1441580 1655
1441590 1654
1441600 1654
1441610 1654
1441620 1657
1441630 1657
1441640 1661
1441650 1665
1441660 1665
1441670 1670
1441680 1672
1441690 1672
1441700 1672
1441710 1673
1441720 1673
1441730 1674
1441740 1677
1441750 1678
1441760 1678
1441770 1680
1441780 1682
1441790 1682
1441800 1685
1441810 1687
1441820 1687
1441830 1688
1441840 1690
1441850 1690
1441860 1692
1441870 1693
1441880 1693
1441890 1694
1441900 1694
1441910 1694
1441920 1696
1441930 1698
1441940 1700
1441950 1700
1441960 1702
1441970 1705
1441980 1705
1441990 1706
1442000 1708
1442010 1708
1442020 1711
1442030 1714
1442040 1714
1442050 1718
1442060 1721
1442070 1721
1442080 1725
1442090 1730
1442100 1730
1442110 1734
1442120 1739
1442130 1742
1442140 1742
1442150 1746
1442160 1748
1442170 1748
1442180 1749
1442190 1751
1442200 1751
1442210 1757
1442220 1762
1442230 1762
1442240 1769
1442250 1773
1442260 1773
1442270 1780
1442280 1787
1442290 1787
1442300 1796
1442310 1801
1442320 1810
1442330 1810
1442340 1821
1442350 1829
1442360 1829
1442370 1830
1442380 1833
1442390 1833
1442400 1833
1442410 1837
1442420 1837
1442430 1846
1442440 1857
1442450 1857
1442460 1866
1442470 1882
1442480 1882
1442490 1898
1442500 1905
1442510 1912
1442520 1912
1442530 1918
1442540 1924
1442550 1924
1442560 1929
1442570 1933
1442580 1933
1442590 1937
1442600 1942
1442610 1942
1442620 1947
1442630 1952
1442640 1952
1442650 1958
1442660 1963
1442670 1963
1442680 1968
1442690 1972
1442700 1972
1442710 1976
1442720 1979
1442730 1983
1442740 1983
1442750 1987
1442760 1990
1442770 1990
1442780 1995
1442790 1999
1442800 1999
1442810 2004
1442820 2009
1442830 2009
1442840 2013
1442850 2017
1442860 2017
1442870 2021
1442880 2025
1442890 2025
1442900 2029
1442910 2034
1442920 2038
1442930 2038
1442940 2041
1442950 2044
1442960 2044
1442970 2047
1442980 2049
1442990 2049
1443000 2051
1443010 2054
1443020 2054
1443030 2058
1443040 2061
1443050 2061
1443060 2063
1443070 2066
1443080 2066
1443090 2069
1443100 2073
1443110 2076
1443120 2076
1443130 2078
1443140 2080
1443150 2080
1443160 2084
1443170 2087
1443180 2087
1443190 2090
1443200 2092
1443210 2092
1443220 2092
1443230 2087
1443240 2087
1443250 2081
1443260 2085
1443270 2085
1443280 2088
1443290 2088
1443300 2086
1443310 2086
1443320 2084
1443330 2085
1443340 2085
1443350 2086
1443360 2088
1443370 2088
1443380 2087
1443390 2082
1443400 2082
1443410 2078
1443420 2074
1443430 2074
1443440 2071
1443450 2067
1443460 2067
1443470 2063
1443480 2066
1443490 2073
1443500 2073
1443510 2079
1443520 2085
1443530 2085
1443540 2091
1443550 2096
1443560 2096
1443570 2099
1443580 2104
1443590 2104
1443600 2110
1443610 2115
1443620 2115
1443630 2120
1443640 2123
1443650 2123
1443660 2128
1443670 2132
1443680 2132
1443690 2136
1443700 2139
1443710 2142
1443720 2142
1443730 2147
1443740 2152
1443750 2152
1443760 2155
1443770 2160
1443780 2160
1443790 2163
1443800 2166
1443810 2166
1443820 2168
1443830 2171
1443840 2171
1443850 2173
1443860 2175
1443870 2175
1443880 2177
1443890 2179
1443900 2180
1443910 2180
1443920 2182
1443930 2184
1443940 2184
1443950 2186
1443960 2189
1443970 2189
1443980 2191
1443990 2192
1444000 2192
1444010 2194
1444020 2195
1444030 2195
1444040 2196
1444050 2197
1444060 2197
1444070 2198
1444080 2199
1444090 2198
1444100 2198
1444110 2197
1444120 2200
1444130 2200
1444140 2206
1444150 2211
1444160 2211
1444170 2216
1444180 2219
1444190 2219
1444200 2221
1444210 2223
1444220 2223
1444230 2227
1444240 2230
1444250 2230
1444260 2233
1444270 2236
1444280 2240
1444290 2240
1444300 2244
1444310 2249
1444320 2249
1444330 2253
1444340 2257
1444350 2257
1444360 2262
1444370 2266
1444380 2266
1444390 2268
1444400 2270
1444410 2270
1444420 2273
1444430 2277
1444440 2277
1444450 2282
1444460 2288
1444470 2294
1444480 2294
1444490 2299
1444500 2301
1444510 2301
1444520 2302
1444530 2301
1444540 2301
1444550 2301
1444560 2303
1444570 2303
1444580 2304
1444590 2304
1444600 2304
1444610 2305
1444620 2305
1444630 2305
1444640 2305
1444650 2306
1444660 2306
1444670 2310
1444680 2313
1444690 2315
1444700 2315
1444710 2317
1444720 2319
1444730 2319
1444740 2319
1444750 2318
1444760 2318
1444770 2315
1444780 2307
1444790 2307
1444800 2301
1444810 2301
1444820 2301
1444830 2305
1444840 2307
1444850 2307
1444860 2305
1444870 2304
1444880 2304
1444890 2304
1444900 2304
1444910 2304
1444920 2304
1444930 2304
1444940 2305
1444950 2305
1444960 2305
1444970 2304
1444980 2304
1444990 2301
1445000 2300
1445010 2300
1445020 2299
1445030 2297
1445040 2297
1445050 2298
1445060 2300
1445070 2300
1445080 2300
1445090 2300
1445100 2301
1445110 2301
1445120 2303
1445130 2306
1445140 2306
1445150 2307
1445160 2308
1445170 2308
1445180 2305
1445190 2300
1445200 2300
1445210 2296
1445220 2295
1445230 2295
1445240 2291
1445250 2289
1445260 2288
1445270 2288
1445280 2288
1445290 2289
1445300 2289
1445310 2290
1445320 2293
1445330 2293
1445340 2296
1445350 2305
1445360 2305
1445370 2320
1445380 2325
1445390 2325
1445400 2328
1445410 2331
1445420 2331
1445430 2335
1445440 2337
1445450 2337
1445460 2339
1445470 2341
1445480 2343
1445490 2343
1445500 2347
1445510 2350
1445520 2350
1445530 2354
1445540 2361
1445550 2361
1445560 2370
1445570 2373
1445580 2373
1445590 2375
1445600 2380
1445610 2380
1445620 2389
1445630 2399
1445640 2399
1445650 2407
1445660 2415
1445670 2423
1445680 2423
1445690 2432
1445700 2438
1445710 2438
1445720 2442
1445730 2441
1445740 2441
1445750 2446
1445760 2450
1445770 2450
1445780 2452
1445790 2453
1445800 2453
1445810 2450
1445820 2454
1445830 2454
1445840 2458
1445850 2462
1445860 2465
1445870 2465
1445880 2469
1445890 2472
1445900 2472
1445910 2475
1445920 2477
1445930 2477
1445940 2478
1445950 2478
1445960 2478
1445970 2479
1445980 2481
1445990 2481
1446000 2483
1446010 2485
1446020 2485
1446030 2487
1446040 2489
1446050 2490
1446060 2490
1446070 2492
1446080 2493
1446090 2493
1446100 2496
1446110 2499
1446120 2499
1446130 2503
1446140 2507
1446150 2507
1446160 2511
1446170 2515
1446180 2515
1446190 2519
1446200 2522
1446210 2522
1446220 2518
1446230 2512
1446240 2504
1446250 2504
1446260 2495
1446270 2488
1446280 2488
1446290 2482
1446300 2476
1446310 2476
1446320 2469
1446330 2464
1446340 2464
1446350 2459
1446360 2452
1446370 2452
1446380 2445
1446390 2438
1446400 2438
1446410 2432
1446420 2426
1446430 2426
1446440 2421
1446450 2418
1446460 2416
1446470 2416
1446480 2417
1446490 2419
1446500 2419
1446510 2421
1446520 2424
1446530 2424
1446540 2426
1446550 2429
1446560 2429
1446570 2432
1446580 2434
1446590 2434
1446600 2436
1446610 2437
1446620 2437
1446630 2442
1446640 2448
1446650 2454
1446660 2454
1446670 2458
1446680 2457
1446690 2457
1446700 2454
1446710 2449
1446720 2449
1446730 2444
1446740 2436
1446750 2436
1446760 2427
1446770 2422
1446780 2422
1446790 2416
1446800 2408
1446810 2408
1446820 2401
1446830 2389
1446840 2379
1446850 2379
1446860 2374
1446870 2370
1446880 2370
1446890 2367
1446900 2362
1446910 2362
1446920 2359
1446930 2355
1446940 2355
1446950 2353
1446960 2350
1446970 2350
1446980 2346
1446990 2344
1447000 2344
1447010 2343
1447020 2344
1447030 2344
1447040 2344
1447050 2341
1447060 2342
1447070 2342
1447080 2342
1447090 2343
1447100 2343
1447110 2346
1447120 2349
1447130 2349
1447140 2351
1447150 2352
1447160 2352
1447170 2353
1447180 2354
1447190 2354
1447200 2356
1447210 2358
1447220 2355
1447230 2355
1447240 2352
1447250 2349
1447260 2349
1447270 2347
1447280 2344
1447290 2344
1447300 2344
1447310 2346
1447320 2346
1447330 2346
1447340 2344
1447350 2344
1447360 2342
1447370 2339
1447380 2339
1447390 2335
1447400 2332
1447410 2332
1447420 2331
1447430 2331
1447440 2329
1447450 2329
1447460 2327
1447470 2326
1447480 2326
1447490 2325
1447500 2324
1447510 2324
1447520 2322
1447530 2319
1447540 2319
1447550 2315
1447560 2316
1447570 2316
1447580 2317
1447590 2317
1447600 2317
1447610 2318
1447620 2324
1447630 2328
1447640 2328
1447650 2334
1447660 2341
1447670 2341
1447680 2348
1447690 2353
1447700 2353
1447710 2360
1447720 2368
1447730 2368
1447740 2376
1447750 2383
1447760 2383
1447770 2385
1447780 2381
1447790 2381
1447800 2376
1447810 2372
1447820 2368
1447830 2368
1447840 2365
1447850 2362
1447860 2362
1447870 2359
1447880 2353
1447890 2353
1447900 2348
1447910 2345
1447920 2345
1447930 2340
1447940 2335
1447950 2335
1447960 2332
1447970 2331
1447980 2331
1447990 2330
1448000 2329
1448010 2329
1448020 2329
1448030 2329
1448040 2328
1448050 2328
1448060 2327
1448070 2322
1448080 2322
1448090 2315
1448100 2309
1448110 2309
1448120 2301
1448130 2290
1448140 2290
1448150 2281
1448160 2275
1448170 2275
1448180 2267
1448190 2259
1448200 2259
1448210 2252
1448220 2243
1448230 2234
1448240 2234
1448250 2226
1448260 2215
1448270 2215
1448280 2202
1448290 2191
1448300 2191
1448310 2181
1448320 2173
1448330 2173
1448340 2167
1448350 2157
1448360 2157
1448370 2147
1448380 2137
1448390 2137
1448400 2125
1448410 2109
1448420 2094
1448430 2094
1448440 2085
1448450 2075
1448460 2075
1448470 2064
1448480 2055
1448490 2055
1448500 2047
1448510 2040
1448520 2040
1448530 2033
1448540 2022
1448550 2022
1448560 2011
1448570 2006
1448580 2006
1448590 2000
1448600 1994
1448610 1989
1448620 1989
1448630 1984
1448640 1978
1448650 1978
1448660 1973
1448670 1969
1448680 1969
1448690 1965
1448700 1961
1448710 1961
1448720 1957
1448730 1954
1448740 1954
1448750 1954
1448760 1950
1448770 1950
1448780 1946
1448790 1943
1448800 1940
1448810 1940
1448820 1937
1448830 1935
1448840 1935
1448850 1934
1448860 1931
1448870 1931
1448880 1928
1448890 1927
1448900 1927
1448910 1928
1448920 1928
1448930 1928
1448940 1925
1448950 1925
1448960 1925
1448970 1924
1448980 1923
1448990 1921
1449000 1921
1449010 1920
1449020 1918
1449030 1918
1449040 1916
1449050 1914
1449060 1914
1449070 1914
1449080 1914
1449090 1914
1449100 1911
1449110 1908
1449120 1908
1449130 1907
1449140 1905
1449150 1905
1449160 1902
1449170 1899
1449180 1899
1449190 1897
1449200 1895
1449210 1894
1449220 1894
1449230 1894
1449240 1894
1449250 1894
1449260 1894
1449270 1892
1449280 1892
1449290 1891
1449300 1889
1449310 1889
1449320 1887
1449330 1886
1449340 1886
1449350 1886
1449360 1885
1449370 1885
1449380 1884
1449390 1883
1449400 1884
1449410 1884
1449420 1883
1449430 1883
1449440 1883
1449450 1882
1449460 1880
1449470 1880
1449480 1879
1449490 1878
1449500 1878
1449510 1876
1449520 1874
1449530 1874
1449540 1871
1449550 1869
1449560 1869
1449570 1868
1449580 1866
1449590 1864
1449600 1864
1449610 1862
1449620 1859
1449630 1859
1449640 1856
1449650 1853
1449660 1853
1449670 1850
1449680 1848
1449690 1848
1449700 1846
1449710 1844
1449720 1844
1449730 1841
1449740 1838
1449750 1838
1449760 1836
1449770 1834
1449780 1833
1449790 1833
1449800 1832
1449810 1832
1449820 1832
1449830 1831
1449840 1830
1449850 1830
1449860 1829
1449870 1828
1449880 1828
1449890 1826
1449900 1825
1449910 1825
1449920 1824
1449930 1823
1449940 1823
1449950 1822
1449960 1822
1449970 1822
1449980 1822
1449990 1822
1450000 1822
1450010 1822
1450020 1823
1450030 1824
1450040 1824
1450050 1825
1450060 1826
1450070 1826
1450080 1826
1450090 1824
1450100 1824
1450110 1823
1450120 1823
1450130 1823
1450140 1822
1450150 1821
1450160 1821
1450170 1822
1450180 1822
1450190 1822
1450200 1822
1450210 1821
1450220 1819
1450230 1819
1450240 1817
1450250 1814
1450260 1814
1450270 1808
1450280 1801
1450290 1801
1450300 1793
1450310 1788
1450320 1788
1450330 1784
1450340 1781
1450350 1781
1450360 1774
1450370 1767
1450380 1760
1450390 1760
1450400 1753
1450410 1748
1450420 1748
1450430 1743
1450440 1737
1450450 1737
1450460 1732
1450470 1728
1450480 1728
1450490 1724
1450500 1720
1450510 1720
1450520 1714
1450530 1710
1450540 1710
1450550 1705
1450560 1700
1450570 1696
1450580 1696
1450590 1692
1450600 1688
1450610 1688
1450620 1684
1450630 1679
1450640 1679
1450650 1674
1450660 1670
1450670 1670
1450680 1668
1450690 1665
1450700 1665
1450710 1662
1450720 1659
1450730 1659
1450740 1658
1450750 1656
1450760 1654
1450770 1654
1450780 1652
1450790 1650
1450800 1650
1450810 1649
1450820 1648
1450830 1648
1450840 1648
1450850 1648
1450860 1648
1450870 1648
1450880 1648
1450890 1648
1450900 1648
1450910 1648
1450920 1648
1450930 1648
1450940 1648
1450950 1648
1450960 1647
1450970 1647
1450980 1647
1450990 1647
1451000 1647
1451010 1646
1451020 1646
1451030 1646
1451040 1646
1451050 1646
1451060 1645
1451070 1645
1451080 1645
1451090 1646
1451100 1646
1451110 1646
1451120 1646
1451130 1646
1451140 1646
1451150 1646
1451160 1646
1451170 1646
1451180 1646
1451190 1645
1451200 1644
1451210 1644
1451220 1643
1451230 1642
1451240 1642
1451250 1641
1451260 1640
1451270 1640
1451280 1640
1451290 1641
1451300 1641
1451310 1641
1451320 1640
1451330 1640
1451340 1637
1451350 1635
1451360 1633
1451370 1633
1451380 1631
1451390 1630
1451400 1630
1451410 1629
1451420 1628
1451430 1628
1451440 1627
1451450 1625
1451460 1625
1451470 1623
1451480 1622
1451490 1622
1451500 1622
1451510 1621
1451520 1621
1451530 1621
1451540 1620
1451550 1618
1451560 1618
1451570 1618
1451580 1618
1451590 1618
1451600 1617
1451610 1618
1451620 1618
1451630 1619
1451640 1621
1451650 1621
1451660 1623
1451670 1625
1451680 1625
1451690 1627
1451700 1630
1451710 1630
1451720 1632
1451730 1633
1451740 1632
1451750 1632
1451760 1632
1451770 1632
1451780 1632
1451790 1634
1451800 1635
1451810 1635
1451820 1637
1451830 1639
1451840 1639
1451850 1640
1451860 1642
1451870 1642
1451880 1645
1451890 1652
1451900 1652
1451910 1657
1451920 1660
1451930 1660
1451940 1664
1451950 1667
1451960 1669
1451970 1669
1451980 1671
1451990 1673
1452000 1673
1452010 1676
1452020 1679
1452030 1679
1452040 1681
1452050 1682
1452060 1682
1452070 1680
1452080 1675
1452090 1675
1452100 1673
1452110 1675
1452120 1675
1452130 1676
1452140 1681
1452150 1688
1452160 1688
1452170 1693
1452180 1694
1452190 1694
1452200 1694
1452210 1695
1452220 1695
1452230 1694
1452240 1696
1452250 1696
1452260 1700
1452270 1703
1452280 1703
1452290 1706
1452300 1709
1452310 1709
1452320 1713
1452330 1718
1452340 1721
1452350 1721
1452360 1724
1452370 1726
1452380 1726
1452390 1729
1452400 1732
1452410 1732
1452420 1735
1452430 1739
1452440 1739
1452450 1746
1452460 1751
1452470 1751
1452480 1757
1452490 1763
1452500 1763
1452510 1771
1452520 1779
1452530 1787
1452540 1787
1452550 1794
1452560 1802
1452570 1802
1452580 1806
1452590 1812
1452600 1812
1452610 1818
1452620 1823
1452630 1823
1452640 1828
1452650 1833
1452660 1833
1452670 1838
1452680 1844
1452690 1847
1452700 1849
1452710 1851
1452720 1857
1452730 1857
1452740 1861
1452750 1866
1452760 1866
1452770 1870
1452780 1873
1452790 1873
1452800 1875
1452810 1877
1452820 1877
1452830 1879
1452840 1881
1452850 1881
1452860 1884
1452870 1886
1452880 1886
1452890 1887
1452900 1888
1452910 1888
1452920 1889
1452930 1890
1452940 1891
1452950 1891
1452960 1891
1452970 1891
1452980 1891
1452990 1889
1453000 1885
1453010 1885
1453020 1879
1453030 1872
1453040 1872
1453050 1869
1453060 1864
1453070 1864
1453080 1864
1453090 1865
1453100 1865
1453110 1862
1453120 1851
1453130 1840
1453140 1840
1453150 1831
1453160 1832
1453170 1832
1453180 1840
1453190 1844
1453200 1844
1453210 1847
1453220 1848
1453230 1848
1453240 1846
1453250 1841
1453260 1841
1453270 1835
1453280 1829
1453290 1829
1453300 1823
1453310 1815
1453320 1808
1453330 1808
1453340 1801
1453350 1793
1453360 1793
1453370 1787
1453380 1785
1453390 1785
1453400 1788
1453410 1791
1453420 1791
1453430 1789
1453440 1786
1453450 1786
1453460 1782
1453470 1778
1453480 1778
1453490 1774
1453500 1770
1453510 1766
1453520 1766
1453530 1758
1453540 1749
1453550 1749
1453560 1743
1453570 1738
1453580 1738
1453590 1729
1453600 1721
1453610 1721
1453620 1715
1453630 1708
1453640 1708
1453650 1697
1453660 1686
1453670 1686
1453680 1681
1453690 1684
1453700 1684
1453710 1690
1453720 1696
1453730 1703
1453740 1703
1453750 1709
1453760 1713
1453770 1713
1453780 1712
1453790 1710
1453800 1710
1453810 1707
1453820 1704
1453830 1704
1453840 1701
1453850 1698
1453860 1698
1453870 1696
1453880 1693
1453890 1693
1453900 1688
1453910 1681
1453920 1674
1453930 1674
1453940 1670
1453950 1665
1453960 1665
1453970 1661
1453980 1656
1453990 1656
1454000 1651
1454010 1646
1454020 1646
1454030 1640
1454040 1634
1454050 1634
1454060 1628
1454070 1621
1454080 1621
1454090 1611
1454100 1601
1454110 1592
1454120 1592
1454130 1583
1454140 1582
1454150 1582
1454160 1587
1454170 1589
1454180 1589
1454190 1587
1454200 1585
1454210 1585
1454220 1586
1454230 1583
1454240 1583
1454250 1578
1454260 1572
1454270 1572
1454280 1564
1454290 1555
1454300 1551
1454310 1551
1454320 1554
1454330 1554
1454340 1554
1454350 1546
1454360 1535
1454370 1535
1454380 1518
1454390 1500
1454400 1500
1454410 1496
1454420 1502
1454430 1502
1454440 1504
1454450 1507
1454460 1507
1454470 1512
1454480 1511
1454490 1508
1454500 1508
1454510 1503
1454520 1500
1454530 1500
1454540 1498
1454550 1494
1454560 1494
1454570 1491
1454580 1490
1454590 1490
1454600 1488
1454610 1487
1454620 1487
1454630 1488
1454640 1489
1454650 1489
1454660 1490
1454670 1489
1454680 1489
1454690 1488
1454700 1483
1454710 1477
1454720 1477
1454730 1474
1454740 1474
1454750 1474
1454760 1469
1454770 1463
1454780 1463
1454790 1459
1454800 1456
1454810 1456
1454820 1453
1454830 1450
1454840 1450
1454850 1445
1454860 1438
1454870 1438
1454880 1430
1454890 1424
1454900 1414
1454910 1414
1454920 1404
1454930 1395
1454940 1395
1454950 1387
1454960 1383
1454970 1383
1454980 1378
1454990 1373
1455000 1373
1455010 1368
1455020 1362
1455030 1362
1455040 1356
1455050 1349
1455060 1349
1455070 1341
1455080 1332
1455090 1321
1455100 1321
1455110 1312
1455120 1303
1455130 1303
1455140 1295
1455150 1286
1455160 1286
1455170 1277
1455180 1268
1455190 1268
1455200 1259
1455210 1251
1455220 1251
1455230 1242
1455240 1234
1455250 1234
1455260 1226
1455270 1218
1455280 1210
1455290 1210
1455300 1201
1455310 1202
1455320 1202
1455330 1216
1455340 1219
1455350 1219
1455360 1218
1455370 1214
1455380 1214
1455390 1204
1455400 1196
1455410 1196
1455420 1189
1455430 1184
1455440 1184
1455450 1179
1455460 1173
1455470 1168
1455480 1168
1455490 1164
1455500 1158
1455510 1158
1455520 1156
1455530 1157
1455540 1157
1455550 1163
1455560 1167
1455570 1167
1455580 1160
1455590 1153
1455600 1153
1455610 1145
1455620 1136
1455630 1136
1455640 1131
1455650 1124
1455660 1124
1455670 1115
1455680 1109
1455690 1106
1455700 1106
1455710 1097
1455720 1086
1455730 1086
1455740 1070
1455750 1055
1455760 1055
1455770 1048
1455780 1042
1455790 1042
1455800 1036
1455810 1029
1455820 1029
1455830 1023
1455840 1017
1455850 1017
1455860 1012
1455870 1006
1455880 1001
1455890 1001
1455900 995
1455910 992
1455920 992
1455930 989
1455940 984
1455950 984
1455960 978
1455970 973
1455980 973
1455990 967
1456000 961
1456010 961
1456020 957
1456030 952
1456040 952
1456050 949
1456060 946
1456070 944
1456080 944
1456090 943
1456100 943
1456110 943
1456120 943
1456130 943
1456140 943
1456150 943
1456160 943
1456170 943
1456180 944
1456190 944
1456200 944
1456210 943
1456220 943
1456230 943
1456240 946
1456250 949
1456260 952
1456270 952
1456280 956
1456290 959
1456300 959
1456310 962
1456320 965
1456330 965
1456340 968
1456350 970
1456360 970
1456370 971
1456380 971
1456390 971
1456400 972
1456410 972
1456420 972
1456430 973
1456440 973
1456450 973
1456460 973
1456470 974
1456480 974
1456490 974
1456500 976
1456510 978
1456520 978
1456530 980
1456540 982
1456550 982
1456560 986
1456570 990
1456580 990
1456590 993
1456600 995
1456610 995
1456620 996
1456630 1000
1456640 1000
1456650 1004
1456660 1007
1456670 1009
1456680 1009
1456690 1009
1456700 1009
1456710 1009
1456720 1010
1456730 1013
1456740 1013
1456750 1016
1456760 1017
1456770 1017
1456780 1019
1456790 1020
1456800 1020
1456810 1023
1456820 1026
1456830 1026
1456840 1029
1456850 1032
1456860 1034
1456870 1034
1456880 1035
1456890 1038
1456900 1038
1456910 1043
1456920 1046
1456930 1046
1456940 1048
1456950 1047
1456960 1047
1456970 1049
1456980 1050
1456990 1050
1457000 1050
1457010 1050
1457020 1050
1457030 1050
1457040 1049
1457050 1050
1457060 1050
1457070 1050
1457080 1049
1457090 1049
1457100 1048
1457110 1048
1457120 1048
1457130 1049
1457140 1050
1457150 1050
1457160 1049
1457170 1049
1457180 1049
1457190 1050
1457200 1052
1457210 1052
1457220 1055
1457230 1059
1457240 1063
1457250 1063
1457260 1068
1457270 1072
1457280 1072
1457290 1077
1457300 1082
1457310 1082
1457320 1086
1457330 1089
1457340 1089
1457350 1091
1457360 1093
1457370 1093
1457380 1095
1457390 1098
1457400 1098
1457410 1101
1457420 1103
1457430 1103
1457440 1105
1457450 1109
1457460 1114
1457470 1114
1457480 1118
1457490 1121
1457500 1121
1457510 1124
1457520 1127
1457530 1127
1457540 1132
1457550 1132
1457560 1132
1457570 1133
1457580 1134
1457590 1134
1457600 1134
1457610 1135
1457620 1135
1457630 1136
1457640 1139
1457650 1146
1457660 1146
1457670 1151
1457680 1155
1457690 1155
1457700 1158
1457710 1159
1457720 1159
1457730 1160
1457740 1162
1457750 1162
1457760 1164
1457770 1164
1457780 1164
1457790 1165
1457800 1168
1457810 1168
1457820 1173
1457830 1177
1457840 1182
1457850 1182
1457860 1187
1457870 1191
1457880 1191
1457890 1193
1457900 1197
1457910 1197
1457920 1200
1457930 1204
1457940 1204
1457950 1207
1457960 1211
1457970 1211
1457980 1214
1457990 1216
1458000 1216
1458010 1218
1458020 1218
1458030 1221
1458040 1221
1458050 1226
1458060 1230
1458070 1230
1458080 1235
1458090 1238
1458100 1238
1458110 1240
1458120 1241
1458130 1241
1458140 1242
1458150 1243
1458160 1243
1458170 1243
1458180 1244
1458190 1244
1458200 1244
1458210 1245
1458220 1247
1458230 1247
1458240 1249
1458250 1251
1458260 1251
1458270 1254
1458280 1257
1458290 1257
1458300 1259
1458310 1261
1458320 1261
1458330 1264
1458340 1268
1458350 1268
1458360 1272
1458370 1278
1458380 1278
1458390 1283
1458400 1287
1458410 1287
1458420 1289
1458430 1291
1458440 1292
1458450 1292
1458460 1293
1458470 1297
1458480 1297
1458490 1303
1458500 1310
1458510 1310
1458520 1316
1458530 1320
1458540 1320
1458550 1327
1458560 1335
1458570 1335
1458580 1341
1458590 1352
1458600 1352
1458610 1361
1458620 1368
1458630 1374
1458640 1374
1458650 1379
1458660 1386
1458670 1386
1458680 1392
1458690 1396
1458700 1396
1458710 1401
1458720 1403
1458730 1403
1458740 1407
1458750 1409
1458760 1409
1458770 1411
1458780 1412
1458790 1412
1458800 1412
1458810 1413
1458820 1414
1458830 1414
1458840 1417
1458850 1420
1458860 1420
1458870 1425
1458880 1430
1458890 1430
1458900 1434
1458910 1436
1458920 1436
1458930 1435
1458940 1433
1458950 1433
1458960 1427
1458970 1419
1458980 1419
1458990 1415
1459000 1413
1459010 1410
1459020 1410
1459030 1408
1459040 1405
1459050 1405
1459060 1404
1459070 1401
1459080 1401
1459090 1397
1459100 1391
1459110 1391
1459120 1381
1459130 1369
1459140 1369
1459150 1356
1459160 1342
1459170 1342
1459180 1334
1459190 1324
1459200 1315
1459210 1315
1459220 1308
1459230 1297
1459240 1297
1459250 1281
1459260 1262
1459270 1262
1459280 1253
1459290 1248
1459300 1248
1459310 1251
1459320 1265
1459330 1265
1459340 1276
1459350 1286
1459360 1286
1459370 1294
1459380 1300
1459390 1300
1459400 1306
1459410 1312
1459420 1317
1459430 1317
1459440 1321
1459450 1327
1459460 1327
1459470 1333
1459480 1340
1459490 1340
1459500 1347
1459510 1354
1459520 1354
1459530 1359
1459540 1367
1459550 1367
1459560 1374
1459570 1379
1459580 1379
1459590 1385
1459600 1390
1459610 1396
1459620 1396
1459630 1402
1459640 1406
1459650 1406
1459660 1411
1459670 1413
1459680 1413
1459690 1415
1459700 1418
1459710 1418
1459720 1422
1459730 1426
1459740 1426
1459750 1428
1459760 1432
1459770 1432
1459780 1435
1459790 1440
1459800 1446
1459810 1446
1459820 1451
1459830 1455
1459840 1455
1459850 1459
1459860 1464
1459870 1464
1459880 1469
1459890 1475
1459900 1475
1459910 1480
1459920 1484
1459930 1484
1459940 1486
1459950 1489
1459960 1489
1459970 1490
1459980 1493
1459990 1494
