1440000 2161
1440010 2166
1440020 2169
1440030 2169
1440040 2172
1440050 2175
1440060 2175
1440070 2174
1440080 2172
1440090 2172
1440100 2172
1440110 2173
1440120 2173
1440130 2173
1440140 2172
1440150 2172
1440160 2173
1440170 2174
1440180 2177
1440190 2177
1440200 2180
1440210 2182
1440220 2182
1440230 2183
1440240 2183
1440250 2183
1440260 2181
1440270 2176
1440280 2176
1440290 2169
1440300 2165
1440310 2165
1440320 2164
1440330 2162
1440340 2162
1440350 2158
1440360 2152
1440370 2150
1440380 2150
1440390 2150
1440400 2148
1440410 2148
1440420 2148
1440430 2151
1440440 2151
1440450 2152
1440460 2154
1440470 2154
1440480 2157
1440490 2158
1440500 2158
1440510 2158
1440520 2157
1440530 2157
1440540 2156
1440550 2154
1440560 2153
1440570 2153
1440580 2150
1440590 2146
1440600 2146
1440610 2142
1440620 2137
1440630 2137
1440640 2133
1440650 2128
1440660 2128
1440670 2122
1440680 2117
1440690 2117
1440700 2111
1440710 2106
1440720 2106
1440730 2100
1440740 2094
1440750 2094
1440760 2088
1440770 2082
1440780 2077
1440790 2077
1440800 2073
1440810 2069
1440820 2069
1440830 2064
1440840 2060
1440850 2060
1440860 2056
1440870 2051
1440880 2051
1440890 2048
1440900 2044
1440910 2044
1440920 2042
1440930 2042
1440940 2042
1440950 2038
1440960 2033
1440970 2033
1440980 2033
1440990 2037
1441000 2041
1441010 2041
1441020 2042
1441030 2041
1441040 2041
1441050 2040
1441060 2040
1441070 2040
1441080 2041
1441090 2044
1441100 2044
1441110 2048
1441120 2050
1441130 2050
1441140 2051
1441150 2053
1441160 2054
1441170 2054
1441180 2053
1441190 2053
1441200 2053
1441210 2053
1441220 2053
1441230 2053
1441240 2053
1441250 2051
1441260 2051
1441270 2047
1441280 2038
1441290 2038
1441300 2030
1441310 2029
1441320 2029
1441330 2024
1441340 2015
1441350 2010
1441360 2010
1441370 2009
1441380 2009
1441390 2001
1441400 2001
1441410 1998
1441420 1998
1441430 1995
1441440 1992
1441450 1992
1441460 1991
1441470 1994
1441480 1994
1441490 1997
1441500 1998
1441510 1998
1441520 1999
1441530 1999
1441540 1999
1441550 1999
1441560 1999
1441570 1999
1441580 1999
1441590 1999
1441600 1999
1441610 1999
1441620 1999
1441630 2000
1441640 2000
1441650 2001
1441660 2002
1441670 2002
1441680 2003
1441690 2004
1441700 2004
1441710 2004
1441720 2002
1441730 2002
1441740 2001
1441750 2000
1441760 2000
1441770 2000
1441780 2000
1441790 2000
1441800 2000
1441810 1997
1441820 1988
1441830 1988
1441840 1977
1441850 1976
1441860 1976
1441870 1980
1441880 1984
1441890 1984
1441900 1988
1441910 1991
1441920 1991
1441930 1988
1441940 1985
1441950 1981
1441960 1981
1441970 1977
1441980 1970
1441990 1970
1442000 1961
1442010 1954
1442020 1954
1442030 1950
1442040 1944
1442050 1944
1442060 1943
1442070 1943
1442080 1943
1442090 1947
1442100 1952
1442110 1952
1442120 1957
1442130 1960
1442140 1961
1442150 1961
1442160 1960
1442170 1959
1442180 1959
1442190 1956
1442200 1952
1442210 1952
1442220 1948
1442230 1945
1442240 1945
1442250 1944
1442260 1944
1442270 1944
1442280 1943
1442290 1943
1442300 1943
1442310 1944
1442320 1944
1442330 1944
1442340 1943
1442350 1941
1442360 1942
1442370 1942
1442380 1943
1442390 1941
1442400 1941
1442410 1939
1442420 1938
1442430 1938
1442440 1938
1442450 1938
1442460 1938
1442470 1938
1442480 1940
1442490 1940
1442500 1943
1442510 1945
1442520 1945
1442530 1947
1442540 1948
1442550 1949
1442560 1949
1442570 1950
1442580 1950
1442590 1950
1442600 1950
1442610 1948
1442620 1948
1442630 1946
1442640 1945
1442650 1945
1442660 1946
1442670 1946
1442680 1946
1442690 1946
1442700 1945
1442710 1945
1442720 1946
1442730 1946
1442740 1945
1442750 1945
1442760 1942
1442770 1937
1442780 1937
1442790 1933
1442800 1929
1442810 1929
1442820 1926
1442830 1923
1442840 1923
1442850 1920
1442860 1916
1442870 1916
1442880 1913
1442890 1913
1442900 1913
1442910 1913
1442920 1912
1442930 1911
1442940 1911
1442950 1910
1442960 1910
1442970 1910
1442980 1910
1442990 1911
1443000 1911
1443010 1911
1443020 1909
1443030 1909
1443040 1907
1443050 1907
1443060 1907
1443070 1905
1443080 1905
1443090 1905
1443100 1905
1443110 1903
1443120 1899
1443130 1899
1443140 1895
1443150 1890
1443160 1890
1443170 1886
1443180 1883
1443190 1883
1443200 1880
1443210 1877
1443220 1877
1443230 1876
1443240 1874
1443250 1874
1443260 1873
1443270 1873
1443280 1873
1443290 1872
1443300 1870
1443310 1870
1443320 1869
1443330 1867
1443340 1866
1443350 1866
1443360 1865
1443370 1864
1443380 1864
1443390 1861
1443400 1858
1443410 1858
1443420 1857
1443430 1856
1443440 1856
1443450 1855
1443460 1854
1443470 1854
1443480 1853
1443490 1852
1443500 1852
1443510 1851
1443520 1850
1443530 1849
1443540 1849
1443550 1849
1443560 1848
1443570 1848
1443580 1848
1443590 1847
1443600 1847
1443610 1845
1443620 1845
1443630 1845
1443640 1845
1443650 1845
1443660 1845
1443670 1845
1443680 1845
1443690 1845
1443700 1845
1443710 1845
1443720 1845
1443730 1845
1443740 1845
1443750 1845
1443760 1845
1443770 1845
1443780 1845
1443790 1845
1443800 1845
1443810 1845
1443820 1845
1443830 1845
1443840 1845
1443850 1845
1443860 1846
1443870 1846
1443880 1846
1443890 1846
1443900 1846
1443910 1846
1443920 1846
1443930 1846
1443940 1846
1443950 1846
1443960 1846
1443970 1846
1443980 1846
1443990 1846
1444000 1846
1444010 1846
1444020 1846
1444030 1847
1444040 1847
1444050 1850
1444060 1853
1444070 1853
1444080 1858
1444090 1864
1444100 1864
1444110 1870
1444120 1876
1444130 1882
1444140 1882
1444150 1887
1444160 1892
1444170 1892
1444180 1895
1444190 1897
1444200 1897
1444210 1902
1444220 1911
1444230 1911
1444240 1916
1444250 1922
1444260 1922
1444270 1928
1444280 1933
1444290 1933
1444300 1939
1444310 1944
1444320 1953
1444330 1953
1444340 1962
1444350 1968
1444360 1968
1444370 1974
1444380 1980
1444390 1980
1444400 1984
1444410 1986
1444420 1986
1444430 1978
1444440 1970
1444450 1979
1444460 1980
1444470 1992
1444480 1992
1444490 2001
1444500 2008
1444510 2016
1444520 2016
1444530 2022
1444540 2028
1444550 2028
1444560 2031
1444570 2031
1444580 2031
1444590 2031
1444600 2031
1444610 2031
1444620 2032
1444630 2032
1444640 2032
1444650 2032
1444660 2030
1444670 2030
1444680 2027
1444690 2019
1444700 2012
1444710 2012
1444720 2009
1444730 2008
1444740 2008
1444750 2008
1444760 2006
1444770 2006
1444780 2004
1444790 2001
1444800 2001
1444810 1999
1444820 1997
1444830 1997
1444840 1996
1444850 1995
1444860 1995
1444870 1994
1444880 1993
1444890 1993
1444900 1993
1444910 1994
1444920 1995
1444930 1995
1444940 1997
1444950 1999
1444960 1999
1444970 2001
1444980 2002
1444990 2002
1445000 2005
1445010 2007
1445020 2007
1445030 2007
1445040 2005
1445050 2005
1445060 2002
1445070 2004
1445080 2004
1445090 2007
1445100 2009
1445110 2009
1445120 2009
1445130 2011
1445140 2014
1445150 2014
1445160 2017
1445170 2022
1445180 2022
1445190 2026
1445200 2028
1445210 2028
1445220 2030
1445230 2031
1445240 2031
1445250 2032
1445260 2035
1445270 2035
1445280 2038
1445290 2043
1445300 2048
1445310 2048
1445320 2052
1445330 2057
1445340 2057
1445350 2062
1445360 2068
1445370 2068
1445380 2072
1445390 2076
1445400 2076
1445410 2081
1445420 2086
1445430 2086
1445440 2091
1445450 2097
1445460 2097
1445470 2102
1445480 2108
1445490 2114
1445500 2114
1445510 2122
1445520 2129
1445530 2129
1445540 2136
1445550 2144
1445560 2144
1445570 2151
1445580 2158
1445590 2158
1445600 2166
1445610 2173
1445620 2173
1445630 2180
1445640 2187
1445650 2187
1445660 2195
1445670 2202
1445680 2202
1445690 2210
1445700 2218
1445710 2226
1445720 2226
1445730 2235
1445740 2243
1445750 2243
1445760 2250
1445770 2259
1445780 2259
1445790 2268
1445800 2278
1445810 2278
1445820 2291
1445830 2312
1445840 2312
1445850 2335
1445860 2350
1445870 2350
1445880 2360
1445890 2367
1445900 2373
1445910 2373
1445920 2380
1445930 2386
1445940 2386
1445950 2393
1445960 2398
1445970 2398
1445980 2403
1445990 2407
1446000 2407
1446010 2411
1446020 2416
1446030 2416
1446040 2421
1446050 2423
1446060 2423
1446070 2424
1446080 2421
1446090 2421
1446100 2421
1446110 2422
1446120 2424
1446130 2424
1446140 2427
1446150 2429
1446160 2429
1446170 2431
1446180 2436
1446190 2436
1446200 2440
1446210 2444
1446220 2444
1446230 2447
1446240 2452
1446250 2452
1446260 2457
1446270 2464
1446280 2468
1446290 2468
1446300 2470
1446310 2471
1446320 2471
1446330 2472
1446340 2475
1446350 2475
1446360 2476
1446370 2476
1446380 2476
1446390 2478
1446400 2481
1446410 2481
1446420 2483
1446430 2486
1446440 2486
1446450 2487
1446460 2488
1446470 2488
1446480 2489
1446490 2491
1446500 2492
1446510 2492
1446520 2492
1446530 2490
1446540 2490
1446550 2486
1446560 2484
1446570 2484
1446580 2483
1446590 2484
1446600 2484
1446610 2487
1446620 2489
1446630 2489
1446640 2491
1446650 2497
1446660 2497
1446670 2501
1446680 2504
1446690 2507
1446700 2507
1446710 2511
1446720 2514
1446730 2514
1446740 2516
1446750 2521
1446760 2521
1446770 2526
1446780 2532
1446790 2532
1446800 2540
1446810 2548
1446820 2548
1446830 2555
1446840 2562
1446850 2562
1446860 2569
1446870 2574
1446880 2573
1446890 2573
1446900 2569
1446910 2566
1446920 2566
1446930 2566
1446940 2566
1446950 2566
1446960 2561
1446970 2557
1446980 2557
1446990 2553
1447000 2552
1447010 2552
1447020 2551
1447030 2547
1447040 2547
1447050 2539
1447060 2530
1447070 2520
1447080 2520
1447090 2511
1447100 2500
1447110 2500
1447120 2491
1447130 2480
1447140 2480
1447150 2469
1447160 2460
1447170 2460
1447180 2453
1447190 2445
1447200 2445
1447210 2437
1447220 2427
1447230 2427
1447240 2416
1447250 2408
1447260 2408
1447270 2402
1447280 2396
1447290 2390
1447300 2390
1447310 2385
1447320 2381
1447330 2381
1447340 2378
1447350 2375
1447360 2375
1447370 2374
1447380 2372
1447390 2372
1447400 2369
1447410 2364
1447420 2364
1447430 2359
1447440 2354
1447450 2354
1447460 2349
1447470 2344
1447480 2339
1447490 2339
1447500 2333
1447510 2327
1447520 2327
1447530 2322
1447540 2314
1447550 2314
1447560 2303
1447570 2295
1447580 2295
1447590 2288
1447600 2281
1447610 2281
1447620 2273
1447630 2266
1447640 2266
1447650 2259
1447660 2251
1447670 2245
1447680 2245
1447690 2239
1447700 2234
1447710 2234
1447720 2228
1447730 2224
1447740 2224
1447750 2217
1447760 2203
1447770 2203
1447780 2196
1447790 2192
1447800 2192
1447810 2189
1447820 2187
1447830 2187
1447840 2182
1447850 2178
1447860 2177
1447870 2177
1447880 2177
1447890 2178
1447900 2178
1447910 2180
1447920 2182
1447930 2182
1447940 2185
1447950 2187
1447960 2187
1447970 2190
1447980 2193
1447990 2193
1448000 2195
1448010 2197
1448020 2197
1448030 2200
1448040 2201
1448050 2202
1448060 2202
1448070 2204
1448080 2206
1448090 2206
1448100 2208
1448110 2210
1448120 2210
1448130 2213
1448140 2217
1448150 2217
1448160 2219
1448170 2218
1448180 2218
1448190 2217
1448200 2217
1448210 2217
1448220 2217
1448230 2218
1448240 2218
1448250 2219
1448260 2219
1448270 2219
1448280 2219
1448290 2220
1448300 2220
1448310 2220
1448320 2221
1448330 2222
1448340 2222
1448350 2221
1448360 2220
1448370 2220
1448380 2222
1448390 2227
1448400 2227
1448410 2232
1448420 2231
1448430 2231
1448440 2234
1448450 2241
1448460 2243
1448470 2243
1448480 2244
1448490 2246
1448500 2246
1448510 2250
1448520 2252
1448530 2252
1448540 2253
1448550 2254
1448560 2254
1448570 2255
1448580 2257
1448590 2257
1448600 2258
1448610 2260
1448620 2260
1448630 2262
1448640 2264
1448650 2266
1448660 2266
1448670 2268
1448680 2267
1448690 2267
1448700 2257
1448710 2244
1448720 2244
1448730 2235
1448740 2228
1448750 2228
1448760 2220
1448770 2206
1448780 2206
1448790 2197
1448800 2191
1448810 2191
1448820 2187
1448830 2181
1448840 2176
1448850 2176
1448860 2171
1448870 2165
1448880 2165
1448890 2159
1448900 2154
1448910 2154
1448920 2147
1448930 2142
1448940 2142
1448950 2136
1448960 2127
1448970 2127
1448980 2115
1448990 2106
1449000 2106
1449010 2094
1449020 2081
1449030 2081
1449040 2070
1449050 2061
1449060 2055
1449070 2055
1449080 2049
1449090 2042
1449100 2042
1449110 2037
1449120 2031
1449130 2031
1449140 2026
1449150 2020
1449160 2020
1449170 2015
1449180 2008
1449190 2008
1449200 2001
1449210 1995
1449220 1995
1449230 1989
1449240 1982
1449250 1976
1449260 1976
1449270 1969
1449280 1963
1449290 1963
1449300 1957
1449310 1951
1449320 1951
1449330 1945
1449340 1939
1449350 1939
1449360 1934
1449370 1930
1449380 1930
1449390 1927
1449400 1925
1449410 1925
1449420 1923
1449430 1921
1449440 1920
1449450 1920
1449460 1917
1449470 1915
1449480 1915
1449490 1913
1449500 1911
1449510 1911
1449520 1908
1449530 1905
1449540 1905
1449550 1900
1449560 1894
1449570 1894
1449580 1887
1449590 1886
1449600 1886
1449610 1885
1449620 1883
1449630 1880
1449640 1880
1449650 1874
1449660 1869
1449670 1869
1449680 1866
1449690 1864
1449700 1864
1449710 1858
1449720 1851
1449730 1851
1449740 1846
1449750 1845
1449760 1845
1449770 1843
1449780 1838
1449790 1838
1449800 1841
1449810 1847
1449820 1847
1449830 1848
1449840 1847
1449850 1847
1449860 1847
1449870 1848
1449880 1849
1449890 1849
1449900 1848
1449910 1848
1449920 1848
1449930 1848
1449940 1847
1449950 1847
1449960 1847
1449970 1845
1449980 1845
1449990 1842
1450000 1841
1450010 1841
1450020 1841
1450030 1839
1450040 1839
1450050 1839
1450060 1839
1450070 1838
1450080 1838
1450090 1837
1450100 1837
1450110 1837
1450120 1837
1450130 1837
1450140 1837
1450150 1838
1450160 1840
1450170 1840
1450180 1842
1450190 1845
1450200 1845
1450210 1846
1450220 1847
1450230 1847
1450240 1847
1450250 1847
1450260 1849
1450270 1849
1450280 1851
1450290 1850
1450300 1850
1450310 1849
1450320 1848
1450330 1848
1450340 1846
1450350 1845
1450360 1845
1450370 1845
1450380 1845
1450390 1845
1450400 1845
1450410 1845
1450420 1841
1450430 1841
1450440 1838
1450450 1842
1450460 1842
1450470 1847
1450480 1852
1450490 1852
1450500 1854
1450510 1858
1450520 1858
1450530 1860
1450540 1861
1450550 1861
1450560 1861
1450570 1858
1450580 1858
1450590 1856
1450600 1853
1450610 1853
1450620 1852
1450630 1857
1450640 1862
1450650 1862
1450660 1865
1450670 1868
1450680 1868
1450690 1870
1450700 1873
1450710 1873
1450720 1876
1450730 1878
1450740 1878
1450750 1879
1450760 1881
1450770 1881
1450780 1882
1450790 1882
1450800 1882
1450810 1883
1450820 1884
1450830 1886
1450840 1886
1450850 1887
1450860 1887
1450870 1887
1450880 1887
1450890 1887
1450900 1887
1450910 1888
1450920 1888
1450930 1888
1450940 1887
1450950 1885
1450960 1885
1450970 1885
1450980 1886
1450990 1886
1451000 1885
1451010 1884
1451020 1882
1451030 1882
1451040 1870
1451050 1858
1451060 1858
1451070 1850
1451080 1842
1451090 1842
1451100 1835
1451110 1827
1451120 1827
1451130 1820
1451140 1816
1451150 1816
1451160 1812
1451170 1808
1451180 1808
1451190 1802
1451200 1798
1451210 1795
1451220 1795
1451230 1793
1451240 1792
1451250 1792
1451260 1792
1451270 1792
1451280 1792
1451290 1791
1451300 1789
1451310 1789
1451320 1783
1451330 1781
1451340 1781
1451350 1779
1451360 1775
1451370 1775
1451380 1772
1451390 1767
1451400 1767
1451410 1762
1451420 1759
1451430 1755
1451440 1755
1451450 1749
1451460 1743
1451470 1743
1451480 1737
1451490 1731
1451500 1731
1451510 1725
1451520 1718
1451530 1718
1451540 1711
1451550 1705
1451560 1705
1451570 1699
1451580 1695
1451590 1695
1451600 1691
1451610 1687
1451620 1683
1451630 1683
1451640 1678
1451650 1672
1451660 1672
1451670 1666
1451680 1662
1451690 1662
1451700 1660
1451710 1658
1451720 1658
1451730 1656
1451740 1651
1451750 1651
1451760 1643
1451770 1634
1451780 1634
1451790 1625
1451800 1620
1451810 1616
1451820 1616
1451830 1612
1451840 1608
1451850 1608
1451860 1602
1451870 1596
1451880 1596
1451890 1590
1451900 1584
1451910 1584
1451920 1579
1451930 1573
1451940 1573
1451950 1568
1451960 1562
1451970 1562
1451980 1556
1451990 1549
1452000 1543
1452010 1543
1452020 1538
1452030 1534
1452040 1534
1452050 1529
1452060 1523
1452070 1523
1452080 1517
1452090 1510
1452100 1510
1452110 1504
1452120 1498
1452130 1498
1452140 1491
1452150 1484
1452160 1484
1452170 1478
1452180 1473
1452190 1473
1452200 1467
1452210 1460
1452220 1454
1452230 1454
1452240 1447
1452250 1442
1452260 1442
1452270 1438
1452280 1434
1452290 1434
1452300 1430
1452310 1425
1452320 1425
1452330 1421
1452340 1416
1452350 1416
1452360 1411
1452370 1407
1452380 1407
1452390 1404
1452400 1397
1452410 1392
1452420 1392
1452430 1386
1452440 1380
1452450 1380
1452460 1373
1452470 1366
1452480 1366
1452490 1364
1452500 1366
1452510 1366
1452520 1370
1452530 1374
1452540 1374
1452550 1378
1452560 1380
1452570 1380
1452580 1384
1452590 1389
1452600 1396
1452610 1396
1452620 1405
1452630 1419
1452640 1419
1452650 1434
1452660 1444
1452670 1444
1452680 1456
1452690 1464
1452700 1464
1452710 1467
1452720 1469
1452730 1469
1452740 1472
1452750 1483
1452760 1483
1452770 1500
1452780 1517
1452790 1526
1452800 1526
1452810 1524
1452820 1525
1452830 1525
1452840 1528
1452850 1527
1452860 1527
1452870 1524
1452880 1517
1452890 1517
1452900 1511
1452910 1505
1452920 1505
1452930 1499
1452940 1493
1452950 1493
1452960 1486
1452970 1478
1452980 1471
1452990 1471
1453000 1463
1453010 1456
1453020 1456
1453030 1449
1453040 1442
1453050 1442
1453060 1435
1453070 1428
1453080 1428
1453090 1421
1453100 1414
1453110 1414
1453120 1407
1453130 1400
1453140 1400
1453150 1393
1453160 1387
1453170 1387
1453180 1381
1453190 1375
1453200 1368
1453210 1368
1453220 1361
1453230 1356
1453240 1356
1453250 1350
1453260 1343
1453270 1343
1453280 1335
1453290 1328
1453300 1328
1453310 1323
1453320 1321
1453330 1321
1453340 1317
1453350 1312
1453360 1312
1453370 1308
1453380 1303
1453390 1298
1453400 1298
1453410 1295
1453420 1291
1453430 1291
1453440 1288
1453450 1284
1453460 1284
1453470 1279
1453480 1271
1453490 1271
1453500 1261
1453510 1253
1453520 1253
1453530 1247
1453540 1245
1453550 1245
1453560 1247
1453570 1247
1453580 1245
1453590 1245
1453600 1243
1453610 1241
1453620 1241
1453630 1238
1453640 1236
1453650 1236
1453660 1237
1453670 1237
1453680 1237
1453690 1235
1453700 1232
1453710 1232
1453720 1229
1453730 1225
1453740 1225
1453750 1219
1453760 1218
1453770 1219
1453780 1219
1453790 1218
1453800 1218
1453810 1218
1453820 1218
1453830 1216
1453840 1216
1453850 1211
1453860 1208
1453870 1208
1453880 1206
1453890 1204
1453900 1204
1453910 1202
1453920 1199
1453930 1199
1453940 1194
1453950 1188
1453960 1188
1453970 1183
1453980 1177
1453990 1171
1454000 1171
1454010 1163
1454020 1156
1454030 1156
1454040 1151
1454050 1151
1454060 1151
1454070 1151
1454080 1149
1454090 1149
1454100 1145
1454110 1140
1454120 1140
1454130 1134
1454140 1128
1454150 1128
1454160 1122
1454170 1118
1454180 1115
1454190 1115
1454200 1113
1454210 1110
1454220 1110
1454230 1106
1454240 1102
1454250 1102
1454260 1099
1454270 1095
1454280 1095
1454290 1089
1454300 1084
1454310 1084
1454320 1078
1454330 1074
1454340 1074
1454350 1069
1454360 1065
1454370 1063
1454380 1063
1454390 1059
1454400 1055
1454410 1055
1454420 1051
1454430 1046
1454440 1046
1454450 1040
1454460 1035
1454470 1035
1454480 1029
1454490 1024
1454500 1024
1454510 1019
1454520 1014
1454530 1014
1454540 1010
1454550 1009
1454560 1008
1454570 1008
1454580 1007
1454590 1007
1454600 1007
1454610 1007
1454620 1008
1454630 1008
1454640 1009
1454650 1011
1454660 1011
1454670 1012
1454680 1012
1454690 1012
1454700 1011
1454710 1010
1454720 1010
1454730 1010
1454740 1009
1454750 1009
1454760 1009
1454770 1008
1454780 1008
1454790 1008
1454800 1008
1454810 1007
1454820 1007
1454830 1007
1454840 1007
1454850 1007
1454860 1005
1454870 1004
1454880 1004
1454890 1003
1454900 1002
1454910 1002
1454920 1001
1454930 1000
1454940 1000
1454950 998
1454960 997
1454970 996
1454980 996
1454990 995
1455000 994
1455010 994
1455020 993
1455030 992
1455040 992
1455050 991
1455060 990
1455070 990
1455080 989
1455090 989
1455100 989
1455110 988
1455120 988
1455130 988
1455140 988
1455150 989
1455160 991
1455170 991
1455180 993
1455190 996
1455200 996
1455210 998
1455220 1001
1455230 1001
1455240 1004
1455250 1007
1455260 1007
1455270 1009
1455280 1012
1455290 1012
1455300 1016
1455310 1019
1455320 1019
1455330 1021
1455340 1022
1455350 1023
1455360 1023
1455370 1024
1455380 1025
1455390 1022
1455400 1024
1455410 1027
1455420 1027
1455430 1028
1455440 1029
1455450 1029
1455460 1030
1455470 1031
1455480 1031
1455490 1033
1455500 1035
1455510 1035
1455520 1037
1455530 1041
1455540 1041
1455550 1044
1455560 1048
1455570 1051
1455580 1051
1455590 1055
1455600 1060
1455610 1060
1455620 1064
1455630 1066
1455640 1066
1455650 1069
1455660 1071
1455670 1071
1455680 1074
1455690 1078
1455700 1078
1455710 1082
1455720 1087
1455730 1087
1455740 1092
1455750 1098
1455760 1102
1455770 1102
1455780 1107
1455790 1111
1455800 1111
1455810 1114
1455820 1119
1455830 1119
1455840 1123
1455850 1127
1455860 1127
1455870 1133
1455880 1140
1455890 1140
1455900 1147
1455910 1153
1455920 1153
1455930 1160
1455940 1166
1455950 1172
1455960 1172
1455970 1177
1455980 1182
1455990 1182
1456000 1187
1456010 1191
1456020 1191
1456030 1193
1456040 1194
1456050 1194
1456060 1195
1456070 1197
1456080 1197
1456090 1198
1456100 1199
1456110 1199
1456120 1201
1456130 1205
1456140 1211
1456150 1211
1456160 1217
1456170 1222
1456180 1222
1456190 1228
1456200 1235
1456210 1235
1456220 1240
1456230 1244
1456240 1244
1456250 1247
1456260 1249
1456270 1249
1456280 1251
1456290 1253
1456300 1253
1456310 1254
1456320 1257
1456330 1257
1456340 1263
1456350 1266
1456360 1266
1456370 1266
1456380 1270
1456390 1276
1456400 1276
1456410 1285
1456420 1291
1456430 1291
1456440 1295
1456450 1300
1456460 1300
1456470 1303
1456480 1307
1456490 1307
1456500 1310
1456510 1313
1456520 1313
1456530 1316
1456540 1317
1456550 1320
1456560 1320
1456570 1323
1456580 1326
1456590 1326
1456600 1329
1456610 1333
1456620 1333
1456630 1335
1456640 1338
1456650 1338
1456660 1340
1456670 1340
1456680 1340
1456690 1342
1456700 1344
1456710 1344
1456720 1345
1456730 1346
1456740 1348
1456750 1348
1456760 1347
1456770 1346
1456780 1346
1456790 1347
1456800 1349
1456810 1349
1456820 1353
1456830 1356
1456840 1356
1456850 1359
1456860 1362
1456870 1362
1456880 1364
1456890 1365
1456900 1365
1456910 1363
1456920 1367
1456930 1374
1456940 1374
1456950 1377
1456960 1379
1456970 1379
1456980 1381
1456990 1385
1457000 1385
1457010 1388
1457020 1389
1457030 1389
1457040 1389
1457050 1389
1457060 1389
1457070 1390
1457080 1392
1457090 1392
1457100 1392
1457110 1394
1457120 1394
1457130 1396
1457140 1399
1457150 1403
1457160 1403
1457170 1406
1457180 1409
1457190 1409
1457200 1410
1457210 1411
1457220 1411
1457230 1412
1457240 1413
1457250 1413
1457260 1414
1457270 1415
1457280 1415
1457290 1416
1457300 1418
1457310 1418
1457320 1420
1457330 1423
1457340 1426
1457350 1426
1457360 1429
1457370 1430
1457380 1430
1457390 1432
1457400 1436
1457410 1436
1457420 1441
1457430 1445
1457440 1445
1457450 1450
1457460 1455
1457470 1455
1457480 1461
1457490 1466
1457500 1466
1457510 1470
1457520 1474
1457530 1478
1457540 1478
1457550 1481
1457560 1488
1457570 1488
1457580 1493
1457590 1496
1457600 1496
1457610 1498
1457620 1502
1457630 1502
1457640 1505
1457650 1508
1457660 1508
1457670 1513
1457680 1520
1457690 1520
1457700 1524
1457710 1527
1457720 1529
1457730 1529
1457740 1531
1457750 1535
1457760 1535
1457770 1538
1457780 1541
1457790 1541
1457800 1545
1457810 1548
1457820 1548
1457830 1553
1457840 1557
1457850 1557
1457860 1560
1457870 1563
1457880 1563
1457890 1566
1457900 1568
1457910 1568
1457920 1570
1457930 1573
1457940 1576
1457950 1576
1457960 1580
1457970 1583
1457980 1583
1457990 1585
1458000 1587
1458010 1587
1458020 1589
1458030 1591
1458040 1591
1458050 1593
1458060 1598
1458070 1598
1458080 1602
1458090 1606
1458100 1606
1458110 1610
1458120 1614
1458130 1617
1458140 1617
1458150 1620
1458160 1622
1458170 1622
1458180 1626
1458190 1630
1458200 1630
1458210 1634
1458220 1637
1458230 1637
1458240 1638
1458250 1637
1458260 1637
1458270 1635
1458280 1633
1458290 1633
1458300 1632
1458310 1632
1458320 1633
1458330 1633
1458340 1632
1458350 1630
1458360 1630
1458370 1627
1458380 1625
1458390 1625
1458400 1625
1458410 1625
1458420 1625
1458430 1625
1458440 1623
1458450 1623
1458460 1619
1458470 1615
1458480 1615
1458490 1615
1458500 1617
1458510 1618
1458520 1618
1458530 1618
1458540 1620
1458550 1620
1458560 1622
1458570 1627
1458580 1627
1458590 1631
1458600 1635
1458610 1635
1458620 1640
1458630 1645
1458640 1645
1458650 1649
1458660 1651
1458670 1651
1458680 1652
1458690 1655
1458700 1663
1458710 1663
1458720 1668
1458730 1676
1458740 1676
1458750 1683
1458760 1687
1458770 1687
1458780 1686
1458790 1685
1458800 1685
1458810 1682
1458820 1682
1458830 1682
1458840 1684
1458850 1685
1458860 1685
1458870 1683
1458880 1681
1458890 1681
1458900 1678
1458910 1674
1458920 1669
1458930 1669
1458940 1665
1458950 1659
1458960 1659
1458970 1655
1458980 1651
1458990 1651
1459000 1646
1459010 1642
1459020 1642
1459030 1636
1459040 1630
1459050 1630
1459060 1625
1459070 1622
1459080 1622
1459090 1618
1459100 1613
1459110 1609
1459120 1609
1459130 1604
1459140 1598
1459150 1598
1459160 1593
1459170 1589
1459180 1589
1459190 1584
1459200 1579
1459210 1579
1459220 1574
1459230 1570
1459240 1570
1459250 1568
1459260 1565
1459270 1565
1459280 1560
1459290 1556
1459300 1552
1459310 1552
1459320 1547
1459330 1544
1459340 1544
1459350 1542
1459360 1540
1459370 1540
1459380 1539
1459390 1539
1459400 1539
1459410 1537
1459420 1536
1459430 1536
1459440 1534
1459450 1532
1459460 1532
1459470 1531
1459480 1529
1459490 1528
1459500 1528
1459510 1523
1459520 1518
1459530 1518
1459540 1515
1459550 1514
1459560 1514
1459570 1514
1459580 1513
1459590 1513
1459600 1511
1459610 1507
1459620 1507
1459630 1504
1459640 1500
1459650 1500
1459660 1496
1459670 1491
1459680 1491
1459690 1489
1459700 1491
1459710 1496
1459720 1496
1459730 1501
1459740 1507
1459750 1507
1459760 1515
1459770 1522
1459780 1522
1459790 1531
1459800 1540
1459810 1540
1459820 1550
1459830 1561
1459840 1561
1459850 1570
1459860 1578
1459870 1578
1459880 1587
1459890 1595
1459900 1603
1459910 1603
1459920 1616
1459930 1633
1459940 1633
1459950 1648
1459960 1662
1459970 1662
1459980 1667
1459990 1668
