1440000 2153
1440010 2153
1440020 2159
1440030 2166
1440040 2166
1440050 2176
1440060 2182
1440070 2182
1440080 2189
1440090 2195
1440100 2201
1440110 2201
1440120 2206
1440130 2213
1440140 2213
1440150 2220
1440160 2225
1440170 2225
1440180 2230
1440190 2237
1440200 2237
1440210 2242
1440220 2248
1440230 2248
1440240 2252
1440250 2258
1440260 2258
1440270 2266
1440280 2273
1440290 2273
1440300 2280
1440310 2287
1440320 2295
1440330 2295
1440340 2304
1440350 2308
1440360 2308
1440370 2313
1440380 2317
1440390 2317
1440400 2324
1440410 2330
1440420 2330
1440430 2337
1440440 2345
1440450 2345
1440460 2355
1440470 2365
1440480 2365
1440490 2374
1440500 2383
1440510 2391
1440520 2391
1440530 2395
1440540 2400
1440550 2400
1440560 2405
1440570 2409
1440580 2409
1440590 2412
1440600 2417
1440610 2417
1440620 2425
1440630 2432
1440640 2432
1440650 2437
1440660 2442
1440670 2442
1440680 2455
1440690 2466
1440700 2465
1440710 2465
1440720 2464
1440730 2469
1440740 2469
1440750 2476
1440760 2482
1440770 2482
1440780 2485
1440790 2485
1440800 2485
1440810 2485
1440820 2484
1440830 2484
1440840 2483
1440850 2483
1440860 2483
1440870 2482
1440880 2482
1440890 2482
1440900 2483
1440910 2484
1440920 2485
1440930 2485
1440940 2485
1440950 2483
1440960 2483
1440970 2478
1440980 2474
1440990 2474
1441000 2470
1441010 2471
1441020 2471
1441030 2472
1441040 2478
1441050 2478
1441060 2483
1441070 2488
1441080 2488
1441090 2494
1441100 2499
1441110 2501
1441120 2501
1441130 2503
1441140 2504
1441150 2504
1441160 2507
1441170 2509
1441180 2509
1441190 2511
1441200 2514
1441210 2514
1441220 2517
1441230 2521
1441240 2521
1441250 2524
1441260 2527
1441270 2527
1441280 2529
1441290 2530
1441300 2531
1441310 2531
1441320 2533
1441330 2533
1441340 2533
1441350 2531
1441360 2528
1441370 2528
1441380 2521
1441390 2516
1441400 2516
1441410 2510
1441420 2505
1441430 2505
1441440 2499
1441450 2494
1441460 2494
1441470 2486
1441480 2477
1441490 2470
1441500 2470
1441510 2464
1441520 2456
1441530 2456
1441540 2448
1441550 2440
1441560 2440
1441570 2434
1441580 2427
1441590 2427
1441600 2419
1441610 2412
1441620 2412
1441630 2406
1441640 2399
1441650 2399
1441660 2393
1441670 2391
1441680 2391
1441690 2389
1441700 2388
1441710 2384
1441720 2384
1441730 2380
1441740 2375
1441750 2375
1441760 2368
1441770 2363
1441780 2363
1441790 2360
1441800 2359
1441810 2359
1441820 2357
1441830 2356
1441840 2356
1441850 2353
1441860 2350
1441870 2350
1441880 2348
1441890 2347
1441900 2345
1441910 2345
1441920 2343
1441930 2341
1441940 2341
1441950 2336
1441960 2330
1441970 2330
1441980 2325
1441990 2320
1442000 2320
1442010 2316
1442020 2311
1442030 2311
1442040 2307
1442050 2304
1442060 2304
1442070 2300
1442080 2296
1442090 2292
1442100 2292
1442110 2290
1442120 2287
1442130 2287
1442140 2284
1442150 2282
1442160 2282
1442170 2280
1442180 2277
1442190 2277
1442200 2273
1442210 2269
1442220 2269
1442230 2265
1442240 2260
1442250 2260
1442260 2257
1442270 2254
1442280 2250
1442290 2250
1442300 2247
1442310 2246
1442320 2246
1442330 2245
1442340 2244
1442350 2244
1442360 2240
1442370 2236
1442380 2236
1442390 2234
1442400 2231
1442410 2231
1442420 2229
1442430 2226
1442440 2226
1442450 2225
1442460 2224
1442470 2224
1442480 2223
1442490 2222
1442500 2219
1442510 2219
1442520 2215
1442530 2213
1442540 2213
1442550 2213
1442560 2211
1442570 2211
1442580 2210
1442590 2209
1442600 2209
1442610 2205
1442620 2201
1442630 2201
1442640 2196
1442650 2192
1442660 2192
1442670 2189
1442680 2187
1442690 2185
1442700 2185
1442710 2183
1442720 2181
1442730 2181
1442740 2179
1442750 2177
1442760 2177
1442770 2176
1442780 2175
1442790 2175
1442800 2173
1442810 2174
1442820 2174
1442830 2173
1442840 2171
1442850 2171
1442860 2171
1442870 2170
1442880 2167
1442890 2167
1442900 2163
1442910 2160
1442920 2160
1442930 2158
1442940 2157
1442950 2157
1442960 2156
1442970 2155
1442980 2155
1442990 2154
1443000 2149
1443010 2149
1443020 2149
1443030 2149
1443040 2149
1443050 2149
1443060 2149
1443070 2149
1443080 2150
1443090 2150
1443100 2151
1443110 2151
1443120 2152
1443130 2153
1443140 2153
1443150 2152
1443160 2151
1443170 2151
1443180 2150
1443190 2150
1443200 2150
1443210 2150
1443220 2148
1443230 2148
1443240 2146
1443250 2144
1443260 2144
1443270 2142
1443280 2140
1443290 2138
1443300 2138
1443310 2137
1443320 2135
1443330 2135
1443340 2134
1443350 2134
1443360 2134
1443370 2133
1443380 2132
1443390 2132
1443400 2130
1443410 2126
1443420 2126
1443430 2125
1443440 2125
1443450 2125
1443460 2122
1443470 2118
1443480 2115
1443490 2115
1443500 2111
1443510 2109
1443520 2109
1443530 2107
1443540 2105
1443550 2105
1443560 2104
1443570 2103
1443580 2103
1443590 2101
1443600 2097
1443610 2097
1443620 2094
1443630 2091
1443640 2091
1443650 2089
1443660 2089
1443670 2089
1443680 2089
1443690 2089
1443700 2090
1443710 2090
1443720 2090
1443730 2088
1443740 2088
1443750 2086
1443760 2085
1443770 2085
1443780 2084
1443790 2083
1443800 2083
1443810 2083
1443820 2080
1443830 2080
1443840 2076
1443850 2071
1443860 2071
1443870 2069
1443880 2067
1443890 2062
1443900 2062
1443910 2057
1443920 2052
1443930 2052
1443940 2048
1443950 2043
1443960 2043
1443970 2047
1443980 2052
1443990 2052
1444000 2057
1444010 2060
1444020 2060
1444030 2062
1444040 2062
1444050 2062
1444060 2059
1444070 2056
1444080 2052
1444090 2052
1444100 2050
1444110 2046
1444120 2046
1444130 2041
1444140 2035
1444150 2035
1444160 2030
1444170 2025
1444180 2025
1444190 2022
1444200 2020
1444210 2020
1444220 2017
1444230 2014
1444240 2014
1444250 2011
1444260 2008
1444270 2004
1444280 2004
1444290 1998
1444300 1992
1444310 1992
1444320 1987
1444330 1983
1444340 1983
1444350 1980
1444360 1977
1444370 1977
1444380 1973
1444390 1969
1444400 1969
1444410 1968
1444420 1968
1444430 1968
1444440 1968
1444450 1962
1444460 1957
1444470 1957
1444480 1951
1444490 1946
1444500 1946
1444510 1942
1444520 1939
1444530 1939
1444540 1940
1444550 1940
1444560 1940
1444570 1939
1444580 1937
1444590 1937
1444600 1934
1444610 1933
1444620 1933
1444630 1936
1444640 1942
1444650 1942
1444660 1949
1444670 1956
1444680 1961
1444690 1961
1444700 1966
1444710 1972
1444720 1972
1444730 1978
1444740 1984
1444750 1984
1444760 1990
1444770 1997
1444780 1997
1444790 2005
1444800 2014
1444810 2014
1444820 2025
1444830 2031
1444840 2031
1444850 2036
1444860 2042
1444870 2048
1444880 2048
1444890 2056
1444900 2063
1444910 2063
1444920 2071
1444930 2078
1444940 2078
1444950 2082
1444960 2088
1444970 2088
1444980 2095
1444990 2106
1445000 2106
1445010 2114
1445020 2122
1445030 2122
1445040 2128
1445050 2136
1445060 2145
1445070 2145
1445080 2148
1445090 2152
1445100 2152
1445110 2155
1445120 2156
1445130 2156
1445140 2158
1445150 2159
1445160 2159
1445170 2160
1445180 2160
1445190 2160
1445200 2159
1445210 2158
1445220 2158
1445230 2157
1445240 2158
1445250 2158
1445260 2158
1445270 2161
1445280 2161
1445290 2161
1445300 2162
1445310 2163
1445320 2163
1445330 2164
1445340 2165
1445350 2165
1445360 2165
1445370 2164
1445380 2164
1445390 2166
1445400 2167
1445410 2167
1445420 2170
1445430 2173
1445440 2173
1445450 2176
1445460 2180
1445470 2183
1445480 2183
1445490 2187
1445500 2190
1445510 2190
1445520 2192
1445530 2194
1445540 2194
1445550 2196
1445560 2200
1445570 2200
1445580 2204
1445590 2210
1445600 2210
1445610 2217
1445620 2224
1445630 2224
1445640 2231
1445650 2237
1445660 2243
1445670 2243
1445680 2248
1445690 2252
1445700 2252
1445710 2254
1445720 2255
1445730 2255
1445740 2255
1445750 2255
1445760 2255
1445770 2255
1445780 2257
1445790 2257
1445800 2259
1445810 2260
1445820 2260
1445830 2262
1445840 2263
1445850 2265
1445860 2265
1445870 2266
1445880 2268
1445890 2268
1445900 2270
1445910 2272
1445920 2272
1445930 2274
1445940 2277
1445950 2277
1445960 2279
1445970 2281
1445980 2281
1445990 2282
1446000 2282
1446010 2282
1446020 2281
1446030 2281
1446040 2281
1446050 2282
1446060 2284
1446070 2284
1446080 2284
1446090 2283
1446100 2284
1446110 2284
1446120 2287
1446130 2290
1446140 2290
1446150 2292
1446160 2294
1446170 2291
1446180 2292
1446190 2293
1446200 2293
1446210 2294
1446220 2295
1446230 2295
1446240 2296
1446250 2298
1446260 2300
1446270 2300
1446280 2302
1446290 2304
1446300 2304
1446310 2306
1446320 2308
1446330 2308
1446340 2310
1446350 2312
1446360 2312
1446370 2314
1446380 2316
1446390 2316
1446400 2318
1446410 2320
1446420 2320
1446430 2322
1446440 2324
1446450 2326
1446460 2326
1446470 2328
1446480 2329
1446490 2329
1446500 2330
1446510 2331
1446520 2331
1446530 2333
1446540 2334
1446550 2334
1446560 2335
1446570 2336
1446580 2336
1446590 2337
1446600 2338
1446610 2338
1446620 2338
1446630 2339
1446640 2339
1446650 2340
1446660 2340
1446670 2341
1446680 2341
1446690 2342
1446700 2344
1446710 2344
1446720 2346
1446730 2347
1446740 2347
1446750 2350
1446760 2354
1446770 2354
1446780 2360
1446790 2365
1446800 2365
1446810 2370
1446820 2375
1446830 2375
1446840 2378
1446850 2379
1446860 2384
1446870 2384
1446880 2389
1446890 2387
1446900 2387
1446910 2379
1446920 2370
1446930 2370
1446940 2363
1446950 2357
1446960 2357
1446970 2352
1446980 2350
1446990 2350
1447000 2347
1447010 2347
1447020 2347
1447030 2347
1447040 2346
1447050 2346
1447060 2346
1447070 2346
1447080 2345
1447090 2345
1447100 2345
1447110 2346
1447120 2346
1447130 2346
1447140 2346
1447150 2346
1447160 2345
1447170 2343
1447180 2343
1447190 2342
1447200 2339
1447210 2339
1447220 2336
1447230 2334
1447240 2331
1447250 2331
1447260 2329
1447270 2325
1447280 2325
1447290 2323
1447300 2320
1447310 2320
1447320 2317
1447330 2312
1447340 2312
1447350 2310
1447360 2308
1447370 2308
1447380 2308
1447390 2307
1447400 2307
1447410 2305
1447420 2303
1447430 2303
1447440 2300
1447450 2300
1447460 2302
1447470 2302
1447480 2303
1447490 2302
1447500 2302
1447510 2302
1447520 2302
1447530 2302
1447540 2302
1447550 2302
1447560 2302
1447570 2301
1447580 2301
1447590 2301
1447600 2300
1447610 2299
1447620 2299
1447630 2298
1447640 2298
1447650 2296
1447660 2296
1447670 2294
1447680 2293
1447690 2293
1447700 2291
1447710 2290
1447720 2290
1447730 2289
1447740 2289
1447750 2289
1447760 2290
1447770 2288
1447780 2288
1447790 2287
1447800 2287
1447810 2287
1447820 2286
1447830 2285
1447840 2282
1447850 2282
1447860 2277
1447870 2270
1447880 2270
1447890 2263
1447900 2258
1447910 2258
1447920 2255
1447930 2253
1447940 2253
1447950 2252
1447960 2250
1447970 2250
1447980 2248
1447990 2250
1448000 2250
1448010 2251
1448020 2251
1448030 2249
1448040 2249
1448050 2248
1448060 2246
1448070 2246
1448080 2246
1448090 2245
1448100 2245
1448110 2245
1448120 2245
1448130 2245
1448140 2245
1448150 2244
1448160 2244
1448170 2246
1448180 2245
1448190 2245
1448200 2243
1448210 2242
1448220 2242
1448230 2241
1448240 2241
1448250 2242
1448260 2242
1448270 2245
1448280 2244
1448290 2244
1448300 2237
1448310 2233
1448320 2233
1448330 2237
1448340 2242
1448350 2242
1448360 2244
1448370 2243
1448380 2243
1448390 2245
1448400 2249
1448410 2249
1448420 2254
1448430 2259
1448440 2263
1448450 2263
1448460 2265
1448470 2267
1448480 2267
1448490 2268
1448500 2269
1448510 2269
1448520 2270
1448530 2271
1448540 2271
1448550 2273
1448560 2274
1448570 2274
1448580 2274
1448590 2275
1448600 2275
1448610 2275
1448620 2275
1448630 2275
1448640 2275
1448650 2274
1448660 2273
1448670 2273
1448680 2273
1448690 2273
1448700 2273
1448710 2273
1448720 2273
1448730 2273
1448740 2273
1448750 2273
1448760 2273
1448770 2274
1448780 2273
1448790 2273
1448800 2274
1448810 2275
1448820 2275
1448830 2276
1448840 2276
1448850 2277
1448860 2277
1448870 2277
1448880 2277
1448890 2277
1448900 2276
1448910 2273
1448920 2273
1448930 2270
1448940 2267
1448950 2267
1448960 2263
1448970 2262
1448980 2262
1448990 2265
1449000 2267
1449010 2267
1449020 2269
1449030 2271
1449040 2271
1449050 2271
1449060 2272
1449070 2274
1449080 2274
1449090 2277
1449100 2281
1449110 2281
1449120 2284
1449130 2287
1449140 2287
1449150 2289
1449160 2291
1449170 2291
1449180 2294
1449190 2298
1449200 2298
1449210 2302
1449220 2306
1449230 2309
1449240 2309
1449250 2312
1449260 2315
1449270 2315
1449280 2317
1449290 2319
1449300 2319
1449310 2321
1449320 2322
1449330 2322
1449340 2323
1449350 2322
1449360 2322
1449370 2321
1449380 2320
1449390 2320
1449400 2321
1449410 2322
1449420 2323
1449430 2323
1449440 2323
1449450 2323
1449460 2323
1449470 2320
1449480 2317
1449490 2317
1449500 2314
1449510 2312
1449520 2312
1449530 2308
1449540 2306
1449550 2306
1449560 2303
1449570 2299
1449580 2299
1449590 2295
1449600 2289
1449610 2289
1449620 2284
1449630 2280
1449640 2274
1449650 2274
1449660 2270
1449670 2266
1449680 2266
1449690 2263
1449700 2262
1449710 2262
1449720 2260
1449730 2258
1449740 2258
1449750 2256
1449760 2256
1449770 2256
1449780 2257
1449790 2257
1449800 2257
1449810 2257
1449820 2257
1449830 2258
1449840 2258
1449850 2259
1449860 2261
1449870 2261
1449880 2263
1449890 2267
1449900 2267
1449910 2271
1449920 2276
1449930 2276
1449940 2280
1449950 2285
1449960 2285
1449970 2291
1449980 2296
1449990 2296
1450000 2303
1450010 2309
1450020 2316
1450030 2316
1450040 2322
1450050 2329
1450060 2329
1450070 2337
1450080 2344
1450090 2344
1450100 2348
1450110 2352
1450120 2352
1450130 2356
1450140 2359
1450150 2359
1450160 2360
1450170 2362
1450180 2362
1450190 2363
1450200 2364
1450210 2364
1450220 2364
1450230 2359
1450240 2353
1450250 2353
1450260 2347
1450270 2341
1450280 2341
1450290 2335
1450300 2330
1450310 2330
1450320 2325
1450330 2320
1450340 2320
1450350 2315
1450360 2310
1450370 2310
1450380 2306
1450390 2304
1450400 2304
1450410 2305
1450420 2306
1450430 2305
1450440 2305
1450450 2305
1450460 2305
1450470 2305
1450480 2302
1450490 2299
1450500 2299
1450510 2294
1450520 2291
1450530 2291
1450540 2289
1450550 2286
1450560 2286
1450570 2283
1450580 2278
1450590 2278
1450600 2272
1450610 2268
1450620 2263
1450630 2263
1450640 2257
1450650 2251
1450660 2251
1450670 2244
1450680 2238
1450690 2238
1450700 2230
1450710 2223
1450720 2223
1450730 2216
1450740 2209
1450750 2209
1450760 2204
1450770 2198
1450780 2198
1450790 2193
1450800 2188
1450810 2183
1450820 2183
1450830 2180
1450840 2177
1450850 2177
1450860 2173
1450870 2168
1450880 2168
1450890 2161
1450900 2152
1450910 2152
1450920 2145
1450930 2138
1450940 2138
1450950 2129
1450960 2121
1450970 2121
1450980 2113
1450990 2106
1451000 2106
1451010 2098
1451020 2088
1451030 2078
1451040 2078
1451050 2068
1451060 2057
1451070 2057
1451080 2047
1451090 2036
1451100 2036
1451110 2027
1451120 2020
1451130 2020
1451140 2011
1451150 1998
1451160 1998
1451170 1986
1451180 1974
1451190 1974
1451200 1965
1451210 1957
1451220 1948
1451230 1948
1451240 1938
1451250 1928
1451260 1928
1451270 1920
1451280 1912
1451290 1912
1451300 1905
1451310 1896
1451320 1896
1451330 1888
1451340 1880
1451350 1880
1451360 1873
1451370 1865
1451380 1865
1451390 1857
1451400 1850
1451410 1842
1451420 1842
1451430 1836
1451440 1829
1451450 1829
1451460 1823
1451470 1819
1451480 1819
1451490 1814
1451500 1812
1451510 1812
1451520 1809
1451530 1803
1451540 1803
1451550 1799
1451560 1795
1451570 1795
1451580 1788
1451590 1780
1451600 1780
1451610 1771
1451620 1761
1451630 1752
1451640 1752
1451650 1743
1451660 1737
1451670 1737
1451680 1733
1451690 1728
1451700 1728
1451710 1717
1451720 1705
1451730 1705
1451740 1695
1451750 1685
1451760 1685
1451770 1674
1451780 1667
1451790 1667
1451800 1661
1451810 1652
1451820 1643
1451830 1643
1451840 1638
1451850 1631
1451860 1631
1451870 1622
1451880 1614
1451890 1614
1451900 1608
1451910 1604
1451920 1604
1451930 1602
1451940 1595
1451950 1595
1451960 1587
1451970 1581
1451980 1581
1451990 1572
1452000 1559
1452010 1549
1452020 1549
1452030 1541
1452040 1538
1452050 1538
1452060 1532
1452070 1522
1452080 1522
1452090 1521
1452100 1530
1452110 1530
1452120 1527
1452130 1517
1452140 1517
1452150 1507
1452160 1497
1452170 1497
1452180 1486
1452190 1474
1452200 1460
1452210 1460
1452220 1450
1452230 1440
1452240 1440
1452250 1431
1452260 1418
1452270 1418
1452280 1406
1452290 1396
1452300 1396
1452310 1387
1452320 1378
1452330 1378
1452340 1373
1452350 1366
1452360 1366
1452370 1359
1452380 1351
1452390 1351
1452400 1344
1452410 1339
1452420 1333
1452430 1333
1452440 1327
1452450 1321
1452460 1321
1452470 1315
1452480 1309
1452490 1309
1452500 1303
1452510 1297
1452520 1297
1452530 1290
1452540 1285
1452550 1285
1452560 1279
1452570 1273
1452580 1273
1452590 1267
1452600 1261
1452610 1255
1452620 1255
1452630 1249
1452640 1243
1452650 1243
1452660 1238
1452670 1232
1452680 1232
1452690 1228
1452700 1222
1452710 1222
1452720 1217
1452730 1212
1452740 1212
1452750 1208
1452760 1204
1452770 1204
1452780 1200
1452790 1195
1452800 1190
1452810 1190
1452820 1186
1452830 1182
1452840 1182
1452850 1178
1452860 1175
1452870 1175
1452880 1172
1452890 1169
1452900 1169
1452910 1166
1452920 1162
1452930 1162
1452940 1158
1452950 1155
1452960 1155
1452970 1151
1452980 1148
1452990 1146
1453000 1146
1453010 1144
1453020 1142
1453030 1142
1453040 1140
1453050 1138
1453060 1138
1453070 1136
1453080 1135
1453090 1135
1453100 1133
1453110 1132
1453120 1132
1453130 1130
1453140 1129
1453150 1129
1453160 1127
1453170 1126
1453180 1126
1453190 1124
1453200 1123
1453210 1121
1453220 1121
1453230 1119
1453240 1114
1453250 1114
1453260 1107
1453270 1101
1453280 1101
1453290 1102
1453300 1104
1453310 1104
1453320 1105
1453330 1107
1453340 1107
1453350 1108
1453360 1108
1453370 1108
1453380 1108
1453390 1108
1453400 1108
1453410 1108
1453420 1107
1453430 1106
1453440 1106
1453450 1106
1453460 1106
1453470 1106
1453480 1106
1453490 1105
1453500 1105
1453510 1103
1453520 1102
1453530 1102
1453540 1102
1453550 1100
1453560 1100
1453570 1099
1453580 1099
1453590 1098
1453600 1098
1453610 1098
1453620 1099
1453630 1099
1453640 1102
1453650 1104
1453660 1104
1453670 1108
1453680 1112
1453690 1112
1453700 1118
1453710 1124
1453720 1124
1453730 1130
1453740 1136
1453750 1136
1453760 1141
1453770 1144
1453780 1144
1453790 1147
1453800 1152
1453810 1157
1453820 1157
1453830 1162
1453840 1167
1453850 1167
1453860 1169
1453870 1171
1453880 1171
1453890 1175
1453900 1178
1453910 1178
1453920 1183
1453930 1188
1453940 1188
1453950 1192
1453960 1196
1453970 1196
1453980 1200
1453990 1204
1454000 1208
1454010 1208
1454020 1212
1454030 1216
1454040 1216
1454050 1219
1454060 1223
1454070 1223
1454080 1229
1454090 1234
1454100 1234
1454110 1238
1454120 1242
1454130 1242
1454140 1245
1454150 1250
1454160 1250
1454170 1255
1454180 1259
1454190 1264
1454200 1264
1454210 1267
1454220 1271
1454230 1271
1454240 1275
1454250 1279
1454260 1279
1454270 1281
1454280 1285
1454290 1285
1454300 1289
1454310 1291
1454320 1291
1454330 1292
1454340 1291
1454350 1291
1454360 1292
1454370 1298
1454380 1305
1454390 1305
1454400 1310
1454410 1314
1454420 1314
1454430 1316
1454440 1318
1454450 1318
1454460 1320
1454470 1322
1454480 1322
1454490 1324
1454500 1327
1454510 1327
1454520 1329
1454530 1330
1454540 1330
1454550 1330
1454560 1330
1454570 1330
1454580 1330
1454590 1330
1454600 1331
1454610 1331
1454620 1333
1454630 1334
1454640 1334
1454650 1333
1454660 1338
1454670 1338
1454680 1343
1454690 1348
1454700 1348
1454710 1355
1454720 1362
1454730 1362
1454740 1368
1454750 1372
1454760 1372
1454770 1373
1454780 1376
1454790 1376
1454800 1376
1454810 1377
1454820 1378
1454830 1378
1454840 1379
1454850 1381
1454860 1381
1454870 1384
1454880 1386
1454890 1386
1454900 1386
1454910 1386
1454920 1386
1454930 1386
1454940 1385
1454950 1385
1454960 1386
1454970 1390
1454980 1394
1454990 1394
1455000 1397
1455010 1397
1455020 1397
1455030 1395
1455040 1394
1455050 1394
1455060 1393
1455070 1392
1455080 1392
1455090 1391
1455100 1388
1455110 1388
1455120 1385
1455130 1383
1455140 1383
1455150 1379
1455160 1373
1455170 1373
1455180 1367
1455190 1361
1455200 1353
1455210 1353
1455220 1342
1455230 1329
1455240 1329
1455250 1334
1455260 1340
1455270 1340
1455280 1344
1455290 1340
1455300 1340
1455310 1334
1455320 1345
1455330 1345
1455340 1360
1455350 1368
1455360 1368
1455370 1373
1455380 1378
1455390 1385
1455400 1385
1455410 1391
1455420 1398
1455430 1398
1455440 1404
1455450 1410
1455460 1410
1455470 1417
1455480 1424
1455490 1424
1455500 1431
1455510 1437
1455520 1437
1455530 1442
1455540 1447
1455550 1447
1455560 1452
1455570 1458
1455580 1465
1455590 1465
1455600 1471
1455610 1477
1455620 1477
1455630 1483
1455640 1488
1455650 1488
1455660 1494
1455670 1500
1455680 1500
1455690 1506
1455700 1512
1455710 1512
1455720 1518
1455730 1523
1455740 1523
1455750 1529
1455760 1536
1455770 1543
1455780 1543
1455790 1550
1455800 1555
1455810 1555
1455820 1559
1455830 1563
1455840 1563
1455850 1568
1455860 1572
1455870 1572
1455880 1577
1455890 1581
1455900 1581
1455910 1586
1455920 1590
1455930 1590
1455940 1595
1455950 1601
1455960 1601
1455970 1606
1455980 1612
1455990 1619
1456000 1619
1456010 1623
1456020 1626
1456030 1626
1456040 1630
1456050 1634
1456060 1634
1456070 1640
1456080 1647
1456090 1647
1456100 1654
1456110 1657
1456120 1657
1456130 1660
1456140 1664
1456150 1664
1456160 1668
1456170 1673
1456180 1677
1456190 1677
1456200 1681
1456210 1687
1456220 1687
1456230 1693
1456240 1698
1456250 1698
1456260 1703
1456270 1705
1456280 1705
1456290 1706
1456300 1706
1456310 1706
1456320 1707
1456330 1707
1456340 1707
1456350 1710
1456360 1712
1456370 1713
1456380 1713
1456390 1716
1456400 1722
1456410 1722
1456420 1727
1456430 1733
1456440 1733
1456450 1740
1456460 1747
1456470 1747
1456480 1752
1456490 1751
1456500 1751
1456510 1750
1456520 1752
1456530 1752
1456540 1754
1456550 1756
1456560 1756
1456570 1759
1456580 1765
1456590 1772
1456600 1772
1456610 1779
1456620 1783
1456630 1783
1456640 1786
1456650 1792
1456660 1792
1456670 1797
1456680 1797
1456690 1797
1456700 1797
1456710 1799
1456720 1799
1456730 1801
1456740 1803
1456750 1803
1456760 1808
1456770 1811
1456780 1812
1456790 1812
1456800 1814
1456810 1818
1456820 1818
1456830 1821
1456840 1823
1456850 1823
1456860 1825
1456870 1826
1456880 1826
1456890 1829
1456900 1830
1456910 1830
1456920 1833
1456930 1835
1456940 1835
1456950 1839
1456960 1843
1456970 1847
1456980 1847
1456990 1850
1457000 1854
1457010 1854
1457020 1858
1457030 1862
1457040 1862
1457050 1864
1457060 1865
1457070 1865
1457080 1865
1457090 1865
1457100 1865
1457110 1865
1457120 1866
1457130 1866
1457140 1867
1457150 1867
1457160 1867
1457170 1867
1457180 1867
1457190 1869
1457200 1869
1457210 1871
1457220 1872
1457230 1872
1457240 1874
1457250 1876
1457260 1876
1457270 1880
1457280 1884
1457290 1884
1457300 1888
1457310 1892
1457320 1892
1457330 1895
1457340 1899
1457350 1899
1457360 1903
1457370 1907
1457380 1912
1457390 1912
1457400 1917
1457410 1922
1457420 1922
1457430 1927
1457440 1931
1457450 1931
1457460 1936
1457470 1940
1457480 1940
1457490 1943
1457500 1946
1457510 1946
1457520 1951
1457530 1955
1457540 1955
1457550 1959
1457560 1964
1457570 1969
1457580 1969
1457590 1973
1457600 1979
1457610 1979
1457620 1984
1457630 1990
1457640 1990
1457650 1994
1457660 1998
1457670 1998
1457680 2003
1457690 2008
1457700 2008
1457710 2013
1457720 2018
1457730 2018
1457740 2024
1457750 2029
1457760 2034
1457770 2034
1457780 2038
1457790 2041
1457800 2041
1457810 2040
1457820 2043
1457830 2043
1457840 2047
1457850 2051
1457860 2051
1457870 2054
1457880 2058
1457890 2058
1457900 2062
1457910 2065
1457920 2065
1457930 2066
1457940 2067
1457950 2067
1457960 2069
1457970 2071
1457980 2073
1457990 2073
1458000 2075
1458010 2077
1458020 2077
1458030 2080
1458040 2083
1458050 2083
1458060 2086
1458070 2089
1458080 2089
1458090 2091
1458100 2093
1458110 2093
1458120 2095
1458130 2097
1458140 2097
1458150 2100
1458160 2103
1458170 2105
1458180 2105
1458190 2106
1458200 2107
1458210 2107
1458220 2108
1458230 2109
1458240 2109
1458250 2110
1458260 2113
1458270 2113
1458280 2116
1458290 2117
1458300 2117
1458310 2118
1458320 2120
1458330 2120
1458340 2121
1458350 2121
1458360 2121
1458370 2121
1458380 2122
1458390 2123
1458400 2123
1458410 2124
1458420 2126
1458430 2126
1458440 2127
1458450 2129
1458460 2129
1458470 2133
1458480 2136
1458490 2136
1458500 2137
1458510 2136
1458520 2136
1458530 2133
1458540 2135
1458550 2138
1458560 2138
1458570 2144
1458580 2149
1458590 2149
1458600 2154
1458610 2159
1458620 2159
1458630 2163
1458640 2165
1458650 2165
1458660 2167
1458670 2168
1458680 2168
1458690 2170
1458700 2170
1458710 2170
1458720 2169
1458730 2167
1458740 2167
1458750 2163
1458760 2157
1458770 2151
1458780 2151
1458790 2145
1458800 2140
1458810 2140
1458820 2134
1458830 2129
1458840 2129
1458850 2123
1458860 2117
1458870 2117
1458880 2111
1458890 2106
1458900 2106
1458910 2100
1458920 2094
1458930 2094
1458940 2089
1458950 2083
1458960 2076
1458970 2076
1458980 2070
1458990 2065
1459000 2065
1459010 2058
1459020 2052
1459030 2052
1459040 2046
1459050 2041
1459060 2041
1459070 2036
1459080 2031
1459090 2031
1459100 2026
1459110 2020
1459120 2020
1459130 2012
1459140 2004
1459150 1997
1459160 1997
1459170 1989
1459180 1979
1459190 1979
1459200 1972
1459210 1966
1459220 1966
1459230 1958
1459240 1951
1459250 1951
1459260 1944
1459270 1938
1459280 1938
1459290 1932
1459300 1926
1459310 1926
1459320 1921
1459330 1916
1459340 1911
1459350 1911
1459360 1906
1459370 1898
1459380 1898
1459390 1890
1459400 1883
1459410 1883
1459420 1879
1459430 1873
1459440 1873
1459450 1867
1459460 1862
1459470 1862
1459480 1860
1459490 1859
1459500 1859
1459510 1858
1459520 1856
1459530 1856
1459540 1856
1459550 1853
1459560 1851
1459570 1851
1459580 1850
1459590 1847
1459600 1847
1459610 1844
1459620 1841
1459630 1841
1459640 1839
1459650 1835
1459660 1835
1459670 1833
1459680 1830
1459690 1830
1459700 1828
1459710 1826
1459720 1826
1459730 1821
1459740 1819
1459750 1817
1459760 1817
1459770 1821
1459780 1825
1459790 1825
1459800 1828
1459810 1830
1459820 1830
1459830 1833
1459840 1836
1459850 1836
1459860 1838
1459870 1841
1459880 1841
1459890 1846
1459900 1850
1459910 1850
1459920 1851
1459930 1850
1459940 1850
1459950 1850
1459960 1853
1459970 1856
1459980 1856
1459990 1858
