1440000 2165
1440010 2166
1440020 2166
1440030 2169
1440040 2173
1440050 2173
1440060 2177
1440070 2180
1440080 2180
1440090 2184
1440100 2187
1440110 2187
1440120 2191
1440130 2195
1440140 2200
1440150 2200
1440160 2204
1440170 2208
1440180 2208
1440190 2211
1440200 2217
1440210 2217
1440220 2221
1440230 2225
1440240 2225
1440250 2228
1440260 2231
1440270 2231
1440280 2233
1440290 2236
1440300 2236
1440310 2242
1440320 2251
1440330 2256
1440340 2256
1440350 2260
1440360 2264
1440370 2264
1440380 2269
1440390 2272
1440400 2272
1440410 2274
1440420 2276
1440430 2276
1440440 2279
1440450 2282
1440460 2282
1440470 2285
1440480 2289
1440490 2289
1440500 2292
1440510 2295
1440520 2295
1440530 2297
1440540 2302
1440550 2308
1440560 2308
1440570 2315
1440580 2319
1440590 2319
1440600 2326
1440610 2332
1440620 2332
1440630 2338
1440640 2343
1440650 2343
1440660 2346
1440670 2348
1440680 2348
1440690 2348
1440700 2350
1440710 2350
1440720 2354
1440730 2357
1440740 2362
1440750 2362
1440760 2366
1440770 2370
1440780 2370
1440790 2374
1440800 2376
1440810 2376
1440820 2378
1440830 2380
1440840 2380
1440850 2383
1440860 2385
1440870 2385
1440880 2385
1440890 2385
1440900 2385
1440910 2389
1440920 2392
1440930 2397
1440940 2397
1440950 2399
1440960 2401
1440970 2401
1440980 2403
1440990 2405
1441000 2405
1441010 2407
1441020 2408
1441030 2408
1441040 2409
1441050 2410
1441060 2410
1441070 2412
1441080 2414
1441090 2414
1441100 2417
1441110 2418
1441120 2418
1441130 2419
1441140 2421
1441150 2423
1441160 2423
1441170 2423
1441180 2423
1441190 2423
1441200 2425
1441210 2426
1441220 2426
1441230 2428
1441240 2430
1441250 2430
1441260 2433
1441270 2438
1441280 2438
1441290 2442
1441300 2447
1441310 2447
1441320 2451
1441330 2451
1441340 2450
1441350 2450
1441360 2449
1441370 2449
1441380 2449
1441390 2449
1441400 2448
1441410 2448
1441420 2446
1441430 2445
1441440 2445
1441450 2444
1441460 2443
1441470 2443
1441480 2443
1441490 2443
1441500 2443
1441510 2441
1441520 2438
1441530 2438
1441540 2438
1441550 2438
1441560 2438
1441570 2438
1441580 2438
1441590 2439
1441600 2439
1441610 2441
1441620 2443
1441630 2443
1441640 2445
1441650 2448
1441660 2448
1441670 2450
1441680 2453
1441690 2453
1441700 2457
1441710 2462
1441720 2467
1441730 2467
1441740 2470
1441750 2473
1441760 2473
1441770 2477
1441780 2480
1441790 2480
1441800 2483
1441810 2486
1441820 2486
1441830 2486
1441840 2486
1441850 2486
1441860 2489
1441870 2489
1441880 2489
1441890 2484
1441900 2477
1441910 2477
1441920 2469
1441930 2461
1441940 2455
1441950 2455
1441960 2450
1441970 2445
1441980 2445
1441990 2440
1442000 2433
1442010 2433
1442020 2427
1442030 2423
1442040 2423
1442050 2421
1442060 2419
1442070 2419
1442080 2418
1442090 2417
1442100 2417
1442110 2414
1442120 2413
1442130 2411
1442140 2411
1442150 2408
1442160 2405
1442170 2405
1442180 2403
1442190 2400
1442200 2400
1442210 2398
1442220 2394
1442230 2394
1442240 2389
1442250 2386
1442260 2386
1442270 2385
1442280 2387
1442290 2387
1442300 2388
1442310 2387
1442320 2388
1442330 2388
1442340 2390
1442350 2392
1442360 2392
1442370 2394
1442380 2394
1442390 2394
1442400 2394
1442410 2391
1442420 2391
1442430 2389
1442440 2387
1442450 2387
1442460 2385
1442470 2384
1442480 2384
1442490 2383
1442500 2380
1442510 2380
1442520 2378
1442530 2377
1442540 2376
1442550 2376
1442560 2373
1442570 2371
1442580 2371
1442590 2368
1442600 2365
1442610 2365
1442620 2363
1442630 2361
1442640 2361
1442650 2360
1442660 2358
1442670 2358
1442680 2357
1442690 2356
1442700 2356
1442710 2355
1442720 2353
1442730 2350
1442740 2350
1442750 2347
1442760 2344
1442770 2344
1442780 2343
1442790 2342
1442800 2342
1442810 2341
1442820 2340
1442830 2340
1442840 2337
1442850 2334
1442860 2334
1442870 2331
1442880 2328
1442890 2328
1442900 2325
1442910 2322
1442920 2319
1442930 2319
1442940 2316
1442950 2313
1442960 2313
1442970 2310
1442980 2308
1442990 2308
1443000 2304
1443010 2301
1443020 2301
1443030 2299
1443040 2298
1443050 2298
1443060 2296
1443070 2293
1443080 2293
1443090 2292
1443100 2292
1443110 2292
1443120 2291
1443130 2290
1443140 2288
1443150 2288
1443160 2285
1443170 2279
1443180 2279
1443190 2274
1443200 2270
1443210 2270
1443220 2265
1443230 2262
1443240 2262
1443250 2260
1443260 2259
1443270 2259
1443280 2256
1443290 2251
1443300 2251
1443310 2250
1443320 2251
1443330 2252
1443340 2252
1443350 2253
1443360 2251
1443370 2251
1443380 2250
1443390 2249
1443400 2249
1443410 2246
1443420 2246
1443430 2246
1443440 2244
1443450 2242
1443460 2242
1443470 2238
1443480 2237
1443490 2237
1443500 2236
1443510 2231
1443520 2227
1443530 2227
1443540 2224
1443550 2222
1443560 2222
1443570 2215
1443580 2214
1443590 2214
1443600 2213
1443610 2214
1443620 2214
1443630 2214
1443640 2215
1443650 2215
1443660 2217
1443670 2220
1443680 2220
1443690 2215
1443700 2218
1443710 2224
1443720 2224
1443730 2229
1443740 2234
1443750 2234
1443760 2240
1443770 2246
1443780 2246
1443790 2252
1443800 2255
1443810 2255
1443820 2256
1443830 2258
1443840 2258
1443850 2260
1443860 2261
1443870 2261
1443880 2263
1443890 2264
1443900 2264
1443910 2266
1443920 2270
1443930 2273
1443940 2273
1443950 2276
1443960 2279
1443970 2279
1443980 2284
1443990 2288
1444000 2288
1444010 2293
1444020 2296
1444030 2296
1444040 2297
1444050 2299
1444060 2299
1444070 2303
1444080 2307
1444090 2307
1444100 2310
1444110 2313
1444120 2316
1444130 2316
1444140 2319
1444150 2321
1444160 2321
1444170 2322
1444180 2324
1444190 2324
1444200 2326
1444210 2326
1444220 2326
1444230 2326
1444240 2323
1444250 2323
1444260 2317
1444270 2312
1444280 2312
1444290 2306
1444300 2300
1444310 2292
1444320 2292
1444330 2283
1444340 2274
1444350 2274
1444360 2258
1444370 2244
1444380 2244
1444390 2236
1444400 2229
1444410 2229
1444420 2225
1444430 2222
1444440 2222
1444450 2216
1444460 2208
1444470 2208
1444480 2199
1444490 2186
1444500 2186
1444510 2179
1444520 2173
1444530 2167
1444540 2167
1444550 2162
1444560 2157
1444570 2157
1444580 2152
1444590 2147
1444600 2147
1444610 2143
1444620 2140
1444630 2140
1444640 2137
1444650 2134
1444660 2134
1444670 2131
1444680 2127
1444690 2127
1444700 2124
1444710 2121
1444720 2117
1444730 2117
1444740 2115
1444750 2112
1444760 2112
1444770 2110
1444780 2108
1444790 2108
1444800 2105
1444810 2103
1444820 2103
1444830 2100
1444840 2097
1444850 2097
1444860 2093
1444870 2088
1444880 2088
1444890 2091
1444900 2097
1444910 2099
1444920 2099
1444930 2102
1444940 2106
1444950 2106
1444960 2111
1444970 2116
1444980 2116
1444990 2122
1445000 2129
1445010 2129
1445020 2144
1445030 2160
1445040 2160
1445050 2172
1445060 2179
1445070 2179
1445080 2188
1445090 2201
1445100 2201
1445110 2208
1445120 2218
1445130 2227
1445140 2227
1445150 2233
1445160 2237
1445170 2237
1445180 2240
1445190 2244
1445200 2244
1445210 2250
1445220 2257
1445230 2257
1445240 2265
1445250 2275
1445260 2275
1445270 2282
1445280 2287
1445290 2287
1445300 2292
1445310 2296
1445320 2301
1445330 2301
1445340 2306
1445350 2313
1445360 2313
1445370 2320
1445380 2324
1445390 2324
1445400 2326
1445410 2328
1445420 2328
1445430 2329
1445440 2330
1445450 2330
1445460 2331
1445470 2333
1445480 2333
1445490 2335
1445500 2339
1445510 2343
1445520 2343
1445530 2347
1445540 2350
1445550 2350
1445560 2355
1445570 2360
1445580 2360
1445590 2363
1445600 2365
1445610 2365
1445620 2366
1445630 2367
1445640 2367
1445650 2367
1445660 2368
1445670 2368
1445680 2368
1445690 2369
1445700 2369
1445710 2372
1445720 2372
1445730 2373
1445740 2373
1445750 2372
1445760 2372
1445770 2372
1445780 2375
1445790 2378
1445800 2378
1445810 2382
1445820 2386
1445830 2386
1445840 2388
1445850 2390
1445860 2390
1445870 2391
1445880 2393
1445890 2393
1445900 2394
1445910 2396
1445920 2399
1445930 2399
1445940 2400
1445950 2401
1445960 2401
1445970 2401
1445980 2401
1445990 2401
1446000 2400
1446010 2397
1446020 2397
1446030 2395
1446040 2393
1446050 2393
1446060 2389
1446070 2387
1446080 2387
1446090 2387
1446100 2388
1446110 2388
1446120 2388
1446130 2388
1446140 2387
1446150 2387
1446160 2387
1446170 2386
1446180 2386
1446190 2385
1446200 2385
1446210 2385
1446220 2385
1446230 2385
1446240 2385
1446250 2385
1446260 2383
1446270 2383
1446280 2382
1446290 2380
1446300 2379
1446310 2379
1446320 2380
1446330 2382
1446340 2382
1446350 2383
1446360 2383
1446370 2383
1446380 2381
1446390 2380
1446400 2380
1446410 2382
1446420 2385
1446430 2385
1446440 2386
1446450 2387
1446460 2387
1446470 2388
1446480 2389
1446490 2389
1446500 2391
1446510 2393
1446520 2395
1446530 2395
1446540 2396
1446550 2397
1446560 2397
1446570 2397
1446580 2398
1446590 2398
1446600 2398
1446610 2399
1446620 2399
1446630 2399
1446640 2398
1446650 2398
1446660 2397
1446670 2397
1446680 2397
1446690 2398
1446700 2398
1446710 2399
1446720 2399
1446730 2400
1446740 2402
1446750 2402
1446760 2404
1446770 2405
1446780 2402
1446790 2403
1446800 2400
1446810 2400
1446820 2398
1446830 2398
1446840 2398
1446850 2397
1446860 2394
1446870 2394
1446880 2395
1446890 2397
1446900 2398
1446910 2398
1446920 2400
1446930 2403
1446940 2403
1446950 2405
1446960 2407
1446970 2407
1446980 2408
1446990 2408
1447000 2408
1447010 2408
1447020 2408
1447030 2408
1447040 2409
1447050 2411
1447060 2411
1447070 2413
1447080 2414
1447090 2414
1447100 2416
1447110 2419
1447120 2422
1447130 2422
1447140 2425
1447150 2426
1447160 2426
1447170 2425
1447180 2425
1447190 2425
1447200 2425
1447210 2426
1447220 2426
1447230 2425
1447240 2423
1447250 2423
1447260 2420
1447270 2417
1447280 2417
1447290 2415
1447300 2413
1447310 2411
1447320 2411
1447330 2410
1447340 2409
1447350 2409
1447360 2410
1447370 2411
1447380 2411
1447390 2413
1447400 2414
1447410 2414
1447420 2415
1447430 2414
1447440 2414
1447450 2409
1447460 2403
1447470 2403
1447480 2399
1447490 2395
1447500 2396
1447510 2396
1447520 2399
1447530 2402
1447540 2402
1447550 2403
1447560 2403
1447570 2403
1447580 2403
1447590 2404
1447600 2404
1447610 2406
1447620 2408
1447630 2408
1447640 2410
1447650 2413
1447660 2413
1447670 2414
1447680 2415
1447690 2415
1447700 2414
1447710 2412
1447720 2410
1447730 2410
1447740 2413
1447750 2415
1447760 2415
1447770 2418
1447780 2418
1447790 2418
1447800 2416
1447810 2416
1447820 2416
1447830 2416
1447840 2416
1447850 2416
1447860 2417
1447870 2418
1447880 2418
1447890 2418
1447900 2418
1447910 2417
1447920 2417
1447930 2415
1447940 2413
1447950 2413
1447960 2412
1447970 2411
1447980 2411
1447990 2407
1448000 2405
1448010 2405
1448020 2403
1448030 2402
1448040 2402
1448050 2399
1448060 2394
1448070 2394
1448080 2387
1448090 2381
1448100 2378
1448110 2378
1448120 2377
1448130 2376
1448140 2376
1448150 2375
1448160 2374
1448170 2374
1448180 2374
1448190 2374
1448200 2374
1448210 2373
1448220 2372
1448230 2372
1448240 2371
1448250 2370
1448260 2370
1448270 2369
1448280 2368
1448290 2367
1448300 2367
1448310 2368
1448320 2369
1448330 2369
1448340 2370
1448350 2373
1448360 2373
1448370 2375
1448380 2376
1448390 2376
1448400 2378
1448410 2381
1448420 2381
1448430 2383
1448440 2386
1448450 2386
1448460 2389
1448470 2392
1448480 2392
1448490 2396
1448500 2399
1448510 2401
1448520 2401
1448530 2403
1448540 2407
1448550 2407
1448560 2412
1448570 2415
1448580 2415
1448590 2420
1448600 2424
1448610 2424
1448620 2429
1448630 2433
1448640 2433
1448650 2437
1448660 2442
1448670 2442
1448680 2446
1448690 2452
1448700 2457
1448710 2457
1448720 2463
1448730 2470
1448740 2470
1448750 2474
1448760 2477
1448770 2477
1448780 2478
1448790 2481
1448800 2481
1448810 2485
1448820 2489
1448830 2489
1448840 2494
1448850 2499
1448860 2499
1448870 2505
1448880 2510
1448890 2513
1448900 2513
1448910 2515
1448920 2515
1448930 2515
1448940 2513
1448950 2509
1448960 2509
1448970 2501
1448980 2491
1448990 2491
1449000 2486
1449010 2479
1449020 2479
1449030 2473
1449040 2468
1449050 2468
1449060 2465
1449070 2463
1449080 2463
1449090 2458
1449100 2446
1449110 2434
1449120 2434
1449130 2425
1449140 2412
1449150 2412
1449160 2399
1449170 2388
1449180 2388
1449190 2379
1449200 2371
1449210 2371
1449220 2366
1449230 2361
1449240 2361
1449250 2364
1449260 2375
1449270 2375
1449280 2374
1449290 2371
1449300 2361
1449310 2361
1449320 2362
1449330 2371
1449340 2371
1449350 2370
1449360 2368
1449370 2368
1449380 2369
1449390 2367
1449400 2367
1449410 2362
1449420 2357
1449430 2357
1449440 2349
1449450 2343
1449460 2343
1449470 2337
1449480 2331
1449490 2325
1449500 2325
1449510 2319
1449520 2314
1449530 2314
1449540 2309
1449550 2303
1449560 2303
1449570 2296
1449580 2289
1449590 2289
1449600 2282
1449610 2276
1449620 2276
1449630 2273
1449640 2271
1449650 2271
1449660 2267
1449670 2265
1449680 2265
1449690 2262
1449700 2260
1449710 2259
1449720 2259
1449730 2262
1449740 2260
1449750 2260
1449760 2252
1449770 2246
1449780 2246
1449790 2247
1449800 2248
1449810 2248
1449820 2246
1449830 2242
1449840 2242
1449850 2236
1449860 2230
1449870 2230
1449880 2221
1449890 2209
1449900 2195
1449910 2195
1449920 2188
1449930 2185
1449940 2185
1449950 2181
1449960 2174
1449970 2174
1449980 2168
1449990 2161
1450000 2161
1450010 2154
1450020 2149
1450030 2149
1450040 2143
1450050 2139
1450060 2139
1450070 2134
1450080 2128
1450090 2123
1450100 2123
1450110 2118
1450120 2112
1450130 2112
1450140 2107
1450150 2107
1450160 2107
1450170 2109
1450180 2110
1450190 2110
1450200 2110
1450210 2108
1450220 2108
1450230 2101
1450240 2095
1450250 2095
1450260 2093
1450270 2096
1450280 2091
1450290 2094
1450300 2096
1450310 2092
1450320 2092
1450330 2096
1450340 2097
1450350 2097
1450360 2093
1450370 2091
1450380 2091
1450390 2088
1450400 2085
1450410 2085
1450420 2083
1450430 2081
1450440 2081
1450450 2079
1450460 2077
1450470 2077
1450480 2074
1450490 2070
1450500 2069
1450510 2069
1450520 2069
1450530 2065
1450540 2065
1450550 2060
1450560 2053
1450570 2053
1450580 2046
1450590 2041
1450600 2041
1450610 2039
1450620 2034
1450630 2034
1450640 2033
1450650 2029
1450660 2029
1450670 2025
1450680 2024
1450690 2020
1450700 2020
1450710 2013
1450720 2007
1450730 2007
1450740 2004
1450750 2001
1450760 2001
1450770 1999
1450780 1997
1450790 1997
1450800 1993
1450810 1987
1450820 1987
1450830 1981
1450840 1971
1450850 1971
1450860 1960
1450870 1948
1450880 1935
1450890 1935
1450900 1922
1450910 1912
1450920 1912
1450930 1900
1450940 1893
1450950 1893
1450960 1887
1450970 1881
1450980 1881
1450990 1875
1451000 1869
1451010 1869
1451020 1864
1451030 1859
1451040 1859
1451050 1853
1451060 1850
1451070 1850
1451080 1846
1451090 1843
1451100 1838
1451110 1838
1451120 1833
1451130 1823
1451140 1823
1451150 1813
1451160 1802
1451170 1802
1451180 1795
1451190 1789
1451200 1789
1451210 1783
1451220 1775
1451230 1775
1451240 1768
1451250 1764
1451260 1764
1451270 1761
1451280 1757
1451290 1754
1451300 1754
1451310 1750
1451320 1747
1451330 1747
1451340 1745
1451350 1741
1451360 1741
1451370 1742
1451380 1742
1451390 1742
1451400 1739
1451410 1736
1451420 1736
1451430 1731
1451440 1728
1451450 1728
1451460 1724
1451470 1718
1451480 1712
1451490 1712
1451500 1710
1451510 1717
1451520 1717
1451530 1725
1451540 1722
1451550 1722
1451560 1714
1451570 1707
1451580 1707
1451590 1698
1451600 1689
1451610 1689
1451620 1681
1451630 1669
1451640 1669
1451650 1653
1451660 1640
1451670 1640
1451680 1631
1451690 1616
1451700 1603
1451710 1603
1451720 1592
1451730 1583
1451740 1583
1451750 1580
1451760 1579
1451770 1579
1451780 1573
1451790 1563
1451800 1563
1451810 1555
1451820 1548
1451830 1548
1451840 1541
1451850 1533
1451860 1533
1451870 1524
1451880 1516
1451890 1507
1451900 1507
1451910 1499
1451920 1493
1451930 1493
1451940 1488
1451950 1485
1451960 1485
1451970 1479
1451980 1471
1451990 1471
1452000 1463
1452010 1454
1452020 1454
1452030 1443
1452040 1430
1452050 1430
1452060 1421
1452070 1411
1452080 1395
1452090 1395
1452100 1385
1452110 1371
1452120 1371
1452130 1361
1452140 1358
1452150 1358
1452160 1354
1452170 1351
1452180 1351
1452190 1347
1452200 1343
1452210 1343
1452220 1339
1452230 1335
1452240 1335
1452250 1330
1452260 1326
1452270 1326
1452280 1322
1452290 1318
1452300 1313
1452310 1313
1452320 1309
1452330 1304
1452340 1304
1452350 1301
1452360 1298
1452370 1298
1452380 1296
1452390 1293
1452400 1293
1452410 1289
1452420 1286
1452430 1286
1452440 1283
1452450 1280
1452460 1280
1452470 1277
1452480 1274
1452490 1270
1452500 1270
1452510 1268
1452520 1264
1452530 1264
1452540 1260
1452550 1257
1452560 1257
1452570 1255
1452580 1252
1452590 1252
1452600 1249
1452610 1246
1452620 1246
1452630 1243
1452640 1241
1452650 1241
1452660 1238
1452670 1235
1452680 1233
1452690 1233
1452700 1230
1452710 1227
1452720 1227
1452730 1225
1452740 1222
1452750 1222
1452760 1219
1452770 1217
1452780 1217
1452790 1214
1452800 1211
1452810 1211
1452820 1209
1452830 1207
1452840 1207
1452850 1204
1452860 1201
1452870 1198
1452880 1198
1452890 1196
1452900 1194
1452910 1194
1452920 1191
1452930 1188
1452940 1188
1452950 1182
1452960 1174
1452970 1174
1452980 1167
1452990 1163
1453000 1163
1453010 1164
1453020 1167
1453030 1167
1453040 1168
1453050 1170
1453060 1170
1453070 1171
1453080 1172
1453090 1174
1453100 1174
1453110 1176
1453120 1179
1453130 1179
1453140 1184
1453150 1188
1453160 1188
1453170 1191
1453180 1192
1453190 1192
1453200 1194
1453210 1196
1453220 1196
1453230 1198
1453240 1203
1453250 1203
1453260 1209
1453270 1217
1453280 1225
1453290 1225
1453300 1233
1453310 1240
1453320 1240
1453330 1248
1453340 1256
1453350 1256
1453360 1261
1453370 1268
1453380 1268
1453390 1274
1453400 1280
1453410 1280
1453420 1285
1453430 1290
1453440 1290
1453450 1294
1453460 1298
1453470 1301
1453480 1301
1453490 1305
1453500 1308
1453510 1308
1453520 1311
1453530 1314
1453540 1314
1453550 1318
1453560 1321
1453570 1321
1453580 1323
1453590 1328
1453600 1328
1453610 1333
1453620 1339
1453630 1339
1453640 1343
1453650 1347
1453660 1347
1453670 1352
1453680 1356
1453690 1360
1453700 1360
1453710 1365
1453720 1370
1453730 1370
1453740 1374
1453750 1378
1453760 1378
1453770 1382
1453780 1386
1453790 1386
1453800 1391
1453810 1397
1453820 1397
1453830 1401
1453840 1403
1453850 1403
1453860 1406
1453870 1410
1453880 1415
1453890 1415
1453900 1421
1453910 1427
1453920 1427
1453930 1433
1453940 1438
1453950 1438
1453960 1443
1453970 1449
1453980 1449
1453990 1456
1454000 1460
1454010 1460
1454020 1464
1454030 1467
1454040 1467
1454050 1469
1454060 1472
1454070 1476
1454080 1476
1454090 1481
1454100 1487
1454110 1487
1454120 1493
1454130 1498
1454140 1498
1454150 1506
1454160 1519
1454170 1519
1454180 1526
1454190 1524
1454200 1524
1454210 1528
1454220 1533
1454230 1533
1454240 1537
1454250 1541
1454260 1541
1454270 1545
1454280 1550
1454290 1555
1454300 1555
1454310 1559
1454320 1563
1454330 1563
1454340 1571
1454350 1580
1454360 1580
1454370 1586
1454380 1590
1454390 1590
1454400 1595
1454410 1602
1454420 1602
1454430 1610
1454440 1617
1454450 1617
1454460 1621
1454470 1625
1454480 1628
1454490 1628
1454500 1630
1454510 1629
1454520 1629
1454530 1630
1454540 1631
1454550 1631
1454560 1631
1454570 1632
1454580 1632
1454590 1632
1454600 1633
1454610 1633
1454620 1634
1454630 1635
1454640 1635
1454650 1638
1454660 1640
1454670 1643
1454680 1643
1454690 1645
1454700 1649
1454710 1649
1454720 1652
1454730 1655
1454740 1655
1454750 1658
1454760 1661
1454770 1661
1454780 1662
1454790 1663
1454800 1663
1454810 1665
1454820 1667
1454830 1667
1454840 1668
1454850 1669
1454860 1669
1454870 1669
1454880 1669
1454890 1668
1454900 1668
1454910 1667
1454920 1669
1454930 1669
1454940 1672
1454950 1675
1454960 1675
1454970 1678
1454980 1680
1454990 1680
1455000 1680
1455010 1681
1455020 1681
1455030 1685
1455040 1689
1455050 1689
1455060 1696
1455070 1700
1455080 1700
1455090 1700
1455100 1699
1455110 1697
1455120 1697
1455130 1697
1455140 1698
1455150 1698
1455160 1695
1455170 1690
1455180 1690
1455190 1685
1455200 1680
1455210 1680
1455220 1676
1455230 1672
1455240 1672
1455250 1668
1455260 1663
1455270 1660
1455280 1660
1455290 1656
1455300 1652
1455310 1652
1455320 1648
1455330 1644
1455340 1644
1455350 1648
1455360 1654
1455370 1654
1455380 1659
1455390 1665
1455400 1665
1455410 1667
1455420 1660
1455430 1660
1455440 1656
1455450 1655
1455460 1658
1455470 1658
1455480 1662
1455490 1666
1455500 1666
1455510 1669
1455520 1670
1455530 1670
1455540 1671
1455550 1673
1455560 1673
1455570 1676
1455580 1680
1455590 1680
1455600 1685
1455610 1693
1455620 1693
1455630 1700
1455640 1706
1455650 1706
1455660 1710
1455670 1714
1455680 1718
1455690 1718
1455700 1721
1455710 1733
1455720 1733
1455730 1739
1455740 1743
1455750 1743
1455760 1745
1455770 1746
1455780 1746
1455790 1747
1455800 1750
1455810 1750
1455820 1753
1455830 1756
1455840 1756
1455850 1759
1455860 1760
1455870 1761
1455880 1761
1455890 1764
1455900 1767
1455910 1767
1455920 1770
1455930 1774
1455940 1774
1455950 1779
1455960 1783
1455970 1783
1455980 1788
1455990 1792
1456000 1792
1456010 1796
1456020 1800
1456030 1800
1456040 1803
1456050 1806
1456060 1811
1456070 1811
1456080 1818
1456090 1823
1456100 1823
1456110 1829
1456120 1836
1456130 1836
1456140 1846
1456150 1858
1456160 1858
1456170 1882
1456180 1910
1456190 1910
1456200 1921
1456210 1927
1456220 1927
1456230 1932
1456240 1936
1456250 1936
1456260 1942
1456270 1950
1456280 1957
1456290 1957
1456300 1966
1456310 1975
1456320 1975
1456330 1982
1456340 1987
1456350 1987
1456360 1993
1456370 1999
1456380 1999
1456390 2005
1456400 2010
1456410 2010
1456420 2015
1456430 2021
1456440 2021
1456450 2026
1456460 2030
1456470 2033
1456480 2033
1456490 2041
1456500 2046
1456510 2046
1456520 2050
1456530 2056
1456540 2056
1456550 2060
1456560 2065
1456570 2065
1456580 2069
1456590 2074
1456600 2074
1456610 2077
1456620 2080
1456630 2080
1456640 2082
1456650 2084
1456660 2086
1456670 2086
1456680 2090
1456690 2095
1456700 2095
1456710 2101
1456720 2109
1456730 2109
1456740 2115
1456750 2121
1456760 2121
1456770 2128
1456780 2133
1456790 2133
1456800 2135
1456810 2137
1456820 2137
1456830 2137
1456840 2138
1456850 2138
1456860 2141
1456870 2143
1456880 2145
1456890 2145
1456900 2146
1456910 2157
1456920 2157
1456930 2173
1456940 2174
1456950 2174
1456960 2170
1456970 2167
1456980 2167
1456990 2165
1457000 2164
1457010 2164
1457020 2165
1457030 2166
1457040 2166
1457050 2170
1457060 2173
1457070 2177
1457080 2177
1457090 2177
1457100 2177
1457110 2177
1457120 2177
1457130 2178
1457140 2178
1457150 2180
1457160 2180
1457170 2180
1457180 2181
1457190 2184
1457200 2184
1457210 2188
1457220 2191
1457230 2191
1457240 2194
1457250 2199
1457260 2201
1457270 2201
1457280 2204
1457290 2207
1457300 2207
1457310 2209
1457320 2211
1457330 2211
1457340 2213
1457350 2217
1457360 2217
1457370 2221
1457380 2225
1457390 2225
1457400 2227
1457410 2229
1457420 2229
1457430 2232
1457440 2235
1457450 2235
1457460 2237
1457470 2238
1457480 2239
1457490 2239
1457500 2243
1457510 2249
1457520 2249
1457530 2258
1457540 2266
1457550 2266
1457560 2287
1457570 2308
1457580 2308
1457590 2317
1457600 2326
1457610 2326
1457620 2332
1457630 2337
1457640 2337
1457650 2342
1457660 2345
1457670 2349
1457680 2349
1457690 2352
1457700 2357
1457710 2357
1457720 2365
1457730 2370
1457740 2370
1457750 2376
1457760 2380
1457770 2380
1457780 2383
1457790 2385
1457800 2385
1457810 2387
1457820 2389
1457830 2389
1457840 2390
1457850 2391
1457860 2393
1457870 2393
1457880 2396
1457890 2399
1457900 2399
1457910 2402
1457920 2405
1457930 2405
1457940 2408
1457950 2409
1457960 2409
1457970 2411
1457980 2412
1457990 2412
1458000 2415
1458010 2417
1458020 2417
1458030 2421
1458040 2427
1458050 2431
1458060 2431
1458070 2435
1458080 2439
1458090 2439
1458100 2442
1458110 2442
1458120 2442
1458130 2441
1458140 2440
1458150 2440
1458160 2439
1458170 2438
1458180 2438
1458190 2438
1458200 2437
1458210 2437
1458220 2436
1458230 2433
1458240 2433
1458250 2429
1458260 2425
1458270 2420
1458280 2420
1458290 2416
1458300 2409
1458310 2409
1458320 2403
1458330 2397
1458340 2397
1458350 2393
1458360 2386
1458370 2386
1458380 2378
1458390 2369
1458400 2369
1458410 2358
1458420 2345
1458430 2345
1458440 2331
1458450 2322
1458460 2318
1458470 2318
1458480 2316
1458490 2315
1458500 2315
1458510 2311
1458520 2297
1458530 2297
1458540 2283
1458550 2275
1458560 2275
1458570 2266
1458580 2258
1458590 2258
1458600 2251
1458610 2242
1458620 2242
1458630 2234
1458640 2226
1458650 2219
1458660 2219
1458670 2212
1458680 2205
1458690 2205
1458700 2198
1458710 2193
1458720 2193
1458730 2186
1458740 2179
1458750 2179
1458760 2172
1458770 2165
1458780 2165
1458790 2160
1458800 2156
1458810 2156
1458820 2154
1458830 2153
1458840 2153
1458850 2150
1458860 2143
1458870 2136
1458880 2136
1458890 2130
1458900 2127
1458910 2127
1458920 2126
1458930 2124
1458940 2124
1458950 2118
1458960 2114
1458970 2114
1458980 2110
1458990 2107
1459000 2107
1459010 2104
1459020 2104
1459030 2104
1459040 2103
1459050 2102
1459060 2100
1459070 2100
1459080 2097
1459090 2095
1459100 2095
1459110 2093
1459120 2090
1459130 2090
1459140 2086
1459150 2081
1459160 2081
1459170 2077
1459180 2073
1459190 2073
1459200 2071
1459210 2068
1459220 2068
1459230 2065
1459240 2063
1459250 2062
1459260 2062
1459270 2061
1459280 2062
1459290 2062
1459300 2061
1459310 2058
1459320 2058
1459330 2054
1459340 2049
1459350 2049
1459360 2045
1459370 2041
1459380 2041
1459390 2039
1459400 2040
1459410 2040
1459420 2041
1459430 2040
1459440 2040
1459450 2038
1459460 2035
1459470 2032
1459480 2032
1459490 2028
1459500 2023
1459510 2023
1459520 2018
1459530 2015
1459540 2015
1459550 2013
1459560 2010
1459570 2010
1459580 2008
1459590 2008
1459600 2008
1459610 2008
1459620 2005
1459630 2005
1459640 2000
1459650 1996
1459660 1993
1459670 1993
1459680 1988
1459690 1983
1459700 1983
1459710 1977
1459720 1971
1459730 1971
1459740 1965
1459750 1959
1459760 1959
1459770 1955
1459780 1952
1459790 1952
1459800 1951
1459810 1949
1459820 1949
1459830 1947
1459840 1943
1459850 1940
1459860 1940
1459870 1937
1459880 1936
1459890 1936
1459900 1935
1459910 1935
1459920 1935
1459930 1935
1459940 1935
1459950 1935
1459960 1935
1459970 1935
1459980 1935
1459990 1935
