1440000 2002
1440010 2002
1440020 2006
1440030 2010
1440040 2010
1440050 2014
1440060 2017
1440070 2022
1440080 2022
1440090 2026
1440100 2031
1440110 2031
1440120 2036
1440130 2041
1440140 2041
1440150 2046
1440160 2052
1440170 2052
1440180 2058
1440190 2063
1440200 2063
1440210 2068
1440220 2074
1440230 2074
1440240 2081
1440250 2088
1440260 2094
1440270 2094
1440280 2100
1440290 2106
1440300 2106
1440310 2112
1440320 2117
1440330 2117
1440340 2122
1440350 2126
1440360 2126
1440370 2130
1440380 2134
1440390 2134
1440400 2137
1440410 2142
1440420 2142
1440430 2146
1440440 2151
1440450 2157
1440460 2157
1440470 2164
1440480 2170
1440490 2170
1440500 2175
1440510 2176
1440520 2176
1440530 2175
1440540 2177
1440550 2177
1440560 2181
1440570 2184
1440580 2184
1440590 2186
1440600 2187
1440610 2187
1440620 2189
1440630 2191
1440640 2191
1440650 2194
1440660 2198
1440670 2200
1440680 2200
1440690 2201
1440700 2201
1440710 2201
1440720 2200
1440730 2199
1440740 2199
1440750 2198
1440760 2198
1440770 2198
1440780 2197
1440790 2195
1440800 2195
1440810 2200
1440820 2206
1440830 2206
1440840 2209
1440850 2209
1440860 2210
1440870 2210
1440880 2212
1440890 2213
1440900 2213
1440910 2217
1440920 2220
1440930 2220
1440940 2222
1440950 2225
1440960 2225
1440970 2231
1440980 2236
1440990 2236
1441000 2241
1441010 2244
1441020 2244
1441030 2249
1441040 2253
1441050 2257
1441060 2257
1441070 2258
1441080 2260
1441090 2260
1441100 2260
1441110 2264
1441120 2264
1441130 2272
1441140 2278
1441150 2278
1441160 2282
1441170 2286
1441180 2286
1441190 2289
1441200 2293
1441210 2293
1441220 2296
1441230 2300
1441240 2300
1441250 2305
1441260 2308
1441270 2310
1441280 2310
1441290 2314
1441300 2318
1441310 2318
1441320 2322
1441330 2326
1441340 2326
1441350 2330
1441360 2334
1441370 2334
1441380 2338
1441390 2340
1441400 2340
1441410 2340
1441420 2340
1441430 2340
1441440 2342
1441450 2345
1441460 2348
1441470 2348
1441480 2351
1441490 2353
1441500 2353
1441510 2355
1441520 2358
1441530 2358
1441540 2362
1441550 2368
1441560 2368
1441570 2373
1441580 2377
1441590 2377
1441600 2380
1441610 2382
1441620 2382
1441630 2385
1441640 2388
1441650 2388
1441660 2393
1441670 2398
1441680 2402
1441690 2402
1441700 2407
1441710 2412
1441720 2412
1441730 2416
1441740 2420
1441750 2420
1441760 2423
1441770 2427
1441780 2427
1441790 2431
1441800 2436
1441810 2436
1441820 2441
1441830 2447
1441840 2447
1441850 2453
1441860 2459
1441870 2464
1441880 2464
1441890 2470
1441900 2475
1441910 2475
1441920 2482
1441930 2488
1441940 2488
1441950 2495
1441960 2501
1441970 2501
1441980 2507
1441990 2513
1442000 2513
1442010 2519
1442020 2524
1442030 2524
1442040 2531
1442050 2537
1442060 2543
1442070 2543
1442080 2549
1442090 2556
1442100 2556
1442110 2563
1442120 2570
1442130 2570
1442140 2578
1442150 2585
1442160 2585
1442170 2594
1442180 2603
1442190 2603
1442200 2612
1442210 2621
1442220 2621
1442230 2628
1442240 2635
1442250 2635
1442260 2642
1442270 2652
1442280 2657
1442290 2657
1442300 2656
1442310 2649
1442320 2649
1442330 2641
1442340 2630
1442350 2630
1442360 2618
1442370 2607
1442380 2607
1442390 2610
1442400 2620
1442410 2620
1442420 2617
1442430 2604
1442440 2604
1442450 2595
1442460 2586
1442470 2576
1442480 2576
1442490 2567
1442500 2566
1442510 2566
1442520 2560
1442530 2554
1442540 2554
1442550 2561
1442560 2546
1442570 2546
1442580 2507
1442590 2484
1442600 2484
1442610 2474
1442620 2455
1442630 2455
1442640 2433
1442650 2427
1442660 2423
1442670 2423
1442680 2419
1442690 2416
1442700 2416
1442710 2415
1442720 2414
1442730 2414
1442740 2414
1442750 2412
1442760 2412
1442770 2409
1442780 2406
1442790 2406
1442800 2403
1442810 2399
1442820 2399
1442830 2395
1442840 2390
1442850 2390
1442860 2386
1442870 2383
1442880 2381
1442890 2381
1442900 2379
1442910 2379
1442920 2379
1442930 2379
1442940 2379
1442950 2379
1442960 2379
1442970 2378
1442980 2378
1442990 2378
1443000 2378
1443010 2378
1443020 2377
1443030 2378
1443040 2378
1443050 2380
1443060 2380
1443070 2382
1443080 2382
1443090 2384
1443100 2385
1443110 2385
1443120 2386
1443130 2388
1443140 2388
1443150 2389
1443160 2390
1443170 2390
1443180 2391
1443190 2394
1443200 2394
1443210 2397
1443220 2400
1443230 2400
1443240 2402
1443250 2405
1443260 2405
1443270 2410
1443280 2415
1443290 2419
1443300 2419
1443310 2424
1443320 2430
1443330 2430
1443340 2437
1443350 2443
1443360 2443
1443370 2447
1443380 2450
1443390 2450
1443400 2453
1443410 2457
1443420 2457
1443430 2460
1443440 2463
1443450 2463
1443460 2467
1443470 2473
1443480 2479
1443490 2479
1443500 2485
1443510 2489
1443520 2489
1443530 2492
1443540 2497
1443550 2497
1443560 2501
1443570 2505
1443580 2505
1443590 2510
1443600 2515
1443610 2515
1443620 2521
1443630 2526
1443640 2526
1443650 2532
1443660 2538
1443670 2543
1443680 2543
1443690 2549
1443700 2557
1443710 2557
1443720 2567
1443730 2579
1443740 2579
1443750 2587
1443760 2597
1443770 2597
1443780 2610
1443790 2620
1443800 2620
1443810 2627
1443820 2631
1443830 2631
1443840 2636
1443850 2640
1443860 2640
1443870 2645
1443880 2650
1443890 2656
1443900 2656
1443910 2663
1443920 2667
1443930 2667
1443940 2672
1443950 2682
1443960 2682
1443970 2689
1443980 2692
1443990 2692
1444000 2696
1444010 2698
1444020 2698
1444030 2704
1444040 2713
1444050 2713
1444060 2724
1444070 2734
1444080 2743
1444090 2743
1444100 2752
1444110 2762
1444120 2762
1444130 2769
1444140 2776
1444150 2776
1444160 2782
1444170 2789
1444180 2789
1444190 2795
1444200 2799
1444210 2799
1444220 2793
1444230 2783
1444240 2783
1444250 2773
1444260 2764
1444270 2764
1444280 2754
1444290 2743
1444300 2730
1444310 2730
1444320 2722
1444330 2713
1444340 2713
1444350 2704
1444360 2694
1444370 2694
1444380 2684
1444390 2678
1444400 2678
1444410 2672
1444420 2666
1444430 2666
1444440 2660
1444450 2655
1444460 2655
1444470 2651
1444480 2646
1444490 2639
1444500 2639
1444510 2632
1444520 2626
1444530 2626
1444540 2623
1444550 2621
1444560 2621
1444570 2617
1444580 2613
1444590 2613
1444600 2610
1444610 2609
1444620 2609
1444630 2609
1444640 2609
1444650 2609
1444660 2607
1444670 2607
1444680 2606
1444690 2606
1444700 2606
1444710 2604
1444720 2604
1444730 2601
1444740 2599
1444750 2599
1444760 2597
1444770 2596
1444780 2596
1444790 2595
1444800 2594
1444810 2594
1444820 2593
1444830 2590
1444840 2590
1444850 2587
1444860 2581
1444870 2581
1444880 2577
1444890 2574
1444900 2572
1444910 2572
1444920 2572
1444930 2572
1444940 2572
1444950 2572
1444960 2572
1444970 2572
1444980 2570
1444990 2565
1445000 2565
1445010 2561
1445020 2562
1445030 2562
1445040 2563
1445050 2562
1445060 2562
1445070 2562
1445080 2562
1445090 2562
1445100 2562
1445110 2560
1445120 2557
1445130 2557
1445140 2558
1445150 2560
1445160 2560
1445170 2560
1445180 2562
1445190 2562
1445200 2563
1445210 2563
1445220 2563
1445230 2563
1445240 2564
1445250 2564
1445260 2565
1445270 2566
1445280 2567
1445290 2567
1445300 2568
1445310 2570
1445320 2570
1445330 2571
1445340 2569
1445350 2569
1445360 2566
1445370 2564
1445380 2564
1445390 2564
1445400 2564
1445410 2564
1445420 2564
1445430 2565
1445440 2565
1445450 2567
1445460 2567
1445470 2567
1445480 2567
1445490 2565
1445500 2563
1445510 2563
1445520 2562
1445530 2563
1445540 2563
1445550 2563
1445560 2563
1445570 2563
1445580 2564
1445590 2564
1445600 2564
1445610 2565
1445620 2565
1445630 2565
1445640 2565
1445650 2566
1445660 2566
1445670 2568
1445680 2570
1445690 2570
1445700 2570
1445710 2571
1445720 2572
1445730 2572
1445740 2570
1445750 2568
1445760 2568
1445770 2566
1445780 2564
1445790 2564
1445800 2563
1445810 2562
1445820 2562
1445830 2561
1445840 2560
1445850 2560
1445860 2558
1445870 2557
1445880 2557
1445890 2556
1445900 2557
1445910 2557
1445920 2557
1445930 2557
1445940 2557
1445950 2557
1445960 2558
1445970 2558
1445980 2558
1445990 2559
1446000 2558
1446010 2558
1446020 2556
1446030 2554
1446040 2554
1446050 2553
1446060 2551
1446070 2551
1446080 2549
1446090 2547
1446100 2545
1446110 2545
1446120 2544
1446130 2542
1446140 2542
1446150 2539
1446160 2540
1446170 2540
1446180 2541
1446190 2539
1446200 2539
1446210 2536
1446220 2533
1446230 2533
1446240 2532
1446250 2532
1446260 2532
1446270 2531
1446280 2532
1446290 2536
1446300 2536
1446310 2539
1446320 2541
1446330 2541
1446340 2543
1446350 2546
1446360 2546
1446370 2550
1446380 2555
1446390 2555
1446400 2560
1446410 2565
1446420 2565
1446430 2571
1446440 2578
1446450 2578
1446460 2585
1446470 2594
1446480 2594
1446490 2624
1446500 2654
1446510 2663
1446520 2663
1446530 2668
1446540 2668
1446550 2668
1446560 2660
1446570 2646
1446580 2646
1446590 2624
1446600 2599
1446610 2599
1446620 2576
1446630 2558
1446640 2558
1446650 2552
1446660 2545
1446670 2545
1446680 2539
1446690 2533
1446700 2526
1446710 2526
1446720 2520
1446730 2516
1446740 2516
1446750 2512
1446760 2499
1446770 2499
1446780 2487
1446790 2480
1446800 2480
1446810 2474
1446820 2469
1446830 2469
1446840 2467
1446850 2466
1446860 2466
1446870 2465
1446880 2464
1446890 2465
1446900 2465
1446910 2466
1446920 2467
1446930 2467
1446940 2468
1446950 2468
1446960 2468
1446970 2466
1446980 2457
1446990 2457
1447000 2449
1447010 2441
1447020 2441
1447030 2433
1447040 2426
1447050 2426
1447060 2419
1447070 2413
1447080 2413
1447090 2408
1447100 2404
1447110 2400
1447120 2400
1447130 2397
1447140 2394
1447150 2394
1447160 2392
1447170 2389
1447180 2389
1447190 2387
1447200 2387
1447210 2387
1447220 2387
1447230 2388
1447240 2388
1447250 2388
1447260 2388
1447270 2388
1447280 2388
1447290 2389
1447300 2389
1447310 2389
1447320 2388
1447330 2389
1447340 2389
1447350 2392
1447360 2395
1447370 2395
1447380 2397
1447390 2397
1447400 2397
1447410 2395
1447420 2396
1447430 2396
1447440 2398
1447450 2400
1447460 2400
1447470 2401
1447480 2402
1447490 2402
1447500 2401
1447510 2399
1447520 2397
1447530 2397
1447540 2395
1447550 2393
1447560 2393
1447570 2391
1447580 2391
1447590 2391
1447600 2391
1447610 2390
1447620 2390
1447630 2387
1447640 2386
1447650 2386
1447660 2387
1447670 2386
1447680 2386
1447690 2385
1447700 2382
1447710 2380
1447720 2380
1447730 2376
1447740 2374
1447750 2374
1447760 2371
1447770 2366
1447780 2366
1447790 2358
1447800 2353
1447810 2353
1447820 2347
1447830 2342
1447840 2342
1447850 2340
1447860 2339
1447870 2339
1447880 2338
1447890 2337
1447900 2336
1447910 2336
1447920 2334
1447930 2330
1447940 2330
1447950 2321
1447960 2312
1447970 2312
1447980 2306
1447990 2302
1448000 2302
1448010 2299
1448020 2296
1448030 2296
1448040 2296
1448050 2295
1448060 2295
1448070 2297
1448080 2301
1448090 2301
1448100 2304
1448110 2307
1448120 2309
1448130 2309
1448140 2313
1448150 2317
1448160 2317
1448170 2320
1448180 2321
1448190 2321
1448200 2322
1448210 2319
1448220 2319
1448230 2314
1448240 2312
1448250 2312
1448260 2307
1448270 2301
1448280 2301
1448290 2295
1448300 2290
1448310 2287
1448320 2287
1448330 2283
1448340 2280
1448350 2280
1448360 2277
1448370 2274
1448380 2274
1448390 2271
1448400 2269
1448410 2269
1448420 2267
1448430 2265
1448440 2265
1448450 2262
1448460 2259
1448470 2259
1448480 2255
1448490 2253
1448500 2251
1448510 2251
1448520 2249
1448530 2244
1448540 2244
1448550 2241
1448560 2241
1448570 2241
1448580 2239
1448590 2236
1448600 2236
1448610 2234
1448620 2234
1448630 2234
1448640 2234
1448650 2231
1448660 2231
1448670 2226
1448680 2223
1448690 2223
1448700 2221
1448710 2217
1448720 2215
1448730 2215
1448740 2213
1448750 2209
1448760 2209
1448770 2207
1448780 2202
1448790 2202
1448800 2195
1448810 2190
1448820 2190
1448830 2187
1448840 2190
1448850 2190
1448860 2196
1448870 2199
1448880 2199
1448890 2201
1448900 2202
1448910 2202
1448920 2202
1448930 2202
1448940 2202
1448950 2202
1448960 2201
1448970 2198
1448980 2198
1448990 2194
1449000 2191
1449010 2191
1449020 2190
1449030 2190
1449040 2190
1449050 2190
1449060 2190
1449070 2190
1449080 2190
1449090 2185
1449100 2185
1449110 2183
1449120 2180
1449130 2179
1449140 2179
1449150 2178
1449160 2176
1449170 2176
1449180 2177
1449190 2175
1449200 2175
1449210 2165
1449220 2158
1449230 2158
1449240 2153
1449250 2148
1449260 2148
1449270 2145
1449280 2144
1449290 2144
1449300 2140
1449310 2134
1449320 2134
1449330 2134
1449340 2133
1449350 2133
1449360 2133
1449370 2134
1449380 2134
1449390 2134
1449400 2133
1449410 2133
1449420 2133
1449430 2129
1449440 2127
1449450 2127
1449460 2124
1449470 2118
1449480 2118
1449490 2113
1449500 2109
1449510 2107
1449520 2107
1449530 2110
1449540 2113
1449550 2113
1449560 2113
1449570 2114
1449580 2114
1449590 2113
1449600 2112
1449610 2112
1449620 2113
1449630 2113
1449640 2113
1449650 2114
1449660 2115
1449670 2115
1449680 2115
1449690 2111
1449700 2111
1449710 2109
1449720 2108
1449730 2107
1449740 2107
1449750 2107
1449760 2106
1449770 2106
1449780 2108
1449790 2113
1449800 2113
1449810 2118
1449820 2122
1449830 2122
1449840 2125
1449850 2128
1449860 2128
1449870 2129
1449880 2130
1449890 2130
1449900 2131
1449910 2133
1449920 2136
1449930 2136
1449940 2139
1449950 2142
1449960 2142
1449970 2143
1449980 2143
1449990 2143
1450000 2139
1450010 2134
1450020 2134
1450030 2129
1450040 2125
1450050 2125
1450060 2122
1450070 2121
1450080 2121
1450090 2120
1450100 2121
1450110 2122
1450120 2122
1450130 2123
1450140 2125
1450150 2125
1450160 2125
1450170 2124
1450180 2124
1450190 2122
1450200 2118
1450210 2118
1450220 2115
1450230 2112
1450240 2112
1450250 2109
1450260 2109
1450270 2109
1450280 2108
1450290 2107
1450300 2107
1450310 2105
1450320 2105
1450330 2105
1450340 2105
1450350 2105
1450360 2104
1450370 2104
1450380 2102
1450390 2100
1450400 2100
1450410 2097
1450420 2096
1450430 2096
1450440 2096
1450450 2097
1450460 2097
1450470 2099
1450480 2100
1450490 2100
1450500 2100
1450510 2100
1450520 2100
1450530 2100
1450540 2102
1450550 2104
1450560 2104
1450570 2105
1450580 2105
1450590 2105
1450600 2105
1450610 2105
1450620 2105
1450630 2104
1450640 2100
1450650 2100
1450660 2097
1450670 2091
1450680 2091
1450690 2086
1450700 2082
1450710 2082
1450720 2078
1450730 2071
1450740 2064
1450750 2064
1450760 2057
1450770 2051
1450780 2051
1450790 2045
1450800 2040
1450810 2040
1450820 2036
1450830 2033
1450840 2033
1450850 2029
1450860 2026
1450870 2026
1450880 2021
1450890 2017
1450900 2017
1450910 2013
1450920 2009
1450930 2002
1450940 2002
1450950 1996
1450960 1990
1450970 1990
1450980 1984
1450990 1981
1451000 1981
1451010 1978
1451020 1976
1451030 1976
1451040 1972
1451050 1967
1451060 1967
1451070 1962
1451080 1955
1451090 1955
1451100 1949
1451110 1941
1451120 1934
1451130 1934
1451140 1934
1451150 1937
1451160 1937
1451170 1940
1451180 1942
1451190 1942
1451200 1942
1451210 1944
1451220 1944
1451230 1945
1451240 1945
1451250 1945
1451260 1945
1451270 1944
1451280 1944
1451290 1943
1451300 1943
1451310 1943
1451320 1941
1451330 1939
1451340 1938
1451350 1938
1451360 1939
1451370 1939
1451380 1939
1451390 1937
1451400 1933
1451410 1933
1451420 1928
1451430 1922
1451440 1922
1451450 1917
1451460 1910
1451470 1910
1451480 1902
1451490 1894
1451500 1894
1451510 1885
1451520 1876
1451530 1868
1451540 1868
1451550 1860
1451560 1852
1451570 1852
1451580 1844
1451590 1836
1451600 1836
1451610 1828
1451620 1820
1451630 1820
1451640 1812
1451650 1803
1451660 1803
1451670 1792
1451680 1783
1451690 1783
1451700 1775
1451710 1769
1451720 1762
1451730 1762
1451740 1756
1451750 1750
1451760 1750
1451770 1748
1451780 1746
1451790 1746
1451800 1739
1451810 1732
1451820 1732
1451830 1724
1451840 1716
1451850 1716
1451860 1705
1451870 1696
1451880 1696
1451890 1693
1451900 1694
1451910 1694
1451920 1696
1451930 1700
1451940 1705
1451950 1705
1451960 1709
1451970 1706
1451980 1706
1451990 1703
1452000 1702
1452010 1702
1452020 1701
1452030 1697
1452040 1697
1452050 1688
1452060 1680
1452070 1680
1452080 1664
1452090 1650
1452100 1650
1452110 1637
1452120 1629
1452130 1623
1452140 1623
1452150 1616
1452160 1610
1452170 1610
1452180 1605
1452190 1601
1452200 1601
1452210 1598
1452220 1594
1452230 1594
1452240 1589
1452250 1584
1452260 1584
1452270 1580
1452280 1577
1452290 1577
1452300 1572
1452310 1566
1452320 1566
1452330 1558
1452340 1551
1452350 1546
1452360 1546
1452370 1544
1452380 1546
1452390 1546
1452400 1542
1452410 1538
1452420 1538
1452430 1540
1452440 1539
1452450 1539
1452460 1539
1452470 1538
1452480 1538
1452490 1534
1452500 1529
1452510 1529
1452520 1523
1452530 1517
1452540 1511
1452550 1511
1452560 1504
1452570 1497
1452580 1497
1452590 1492
1452600 1487
1452610 1487
1452620 1483
1452630 1480
1452640 1480
1452650 1476
1452660 1471
1452670 1471
1452680 1468
1452690 1465
1452700 1465
1452710 1462
1452720 1458
1452730 1454
1452740 1454
1452750 1449
1452760 1446
1452770 1446
1452780 1444
1452790 1442
1452800 1442
1452810 1439
1452820 1435
1452830 1435
1452840 1430
1452850 1426
1452860 1423
1452870 1418
1452880 1413
1452890 1413
1452900 1409
1452910 1404
1452920 1404
1452930 1399
1452940 1396
1452950 1392
1452960 1392
1452970 1384
1452980 1382
1452990 1382
1453000 1382
1453010 1375
1453020 1375
1453030 1364
1453040 1354
1453050 1354
1453060 1355
1453070 1360
1453080 1360
1453090 1366
1453100 1368
1453110 1368
1453120 1371
1453130 1377
1453140 1386
1453150 1386
1453160 1393
1453170 1399
1453180 1399
1453190 1404
1453200 1409
1453210 1409
1453220 1415
1453230 1421
1453240 1421
1453250 1427
1453260 1439
1453270 1439
1453280 1459
1453290 1477
1453300 1477
1453310 1496
1453320 1504
1453330 1510
1453340 1510
1453350 1517
1453360 1523
1453370 1523
1453380 1529
1453390 1535
1453400 1535
1453410 1542
1453420 1551
1453430 1551
1453440 1560
1453450 1569
1453460 1569
1453470 1577
1453480 1586
1453490 1586
1453500 1596
1453510 1603
1453520 1603
1453530 1610
1453540 1618
1453550 1627
1453560 1627
1453570 1635
1453580 1643
1453590 1643
1453600 1654
1453610 1665
1453620 1665
1453630 1670
1453640 1675
1453650 1675
1453660 1683
1453670 1691
1453680 1691
1453690 1698
1453700 1709
1453710 1709
1453720 1724
1453730 1736
1453740 1741
1453750 1741
1453760 1747
1453770 1754
1453780 1754
1453790 1761
1453800 1769
1453810 1769
1453820 1776
1453830 1783
1453840 1783
1453850 1790
1453860 1798
1453870 1798
1453880 1807
1453890 1815
1453900 1815
1453910 1824
1453920 1832
1453930 1832
1453940 1836
1453950 1838
1453960 1845
1453970 1845
1453980 1855
1453990 1864
1454000 1864
1454010 1874
1454020 1884
1454030 1884
1454040 1899
1454050 1910
1454060 1910
1454070 1919
1454080 1927
1454090 1927
1454100 1933
1454110 1939
1454120 1939
1454130 1951
1454140 1963
1454150 1973
1454160 1973
1454170 1982
1454180 1990
1454190 1990
1454200 2001
1454210 2015
1454220 2015
1454230 2026
1454240 2033
1454250 2033
1454260 2042
1454270 2049
1454280 2049
1454290 2056
1454300 2063
1454310 2063
1454320 2069
1454330 2075
1454340 2080
1454350 2080
1454360 2086
1454370 2091
1454380 2091
1454390 2098
1454400 2107
1454410 2107
1454420 2117
1454430 2131
1454440 2131
1454450 2146
1454460 2166
1454470 2166
1454480 2178
1454490 2185
1454500 2185
1454510 2192
1454520 2198
1454530 2198
1454540 2203
1454550 2209
1454560 2222
1454570 2222
1454580 2240
1454590 2247
1454600 2247
1454610 2254
1454620 2260
1454630 2260
1454640 2272
1454650 2283
1454660 2283
1454670 2294
1454680 2305
1454690 2305
1454700 2310
1454710 2315
1454720 2315
1454730 2322
1454740 2327
1454750 2337
1454760 2337
1454770 2360
1454780 2380
1454790 2380
1454800 2390
1454810 2399
1454820 2399
1454830 2412
1454840 2425
1454850 2425
1454860 2440
1454870 2452
1454880 2452
1454890 2460
1454900 2467
1454910 2467
1454920 2468
1454930 2472
1454940 2475
1454950 2475
1454960 2480
1454970 2485
1454980 2485
1454990 2490
1455000 2499
1455010 2499
1455020 2510
1455030 2517
1455040 2517
1455050 2523
1455060 2528
1455070 2528
1455080 2535
1455090 2538
1455100 2538
1455110 2539
1455120 2539
1455130 2539
1455140 2541
1455150 2546
1455160 2555
1455170 2555
1455180 2568
1455190 2579
1455200 2579
1455210 2587
1455220 2583
1455230 2583
1455240 2586
1455250 2604
1455260 2604
1455270 2614
1455280 2624
1455290 2624
1455300 2632
1455310 2642
1455320 2642
1455330 2649
1455340 2656
1455350 2668
1455360 2668
1455370 2677
1455380 2683
1455390 2683
1455400 2685
1455410 2680
1455420 2680
1455430 2673
1455440 2666
1455450 2666
1455460 2659
1455470 2652
1455480 2652
1455490 2645
1455500 2639
1455510 2639
1455520 2633
1455530 2626
1455540 2626
1455550 2616
1455560 2608
1455570 2600
1455580 2600
1455590 2584
1455600 2568
1455610 2568
1455620 2569
1455630 2548
1455640 2548
1455650 2538
1455660 2532
1455670 2532
1455680 2527
1455690 2523
1455700 2523
1455710 2519
1455720 2515
1455730 2515
1455740 2512
1455750 2510
1455760 2506
1455770 2506
1455780 2504
1455790 2502
1455800 2502
1455810 2500
1455820 2499
1455830 2499
1455840 2498
1455850 2498
1455860 2498
1455870 2495
1455880 2493
1455890 2493
1455900 2493
1455910 2493
1455920 2493
1455930 2495
1455940 2496
1455950 2498
1455960 2498
1455970 2500
1455980 2500
1455990 2500
1456000 2500
1456010 2499
1456020 2499
1456030 2499
1456040 2499
1456050 2499
1456060 2499
1456070 2499
1456080 2499
1456090 2498
1456100 2496
1456110 2496
1456120 2492
1456130 2489
1456140 2489
1456150 2484
1456160 2476
1456170 2469
1456180 2469
1456190 2463
1456200 2457
1456210 2457
1456220 2453
1456230 2449
1456240 2449
1456250 2438
1456260 2420
1456270 2420
1456280 2406
1456290 2398
1456300 2398
1456310 2390
1456320 2387
1456330 2387
1456340 2387
1456350 2386
1456360 2386
1456370 2386
1456380 2386
1456390 2386
1456400 2386
1456410 2386
1456420 2386
1456430 2386
1456440 2386
1456450 2386
1456460 2386
1456470 2386
1456480 2386
1456490 2386
1456500 2386
1456510 2386
1456520 2386
1456530 2386
1456540 2386
1456550 2386
1456560 2386
1456570 2386
1456580 2386
1456590 2386
1456600 2386
1456610 2386
1456620 2386
1456630 2386
1456640 2386
1456650 2386
1456660 2386
1456670 2386
1456680 2386
1456690 2386
1456700 2386
1456710 2386
1456720 2386
1456730 2386
1456740 2386
1456750 2386
1456760 2386
1456770 2386
1456780 2386
1456790 2386
1456800 2386
1456810 2386
1456820 2386
1456830 2386
1456840 2386
1456850 2386
1456860 2386
1456870 2386
1456880 2386
1456890 2386
1456900 2386
1456910 2386
1456920 2386
1456930 2386
1456940 2386
1456950 2386
1456960 2386
1456970 2386
1456980 2386
1456990 2386
1457000 2386
1457010 2386
1457020 2386
1457030 2386
1457040 2386
1457050 2386
1457060 2386
1457070 2386
1457080 2386
1457090 2386
1457100 2386
1457110 2386
1457120 2386
1457130 2386
1457140 2386
1457150 2386
1457160 2386
1457170 2386
1457180 2386
1457190 2386
1457200 2386
1457210 2386
1457220 2386
1457230 2386
1457240 2386
1457250 2386
1457260 2386
1457270 2386
1457280 2386
1457290 2386
1457300 2386
1457310 2386
1457320 2386
1457330 2386
1457340 2386
1457350 2386
1457360 2386
1457370 2386
1457380 2386
1457390 2386
1457400 2386
1457410 2386
1457420 2386
1457430 2386
1457440 2386
1457450 2386
1457460 2386
1457470 2386
1457480 2386
1457490 2386
1457500 2386
1457510 2388
1457520 2394
1457530 2394
1457540 2402
1457550 2410
1457560 2418
1457570 2418
1457580 2430
1457590 2443
1457600 2443
1457610 2449
1457620 2454
1457630 2454
1457640 2460
1457650 2466
1457660 2466
1457670 2472
1457680 2477
1457690 2477
1457700 2480
1457710 2482
1457720 2482
1457730 2485
1457740 2492
1457750 2492
1457760 2494
1457770 2496
1457780 2498
1457790 2498
1457800 2499
1457810 2499
1457820 2499
1457830 2500
1457840 2503
1457850 2503
1457860 2507
1457870 2510
1457880 2510
1457890 2510
1457900 2510
1457910 2510
1457920 2514
1457930 2520
1457940 2520
1457950 2527
1457960 2533
1457970 2536
1457980 2536
1457990 2541
1458000 2544
1458010 2544
1458020 2544
1458030 2546
1458040 2546
1458050 2549
1458060 2552
1458070 2552
1458080 2557
1458090 2561
1458100 2561
1458110 2566
1458120 2572
1458130 2572
1458140 2577
1458150 2584
1458160 2584
1458170 2590
1458180 2597
1458190 2604
1458200 2604
1458210 2615
1458220 2636
1458230 2636
1458240 2656
1458250 2667
1458260 2667
1458270 2677
1458280 2687
1458290 2687
1458300 2695
1458310 2705
1458320 2705
1458330 2713
1458340 2722
1458350 2722
1458360 2731
1458370 2741
1458380 2750
1458390 2750
1458400 2759
1458410 2768
1458420 2768
1458430 2777
1458440 2785
1458450 2785
1458460 2791
1458470 2799
1458480 2799
1458490 2807
1458500 2815
1458510 2815
1458520 2822
1458530 2830
1458540 2830
1458550 2838
1458560 2839
1458570 2836
1458580 2836
1458590 2830
1458600 2823
1458610 2823
1458620 2816
1458630 2804
1458640 2804
1458650 2788
1458660 2776
1458670 2776
1458680 2768
1458690 2761
1458700 2761
1458710 2755
1458720 2748
1458730 2748
1458740 2740
1458750 2732
1458760 2732
1458770 2725
1458780 2719
1458790 2711
1458800 2711
1458810 2701
1458820 2692
1458830 2692
1458840 2679
1458850 2670
1458860 2670
1458870 2662
1458880 2653
1458890 2653
1458900 2645
1458910 2637
1458920 2637
1458930 2628
1458940 2618
1458950 2618
1458960 2607
1458970 2600
1458980 2594
1458990 2594
1459000 2591
1459010 2585
1459020 2585
1459030 2577
1459040 2566
1459050 2566
1459060 2555
1459070 2548
1459080 2548
1459090 2542
1459100 2535
1459110 2535
1459120 2525
1459130 2521
1459140 2521
1459150 2517
1459160 2512
1459170 2508
1459180 2508
1459190 2503
1459200 2498
1459210 2498
1459220 2492
1459230 2487
1459240 2487
1459250 2481
1459260 2476
1459270 2476
1459280 2471
1459290 2466
1459300 2466
1459310 2461
1459320 2455
1459330 2455
1459340 2451
1459350 2447
1459360 2447
1459370 2442
1459380 2436
1459390 2430
1459400 2430
1459410 2423
1459420 2417
1459430 2417
1459440 2411
1459450 2405
1459460 2405
1459470 2398
1459480 2392
1459490 2392
1459500 2386
1459510 2380
1459520 2380
1459530 2374
1459540 2368
1459550 2368
1459560 2363
1459570 2357
1459580 2352
1459590 2352
1459600 2347
1459610 2342
1459620 2342
1459630 2337
1459640 2333
1459650 2333
1459660 2329
1459670 2325
1459680 2325
1459690 2321
1459700 2317
1459710 2317
1459720 2314
1459730 2311
1459740 2311
1459750 2307
1459760 2305
1459770 2303
1459780 2303
1459790 2301
1459800 2298
1459810 2298
1459820 2296
1459830 2294
1459840 2294
1459850 2291
1459860 2289
1459870 2289
1459880 2286
1459890 2284
1459900 2284
1459910 2282
1459920 2279
1459930 2279
1459940 2277
1459950 2275
1459960 2275
1459970 2273
1459980 2272
1459990 2271
