1440000 2003
1440010 2003
1440020 2007
1440030 2012
1440040 2012
1440050 2016
1440060 2020
1440070 2020
1440080 2024
1440090 2029
1440100 2033
1440110 2033
1440120 2036
1440130 2040
1440140 2040
1440150 2045
1440160 2049
1440170 2049
1440180 2053
1440190 2056
1440200 2056
1440210 2059
1440220 2062
1440230 2062
1440240 2065
1440250 2068
1440260 2068
1440270 2070
1440280 2073
1440290 2076
1440300 2076
1440310 2080
1440320 2085
1440330 2085
1440340 2090
1440350 2096
1440360 2096
1440370 2102
1440380 2107
1440390 2107
1440400 2112
1440410 2116
1440420 2116
1440430 2119
1440440 2124
1440450 2124
1440460 2130
1440470 2136
1440480 2140
1440490 2140
1440500 2142
1440510 2144
1440520 2144
1440530 2148
1440540 2152
1440550 2152
1440560 2155
1440570 2160
1440580 2160
1440590 2165
1440600 2170
1440610 2170
1440620 2174
1440630 2177
1440640 2177
1440650 2178
1440660 2180
1440670 2180
1440680 2182
1440690 2182
1440700 2181
1440710 2181
1440720 2180
1440730 2179
1440740 2179
1440750 2178
1440760 2177
1440770 2177
1440780 2177
1440790 2175
1440800 2175
1440810 2173
1440820 2174
1440830 2174
1440840 2174
1440850 2176
1440860 2176
1440870 2181
1440880 2185
1440890 2186
1440900 2186
1440910 2188
1440920 2190
1440930 2190
1440940 2191
1440950 2193
1440960 2193
1440970 2195
1440980 2197
1440990 2197
1441000 2203
1441010 2210
1441020 2210
1441030 2214
1441040 2220
1441050 2220
1441060 2226
1441070 2232
1441080 2238
1441090 2238
1441100 2242
1441110 2245
1441120 2245
1441130 2251
1441140 2257
1441150 2257
1441160 2263
1441170 2269
1441180 2269
1441190 2274
1441200 2277
1441210 2277
1441220 2281
1441230 2284
1441240 2284
1441250 2285
1441260 2286
1441270 2286
1441280 2288
1441290 2288
1441300 2289
1441310 2289
1441320 2292
1441330 2294
1441340 2294
1441350 2296
1441360 2298
1441370 2298
1441380 2302
1441390 2307
1441400 2307
1441410 2312
1441420 2315
1441430 2315
1441440 2318
1441450 2321
1441460 2321
1441470 2324
1441480 2326
1441490 2328
1441500 2328
1441510 2330
1441520 2333
1441530 2333
1441540 2338
1441550 2344
1441560 2344
1441570 2350
1441580 2355
1441590 2355
1441600 2361
1441610 2367
1441620 2367
1441630 2374
1441640 2379
1441650 2379
1441660 2384
1441670 2388
1441680 2388
1441690 2391
1441700 2394
1441710 2397
1441720 2397
1441730 2402
1441740 2405
1441750 2405
1441760 2409
1441770 2413
1441780 2413
1441790 2418
1441800 2423
1441810 2423
1441820 2429
1441830 2434
1441840 2434
1441850 2440
1441860 2445
1441870 2445
1441880 2451
1441890 2456
1441900 2458
1441910 2458
1441920 2464
1441930 2470
1441940 2470
1441950 2477
1441960 2483
1441970 2483
1441980 2490
1441990 2497
1442000 2497
1442010 2504
1442020 2513
1442030 2513
1442040 2523
1442050 2531
1442060 2531
1442070 2546
1442080 2558
1442090 2565
1442100 2565
1442110 2568
1442120 2573
1442130 2573
1442140 2580
1442150 2588
1442160 2588
1442170 2596
1442180 2601
1442190 2601
1442200 2604
1442210 2608
1442220 2608
1442230 2612
1442240 2617
1442250 2617
1442260 2621
1442270 2624
1442280 2624
1442290 2626
1442300 2628
1442310 2631
1442320 2631
1442330 2634
1442340 2636
1442350 2636
1442360 2638
1442370 2640
1442380 2640
1442390 2643
1442400 2646
1442410 2646
1442420 2648
1442430 2650
1442440 2650
1442450 2652
1442460 2655
1442470 2655
1442480 2658
1442490 2661
1442500 2663
1442510 2663
1442520 2663
1442530 2660
1442540 2660
1442550 2654
1442560 2649
1442570 2649
1442580 2642
1442590 2642
1442600 2642
1442610 2644
1442620 2635
1442630 2635
1442640 2627
1442650 2622
1442660 2622
1442670 2614
1442680 2607
1442690 2596
1442700 2596
1442710 2583
1442720 2573
1442730 2573
1442740 2563
1442750 2558
1442760 2558
1442770 2559
1442780 2558
1442790 2558
1442800 2561
1442810 2556
1442820 2556
1442830 2550
1442840 2540
1442850 2540
1442860 2523
1442870 2513
1442880 2513
1442890 2512
1442900 2511
1442910 2500
1442920 2500
1442930 2487
1442940 2469
1442950 2469
1442960 2446
1442970 2442
1442980 2442
1442990 2441
1443000 2442
1443010 2442
1443020 2442
1443030 2443
1443040 2443
1443050 2446
1443060 2447
1443070 2447
1443080 2447
1443090 2447
1443100 2446
1443110 2446
1443120 2450
1443130 2453
1443140 2453
1443150 2453
1443160 2450
1443170 2450
1443180 2449
1443190 2452
1443200 2452
1443210 2453
1443220 2453
1443230 2453
1443240 2453
1443250 2452
1443260 2452
1443270 2452
1443280 2452
1443290 2452
1443300 2451
1443310 2453
1443320 2454
1443330 2454
1443340 2456
1443350 2458
1443360 2458
1443370 2461
1443380 2465
1443390 2465
1443400 2468
1443410 2470
1443420 2470
1443430 2474
1443440 2478
1443450 2478
1443460 2482
1443470 2485
1443480 2485
1443490 2488
1443500 2493
1443510 2500
1443520 2500
1443530 2507
1443540 2512
1443550 2512
1443560 2518
1443570 2522
1443580 2522
1443590 2525
1443600 2530
1443610 2530
1443620 2536
1443630 2542
1443640 2542
1443650 2549
1443660 2557
1443670 2557
1443680 2564
1443690 2570
1443700 2574
1443710 2574
1443720 2579
1443730 2584
1443740 2584
1443750 2588
1443760 2592
1443770 2592
1443780 2594
1443790 2599
1443800 2599
1443810 2606
1443820 2612
1443830 2612
1443840 2618
1443850 2624
1443860 2624
1443870 2630
1443880 2637
1443890 2637
1443900 2646
1443910 2654
1443920 2662
1443930 2662
1443940 2671
1443950 2680
1443960 2680
1443970 2688
1443980 2696
1443990 2696
1444000 2705
1444010 2725
1444020 2725
1444030 2735
1444040 2743
1444050 2743
1444060 2751
1444070 2759
1444080 2759
1444090 2766
1444100 2773
1444110 2780
1444120 2780
1444130 2786
1444140 2793
1444150 2793
1444160 2799
1444170 2809
1444180 2809
1444190 2811
1444200 2801
1444210 2801
1444220 2793
1444230 2778
1444240 2778
1444250 2750
1444260 2742
1444270 2742
1444280 2736
1444290 2723
1444300 2707
1444310 2707
1444320 2696
1444330 2690
1444340 2690
1444350 2683
1444360 2677
1444370 2677
1444380 2671
1444390 2664
1444400 2664
1444410 2657
1444420 2651
1444430 2651
1444440 2644
1444450 2635
1444460 2635
1444470 2629
1444480 2624
1444490 2624
1444500 2619
1444510 2616
1444520 2615
1444530 2615
1444540 2614
1444550 2612
1444560 2612
1444570 2610
1444580 2610
1444590 2610
1444600 2608
1444610 2603
1444620 2603
1444630 2597
1444640 2594
1444650 2594
1444660 2593
1444670 2592
1444680 2592
1444690 2589
1444700 2586
1444710 2583
1444720 2583
1444730 2580
1444740 2575
1444750 2575
1444760 2571
1444770 2573
1444780 2573
1444790 2574
1444800 2576
1444810 2576
1444820 2576
1444830 2575
1444840 2575
1444850 2571
1444860 2569
1444870 2569
1444880 2566
1444890 2564
1444900 2564
1444910 2563
1444920 2561
1444930 2555
1444940 2555
1444950 2552
1444960 2550
1444970 2550
1444980 2547
1444990 2541
1445000 2541
1445010 2538
1445020 2538
1445030 2538
1445040 2535
1445050 2531
1445060 2531
1445070 2531
1445080 2530
1445090 2530
1445100 2530
1445110 2530
1445120 2531
1445130 2531
1445140 2532
1445150 2530
1445160 2530
1445170 2529
1445180 2530
1445190 2530
1445200 2530
1445210 2531
1445220 2531
1445230 2531
1445240 2532
1445250 2532
1445260 2534
1445270 2535
1445280 2535
1445290 2535
1445300 2535
1445310 2536
1445320 2536
1445330 2537
1445340 2538
1445350 2538
1445360 2538
1445370 2538
1445380 2538
1445390 2539
1445400 2538
1445410 2538
1445420 2538
1445430 2539
1445440 2539
1445450 2541
1445460 2544
1445470 2544
1445480 2546
1445490 2547
1445500 2547
1445510 2551
1445520 2553
1445530 2551
1445540 2551
1445550 2549
1445560 2548
1445570 2548
1445580 2547
1445590 2550
1445600 2550
1445610 2551
1445620 2550
1445630 2550
1445640 2548
1445650 2547
1445660 2547
1445670 2548
1445680 2547
1445690 2547
1445700 2547
1445710 2549
1445720 2550
1445730 2550
1445740 2552
1445750 2556
1445760 2556
1445770 2558
1445780 2557
1445790 2557
1445800 2553
1445810 2550
1445820 2550
1445830 2549
1445840 2550
1445850 2550
1445860 2551
1445870 2549
1445880 2549
1445890 2548
1445900 2549
1445910 2549
1445920 2549
1445930 2550
1445940 2549
1445950 2549
1445960 2548
1445970 2547
1445980 2547
1445990 2546
1446000 2545
1446010 2545
1446020 2542
1446030 2538
1446040 2538
1446050 2535
1446060 2533
1446070 2533
1446080 2533
1446090 2535
1446100 2535
1446110 2535
1446120 2534
1446130 2531
1446140 2531
1446150 2528
1446160 2528
1446170 2528
1446180 2527
1446190 2527
1446200 2527
1446210 2527
1446220 2527
1446230 2527
1446240 2527
1446250 2527
1446260 2527
1446270 2527
1446280 2532
1446290 2532
1446300 2535
1446310 2537
1446320 2536
1446330 2536
1446340 2536
1446350 2539
1446360 2539
1446370 2542
1446380 2546
1446390 2546
1446400 2550
1446410 2555
1446420 2555
1446430 2560
1446440 2566
1446450 2566
1446460 2573
1446470 2579
1446480 2579
1446490 2586
1446500 2593
1446510 2593
1446520 2600
1446530 2607
1446540 2614
1446550 2614
1446560 2622
1446570 2632
1446580 2632
1446590 2645
1446600 2656
1446610 2656
1446620 2653
1446630 2643
1446640 2643
1446650 2632
1446660 2604
1446670 2604
1446680 2575
1446690 2558
1446700 2558
1446710 2543
1446720 2534
1446730 2528
1446740 2528
1446750 2522
1446760 2516
1446770 2516
1446780 2510
1446790 2505
1446800 2505
1446810 2499
1446820 2481
1446830 2481
1446840 2468
1446850 2462
1446860 2462
1446870 2456
1446880 2452
1446890 2452
1446900 2448
1446910 2446
1446920 2444
1446930 2444
1446940 2443
1446950 2441
1446960 2441
1446970 2439
1446980 2438
1446990 2438
1447000 2438
1447010 2437
1447020 2437
1447030 2433
1447040 2431
1447050 2431
1447060 2428
1447070 2426
1447080 2426
1447090 2426
1447100 2422
1447110 2422
1447120 2414
1447130 2406
1447140 2400
1447150 2400
1447160 2394
1447170 2388
1447180 2388
1447190 2381
1447200 2376
1447210 2376
1447220 2374
1447230 2373
1447240 2373
1447250 2372
1447260 2372
1447270 2372
1447280 2372
1447290 2371
1447300 2371
1447310 2370
1447320 2369
1447330 2369
1447340 2369
1447350 2368
1447360 2368
1447370 2368
1447380 2369
1447390 2371
1447400 2371
1447410 2372
1447420 2371
1447430 2371
1447440 2369
1447450 2369
1447460 2369
1447470 2371
1447480 2373
1447490 2373
1447500 2374
1447510 2374
1447520 2373
1447530 2373
1447540 2372
1447550 2372
1447560 2372
1447570 2371
1447580 2371
1447590 2371
1447600 2372
1447610 2373
1447620 2373
1447630 2374
1447640 2373
1447650 2373
1447660 2372
1447670 2370
1447680 2370
1447690 2368
1447700 2368
1447710 2368
1447720 2366
1447730 2365
1447740 2364
1447750 2364
1447760 2363
1447770 2361
1447780 2361
1447790 2357
1447800 2353
1447810 2353
1447820 2350
1447830 2348
1447840 2348
1447850 2347
1447860 2346
1447870 2346
1447880 2346
1447890 2345
1447900 2345
1447910 2344
1447920 2343
1447930 2341
1447940 2341
1447950 2339
1447960 2336
1447970 2336
1447980 2331
1447990 2326
1448000 2326
1448010 2319
1448020 2312
1448030 2312
1448040 2306
1448050 2305
1448060 2305
1448070 2303
1448080 2297
1448090 2297
1448100 2294
1448110 2291
1448120 2291
1448130 2290
1448140 2291
1448150 2289
1448160 2289
1448170 2282
1448180 2267
1448190 2267
1448200 2262
1448210 2262
1448220 2262
1448230 2263
1448240 2263
1448250 2263
1448260 2260
1448270 2258
1448280 2258
1448290 2256
1448300 2246
1448310 2246
1448320 2236
1448330 2225
1448340 2221
1448350 2221
1448360 2217
1448370 2215
1448380 2215
1448390 2214
1448400 2213
1448410 2213
1448420 2212
1448430 2211
1448440 2211
1448450 2211
1448460 2212
1448470 2212
1448480 2211
1448490 2209
1448500 2209
1448510 2209
1448520 2209
1448530 2209
1448540 2209
1448550 2207
1448560 2202
1448570 2202
1448580 2199
1448590 2195
1448600 2195
1448610 2194
1448620 2192
1448630 2192
1448640 2190
1448650 2186
1448660 2186
1448670 2180
1448680 2177
1448690 2177
1448700 2175
1448710 2172
1448720 2172
1448730 2167
1448740 2163
1448750 2160
1448760 2160
1448770 2158
1448780 2159
1448790 2159
1448800 2161
1448810 2162
1448820 2162
1448830 2164
1448840 2166
1448850 2166
1448860 2168
1448870 2171
1448880 2171
1448890 2173
1448900 2175
1448910 2175
1448920 2177
1448930 2178
1448940 2178
1448950 2178
1448960 2177
1448970 2177
1448980 2177
1448990 2177
1449000 2175
1449010 2175
1449020 2173
1449030 2173
1449040 2173
1449050 2170
1449060 2168
1449070 2168
1449080 2163
1449090 2155
1449100 2155
1449110 2152
1449120 2151
1449130 2145
1449140 2145
1449150 2140
1449160 2137
1449170 2137
1449180 2135
1449190 2134
1449200 2134
1449210 2135
1449220 2132
1449230 2132
1449240 2128
1449250 2126
1449260 2126
1449270 2123
1449280 2120
1449290 2120
1449300 2118
1449310 2119
1449320 2119
1449330 2119
1449340 2114
1449350 2107
1449360 2107
1449370 2096
1449380 2087
1449390 2087
1449400 2083
1449410 2082
1449420 2082
1449430 2082
1449440 2080
1449450 2080
1449460 2077
1449470 2074
1449480 2074
1449490 2071
1449500 2067
1449510 2067
1449520 2068
1449530 2072
1449540 2074
1449550 2074
1449560 2074
1449570 2074
1449580 2074
1449590 2074
1449600 2073
1449610 2073
1449620 2072
1449630 2073
1449640 2073
1449650 2074
1449660 2075
1449670 2075
1449680 2076
1449690 2077
1449700 2077
1449710 2078
1449720 2078
1449730 2081
1449740 2081
1449750 2083
1449760 2084
1449770 2084
1449780 2086
1449790 2087
1449800 2087
1449810 2090
1449820 2092
1449830 2092
1449840 2095
1449850 2098
1449860 2098
1449870 2100
1449880 2102
1449890 2102
1449900 2105
1449910 2108
1449920 2108
1449930 2110
1449940 2112
1449950 2112
1449960 2112
1449970 2112
1449980 2109
1449990 2109
1450000 2105
1450010 2103
1450020 2103
1450030 2104
1450040 2103
1450050 2103
1450060 2101
1450070 2100
1450080 2100
1450090 2098
1450100 2095
1450110 2095
1450120 2094
1450130 2092
1450140 2090
1450150 2090
1450160 2088
1450170 2085
1450180 2085
1450190 2079
1450200 2074
1450210 2074
1450220 2071
1450230 2068
1450240 2068
1450250 2066
1450260 2064
1450270 2064
1450280 2063
1450290 2064
1450300 2064
1450310 2063
1450320 2063
1450330 2063
1450340 2063
1450350 2063
1450360 2062
1450370 2062
1450380 2060
1450390 2062
1450400 2062
1450410 2063
1450420 2065
1450430 2065
1450440 2066
1450450 2066
1450460 2066
1450470 2066
1450480 2066
1450490 2066
1450500 2064
1450510 2063
1450520 2063
1450530 2062
1450540 2062
1450550 2060
1450560 2060
1450570 2056
1450580 2052
1450590 2052
1450600 2050
1450610 2050
1450620 2050
1450630 2047
1450640 2041
1450650 2041
1450660 2035
1450670 2028
1450680 2028
1450690 2022
1450700 2020
1450710 2020
1450720 2016
1450730 2009
1450740 2002
1450750 2002
1450760 1994
1450770 1988
1450780 1988
1450790 1988
1450800 1987
1450810 1987
1450820 1985
1450830 1981
1450840 1981
1450850 1975
1450860 1969
1450870 1969
1450880 1964
1450890 1959
1450900 1959
1450910 1952
1450920 1944
1450930 1944
1450940 1941
1450950 1938
1450960 1933
1450970 1933
1450980 1928
1450990 1922
1451000 1922
1451010 1916
1451020 1911
1451030 1911
1451040 1905
1451050 1897
1451060 1897
1451070 1894
1451080 1894
1451090 1894
1451100 1894
1451110 1894
1451120 1894
1451130 1891
1451140 1883
1451150 1876
1451160 1876
1451170 1868
1451180 1864
1451190 1864
1451200 1863
1451210 1863
1451220 1863
1451230 1865
1451240 1865
1451250 1865
1451260 1866
1451270 1869
1451280 1869
1451290 1871
1451300 1865
1451310 1865
1451320 1862
1451330 1861
1451340 1862
1451350 1862
1451360 1865
1451370 1867
1451380 1867
1451390 1867
1451400 1867
1451410 1867
1451420 1866
1451430 1865
1451440 1865
1451450 1864
1451460 1863
1451470 1863
1451480 1861
1451490 1856
1451500 1856
1451510 1851
1451520 1844
1451530 1844
1451540 1837
1451550 1829
1451560 1820
1451570 1820
1451580 1810
1451590 1802
1451600 1802
1451610 1794
1451620 1784
1451630 1784
1451640 1774
1451650 1764
1451660 1764
1451670 1754
1451680 1747
1451690 1747
1451700 1739
1451710 1732
1451720 1732
1451730 1726
1451740 1718
1451750 1702
1451760 1702
1451770 1689
1451780 1682
1451790 1682
1451800 1675
1451810 1666
1451820 1666
1451830 1664
1451840 1661
1451850 1661
1451860 1656
1451870 1649
1451880 1649
1451890 1642
1451900 1635
1451910 1635
1451920 1627
1451930 1616
1451940 1616
1451950 1610
1451960 1610
1451970 1612
1451980 1612
1451990 1607
1452000 1597
1452010 1597
1452020 1596
1452030 1599
1452040 1599
1452050 1601
1452060 1599
1452070 1599
1452080 1596
1452090 1595
1452100 1595
1452110 1590
1452120 1588
1452130 1588
1452140 1587
1452150 1584
1452160 1578
1452170 1578
1452180 1570
1452190 1563
1452200 1563
1452210 1559
1452220 1553
1452230 1553
1452240 1547
1452250 1541
1452260 1541
1452270 1536
1452280 1533
1452290 1533
1452300 1530
1452310 1527
1452320 1527
1452330 1522
1452340 1515
1452350 1507
1452360 1507
1452370 1495
1452380 1475
1452390 1475
1452400 1459
1452410 1452
1452420 1452
1452430 1456
1452440 1463
1452450 1463
1452460 1471
1452470 1476
1452480 1476
1452490 1476
1452500 1475
1452510 1475
1452520 1471
1452530 1466
1452540 1466
1452550 1460
1452560 1452
1452570 1444
1452580 1444
1452590 1425
1452600 1417
1452610 1417
1452620 1422
1452630 1424
1452640 1424
1452650 1423
1452660 1421
1452670 1421
1452680 1419
1452690 1418
1452700 1418
1452710 1416
1452720 1410
1452730 1410
1452740 1406
1452750 1401
1452760 1395
1452770 1395
1452780 1390
1452790 1386
1452800 1386
1452810 1380
1452820 1374
1452830 1374
1452840 1366
1452850 1363
1452860 1363
1452870 1364
1452880 1365
1452890 1365
1452900 1365
1452910 1363
1452920 1363
1452930 1362
1452940 1360
1452950 1358
1452960 1358
1452970 1354
1452980 1351
1452990 1351
1453000 1350
1453010 1343
1453020 1343
1453030 1335
1453040 1330
1453050 1330
1453060 1328
1453070 1329
1453080 1329
1453090 1336
1453100 1341
1453110 1341
1453120 1346
1453130 1352
1453140 1352
1453150 1355
1453160 1358
1453170 1364
1453180 1364
1453190 1380
1453200 1401
1453210 1401
1453220 1410
1453230 1419
1453240 1419
1453250 1437
1453260 1456
1453270 1456
1453280 1467
1453290 1476
1453300 1476
1453310 1482
1453320 1489
1453330 1489
1453340 1496
1453350 1502
1453360 1508
1453370 1508
1453380 1512
1453390 1516
1453400 1516
1453410 1524
1453420 1533
1453430 1533
1453440 1543
1453450 1553
1453460 1553
1453470 1563
1453480 1570
1453490 1570
1453500 1577
1453510 1583
1453520 1583
1453530 1590
1453540 1597
1453550 1597
1453560 1605
1453570 1618
1453580 1633
1453590 1633
1453600 1646
1453610 1657
1453620 1657
1453630 1668
1453640 1681
1453650 1681
1453660 1695
1453670 1704
1453680 1704
1453690 1712
1453700 1718
1453710 1718
1453720 1723
1453730 1730
1453740 1730
1453750 1738
1453760 1748
1453770 1762
1453780 1762
1453790 1778
1453800 1789
1453810 1789
1453820 1794
1453830 1801
1453840 1801
1453850 1809
1453860 1816
1453870 1816
1453880 1823
1453890 1830
1453900 1830
1453910 1839
1453920 1847
1453930 1847
1453940 1852
1453950 1854
1453960 1860
1453970 1860
1453980 1869
1453990 1879
1454000 1879
1454010 1887
1454020 1896
1454030 1896
1454040 1904
1454050 1912
1454060 1912
1454070 1921
1454080 1932
1454090 1932
1454100 1943
1454110 1957
1454120 1957
1454130 1963
1454140 1964
1454150 1964
1454160 1965
1454170 1973
1454180 1983
1454190 1983
1454200 1991
1454210 2004
1454220 2004
1454230 2014
1454240 2025
1454250 2025
1454260 2035
1454270 2047
1454280 2047
1454290 2059
1454300 2070
1454310 2070
1454320 2080
1454330 2088
1454340 2088
1454350 2096
1454360 2105
1454370 2113
1454380 2113
1454390 2122
1454400 2130
1454410 2130
1454420 2137
1454430 2143
1454440 2143
1454450 2150
1454460 2157
1454470 2157
1454480 2166
1454490 2175
1454500 2175
1454510 2182
1454520 2196
1454530 2196
1454540 2213
1454550 2222
1454560 2228
1454570 2228
1454580 2243
1454590 2263
1454600 2263
1454610 2273
1454620 2278
1454630 2278
1454640 2286
1454650 2294
1454660 2294
1454670 2301
1454680 2312
1454690 2312
1454700 2322
1454710 2331
1454720 2331
1454730 2337
1454740 2339
1454750 2339
1454760 2342
1454770 2346
1454780 2351
1454790 2351
1454800 2355
1454810 2359
1454820 2359
1454830 2368
1454840 2381
1454850 2381
1454860 2393
1454870 2402
1454880 2402
1454890 2409
1454900 2414
1454910 2414
1454920 2419
1454930 2424
1454940 2424
1454950 2428
1454960 2431
1454970 2435
1454980 2435
1454990 2438
1455000 2441
1455010 2441
1455020 2444
1455030 2447
1455040 2447
1455050 2450
1455060 2451
1455070 2451
1455080 2451
1455090 2454
1455100 2454
1455110 2458
1455120 2462
1455130 2462
1455140 2466
1455150 2469
1455160 2469
1455170 2472
1455180 2474
1455190 2477
1455200 2477
1455210 2478
1455220 2482
1455230 2482
1455240 2489
1455250 2499
1455260 2499
1455270 2505
1455280 2519
1455290 2519
1455300 2534
1455310 2541
1455320 2541
1455330 2547
1455340 2555
1455350 2555
1455360 2563
1455370 2569
1455380 2578
1455390 2578
1455400 2584
1455410 2591
1455420 2591
1455430 2596
1455440 2599
1455450 2599
1455460 2603
1455470 2604
1455480 2604
1455490 2601
1455500 2593
1455510 2593
1455520 2580
1455530 2568
1455540 2568
1455550 2557
1455560 2536
1455570 2517
1455580 2517
1455590 2511
1455600 2504
1455610 2504
1455620 2498
1455630 2492
1455640 2492
1455650 2488
1455660 2484
1455670 2484
1455680 2480
1455690 2478
1455700 2478
1455710 2475
1455720 2471
1455730 2471
1455740 2468
1455750 2466
1455760 2466
1455770 2464
1455780 2462
1455790 2460
1455800 2460
1455810 2459
1455820 2458
1455830 2458
1455840 2458
1455850 2458
1455860 2458
1455870 2457
1455880 2456
1455890 2456
1455900 2454
1455910 2452
1455920 2452
1455930 2452
1455940 2450
1455950 2450
1455960 2447
1455970 2443
1455980 2438
1455990 2438
1456000 2435
1456010 2432
1456020 2432
1456030 2430
1456040 2430
1456050 2430
1456060 2431
1456070 2433
1456080 2433
1456090 2436
1456100 2438
1456110 2438
1456120 2444
1456130 2450
1456140 2450
1456150 2452
1456160 2453
1456170 2449
1456180 2449
1456190 2450
1456200 2453
1456210 2453
1456220 2454
1456230 2456
1456240 2456
1456250 2456
1456260 2455
1456270 2455
1456280 2453
1456290 2451
1456300 2451
1456310 2448
1456320 2446
1456330 2446
1456340 2442
1456350 2440
1456360 2440
1456370 2438
1456380 2437
1456390 2435
1456400 2435
1456410 2433
1456420 2432
1456430 2432
1456440 2430
1456450 2427
1456460 2427
1456470 2422
1456480 2417
1456490 2417
1456500 2412
1456510 2408
1456520 2408
1456530 2404
1456540 2397
1456550 2397
1456560 2389
1456570 2387
1456580 2386
1456590 2386
1456600 2386
1456610 2386
1456620 2386
1456630 2386
1456640 2386
1456650 2386
1456660 2386
1456670 2386
1456680 2386
1456690 2386
1456700 2386
1456710 2386
1456720 2386
1456730 2386
1456740 2386
1456750 2386
1456760 2386
1456770 2386
1456780 2386
1456790 2386
1456800 2386
1456810 2386
1456820 2386
1456830 2386
1456840 2386
1456850 2386
1456860 2386
1456870 2386
1456880 2386
1456890 2386
1456900 2386
1456910 2386
1456920 2386
1456930 2386
1456940 2386
1456950 2386
1456960 2386
1456970 2386
1456980 2386
1456990 2386
1457000 2386
1457010 2386
1457020 2386
1457030 2386
1457040 2386
1457050 2386
1457060 2386
1457070 2386
1457080 2386
1457090 2386
1457100 2386
1457110 2386
1457120 2386
1457130 2386
1457140 2386
1457150 2386
1457160 2386
1457170 2386
1457180 2386
1457190 2386
1457200 2386
1457210 2386
1457220 2386
1457230 2386
1457240 2386
1457250 2386
1457260 2386
1457270 2386
1457280 2386
1457290 2386
1457300 2386
1457310 2386
1457320 2386
1457330 2386
1457340 2386
1457350 2386
1457360 2386
1457370 2386
1457380 2386
1457390 2386
1457400 2386
1457410 2386
1457420 2386
1457430 2386
1457440 2386
1457450 2386
1457460 2386
1457470 2386
1457480 2386
1457490 2386
1457500 2386
1457510 2386
1457520 2386
1457530 2386
1457540 2386
1457550 2387
1457560 2387
1457570 2392
1457580 2407
1457590 2419
1457600 2419
1457610 2427
1457620 2434
1457630 2434
1457640 2439
1457650 2445
1457660 2445
1457670 2450
1457680 2455
1457690 2455
1457700 2459
1457710 2461
1457720 2461
1457730 2463
1457740 2464
1457750 2464
1457760 2465
1457770 2466
1457780 2467
1457790 2467
1457800 2467
1457810 2468
1457820 2468
1457830 2468
1457840 2469
1457850 2469
1457860 2469
1457870 2470
1457880 2470
1457890 2472
1457900 2476
1457910 2476
1457920 2481
1457930 2487
1457940 2487
1457950 2494
1457960 2503
1457970 2503
1457980 2509
1457990 2513
1458000 2520
1458010 2520
1458020 2530
1458030 2534
1458040 2534
1458050 2538
1458060 2542
1458070 2542
1458080 2547
1458090 2553
1458100 2553
1458110 2558
1458120 2565
1458130 2565
1458140 2570
1458150 2576
1458160 2576
1458170 2582
1458180 2588
1458190 2593
1458200 2593
1458210 2604
1458220 2621
1458230 2621
1458240 2636
1458250 2647
1458260 2647
1458270 2660
1458280 2675
1458290 2675
1458300 2686
1458310 2696
1458320 2696
1458330 2705
1458340 2715
1458350 2715
1458360 2724
1458370 2735
1458380 2743
1458390 2743
1458400 2752
1458410 2761
1458420 2761
1458430 2770
1458440 2782
1458450 2782
1458460 2795
1458470 2807
1458480 2807
1458490 2817
1458500 2827
1458510 2827
1458520 2832
1458530 2837
1458540 2837
1458550 2835
1458560 2827
1458570 2827
1458580 2819
1458590 2812
1458600 2805
1458610 2805
1458620 2797
1458630 2785
1458640 2785
1458650 2770
1458660 2756
1458670 2756
1458680 2741
1458690 2726
1458700 2726
1458710 2718
1458720 2710
1458730 2710
1458740 2702
1458750 2693
1458760 2693
1458770 2685
1458780 2677
1458790 2670
1458800 2670
1458810 2661
1458820 2654
1458830 2654
1458840 2645
1458850 2636
1458860 2636
1458870 2628
1458880 2619
1458890 2619
1458900 2613
1458910 2605
1458920 2605
1458930 2597
1458940 2588
1458950 2588
1458960 2581
1458970 2574
1458980 2574
1458990 2567
1459000 2560
1459010 2553
1459020 2553
1459030 2547
1459040 2540
1459050 2540
1459060 2534
1459070 2528
1459080 2528
1459090 2522
1459100 2516
1459110 2516
1459120 2510
1459130 2504
1459140 2504
1459150 2499
1459160 2494
1459170 2494
1459180 2488
1459190 2482
1459200 2476
1459210 2476
1459220 2470
1459230 2466
1459240 2466
1459250 2461
1459260 2456
1459270 2456
1459280 2451
1459290 2446
1459300 2446
1459310 2442
1459320 2438
1459330 2438
1459340 2433
1459350 2430
1459360 2430
1459370 2427
1459380 2424
1459390 2422
1459400 2422
1459410 2419
1459420 2416
1459430 2416
1459440 2412
1459450 2407
1459460 2407
1459470 2400
1459480 2392
1459490 2392
1459500 2385
1459510 2377
1459520 2377
1459530 2370
1459540 2362
1459550 2362
1459560 2353
1459570 2346
1459580 2346
1459590 2341
1459600 2336
1459610 2330
1459620 2330
1459630 2325
1459640 2320
1459650 2320
1459660 2315
1459670 2311
1459680 2311
1459690 2308
1459700 2305
1459710 2305
1459720 2302
1459730 2299
1459740 2299
1459750 2297
1459760 2295
1459770 2295
1459780 2294
1459790 2292
1459800 2291
1459810 2291
1459820 2290
1459830 2288
1459840 2288
1459850 2287
1459860 2285
1459870 2285
1459880 2283
1459890 2282
1459900 2282
1459910 2281
1459920 2278
1459930 2278
1459940 2275
1459950 2275
1459960 2275
1459970 2270
1459980 2267
1459990 2264
