1440000 1771
1440010 1780
1440020 1780
1440030 1792
1440040 1801
1440050 1801
1440060 1808
1440070 1816
1440080 1816
1440090 1822
1440100 1828
1440110 1828
1440120 1835
1440130 1841
1440140 1847
1440150 1847
1440160 1853
1440170 1859
1440180 1859
1440190 1865
1440200 1871
1440210 1871
1440220 1878
1440230 1884
1440240 1884
1440250 1889
1440260 1894
1440270 1894
1440280 1899
1440290 1905
1440300 1905
1440310 1911
1440320 1917
1440330 1923
1440340 1923
1440350 1927
1440360 1929
1440370 1929
1440380 1925
1440390 1931
1440400 1931
1440410 1941
1440420 1948
1440430 1948
1440440 1955
1440450 1962
1440460 1962
1440470 1968
1440480 1973
1440490 1973
1440500 1976
1440510 1981
1440520 1981
1440530 1986
1440540 1992
1440550 1998
1440560 1998
1440570 2006
1440580 2013
1440590 2013
1440600 2020
1440610 2026
1440620 2026
1440630 2031
1440640 2035
1440650 2035
1440660 2040
1440670 2045
1440680 2045
1440690 2051
1440700 2055
1440710 2055
1440720 2054
1440730 2047
1440740 2046
1440750 2046
1440760 2055
1440770 2065
1440780 2065
1440790 2073
1440800 2081
1440810 2081
1440820 2087
1440830 2092
1440840 2092
1440850 2094
1440860 2097
1440870 2097
1440880 2101
1440890 2105
1440900 2105
1440910 2111
1440920 2117
1440930 2117
1440940 2123
1440950 2136
1440960 2141
1440970 2141
1440980 2146
1440990 2149
1441000 2149
1441010 2155
1441020 2161
1441030 2161
1441040 2167
1441050 2173
1441060 2173
1441070 2175
1441080 2178
1441090 2178
1441100 2182
1441110 2186
1441120 2186
1441130 2191
1441140 2196
1441150 2201
1441160 2201
1441170 2207
1441180 2218
1441190 2218
1441200 2228
1441210 2238
1441220 2238
1441230 2246
1441240 2250
1441250 2250
1441260 2252
1441270 2246
1441280 2246
1441290 2240
1441300 2236
1441310 2236
1441320 2243
1441330 2252
1441340 2263
1441350 2263
1441360 2270
1441370 2281
1441380 2281
1441390 2291
1441400 2298
1441410 2298
1441420 2304
1441430 2311
1441440 2311
1441450 2317
1441460 2322
1441470 2322
1441480 2333
1441490 2342
1441500 2342
1441510 2348
1441520 2355
1441530 2355
1441540 2361
1441550 2360
1441560 2358
1441570 2358
1441580 2361
1441590 2367
1441600 2367
1441610 2371
1441620 2375
1441630 2375
1441640 2378
1441650 2383
1441660 2383
1441670 2387
1441680 2391
1441690 2391
1441700 2396
1441710 2406
1441720 2406
1441730 2417
1441740 2425
1441750 2435
1441760 2435
1441770 2444
1441780 2453
1441790 2453
1441800 2468
1441810 2483
1441820 2483
1441830 2505
1441840 2524
1441850 2524
1441860 2526
1441870 2527
1441880 2527
1441890 2530
1441900 2534
1441910 2534
1441920 2537
1441930 2540
1441940 2540
1441950 2548
1441960 2559
1441970 2567
1441980 2567
1441990 2556
1442000 2542
1442010 2542
1442020 2533
1442030 2524
1442040 2524
1442050 2524
1442060 2525
1442070 2525
1442080 2522
1442090 2520
1442100 2520
1442110 2528
1442120 2523
1442130 2523
1442140 2511
1442150 2498
1442160 2485
1442170 2485
1442180 2489
1442190 2495
1442200 2495
1442210 2500
1442220 2495
1442230 2495
1442240 2488
1442250 2486
1442260 2486
1442270 2486
1442280 2485
1442290 2485
1442300 2487
1442310 2486
1442320 2486
1442330 2486
1442340 2484
1442350 2483
1442360 2483
1442370 2483
1442380 2482
1442390 2482
1442400 2480
1442410 2476
1442420 2476
1442430 2464
1442440 2452
1442450 2452
1442460 2443
1442470 2433
1442480 2433
1442490 2425
1442500 2418
1442510 2418
1442520 2414
1442530 2409
1442540 2409
1442550 2401
1442560 2394
1442570 2388
1442580 2388
1442590 2381
1442600 2375
1442610 2375
1442620 2369
1442630 2363
1442640 2363
1442650 2357
1442660 2352
1442670 2352
1442680 2347
1442690 2343
1442700 2343
1442710 2339
1442720 2336
1442730 2336
1442740 2334
1442750 2333
1442760 2332
1442770 2332
1442780 2332
1442790 2333
1442800 2333
1442810 2334
1442820 2335
1442830 2335
1442840 2337
1442850 2339
1442860 2339
1442870 2339
1442880 2338
1442890 2338
1442900 2335
1442910 2330
1442920 2330
1442930 2327
1442940 2326
1442950 2326
1442960 2323
1442970 2321
1442980 2320
1442990 2320
1443000 2322
1443010 2324
1443020 2324
1443030 2326
1443040 2330
1443050 2330
1443060 2333
1443070 2335
1443080 2335
1443090 2339
1443100 2346
1443110 2346
1443120 2351
1443130 2353
1443140 2353
1443150 2354
1443160 2354
1443170 2355
1443180 2355
1443190 2356
1443200 2356
1443210 2356
1443220 2359
1443230 2362
1443240 2362
1443250 2364
1443260 2366
1443270 2366
1443280 2371
1443290 2374
1443300 2374
1443310 2380
1443320 2390
1443330 2390
1443340 2396
1443350 2399
1443360 2402
1443370 2402
1443380 2404
1443390 2407
1443400 2407
1443410 2412
1443420 2414
1443430 2414
1443440 2415
1443450 2418
1443460 2418
1443470 2423
1443480 2429
1443490 2429
1443500 2436
1443510 2443
1443520 2443
1443530 2451
1443540 2462
1443550 2462
1443560 2473
1443570 2484
1443580 2492
1443590 2492
1443600 2500
1443610 2508
1443620 2508
1443630 2516
1443640 2523
1443650 2523
1443660 2530
1443670 2538
1443680 2538
1443690 2544
1443700 2550
1443710 2550
1443720 2556
1443730 2561
1443740 2561
1443750 2565
1443760 2569
1443770 2571
1443780 2571
1443790 2573
1443800 2577
1443810 2577
1443820 2581
1443830 2586
1443840 2586
1443850 2591
1443860 2597
1443870 2597
1443880 2604
1443890 2614
1443900 2614
1443910 2626
1443920 2642
1443930 2642
1443940 2651
1443950 2659
1443960 2657
1443970 2660
1443980 2663
1443990 2665
1444000 2665
1444010 2667
1444020 2669
1444030 2669
1444040 2671
1444050 2674
1444060 2674
1444070 2677
1444080 2679
1444090 2679
1444100 2681
1444110 2684
1444120 2684
1444130 2686
1444140 2687
1444150 2687
1444160 2689
1444170 2691
1444180 2692
1444190 2692
1444200 2694
1444210 2696
1444220 2696
1444230 2699
1444240 2702
1444250 2702
1444260 2705
1444270 2707
1444280 2707
1444290 2709
1444300 2711
1444310 2711
1444320 2713
1444330 2715
1444340 2715
1444350 2717
1444360 2720
1444370 2723
1444380 2723
1444390 2725
1444400 2728
1444410 2728
1444420 2732
1444430 2735
1444440 2735
1444450 2737
1444460 2739
1444470 2739
1444480 2740
1444490 2741
1444500 2741
1444510 2740
1444520 2738
1444530 2738
1444540 2737
1444550 2735
1444560 2735
1444570 2732
1444580 2729
1444590 2726
1444600 2726
1444610 2723
1444620 2719
1444630 2719
1444640 2715
1444650 2711
1444660 2711
1444670 2706
1444680 2696
1444690 2696
1444700 2687
1444710 2676
1444720 2676
1444730 2668
1444740 2656
1444750 2656
1444760 2642
1444770 2633
1444780 2627
1444790 2627
1444800 2621
1444810 2616
1444820 2616
1444830 2614
1444840 2611
1444850 2611
1444860 2609
1444870 2607
1444880 2607
1444890 2608
1444900 2609
1444910 2609
1444920 2608
1444930 2608
1444940 2608
1444950 2608
1444960 2608
1444970 2608
1444980 2608
1444990 2607
1445000 2609
1445010 2609
1445020 2612
1445030 2615
1445040 2615
1445050 2616
1445060 2618
1445070 2618
1445080 2620
1445090 2623
1445100 2623
1445110 2626
1445120 2630
1445130 2630
1445140 2634
1445150 2639
1445160 2639
1445170 2643
1445180 2647
1445190 2652
1445200 2652
1445210 2657
1445220 2662
1445230 2662
1445240 2667
1445250 2672
1445260 2672
1445270 2677
1445280 2681
1445290 2681
1445300 2687
1445310 2693
1445320 2693
1445330 2697
1445340 2701
1445350 2701
1445360 2703
1445370 2704
1445380 2705
1445390 2705
1445400 2706
1445410 2709
1445420 2709
1445430 2711
1445440 2712
1445450 2712
1445460 2712
1445470 2714
1445480 2714
1445490 2715
1445500 2717
1445510 2717
1445520 2719
1445530 2720
1445540 2720
1445550 2721
1445560 2722
1445570 2722
1445580 2723
1445590 2724
1445600 2726
1445610 2726
1445620 2727
1445630 2727
1445640 2727
1445650 2725
1445660 2709
1445670 2709
1445680 2685
1445690 2678
1445700 2678
1445710 2675
1445720 2671
1445730 2671
1445740 2667
1445750 2663
1445760 2663
1445770 2659
1445780 2655
1445790 2652
1445800 2652
1445810 2649
1445820 2647
1445830 2647
1445840 2643
1445850 2638
1445860 2638
1445870 2636
1445880 2636
1445890 2636
1445900 2636
1445910 2637
1445920 2637
1445930 2639
1445940 2640
1445950 2640
1445960 2643
1445970 2645
1445980 2645
1445990 2647
1446000 2650
1446010 2653
1446020 2653
1446030 2656
1446040 2660
1446050 2660
1446060 2663
1446070 2664
1446080 2664
1446090 2666
1446100 2667
1446110 2667
1446120 2670
1446130 2673
1446140 2673
1446150 2675
1446160 2678
1446170 2678
1446180 2679
1446190 2680
1446200 2684
1446210 2684
1446220 2688
1446230 2694
1446240 2694
1446250 2699
1446260 2704
1446270 2704
1446280 2710
1446290 2714
1446300 2714
1446310 2724
1446320 2736
1446330 2736
1446340 2747
1446350 2759
1446360 2759
1446370 2748
1446380 2730
1446390 2722
1446400 2722
1446410 2713
1446420 2680
1446430 2680
1446440 2654
1446450 2626
1446460 2626
1446470 2597
1446480 2587
1446490 2587
1446500 2581
1446510 2574
1446520 2574
1446530 2567
1446540 2561
1446550 2561
1446560 2556
1446570 2551
1446580 2551
1446590 2546
1446600 2541
1446610 2536
1446620 2536
1446630 2533
1446640 2531
1446650 2531
1446660 2530
1446670 2530
1446680 2530
1446690 2532
1446700 2531
1446710 2531
1446720 2529
1446730 2529
1446740 2529
1446750 2527
1446760 2525
1446770 2525
1446780 2523
1446790 2522
1446800 2521
1446810 2521
1446820 2520
1446830 2520
1446840 2520
1446850 2518
1446860 2512
1446870 2512
1446880 2508
1446890 2507
1446900 2507
1446910 2505
1446920 2500
1446930 2500
1446940 2495
1446950 2492
1446960 2492
1446970 2489
1446980 2487
1446990 2487
1447000 2487
1447010 2486
1447020 2484
1447030 2484
1447040 2482
1447050 2481
1447060 2481
1447070 2480
1447080 2480
1447090 2480
1447100 2480
1447110 2480
1447120 2480
1447130 2481
1447140 2481
1447150 2481
1447160 2482
1447170 2482
1447180 2482
1447190 2481
1447200 2480
1447210 2477
1447220 2477
1447230 2472
1447240 2470
1447250 2470
1447260 2469
1447270 2468
1447280 2468
1447290 2466
1447300 2464
1447310 2464
1447320 2462
1447330 2460
1447340 2460
1447350 2459
1447360 2458
1447370 2458
1447380 2456
1447390 2453
1447400 2450
1447410 2450
1447420 2447
1447430 2446
1447440 2446
1447450 2445
1447460 2444
1447470 2444
1447480 2443
1447490 2443
1447500 2443
1447510 2444
1447520 2444
1447530 2444
1447540 2442
1447550 2439
1447560 2439
1447570 2437
1447580 2436
1447590 2436
1447600 2435
1447610 2431
1447620 2429
1447630 2429
1447640 2426
1447650 2423
1447660 2423
1447670 2420
1447680 2418
1447690 2418
1447700 2416
1447710 2412
1447720 2412
1447730 2408
1447740 2404
1447750 2404
1447760 2400
1447770 2400
1447780 2400
1447790 2400
1447800 2400
1447810 2399
1447820 2399
1447830 2397
1447840 2396
1447850 2396
1447860 2395
1447870 2393
1447880 2393
1447890 2391
1447900 2389
1447910 2389
1447920 2389
1447930 2390
1447940 2390
1447950 2392
1447960 2393
1447970 2393
1447980 2394
1447990 2395
1448000 2395
1448010 2395
1448020 2393
1448030 2389
1448040 2389
1448050 2385
1448060 2387
1448070 2387
1448080 2387
1448090 2387
1448100 2387
1448110 2388
1448120 2389
1448130 2389
1448140 2390
1448150 2390
1448160 2390
1448170 2390
1448180 2391
1448190 2391
1448200 2392
1448210 2393
1448220 2393
1448230 2393
1448240 2393
1448250 2393
1448260 2393
1448270 2392
1448280 2388
1448290 2388
1448300 2384
1448310 2381
1448320 2381
1448330 2380
1448340 2380
1448350 2380
1448360 2378
1448370 2377
1448380 2377
1448390 2377
1448400 2373
1448410 2370
1448420 2370
1448430 2370
1448440 2367
1448450 2367
1448460 2362
1448470 2360
1448480 2360
1448490 2359
1448500 2357
1448510 2357
1448520 2353
1448530 2349
1448540 2349
1448550 2345
1448560 2343
1448570 2343
1448580 2342
1448590 2341
1448600 2341
1448610 2341
1448620 2341
1448630 2341
1448640 2341
1448650 2340
1448660 2338
1448670 2338
1448680 2339
1448690 2337
1448700 2337
1448710 2335
1448720 2336
1448730 2336
1448740 2336
1448750 2326
1448760 2326
1448770 2312
1448780 2305
1448790 2305
1448800 2297
1448810 2288
1448820 2279
1448830 2279
1448840 2272
1448850 2266
1448860 2266
1448870 2263
1448880 2261
1448890 2261
1448900 2259
1448910 2259
1448920 2259
1448930 2258
1448940 2256
1448950 2256
1448960 2257
1448970 2257
1448980 2257
1448990 2255
1449000 2253
1449010 2254
1449020 2254
1449030 2257
1449040 2260
1449050 2260
1449060 2262
1449070 2264
1449080 2264
1449090 2265
1449100 2266
1449110 2266
1449120 2266
1449130 2267
1449140 2267
1449150 2269
1449160 2271
1449170 2271
1449180 2274
1449190 2278
1449200 2278
1449210 2281
1449220 2284
1449230 2286
1449240 2286
1449250 2288
1449260 2289
1449270 2289
1449280 2288
1449290 2289
1449300 2289
1449310 2289
1449320 2289
1449330 2289
1449340 2288
1449350 2287
1449360 2287
1449370 2285
1449380 2279
1449390 2279
1449400 2274
1449410 2272
1449420 2270
1449430 2270
1449440 2266
1449450 2264
1449460 2264
1449470 2263
1449480 2263
1449490 2263
1449500 2263
1449510 2261
1449520 2261
1449530 2257
1449540 2255
1449550 2255
1449560 2252
1449570 2250
1449580 2250
1449590 2249
1449600 2248
1449610 2248
1449620 2244
1449630 2244
1449640 2246
1449650 2246
1449660 2249
1449670 2249
1449680 2249
1449690 2245
1449700 2246
1449710 2246
1449720 2249
1449730 2252
1449740 2252
1449750 2253
1449760 2253
1449770 2253
1449780 2252
1449790 2249
1449800 2249
1449810 2247
1449820 2243
1449830 2243
1449840 2243
1449850 2245
1449860 2245
1449870 2245
1449880 2247
1449890 2248
1449900 2248
1449910 2250
1449920 2250
1449930 2250
1449940 2250
1449950 2251
1449960 2251
1449970 2252
1449980 2253
1449990 2253
1450000 2250
1450010 2246
1450020 2244
1450030 2244
1450040 2243
1450050 2242
1450060 2242
1450070 2240
1450080 2238
1450090 2238
1450100 2236
1450110 2235
1450120 2235
1450130 2233
1450140 2231
1450150 2231
1450160 2229
1450170 2227
1450180 2227
1450190 2225
1450200 2222
1450210 2222
1450220 2220
1450230 2219
1450240 2220
1450250 2220
1450260 2221
1450270 2221
1450280 2221
1450290 2220
1450300 2220
1450310 2220
1450320 2221
1450330 2220
1450340 2220
1450350 2221
1450360 2221
1450370 2221
1450380 2222
1450390 2223
1450400 2223
1450410 2223
1450420 2223
1450430 2226
1450440 2226
1450450 2230
1450460 2235
1450470 2235
1450480 2239
1450490 2242
1450500 2242
1450510 2245
1450520 2245
1450530 2245
1450540 2248
1450550 2255
1450560 2255
1450570 2261
1450580 2268
1450590 2268
1450600 2274
1450610 2280
1450620 2280
1450630 2286
1450640 2291
1450650 2295
1450660 2295
1450670 2298
1450680 2300
1450690 2300
1450700 2302
1450710 2302
1450720 2302
1450730 2302
1450740 2302
1450750 2302
1450760 2301
1450770 2291
1450780 2291
1450790 2283
1450800 2274
1450810 2274
1450820 2266
1450830 2260
1450840 2253
1450850 2253
1450860 2246
1450870 2240
1450880 2240
1450890 2237
1450900 2232
1450910 2232
1450920 2231
1450930 2232
1450940 2232
1450950 2232
1450960 2229
1450970 2229
1450980 2224
1450990 2220
1451000 2220
1451010 2221
1451020 2222
1451030 2221
1451040 2221
1451050 2216
1451060 2212
1451070 2212
1451080 2210
1451090 2210
1451100 2210
1451110 2207
1451120 2205
1451130 2205
1451140 2199
1451150 2190
1451160 2190
1451170 2182
1451180 2174
1451190 2174
1451200 2164
1451210 2157
1451220 2157
1451230 2150
1451240 2145
1451250 2140
1451260 2140
1451270 2134
1451280 2128
1451290 2128
1451300 2119
1451310 2112
1451320 2112
1451330 2108
1451340 2105
1451350 2105
1451360 2103
1451370 2105
1451380 2105
1451390 2108
1451400 2108
1451410 2108
1451420 2108
1451430 2103
1451440 2100
1451450 2100
1451460 2098
1451470 2093
1451480 2093
1451490 2087
1451500 2082
1451510 2082
1451520 2075
1451530 2068
1451540 2068
1451550 2060
1451560 2052
1451570 2052
1451580 2044
1451590 2035
1451600 2035
1451610 2027
1451620 2018
1451630 2018
1451640 2009
1451650 2001
1451660 1993
1451670 1993
1451680 1986
1451690 1980
1451700 1980
1451710 1972
1451720 1956
1451730 1956
1451740 1940
1451750 1921
1451760 1921
1451770 1905
1451780 1894
1451790 1894
1451800 1886
1451810 1878
1451820 1878
1451830 1870
1451840 1862
1451850 1855
1451860 1855
1451870 1847
1451880 1840
1451890 1840
1451900 1832
1451910 1825
1451920 1825
1451930 1817
1451940 1810
1451950 1810
1451960 1802
1451970 1795
1451980 1795
1451990 1788
1452000 1781
1452010 1781
1452020 1774
1452030 1767
1452040 1760
1452050 1760
1452060 1753
1452070 1746
1452080 1746
1452090 1740
1452100 1733
1452110 1733
1452120 1726
1452130 1720
1452140 1720
1452150 1714
1452160 1708
1452170 1708
1452180 1703
1452190 1698
1452200 1698
1452210 1694
1452220 1693
1452230 1693
1452240 1692
1452250 1691
1452260 1688
1452270 1688
1452280 1688
1452290 1690
1452300 1690
1452310 1690
1452320 1686
1452330 1686
1452340 1682
1452350 1677
1452360 1677
1452370 1672
1452380 1665
1452390 1665
1452400 1658
1452410 1656
1452420 1656
1452430 1657
1452440 1658
1452450 1657
1452460 1657
1452470 1655
1452480 1652
1452490 1652
1452500 1651
1452510 1647
1452520 1647
1452530 1643
1452540 1643
1452550 1643
1452560 1642
1452570 1640
1452580 1640
1452590 1642
1452600 1644
1452610 1644
1452620 1643
1452630 1640
1452640 1640
1452650 1636
1452660 1634
1452670 1630
1452680 1630
1452690 1624
1452700 1616
1452710 1616
1452720 1608
1452730 1601
1452740 1601
1452750 1595
1452760 1589
1452770 1589
1452780 1581
1452790 1573
1452800 1573
1452810 1565
1452820 1557
1452830 1557
1452840 1546
1452850 1536
1452860 1525
1452870 1525
1452880 1516
1452890 1508
1452900 1508
1452910 1502
1452920 1496
1452930 1496
1452940 1491
1452950 1487
1452960 1487
1452970 1480
1452980 1471
1452990 1471
1453000 1464
1453010 1464
1453020 1464
1453030 1470
1453040 1478
1453050 1485
1453060 1485
1453070 1493
1453080 1498
1453090 1498
1453100 1501
1453110 1501
1453120 1501
1453130 1503
1453140 1505
1453150 1505
1453160 1507
1453170 1513
1453180 1513
1453190 1525
1453200 1537
1453210 1537
1453220 1552
1453230 1585
1453240 1585
1453250 1591
1453260 1597
1453270 1602
1453280 1602
1453290 1609
1453300 1615
1453310 1615
1453320 1621
1453330 1625
1453340 1625
1453350 1630
1453360 1634
1453370 1634
1453380 1640
1453390 1647
1453400 1647
1453410 1653
1453420 1658
1453430 1658
1453440 1662
1453450 1666
1453460 1671
1453470 1671
1453480 1677
1453490 1684
1453500 1684
1453510 1690
1453520 1697
1453530 1697
1453540 1703
1453550 1710
1453560 1710
1453570 1716
1453580 1723
1453590 1723
1453600 1729
1453610 1738
1453620 1738
1453630 1753
1453640 1769
1453650 1777
1453660 1777
1453670 1783
1453680 1789
1453690 1789
1453700 1792
1453710 1803
1453720 1803
1453730 1819
1453740 1830
1453750 1830
1453760 1838
1453770 1850
1453780 1850
1453790 1861
1453800 1872
1453810 1872
1453820 1886
1453830 1895
1453840 1895
1453850 1901
1453860 1906
1453870 1913
1453880 1913
1453890 1919
1453900 1925
1453910 1925
1453920 1931
1453930 1939
1453940 1939
1453950 1946
1453960 1957
1453970 1957
1453980 1967
1453990 1974
1454000 1974
1454010 1982
1454020 1990
1454030 1990
1454040 1999
1454050 2011
1454060 2036
1454070 2036
1454080 2043
1454090 2051
1454100 2051
1454110 2074
1454120 2093
1454130 2093
1454140 2106
1454150 2124
1454160 2124
1454170 2146
1454180 2156
1454190 2156
1454200 2180
1454210 2193
1454220 2193
1454230 2202
1454240 2209
1454250 2209
1454260 2217
1454270 2224
1454280 2230
1454290 2230
1454300 2236
1454310 2242
1454320 2242
1454330 2247
1454340 2253
1454350 2253
1454360 2259
1454370 2264
1454380 2264
1454390 2270
1454400 2275
1454410 2275
1454420 2281
1454430 2287
1454440 2287
1454450 2293
1454460 2298
1454470 2304
1454480 2304
1454490 2309
1454500 2313
1454510 2313
1454520 2318
1454530 2323
1454540 2323
1454550 2329
1454560 2337
1454570 2337
1454580 2344
1454590 2356
1454600 2356
1454610 2372
1454620 2383
1454630 2383
1454640 2392
1454650 2399
1454660 2407
1454670 2407
1454680 2415
1454690 2426
1454700 2426
1454710 2432
1454720 2437
1454730 2437
1454740 2443
1454750 2449
1454760 2440
1454770 2448
1454780 2458
1454790 2458
1454800 2463
1454810 2467
1454820 2467
1454830 2476
1454840 2486
1454850 2486
1454860 2494
1454870 2500
1454880 2512
1454890 2512
1454900 2540
1454910 2563
1454920 2563
1454930 2594
1454940 2611
1454950 2611
1454960 2625
1454970 2632
1454980 2632
1454990 2638
1455000 2644
1455010 2644
1455020 2650
1455030 2656
1455040 2656
1455050 2658
1455060 2656
1455070 2652
1455080 2652
1455090 2648
1455100 2644
1455110 2644
1455120 2641
1455130 2635
1455140 2635
1455150 2627
1455160 2619
1455170 2619
1455180 2620
1455190 2630
1455200 2630
1455210 2631
1455220 2630
1455230 2630
1455240 2628
1455250 2625
1455260 2625
1455270 2623
1455280 2621
1455290 2619
1455300 2619
1455310 2616
1455320 2614
1455330 2614
1455340 2611
1455350 2606
1455360 2606
1455370 2602
1455380 2599
1455390 2599
1455400 2595
1455410 2590
1455420 2590
1455430 2586
1455440 2580
1455450 2580
1455460 2574
1455470 2572
1455480 2568
1455490 2568
1455500 2567
1455510 2562
1455520 2562
1455530 2554
1455540 2550
1455550 2550
1455560 2549
1455570 2548
1455580 2548
1455590 2548
1455600 2547
1455610 2547
1455620 2548
1455630 2550
1455640 2550
1455650 2556
1455660 2563
1455670 2569
1455680 2569
1455690 2569
1455700 2561
1455710 2561
1455720 2553
1455730 2545
1455740 2545
1455750 2538
1455760 2531
1455770 2531
1455780 2525
1455790 2518
1455800 2518
1455810 2514
1455820 2511
1455830 2511
1455840 2509
1455850 2506
1455860 2506
1455870 2501
1455880 2496
1455890 2491
1455900 2491
1455910 2487
1455920 2484
1455930 2484
1455940 2484
1455950 2483
1455960 2483
1455970 2481
1455980 2479
1455990 2479
1456000 2478
1456010 2478
1456020 2478
1456030 2477
1456040 2475
1456050 2475
1456060 2473
1456070 2471
1456080 2467
1456090 2467
1456100 2463
1456110 2461
1456120 2461
1456130 2461
1456140 2463
1456150 2463
1456160 2463
1456170 2461
1456180 2461
1456190 2458
1456200 2455
1456210 2455
1456220 2454
1456230 2453
1456240 2453
1456250 2452
1456260 2450
1456270 2450
1456280 2450
1456290 2451
1456300 2448
1456310 2448
1456320 2448
1456330 2448
1456340 2448
1456350 2450
1456360 2451
1456370 2451
1456380 2451
1456390 2452
1456400 2452
1456410 2453
1456420 2453
1456430 2453
1456440 2454
1456450 2455
1456460 2455
1456470 2458
1456480 2461
1456490 2464
1456500 2464
1456510 2466
1456520 2470
1456530 2470
1456540 2474
1456550 2476
1456560 2476
1456570 2478
1456580 2480
1456590 2480
1456600 2482
1456610 2485
1456620 2485
1456630 2486
1456640 2488
1456650 2488
1456660 2489
1456670 2489
1456680 2491
1456690 2491
1456700 2492
1456710 2493
1456720 2493
1456730 2494
1456740 2494
1456750 2494
1456760 2495
1456770 2495
1456780 2495
1456790 2495
1456800 2496
1456810 2496
1456820 2497
1456830 2498
1456840 2498
1456850 2499
1456860 2501
1456870 2501
1456880 2502
1456890 2503
1456900 2502
1456910 2502
1456920 2502
1456930 2502
1456940 2502
1456950 2500
1456960 2500
1456970 2500
1456980 2495
1456990 2494
1457000 2494
1457010 2493
1457020 2488
1457030 2488
1457040 2485
1457050 2484
1457060 2484
1457070 2483
1457080 2477
1457090 2470
1457100 2470
1457110 2466
1457120 2462
1457130 2462
1457140 2459
1457150 2457
1457160 2457
1457170 2458
1457180 2460
1457190 2460
1457200 2464
1457210 2469
1457220 2469
1457230 2472
1457240 2473
1457250 2473
1457260 2474
1457270 2475
1457280 2475
1457290 2476
1457300 2474
1457310 2474
1457320 2474
1457330 2473
1457340 2470
1457350 2470
1457360 2469
1457370 2470
1457380 2470
1457390 2469
1457400 2469
1457410 2469
1457420 2471
1457430 2474
1457440 2474
1457450 2478
1457460 2483
1457470 2483
1457480 2495
1457490 2506
1457500 2516
1457510 2516
1457520 2530
1457530 2543
1457540 2543
1457550 2554
1457560 2558
1457570 2558
1457580 2552
1457590 2556
1457600 2556
1457610 2569
1457620 2578
1457630 2578
1457640 2585
1457650 2597
1457660 2597
1457670 2607
1457680 2617
1457690 2625
1457700 2625
1457710 2631
1457720 2637
1457730 2637
1457740 2648
1457750 2654
1457760 2654
1457770 2648
1457780 2630
1457790 2630
1457800 2622
1457810 2624
1457820 2624
1457830 2624
1457840 2624
1457850 2624
1457860 2623
1457870 2622
1457880 2622
1457890 2620
1457900 2619
1457910 2618
1457920 2618
1457930 2616
1457940 2613
1457950 2613
1457960 2613
1457970 2613
1457980 2613
1457990 2614
1458000 2615
1458010 2615
1458020 2616
1458030 2618
1458040 2618
1458050 2619
1458060 2620
1458070 2620
1458080 2623
1458090 2626
1458100 2629
1458110 2629
1458120 2632
1458130 2636
1458140 2636
1458150 2640
1458160 2645
1458170 2645
1458180 2651
1458190 2650
1458200 2650
1458210 2642
1458220 2636
1458230 2636
1458240 2629
1458250 2622
1458260 2622
1458270 2617
1458280 2613
1458290 2613
1458300 2609
1458310 2605
1458320 2601
1458330 2601
1458340 2595
1458350 2589
1458360 2589
1458370 2582
1458380 2577
1458390 2577
1458400 2571
1458410 2565
1458420 2565
1458430 2559
1458440 2556
1458450 2556
1458460 2552
1458470 2549
1458480 2549
1458490 2546
1458500 2543
1458510 2539
1458520 2539
1458530 2532
1458540 2526
1458550 2526
1458560 2521
1458570 2516
1458580 2516
1458590 2513
1458600 2511
1458610 2511
1458620 2510
1458630 2510
1458640 2510
1458650 2509
1458660 2510
1458670 2510
1458680 2512
1458690 2514
1458700 2515
1458710 2515
1458720 2517
1458730 2518
1458740 2518
1458750 2519
1458760 2523
1458770 2523
1458780 2527
1458790 2529
1458800 2529
1458810 2529
1458820 2528
1458830 2528
1458840 2528
1458850 2528
1458860 2528
1458870 2528
1458880 2529
1458890 2529
1458900 2531
1458910 2533
1458920 2536
1458930 2536
1458940 2536
1458950 2536
1458960 2536
1458970 2538
1458980 2538
1458990 2538
1459000 2536
1459010 2531
1459020 2531
1459030 2528
1459040 2527
1459050 2527
1459060 2524
1459070 2523
1459080 2523
1459090 2522
1459100 2520
1459110 2520
1459120 2520
1459130 2522
1459140 2526
1459150 2526
1459160 2533
1459170 2541
1459180 2541
1459190 2548
1459200 2547
1459210 2547
1459220 2541
1459230 2535
1459240 2535
1459250 2531
1459260 2526
1459270 2526
1459280 2522
1459290 2525
1459300 2525
1459310 2533
1459320 2532
1459330 2533
1459340 2533
1459350 2544
1459360 2542
1459370 2542
1459380 2538
1459390 2534
1459400 2534
1459410 2535
1459420 2538
1459430 2538
1459440 2543
1459450 2545
1459460 2545
1459470 2547
1459480 2549
1459490 2549
1459500 2549
1459510 2549
1459520 2551
1459530 2551
1459540 2550
1459550 2543
1459560 2543
1459570 2535
1459580 2531
1459590 2531
1459600 2529
1459610 2526
1459620 2526
1459630 2525
1459640 2524
1459650 2524
1459660 2522
1459670 2519
1459680 2519
1459690 2516
1459700 2511
1459710 2509
1459720 2509
1459730 2508
1459740 2505
1459750 2505
1459760 2501
1459770 2496
1459780 2496
1459790 2489
1459800 2486
1459810 2486
1459820 2486
1459830 2484
1459840 2484
1459850 2480
1459860 2477
1459870 2477
1459880 2476
1459890 2473
1459900 2473
1459910 2466
1459920 2457
1459930 2448
1459940 2448
1459950 2444
1459960 2439
1459970 2439
1459980 2433
1459990 2431
