1440000 1528
1440010 1531
1440020 1531
1440030 1533
1440040 1534
1440050 1534
1440060 1534
1440070 1534
1440080 1538
1440090 1538
1440100 1542
1440110 1557
1440120 1557
1440130 1592
1440140 1612
1440150 1612
1440160 1623
1440170 1638
1440180 1638
1440190 1640
1440200 1644
1440210 1644
1440220 1647
1440230 1656
1440240 1663
1440250 1663
1440260 1674
1440270 1684
1440280 1684
1440290 1694
1440300 1700
1440310 1700
1440320 1704
1440330 1711
1440340 1711
1440350 1720
1440360 1732
1440370 1732
1440380 1744
1440390 1753
1440400 1753
1440410 1760
1440420 1767
1440430 1767
1440440 1773
1440450 1778
1440460 1783
1440470 1783
1440480 1788
1440490 1794
1440500 1794
1440510 1800
1440520 1806
1440530 1806
1440540 1810
1440550 1811
1440560 1811
1440570 1814
1440580 1820
1440590 1820
1440600 1828
1440610 1835
1440620 1835
1440630 1842
1440640 1848
1440650 1854
1440660 1854
1440670 1861
1440680 1869
1440690 1869
1440700 1877
1440710 1885
1440720 1885
1440730 1893
1440740 1898
1440750 1898
1440760 1903
1440770 1908
1440780 1908
1440790 1913
1440800 1918
1440810 1918
1440820 1922
1440830 1926
1440840 1930
1440850 1930
1440860 1930
1440870 1933
1440880 1933
1440890 1943
1440900 1951
1440910 1951
1440920 1958
1440930 1965
1440940 1965
1440950 1972
1440960 1979
1440970 1979
1440980 1987
1440990 1994
1441000 1994
1441010 2002
1441020 2009
1441030 2009
1441040 2016
1441050 2021
1441060 2027
1441070 2027
1441080 2032
1441090 2036
1441100 2036
1441110 2040
1441120 2045
1441130 2045
1441140 2051
1441150 2058
1441160 2058
1441170 2064
1441180 2070
1441190 2070
1441200 2076
1441210 2082
1441220 2082
1441230 2088
1441240 2094
1441250 2101
1441260 2101
1441270 2107
1441280 2113
1441290 2113
1441300 2118
1441310 2124
1441320 2124
1441330 2130
1441340 2136
1441350 2136
1441360 2142
1441370 2146
1441380 2146
1441390 2151
1441400 2156
1441410 2156
1441420 2160
1441430 2165
1441440 2165
1441450 2169
1441460 2174
1441470 2177
1441480 2177
1441490 2182
1441500 2186
1441510 2186
1441520 2189
1441530 2193
1441540 2193
1441550 2201
1441560 2209
1441570 2209
1441580 2217
1441590 2225
1441600 2225
1441610 2231
1441620 2236
1441630 2236
1441640 2241
1441650 2244
1441660 2247
1441670 2247
1441680 2251
1441690 2254
1441700 2254
1441710 2257
1441720 2261
1441730 2261
1441740 2264
1441750 2267
1441760 2267
1441770 2269
1441780 2271
1441790 2271
1441800 2274
1441810 2277
1441820 2277
1441830 2279
1441840 2281
1441850 2284
1441860 2284
1441870 2287
1441880 2291
1441890 2291
1441900 2295
1441910 2300
1441920 2300
1441930 2304
1441940 2306
1441950 2306
1441960 2308
1441970 2310
1441980 2310
1441990 2313
1442000 2312
1442010 2312
1442020 2299
1442030 2287
1442040 2287
1442050 2276
1442060 2267
1442070 2260
1442080 2260
1442090 2252
1442100 2241
1442110 2241
1442120 2229
1442130 2221
1442140 2221
1442150 2220
1442160 2222
1442170 2222
1442180 2224
1442190 2225
1442200 2225
1442210 2222
1442220 2214
1442230 2214
1442240 2205
1442250 2195
1442260 2193
1442270 2193
1442280 2196
1442290 2198
1442300 2198
1442310 2199
1442320 2199
1442330 2199
1442340 2203
1442350 2208
1442360 2208
1442370 2212
1442380 2215
1442390 2215
1442400 2216
1442410 2215
1442420 2215
1442430 2211
1442440 2206
1442450 2206
1442460 2198
1442470 2191
1442480 2185
1442490 2185
1442500 2190
1442510 2193
1442520 2193
1442530 2191
1442540 2184
1442550 2184
1442560 2175
1442570 2171
1442580 2171
1442590 2178
1442600 2185
1442610 2185
1442620 2190
1442630 2194
1442640 2194
1442650 2193
1442660 2186
1442670 2177
1442680 2177
1442690 2165
1442700 2150
1442710 2150
1442720 2137
1442730 2137
1442740 2137
1442750 2135
1442760 2133
1442770 2133
1442780 2133
1442790 2132
1442800 2132
1442810 2129
1442820 2124
1442830 2124
1442840 2121
1442850 2117
1442860 2117
1442870 2113
1442880 2109
1442890 2106
1442900 2106
1442910 2107
1442920 2109
1442930 2109
1442940 2109
1442950 2112
1442960 2112
1442970 2115
1442980 2120
1442990 2120
1443000 2126
1443010 2131
1443020 2131
1443030 2136
1443040 2143
1443050 2143
1443060 2157
1443070 2166
1443080 2166
1443090 2166
1443100 2168
1443110 2180
1443120 2180
1443130 2191
1443140 2201
1443150 2201
1443160 2207
1443170 2210
1443180 2210
1443190 2214
1443200 2218
1443210 2218
1443220 2221
1443230 2225
1443240 2225
1443250 2231
1443260 2238
1443270 2244
1443280 2244
1443290 2249
1443300 2255
1443310 2255
1443320 2263
1443330 2270
1443340 2270
1443350 2276
1443360 2283
1443370 2283
1443380 2289
1443390 2296
1443400 2296
1443410 2303
1443420 2308
1443430 2308
1443440 2314
1443450 2320
1443460 2320
1443470 2326
1443480 2332
1443490 2339
1443500 2339
1443510 2343
1443520 2348
1443530 2348
1443540 2351
1443550 2355
1443560 2355
1443570 2354
1443580 2349
1443590 2349
1443600 2343
1443610 2337
1443620 2337
1443630 2347
1443640 2357
1443650 2357
1443660 2366
1443670 2373
1443680 2376
1443690 2376
1443700 2379
1443710 2384
1443720 2384
1443730 2386
1443740 2382
1443750 2382
1443760 2387
1443770 2397
1443780 2397
1443790 2406
1443800 2413
1443810 2413
1443820 2420
1443830 2429
1443840 2429
1443850 2438
1443860 2448
1443870 2448
1443880 2463
1443890 2478
1443900 2488
1443910 2488
1443920 2483
1443930 2474
1443940 2474
1443950 2463
1443960 2468
1443970 2468
1443980 2497
1443990 2516
1444000 2516
1444010 2518
1444020 2512
1444030 2512
1444040 2525
1444050 2531
1444060 2531
1444070 2533
1444080 2539
1444090 2547
1444100 2547
1444110 2551
1444120 2562
1444130 2562
1444140 2572
1444150 2577
1444160 2577
1444170 2574
1444180 2577
1444190 2577
1444200 2579
1444210 2585
1444220 2585
1444230 2587
1444240 2590
1444250 2590
1444260 2596
1444270 2609
1444280 2616
1444290 2616
1444300 2624
1444310 2635
1444320 2635
1444330 2645
1444340 2658
1444350 2658
1444360 2665
1444370 2670
1444380 2670
1444390 2677
1444400 2685
1444410 2685
1444420 2691
1444430 2698
1444440 2698
1444450 2705
1444460 2717
1444470 2717
1444480 2726
1444490 2735
1444500 2743
1444510 2743
1444520 2753
1444530 2762
1444540 2762
1444550 2772
1444560 2783
1444570 2783
1444580 2793
1444590 2805
1444600 2805
1444610 2814
1444620 2824
1444630 2824
1444640 2837
1444650 2843
1444660 2843
1444670 2845
1444680 2843
1444690 2834
1444700 2834
1444710 2826
1444720 2822
1444730 2822
1444740 2819
1444750 2815
1444760 2815
1444770 2813
1444780 2812
1444790 2812
1444800 2810
1444810 2808
1444820 2808
1444830 2806
1444840 2803
1444850 2803
1444860 2800
1444870 2797
1444880 2797
1444890 2796
1444900 2797
1444910 2796
1444920 2796
1444930 2796
1444940 2797
1444950 2797
1444960 2798
1444970 2798
1444980 2798
1444990 2798
1445000 2799
1445010 2799
1445020 2800
1445030 2800
1445040 2800
1445050 2799
1445060 2799
1445070 2799
1445080 2801
1445090 2803
1445100 2804
1445110 2804
1445120 2804
1445130 2806
1445140 2806
1445150 2807
1445160 2807
1445170 2807
1445180 2808
1445190 2810
1445200 2810
1445210 2810
1445220 2805
1445230 2805
1445240 2794
1445250 2779
1445260 2779
1445270 2763
1445280 2752
1445290 2756
1445300 2756
1445310 2765
1445320 2774
1445330 2774
1445340 2771
1445350 2769
1445360 2769
1445370 2775
1445380 2767
1445390 2767
1445400 2757
1445410 2761
1445420 2761
1445430 2772
1445440 2786
1445450 2786
1445460 2801
1445470 2814
1445480 2814
1445490 2832
1445500 2832
1445510 2824
1445520 2824
1445530 2814
1445540 2812
1445550 2812
1445560 2814
1445570 2817
1445580 2817
1445590 2811
1445600 2801
1445610 2801
1445620 2801
1445630 2803
1445640 2803
1445650 2803
1445660 2796
1445670 2796
1445680 2783
1445690 2770
1445700 2755
1445710 2755
1445720 2741
1445730 2735
1445740 2735
1445750 2736
1445760 2740
1445770 2740
1445780 2745
1445790 2752
1445800 2752
1445810 2759
1445820 2764
1445830 2764
1445840 2765
1445850 2753
1445860 2753
1445870 2738
1445880 2740
1445890 2740
1445900 2739
1445910 2727
1445920 2719
1445930 2719
1445940 2715
1445950 2719
1445960 2719
1445970 2715
1445980 2712
1445990 2712
1446000 2711
1446010 2713
1446020 2713
1446030 2714
1446040 2715
1446050 2715
1446060 2722
1446070 2734
1446080 2734
1446090 2748
1446100 2765
1446110 2776
1446120 2776
1446130 2786
1446140 2795
1446150 2795
1446160 2803
1446170 2809
1446180 2809
1446190 2813
1446200 2818
1446210 2818
1446220 2826
1446230 2823
1446240 2823
1446250 2813
1446260 2804
1446270 2804
1446280 2792
1446290 2778
1446300 2768
1446310 2768
1446320 2757
1446330 2747
1446340 2747
1446350 2685
1446360 2659
1446370 2659
1446380 2655
1446390 2650
1446400 2650
1446410 2645
1446420 2641
1446430 2641
1446440 2637
1446450 2632
1446460 2632
1446470 2628
1446480 2624
1446490 2624
1446500 2621
1446510 2619
1446520 2616
1446530 2616
1446540 2614
1446550 2612
1446560 2612
1446570 2607
1446580 2602
1446590 2602
1446600 2598
1446610 2594
1446620 2594
1446630 2590
1446640 2587
1446650 2587
1446660 2584
1446670 2580
1446680 2580
1446690 2575
1446700 2571
1446710 2567
1446720 2567
1446730 2563
1446740 2559
1446750 2559
1446760 2556
1446770 2552
1446780 2552
1446790 2548
1446800 2546
1446810 2546
1446820 2544
1446830 2543
1446840 2543
1446850 2541
1446860 2540
1446870 2540
1446880 2540
1446890 2540
1446900 2540
1446910 2540
1446920 2540
1446930 2539
1446940 2539
1446950 2538
1446960 2537
1446970 2537
1446980 2536
1446990 2535
1447000 2535
1447010 2532
1447020 2529
1447030 2529
1447040 2526
1447050 2523
1447060 2523
1447070 2520
1447080 2520
1447090 2520
1447100 2520
1447110 2521
1447120 2520
1447130 2520
1447140 2520
1447150 2518
1447160 2518
1447170 2513
1447180 2510
1447190 2510
1447200 2508
1447210 2507
1447220 2507
1447230 2504
1447240 2500
1447250 2500
1447260 2499
1447270 2497
1447280 2497
1447290 2495
1447300 2491
1447310 2491
1447320 2487
1447330 2483
1447340 2479
1447350 2479
1447360 2475
1447370 2474
1447380 2474
1447390 2472
1447400 2470
1447410 2470
1447420 2469
1447430 2467
1447440 2467
1447450 2465
1447460 2463
1447470 2463
1447480 2460
1447490 2459
1447500 2459
1447510 2456
1447520 2454
1447530 2454
1447540 2454
1447550 2454
1447560 2454
1447570 2454
1447580 2451
1447590 2450
1447600 2450
1447610 2450
1447620 2449
1447630 2449
1447640 2449
1447650 2449
1447660 2449
1447670 2450
1447680 2451
1447690 2451
1447700 2452
1447710 2454
1447720 2455
1447730 2455
1447740 2457
1447750 2459
1447760 2459
1447770 2461
1447780 2463
1447790 2463
1447800 2464
1447810 2465
1447820 2465
1447830 2466
1447840 2465
1447850 2465
1447860 2464
1447870 2463
1447880 2463
1447890 2463
1447900 2462
1447910 2462
1447920 2461
1447930 2460
1447940 2457
1447950 2457
1447960 2458
1447970 2458
1447980 2458
1447990 2457
1448000 2456
1448010 2456
1448020 2455
1448030 2456
1448040 2456
1448050 2457
1448060 2458
1448070 2458
1448080 2457
1448090 2453
1448100 2453
1448110 2450
1448120 2449
1448130 2450
1448140 2450
1448150 2452
1448160 2455
1448170 2455
1448180 2457
1448190 2459
1448200 2459
1448210 2460
1448220 2461
1448230 2461
1448240 2461
1448250 2460
1448260 2460
1448270 2458
1448280 2457
1448290 2457
1448300 2456
1448310 2455
1448320 2455
1448330 2458
1448340 2461
1448350 2465
1448360 2465
1448370 2467
1448380 2469
1448390 2469
1448400 2471
1448410 2472
1448420 2472
1448430 2472
1448440 2472
1448450 2472
1448460 2470
1448470 2469
1448480 2469
1448490 2467
1448500 2465
1448510 2465
1448520 2464
1448530 2465
1448540 2465
1448550 2465
1448560 2464
1448570 2461
1448580 2461
1448590 2459
1448600 2457
1448610 2457
1448620 2456
1448630 2455
1448640 2455
1448650 2455
1448660 2456
1448670 2456
1448680 2457
1448690 2458
1448700 2458
1448710 2460
1448720 2459
1448730 2453
1448740 2453
1448750 2448
1448760 2442
1448770 2442
1448780 2430
1448790 2417
1448800 2417
1448810 2409
1448820 2403
1448830 2403
1448840 2398
1448850 2391
1448860 2391
1448870 2388
1448880 2384
1448890 2384
1448900 2375
1448910 2367
1448920 2367
1448930 2351
1448940 2336
1448950 2331
1448960 2331
1448970 2328
1448980 2326
1448990 2326
1449000 2325
1449010 2328
1449020 2328
1449030 2333
1449040 2335
1449050 2335
1449060 2336
1449070 2338
1449080 2338
1449090 2338
1449100 2338
1449110 2338
1449120 2341
1449130 2346
1449140 2351
1449150 2351
1449160 2356
1449170 2361
1449180 2361
1449190 2365
1449200 2368
1449210 2368
1449220 2372
1449230 2374
1449240 2374
1449250 2377
1449260 2377
1449270 2377
1449280 2377
1449290 2377
1449300 2377
1449310 2378
1449320 2378
1449330 2378
1449340 2379
1449350 2379
1449360 2376
1449370 2376
1449380 2378
1449390 2381
1449400 2381
1449410 2381
1449420 2380
1449430 2380
1449440 2376
1449450 2369
1449460 2369
1449470 2364
1449480 2359
1449490 2359
1449500 2354
1449510 2350
1449520 2350
1449530 2347
1449540 2347
1449550 2345
1449560 2345
1449570 2344
1449580 2343
1449590 2343
1449600 2343
1449610 2341
1449620 2341
1449630 2340
1449640 2337
1449650 2337
1449660 2334
1449670 2331
1449680 2331
1449690 2328
1449700 2329
1449710 2329
1449720 2332
1449730 2334
1449740 2335
1449750 2335
1449760 2336
1449770 2337
1449780 2337
1449790 2339
1449800 2341
1449810 2341
1449820 2343
1449830 2344
1449840 2344
1449850 2345
1449860 2346
1449870 2346
1449880 2346
1449890 2347
1449900 2347
1449910 2347
1449920 2349
1449930 2349
1449940 2353
1449950 2357
1449960 2360
1449970 2360
1449980 2361
1449990 2360
1450000 2360
1450010 2355
1450020 2353
1450030 2353
1450040 2355
1450050 2355
1450060 2355
1450070 2353
1450080 2350
1450090 2350
1450100 2346
1450110 2341
1450120 2341
1450130 2336
1450140 2332
1450150 2330
1450160 2330
1450170 2329
1450180 2330
1450190 2330
1450200 2332
1450210 2335
1450220 2335
1450230 2339
1450240 2343
1450250 2343
1450260 2347
1450270 2348
1450280 2348
1450290 2347
1450300 2346
1450310 2346
1450320 2346
1450330 2347
1450340 2347
1450350 2348
1450360 2349
1450370 2348
1450380 2348
1450390 2347
1450400 2348
1450410 2348
1450420 2350
1450430 2354
1450440 2354
1450450 2358
1450460 2362
1450470 2362
1450480 2365
1450490 2369
1450500 2369
1450510 2373
1450520 2378
1450530 2378
1450540 2382
1450550 2386
1450560 2390
1450570 2390
1450580 2397
1450590 2404
1450600 2404
1450610 2412
1450620 2419
1450630 2419
1450640 2424
1450650 2417
1450660 2417
1450670 2407
1450680 2396
1450690 2396
1450700 2389
1450710 2381
1450720 2381
1450730 2375
1450740 2368
1450750 2360
1450760 2360
1450770 2354
1450780 2350
1450790 2350
1450800 2360
1450810 2354
1450820 2354
1450830 2349
1450840 2343
1450850 2343
1450860 2338
1450870 2329
1450880 2329
1450890 2315
1450900 2304
1450910 2304
1450920 2299
1450930 2296
1450940 2296
1450950 2293
1450960 2285
1450970 2272
1450980 2272
1450990 2263
1451000 2257
1451010 2257
1451020 2251
1451030 2246
1451040 2246
1451050 2243
1451060 2242
1451070 2242
1451080 2242
1451090 2240
1451100 2240
1451110 2241
1451120 2242
1451130 2242
1451140 2238
1451150 2234
1451160 2229
1451170 2229
1451180 2225
1451190 2221
1451200 2221
1451210 2217
1451220 2212
1451230 2212
1451240 2209
1451250 2204
1451260 2204
1451270 2199
1451280 2193
1451290 2193
1451300 2189
1451310 2184
1451320 2184
1451330 2176
1451340 2168
1451350 2168
1451360 2163
1451370 2157
1451380 2148
1451390 2148
1451400 2135
1451410 2125
1451420 2125
1451430 2114
1451440 2097
1451450 2097
1451460 2084
1451470 2073
1451480 2073
1451490 2056
1451500 2037
1451510 2037
1451520 2023
1451530 2017
1451540 2017
1451550 2010
1451560 2004
1451570 1997
1451580 1997
1451590 1991
1451600 1987
1451610 1987
1451620 1982
1451630 1977
1451640 1977
1451650 1972
1451660 1967
1451670 1967
1451680 1961
1451690 1957
1451700 1957
1451710 1952
1451720 1945
1451730 1945
1451740 1939
1451750 1933
1451760 1925
1451770 1925
1451780 1914
1451790 1904
1451800 1904
1451810 1896
1451820 1888
1451830 1888
1451840 1880
1451850 1870
1451860 1870
1451870 1862
1451880 1853
1451890 1853
1451900 1846
1451910 1840
1451920 1840
1451930 1835
1451940 1830
1451950 1830
1451960 1826
1451970 1823
1451980 1818
1451990 1818
1452000 1814
1452010 1813
1452020 1813
1452030 1812
1452040 1812
1452050 1812
1452060 1811
1452070 1808
1452080 1808
1452090 1803
1452100 1797
1452110 1797
1452120 1791
1452130 1786
1452140 1786
1452150 1784
1452160 1781
1452170 1772
1452180 1772
1452190 1759
1452200 1755
1452210 1755
1452220 1752
1452230 1749
1452240 1749
1452250 1746
1452260 1741
1452270 1741
1452280 1735
1452290 1730
1452300 1730
1452310 1717
1452320 1708
1452330 1708
1452340 1703
1452350 1698
1452360 1698
1452370 1692
1452380 1686
1452390 1682
1452400 1682
1452410 1674
1452420 1665
1452430 1665
1452440 1657
1452450 1650
1452460 1650
1452470 1644
1452480 1638
1452490 1638
1452500 1625
1452510 1611
1452520 1611
1452530 1600
1452540 1589
1452550 1589
1452560 1582
1452570 1574
1452580 1565
1452590 1565
1452600 1557
1452610 1551
1452620 1551
1452630 1549
1452640 1555
1452650 1555
1452660 1570
1452670 1577
1452680 1577
1452690 1581
1452700 1587
1452710 1587
1452720 1592
1452730 1595
1452740 1595
1452750 1600
1452760 1604
1452770 1604
1452780 1606
1452790 1608
1452800 1613
1452810 1613
1452820 1617
1452830 1620
1452840 1620
1452850 1624
1452860 1627
1452870 1627
1452880 1631
1452890 1636
1452900 1636
1452910 1642
1452920 1657
1452930 1657
1452940 1673
1452950 1677
1452960 1677
1452970 1680
1452980 1681
1452990 1683
1453000 1683
1453010 1684
1453020 1686
1453030 1686
1453040 1689
1453050 1690
1453060 1690
1453070 1692
1453080 1694
1453090 1694
1453100 1696
1453110 1698
1453120 1698
1453130 1701
1453140 1704
1453150 1704
1453160 1709
1453170 1713
1453180 1718
1453190 1718
1453200 1723
1453210 1727
1453220 1727
1453230 1731
1453240 1735
1453250 1735
1453260 1739
1453270 1743
1453280 1743
1453290 1747
1453300 1753
1453310 1753
1453320 1758
1453330 1763
1453340 1763
1453350 1768
1453360 1773
1453370 1773
1453380 1779
1453390 1784
1453400 1788
1453410 1788
1453420 1790
1453430 1791
1453440 1791
1453450 1793
1453460 1799
1453470 1799
1453480 1807
1453490 1813
1453500 1813
1453510 1815
1453520 1816
1453530 1816
1453540 1818
1453550 1821
1453560 1821
1453570 1826
1453580 1830
1453590 1836
1453600 1836
1453610 1841
1453620 1847
1453630 1847
1453640 1851
1453650 1856
1453660 1856
1453670 1861
1453680 1865
1453690 1865
1453700 1868
1453710 1872
1453720 1872
1453730 1877
1453740 1882
1453750 1882
1453760 1886
1453770 1892
1453780 1892
1453790 1898
1453800 1905
1453810 1913
1453820 1913
1453830 1920
1453840 1926
1453850 1926
1453860 1931
1453870 1937
1453880 1937
1453890 1942
1453900 1948
1453910 1948
1453920 1954
1453930 1961
1453940 1961
1453950 1966
1453960 1974
1453970 1974
1453980 1981
1453990 1988
1454000 1994
1454010 1994
1454020 2002
1454030 2009
1454040 2009
1454050 2015
1454060 2020
1454070 2020
1454080 2025
1454090 2030
1454100 2030
1454110 2035
1454120 2040
1454130 2040
1454140 2045
1454150 2050
1454160 2050
1454170 2055
1454180 2061
1454190 2066
1454200 2066
1454210 2071
1454220 2076
1454230 2076
1454240 2081
1454250 2087
1454260 2087
1454270 2093
1454280 2099
1454290 2099
1454300 2104
1454310 2110
1454320 2110
1454330 2117
1454340 2123
1454350 2123
1454360 2130
1454370 2136
1454380 2136
1454390 2143
1454400 2149
1454410 2156
1454420 2156
1454430 2162
1454440 2168
1454450 2168
1454460 2174
1454470 2179
1454480 2179
1454490 2186
1454500 2192
1454510 2192
1454520 2198
1454530 2203
1454540 2203
1454550 2209
1454560 2218
1454570 2218
1454580 2228
1454590 2239
1454600 2248
1454610 2248
1454620 2256
1454630 2271
1454640 2271
1454650 2282
1454660 2290
1454670 2290
1454680 2298
1454690 2306
1454700 2306
1454710 2314
1454720 2322
1454730 2322
1454740 2331
1454750 2342
1454760 2342
1454770 2353
1454780 2364
1454790 2360
1454800 2370
1454810 2382
1454820 2404
1454830 2404
1454840 2420
1454850 2429
1454860 2429
1454870 2435
1454880 2444
1454890 2444
1454900 2451
1454910 2453
1454920 2453
1454930 2447
1454940 2439
1454950 2439
1454960 2432
1454970 2429
1454980 2429
1454990 2427
1455000 2424
1455010 2420
1455020 2420
1455030 2416
1455040 2412
1455050 2412
1455060 2406
1455070 2402
1455080 2402
1455090 2399
1455100 2394
1455110 2394
1455120 2392
1455130 2391
1455140 2391
1455150 2389
1455160 2385
1455170 2385
1455180 2382
1455190 2378
1455200 2376
1455210 2376
1455220 2375
1455230 2375
1455240 2375
1455250 2375
1455260 2374
1455270 2374
1455280 2373
1455290 2370
1455300 2370
1455310 2368
1455320 2370
1455330 2370
1455340 2375
1455350 2380
1455360 2380
1455370 2385
1455380 2389
1455390 2389
1455400 2394
1455410 2398
1455420 2402
1455430 2402
1455440 2406
1455450 2410
1455460 2410
1455470 2415
1455480 2420
1455490 2420
1455500 2425
1455510 2431
1455520 2431
1455530 2436
1455540 2439
1455550 2439
1455560 2441
1455570 2443
1455580 2443
1455590 2447
1455600 2453
1455610 2460
1455620 2460
1455630 2469
1455640 2478
1455650 2478
1455660 2486
1455670 2492
1455680 2492
1455690 2499
1455700 2505
1455710 2505
1455720 2512
1455730 2519
1455740 2519
1455750 2526
1455760 2533
1455770 2533
1455780 2540
1455790 2548
1455800 2548
1455810 2555
1455820 2564
1455830 2584
1455840 2584
1455850 2598
1455860 2609
1455870 2609
1455880 2618
1455890 2629
1455900 2629
1455910 2640
1455920 2647
1455930 2647
1455940 2655
1455950 2663
1455960 2663
1455970 2672
1455980 2684
1455990 2684
1456000 2694
1456010 2702
1456020 2704
1456030 2704
1456040 2697
1456050 2690
1456060 2690
1456070 2688
1456080 2686
1456090 2686
1456100 2687
1456110 2681
1456120 2681
1456130 2686
1456140 2692
1456150 2692
1456160 2679
1456170 2666
1456180 2666
1456190 2667
1456200 2677
1456210 2677
1456220 2688
1456230 2694
1456240 2683
1456250 2683
1456260 2668
1456270 2669
1456280 2669
1456290 2682
1456300 2693
1456310 2693
1456320 2699
1456330 2697
1456340 2697
1456350 2691
1456360 2682
1456370 2682
1456380 2675
1456390 2678
1456400 2678
1456410 2694
1456420 2703
1456430 2707
1456440 2707
1456450 2710
1456460 2710
1456470 2710
1456480 2704
1456490 2700
1456500 2700
1456510 2702
1456520 2701
1456530 2701
1456540 2698
1456550 2698
1456560 2698
1456570 2691
1456580 2693
1456590 2693
1456600 2704
1456610 2720
1456620 2717
1456630 2717
1456640 2718
1456650 2730
1456660 2730
1456670 2747
1456680 2761
1456690 2761
1456700 2764
1456710 2763
1456720 2763
1456730 2759
1456740 2755
1456750 2755
1456760 2751
1456770 2747
1456780 2747
1456790 2743
1456800 2739
1456810 2739
1456820 2738
1456830 2737
1456840 2735
1456850 2735
1456860 2731
1456870 2727
1456880 2727
1456890 2722
1456900 2719
1456910 2719
1456920 2715
1456930 2712
1456940 2712
1456950 2708
1456960 2705
1456970 2705
1456980 2703
1456990 2702
1457000 2702
1457010 2702
1457020 2707
1457030 2708
1457040 2708
1457050 2703
1457060 2700
1457070 2700
1457080 2693
1457090 2684
1457100 2684
1457110 2677
1457120 2671
1457130 2671
1457140 2666
1457150 2660
1457160 2660
1457170 2658
1457180 2662
1457190 2662
1457200 2670
1457210 2701
1457220 2701
1457230 2708
1457240 2701
1457250 2700
1457260 2700
1457270 2698
1457280 2692
1457290 2692
1457300 2689
1457310 2686
1457320 2686
1457330 2684
1457340 2677
1457350 2677
1457360 2671
1457370 2671
1457380 2671
1457390 2675
1457400 2680
1457410 2680
1457420 2679
1457430 2675
1457440 2670
1457450 2670
1457460 2666
1457470 2662
1457480 2662
1457490 2660
1457500 2654
1457510 2654
1457520 2646
1457530 2639
1457540 2639
1457550 2632
1457560 2626
1457570 2626
1457580 2620
1457590 2614
1457600 2614
1457610 2607
1457620 2601
1457630 2595
1457640 2595
1457650 2587
1457660 2579
1457670 2579
1457680 2570
1457690 2566
1457700 2566
1457710 2562
1457720 2561
1457730 2561
1457740 2560
1457750 2556
1457760 2556
1457770 2550
1457780 2542
1457790 2542
1457800 2535
1457810 2527
1457820 2527
1457830 2519
1457840 2510
1457850 2503
1457860 2503
1457870 2495
1457880 2488
1457890 2488
1457900 2483
1457910 2476
1457920 2476
1457930 2470
1457940 2469
1457950 2469
1457960 2474
1457970 2480
1457980 2480
1457990 2482
1458000 2479
1458010 2479
1458020 2474
1458030 2468
1458040 2459
1458050 2459
1458060 2449
1458070 2440
1458080 2440
1458090 2435
1458100 2429
1458110 2429
1458120 2422
1458130 2415
1458140 2415
1458150 2412
1458160 2414
1458170 2414
1458180 2420
1458190 2421
1458200 2421
1458210 2421
1458220 2419
1458230 2419
1458240 2415
1458250 2408
1458260 2401
1458270 2401
1458280 2395
1458290 2389
1458300 2389
1458310 2383
1458320 2379
1458330 2379
1458340 2373
1458350 2366
1458360 2366
1458370 2359
1458380 2360
1458390 2360
1458400 2360
1458410 2353
1458420 2353
1458430 2345
1458440 2338
1458450 2331
1458460 2331
1458470 2321
1458480 2314
1458490 2314
1458500 2312
1458510 2306
1458520 2306
1458530 2304
1458540 2302
1458550 2302
1458560 2298
1458570 2292
1458580 2292
1458590 2288
1458600 2285
1458610 2285
1458620 2279
1458630 2272
1458640 2273
1458650 2273
1458660 2280
1458670 2294
1458680 2294
1458690 2307
1458700 2323
1458710 2323
1458720 2340
1458730 2340
1458740 2340
1458750 2343
1458760 2342
1458770 2342
1458780 2342
1458790 2338
1458800 2338
1458810 2334
1458820 2332
1458830 2332
1458840 2329
1458850 2330
1458860 2331
1458870 2331
1458880 2335
1458890 2339
1458900 2339
1458910 2340
1458920 2341
1458930 2341
1458940 2338
1458950 2334
1458960 2334
1458970 2333
1458980 2332
1458990 2332
1459000 2331
1459010 2327
1459020 2327
1459030 2319
1459040 2308
1459050 2306
1459060 2306
1459070 2303
1459080 2282
1459090 2282
1459100 2275
1459110 2272
1459120 2272
1459130 2267
1459140 2270
1459150 2270
1459160 2273
1459170 2267
1459180 2267
1459190 2259
1459200 2262
1459210 2262
1459220 2255
1459230 2256
1459240 2256
1459250 2263
1459260 2266
1459270 2263
1459280 2263
1459290 2258
1459300 2257
1459310 2257
1459320 2263
1459330 2271
1459340 2271
1459350 2262
1459360 2241
1459370 2241
1459380 2227
1459390 2223
1459400 2223
1459410 2216
1459420 2207
1459430 2207
1459440 2202
1459450 2198
1459460 2192
1459470 2192
1459480 2187
1459490 2189
1459500 2189
1459510 2181
1459520 2170
1459530 2170
1459540 2159
1459550 2156
1459560 2156
1459570 2159
1459580 2173
1459590 2173
1459600 2182
1459610 2183
1459620 2183
1459630 2179
1459640 2184
1459650 2193
1459660 2193
1459670 2191
1459680 2190
1459690 2190
1459700 2184
1459710 2176
1459720 2176
1459730 2168
1459740 2161
1459750 2161
1459760 2151
1459770 2143
1459780 2143
1459790 2152
1459800 2169
1459810 2169
1459820 2179
1459830 2194
1459840 2194
1459850 2203
1459860 2202
1459870 2197
1459880 2197
1459890 2202
1459900 2214
1459910 2214
1459920 2224
1459930 2235
1459940 2235
1459950 2239
1459960 2230
1459970 2230
1459980 2219
1459990 2208
