1440000 1532
1440010 1524
1440020 1519
1440030 1519
1440040 1514
1440050 1510
1440060 1510
1440070 1507
1440080 1504
1440090 1504
1440100 1503
1440110 1500
1440120 1500
1440130 1499
1440140 1499
1440150 1498
1440160 1498
1440170 1498
1440180 1498
1440190 1498
1440200 1499
1440210 1500
1440220 1500
1440230 1503
1440240 1505
1440250 1505
1440260 1506
1440270 1509
1440280 1509
1440290 1512
1440300 1514
1440310 1514
1440320 1515
1440330 1516
1440340 1518
1440350 1518
1440360 1519
1440370 1520
1440380 1520
1440390 1522
1440400 1524
1440410 1524
1440420 1526
1440430 1529
1440440 1529
1440450 1532
1440460 1534
1440470 1534
1440480 1537
1440490 1540
1440500 1540
1440510 1544
1440520 1548
1440530 1548
1440540 1553
1440550 1559
1440560 1566
1440570 1566
1440580 1572
1440590 1577
1440600 1577
1440610 1583
1440620 1589
1440630 1589
1440640 1598
1440650 1610
1440660 1610
1440670 1619
1440680 1628
1440690 1628
1440700 1636
1440710 1662
1440720 1662
1440730 1689
1440740 1722
1440750 1739
1440760 1739
1440770 1745
1440780 1753
1440790 1753
1440800 1762
1440810 1772
1440820 1772
1440830 1781
1440840 1789
1440850 1789
1440860 1795
1440870 1804
1440880 1804
1440890 1810
1440900 1817
1440910 1817
1440920 1824
1440930 1831
1440940 1831
1440950 1838
1440960 1842
1440970 1849
1440980 1849
1440990 1856
1441000 1862
1441010 1862
1441020 1867
1441030 1874
1441040 1874
1441050 1880
1441060 1888
1441070 1888
1441080 1897
1441090 1904
1441100 1904
1441110 1909
1441120 1913
1441130 1913
1441140 1918
1441150 1923
1441160 1927
1441170 1927
1441180 1933
1441190 1938
1441200 1938
1441210 1944
1441220 1950
1441230 1950
1441240 1958
1441250 1964
1441260 1964
1441270 1970
1441280 1975
1441290 1975
1441300 1980
1441310 1985
1441320 1985
1441330 1988
1441340 1992
1441350 1992
1441360 1995
1441370 1999
1441380 2003
1441390 2003
1441400 2009
1441410 2014
1441420 2014
1441430 2018
1441440 2021
1441450 2021
1441460 2023
1441470 2025
1441480 2025
1441490 2026
1441500 2027
1441510 2027
1441520 2028
1441530 2029
1441540 2029
1441550 2030
1441560 2032
1441570 2034
1441580 2034
1441590 2035
1441600 2037
1441610 2037
1441620 2039
1441630 2039
1441640 2039
1441650 2039
1441660 2037
1441670 2037
1441680 2034
1441690 2032
1441700 2032
1441710 2026
1441720 2015
1441730 2015
1441740 2007
1441750 2005
1441760 2010
1441770 2010
1441780 2011
1441790 2009
1441800 2009
1441810 2007
1441820 2002
1441830 2002
1441840 1997
1441850 1995
1441860 1995
1441870 1995
1441880 1993
1441890 1993
1441900 1990
1441910 1989
1441920 1989
1441930 1987
1441940 1984
1441950 1984
1441960 1981
1441970 1978
1441980 1975
1441990 1975
1442000 1971
1442010 1967
1442020 1967
1442030 1964
1442040 1961
1442050 1961
1442060 1959
1442070 1957
1442080 1957
1442090 1953
1442100 1950
1442110 1950
1442120 1947
1442130 1944
1442140 1944
1442150 1940
1442160 1936
1442170 1935
1442180 1935
1442190 1934
1442200 1932
1442210 1932
1442220 1930
1442230 1928
1442240 1928
1442250 1926
1442260 1925
1442270 1925
1442280 1930
1442290 1932
1442300 1932
1442310 1930
1442320 1929
1442330 1929
1442340 1928
1442350 1929
1442360 1929
1442370 1929
1442380 1930
1442390 1931
1442400 1931
1442410 1928
1442420 1924
1442430 1924
1442440 1918
1442450 1912
1442460 1912
1442470 1913
1442480 1913
1442490 1913
1442500 1907
1442510 1908
1442520 1908
1442530 1897
1442540 1885
1442550 1885
1442560 1886
1442570 1886
1442580 1877
1442590 1877
1442600 1865
1442610 1857
1442620 1857
1442630 1860
1442640 1863
1442650 1863
1442660 1863
1442670 1868
1442680 1868
1442690 1863
1442700 1851
1442710 1851
1442720 1852
1442730 1861
1442740 1861
1442750 1870
1442760 1872
1442770 1872
1442780 1870
1442790 1865
1442800 1866
1442810 1866
1442820 1869
1442830 1872
1442840 1872
1442850 1876
1442860 1879
1442870 1879
1442880 1878
1442890 1871
1442900 1871
1442910 1867
1442920 1872
1442930 1872
1442940 1879
1442950 1879
1442960 1879
1442970 1877
1442980 1878
1442990 1880
1443000 1880
1443010 1884
1443020 1887
1443030 1887
1443040 1892
1443050 1897
1443060 1897
1443070 1904
1443080 1909
1443090 1909
1443100 1908
1443110 1910
1443120 1910
1443130 1916
1443140 1923
1443150 1923
1443160 1929
1443170 1931
1443180 1923
1443190 1923
1443200 1919
1443210 1919
1443220 1919
1443230 1921
1443240 1926
1443250 1926
1443260 1930
1443270 1935
1443280 1935
1443290 1941
1443300 1947
1443310 1947
1443320 1953
1443330 1960
1443340 1960
1443350 1970
1443360 1978
1443370 1978
1443380 1986
1443390 2001
1443400 2009
1443410 2009
1443420 2015
1443430 2020
1443440 2020
1443450 2026
1443460 2039
1443470 2039
1443480 2049
1443490 2055
1443500 2055
1443510 2062
1443520 2067
1443530 2067
1443540 2073
1443550 2079
1443560 2079
1443570 2087
1443580 2094
1443590 2103
1443600 2103
1443610 2113
1443620 2123
1443630 2123
1443640 2130
1443650 2137
1443660 2137
1443670 2145
1443680 2153
1443690 2153
1443700 2161
1443710 2169
1443720 2169
1443730 2177
1443740 2184
1443750 2184
1443760 2192
1443770 2200
1443780 2200
1443790 2207
1443800 2212
1443810 2216
1443820 2216
1443830 2220
1443840 2224
1443850 2224
1443860 2231
1443870 2242
1443880 2242
1443890 2255
1443900 2269
1443910 2269
1443920 2276
1443930 2283
1443940 2283
1443950 2295
1443960 2305
1443970 2305
1443980 2314
1443990 2321
1444000 2328
1444010 2328
1444020 2336
1444030 2345
1444040 2345
1444050 2353
1444060 2361
1444070 2361
1444080 2368
1444090 2374
1444100 2374
1444110 2380
1444120 2384
1444130 2384
1444140 2386
1444150 2387
1444160 2387
1444170 2388
1444180 2386
1444190 2386
1444200 2377
1444210 2373
1444220 2376
1444230 2376
1444240 2379
1444250 2371
1444260 2371
1444270 2361
1444280 2363
1444290 2363
1444300 2362
1444310 2355
1444320 2355
1444330 2344
1444340 2333
1444350 2333
1444360 2331
1444370 2331
1444380 2331
1444390 2330
1444400 2336
1444410 2348
1444420 2348
1444430 2353
1444440 2361
1444450 2361
1444460 2365
1444470 2372
1444480 2372
1444490 2382
1444500 2389
1444510 2389
1444520 2396
1444530 2403
1444540 2403
1444550 2413
1444560 2423
1444570 2423
1444580 2435
1444590 2442
1444600 2449
1444610 2449
1444620 2458
1444630 2471
1444640 2471
1444650 2485
1444660 2496
1444670 2496
1444680 2506
1444690 2515
1444700 2515
1444710 2524
1444720 2530
1444730 2530
1444740 2536
1444750 2543
1444760 2543
1444770 2550
1444780 2555
1444790 2555
1444800 2560
1444810 2565
1444820 2567
1444830 2567
1444840 2563
1444850 2558
1444860 2558
1444870 2552
1444880 2546
1444890 2546
1444900 2539
1444910 2535
1444920 2535
1444930 2533
1444940 2531
1444950 2531
1444960 2532
1444970 2534
1444980 2534
1444990 2534
1445000 2534
1445010 2533
1445020 2533
1445030 2534
1445040 2534
1445050 2534
1445060 2534
1445070 2534
1445080 2534
1445090 2534
1445100 2533
1445110 2533
1445120 2533
1445130 2533
1445140 2533
1445150 2535
1445160 2538
1445170 2538
1445180 2539
1445190 2540
1445200 2540
1445210 2541
1445220 2544
1445230 2546
1445240 2546
1445250 2548
1445260 2552
1445270 2552
1445280 2558
1445290 2564
1445300 2564
1445310 2567
1445320 2570
1445330 2570
1445340 2572
1445350 2574
1445360 2574
1445370 2575
1445380 2575
1445390 2575
1445400 2574
1445410 2575
1445420 2578
1445430 2578
1445440 2580
1445450 2582
1445460 2582
1445470 2582
1445480 2583
1445490 2583
1445500 2583
1445510 2582
1445520 2582
1445530 2580
1445540 2579
1445550 2579
1445560 2578
1445570 2579
1445580 2579
1445590 2580
1445600 2582
1445610 2582
1445620 2584
1445630 2583
1445640 2581
1445650 2581
1445660 2581
1445670 2584
1445680 2584
1445690 2584
1445700 2585
1445710 2585
1445720 2588
1445730 2588
1445740 2588
1445750 2588
1445760 2587
1445770 2587
1445780 2587
1445790 2588
1445800 2588
1445810 2590
1445820 2593
1445830 2597
1445840 2597
1445850 2600
1445860 2600
1445870 2600
1445880 2598
1445890 2598
1445900 2598
1445910 2598
1445920 2599
1445930 2599
1445940 2599
1445950 2600
1445960 2600
1445970 2602
1445980 2605
1445990 2605
1446000 2608
1446010 2609
1446020 2611
1446030 2611
1446040 2612
1446050 2614
1446060 2614
1446070 2615
1446080 2615
1446090 2615
1446100 2615
1446110 2615
1446120 2615
1446130 2614
1446140 2611
1446150 2611
1446160 2609
1446170 2607
1446180 2607
1446190 2607
1446200 2605
1446210 2605
1446220 2603
1446230 2600
1446240 2599
1446250 2599
1446260 2599
1446270 2600
1446280 2600
1446290 2601
1446300 2603
1446310 2603
1446320 2604
1446330 2607
1446340 2607
1446350 2609
1446360 2612
1446370 2612
1446380 2614
1446390 2616
1446400 2616
1446410 2618
1446420 2621
1446430 2624
1446440 2624
1446450 2628
1446460 2631
1446470 2631
1446480 2634
1446490 2637
1446500 2637
1446510 2640
1446520 2642
1446530 2642
1446540 2645
1446550 2647
1446560 2647
1446570 2650
1446580 2652
1446590 2652
1446600 2654
1446610 2656
1446620 2656
1446630 2659
1446640 2661
1446650 2664
1446660 2664
1446670 2667
1446680 2670
1446690 2670
1446700 2673
1446710 2673
1446720 2673
1446730 2670
1446740 2665
1446750 2665
1446760 2663
1446770 2659
1446780 2659
1446790 2657
1446800 2656
1446810 2656
1446820 2656
1446830 2656
1446840 2657
1446850 2657
1446860 2657
1446870 2658
1446880 2658
1446890 2658
1446900 2658
1446910 2658
1446920 2657
1446930 2656
1446940 2656
1446950 2651
1446960 2647
1446970 2647
1446980 2646
1446990 2646
1447000 2646
1447010 2648
1447020 2648
1447030 2648
1447040 2648
1447050 2644
1447060 2642
1447070 2642
1447080 2640
1447090 2640
1447100 2640
1447110 2637
1447120 2631
1447130 2631
1447140 2624
1447150 2621
1447160 2621
1447170 2619
1447180 2613
1447190 2613
1447200 2605
1447210 2601
1447220 2601
1447230 2596
1447240 2591
1447250 2580
1447260 2580
1447270 2571
1447280 2566
1447290 2566
1447300 2559
1447310 2553
1447320 2553
1447330 2549
1447340 2546
1447350 2546
1447360 2542
1447370 2540
1447380 2540
1447390 2537
1447400 2535
1447410 2535
1447420 2532
1447430 2529
1447440 2525
1447450 2525
1447460 2522
1447470 2521
1447480 2521
1447490 2520
1447500 2520
1447510 2520
1447520 2521
1447530 2524
1447540 2524
1447550 2527
1447560 2530
1447570 2530
1447580 2533
1447590 2535
1447600 2535
1447610 2538
1447620 2539
1447630 2539
1447640 2541
1447650 2544
1447660 2547
1447670 2547
1447680 2548
1447690 2548
1447700 2548
1447710 2550
1447720 2551
1447730 2551
1447740 2551
1447750 2552
1447760 2552
1447770 2553
1447780 2553
1447790 2553
1447800 2553
1447810 2553
1447820 2553
1447830 2552
1447840 2552
1447850 2550
1447860 2550
1447870 2549
1447880 2550
1447890 2550
1447900 2550
1447910 2549
1447920 2549
1447930 2546
1447940 2544
1447950 2544
1447960 2546
1447970 2547
1447980 2547
1447990 2548
1448000 2549
1448010 2549
1448020 2549
1448030 2548
1448040 2548
1448050 2549
1448060 2550
1448070 2551
1448080 2551
1448090 2553
1448100 2555
1448110 2555
1448120 2559
1448130 2563
1448140 2563
1448150 2567
1448160 2570
1448170 2570
1448180 2572
1448190 2574
1448200 2574
1448210 2575
1448220 2575
1448230 2575
1448240 2574
1448250 2575
1448260 2576
1448270 2576
1448280 2578
1448290 2580
1448300 2580
1448310 2582
1448320 2584
1448330 2584
1448340 2586
1448350 2589
1448360 2589
1448370 2591
1448380 2594
1448390 2594
1448400 2597
1448410 2602
1448420 2602
1448430 2607
1448440 2611
1448450 2614
1448460 2614
1448470 2617
1448480 2620
1448490 2620
1448500 2620
1448510 2620
1448520 2620
1448530 2617
1448540 2612
1448550 2612
1448560 2610
1448570 2608
1448580 2608
1448590 2604
1448600 2598
1448610 2598
1448620 2592
1448630 2583
1448640 2583
1448650 2568
1448660 2557
1448670 2550
1448680 2550
1448690 2544
1448700 2539
1448710 2539
1448720 2533
1448730 2529
1448740 2529
1448750 2524
1448760 2520
1448770 2520
1448780 2517
1448790 2514
1448800 2514
1448810 2512
1448820 2511
1448830 2511
1448840 2510
1448850 2507
1448860 2506
1448870 2506
1448880 2504
1448890 2501
1448900 2501
1448910 2498
1448920 2498
1448930 2498
1448940 2496
1448950 2494
1448960 2494
1448970 2492
1448980 2483
1448990 2483
1449000 2472
1449010 2463
1449020 2463
1449030 2452
1449040 2443
1449050 2443
1449060 2439
1449070 2439
1449080 2437
1449090 2437
1449100 2433
1449110 2429
1449120 2429
1449130 2426
1449140 2422
1449150 2422
1449160 2420
1449170 2422
1449180 2422
1449190 2423
1449200 2424
1449210 2424
1449220 2422
1449230 2420
1449240 2420
1449250 2420
1449260 2423
1449270 2426
1449280 2426
1449290 2428
1449300 2429
1449310 2429
1449320 2432
1449330 2436
1449340 2436
1449350 2442
1449360 2449
1449370 2449
1449380 2457
1449390 2465
1449400 2465
1449410 2471
1449420 2474
1449430 2474
1449440 2475
1449450 2469
1449460 2469
1449470 2463
1449480 2460
1449490 2457
1449500 2457
1449510 2457
1449520 2455
1449530 2455
1449540 2453
1449550 2451
1449560 2451
1449570 2447
1449580 2442
1449590 2442
1449600 2439
1449610 2438
1449620 2438
1449630 2437
1449640 2436
1449650 2436
1449660 2435
1449670 2435
1449680 2435
1449690 2435
1449700 2435
1449710 2435
1449720 2435
1449730 2434
1449740 2434
1449750 2434
1449760 2434
1449770 2433
1449780 2433
1449790 2432
1449800 2430
1449810 2430
1449820 2431
1449830 2430
1449840 2430
1449850 2431
1449860 2436
1449870 2439
1449880 2439
1449890 2439
1449900 2439
1449910 2439
1449920 2439
1449930 2439
1449940 2439
1449950 2438
1449960 2438
1449970 2438
1449980 2434
1449990 2428
1450000 2428
1450010 2423
1450020 2419
1450030 2419
1450040 2418
1450050 2419
1450060 2419
1450070 2421
1450080 2422
1450090 2422
1450100 2422
1450110 2423
1450120 2423
1450130 2423
1450140 2424
1450150 2426
1450160 2426
1450170 2428
1450180 2431
1450190 2431
1450200 2434
1450210 2438
1450220 2438
1450230 2440
1450240 2444
1450250 2444
1450260 2447
1450270 2451
1450280 2454
1450290 2454
1450300 2458
1450310 2462
1450320 2462
1450330 2466
1450340 2470
1450350 2470
1450360 2474
1450370 2477
1450380 2477
1450390 2476
1450400 2470
1450410 2470
1450420 2461
1450430 2453
1450440 2453
1450450 2445
1450460 2436
1450470 2436
1450480 2428
1450490 2421
1450500 2416
1450510 2416
1450520 2410
1450530 2406
1450540 2406
1450550 2401
1450560 2396
1450570 2396
1450580 2394
1450590 2390
1450600 2390
1450610 2384
1450620 2378
1450630 2378
1450640 2372
1450650 2366
1450660 2369
1450670 2363
1450680 2357
1450690 2351
1450700 2351
1450710 2346
1450720 2341
1450730 2341
1450740 2335
1450750 2327
1450760 2327
1450770 2320
1450780 2311
1450790 2311
1450800 2300
1450810 2289
1450820 2289
1450830 2278
1450840 2269
1450850 2269
1450860 2262
1450870 2256
1450880 2250
1450890 2250
1450900 2244
1450910 2238
1450920 2238
1450930 2232
1450940 2226
1450950 2226
1450960 2221
1450970 2215
1450980 2215
1450990 2210
1451000 2204
1451010 2204
1451020 2199
1451030 2194
1451040 2194
1451050 2189
1451060 2183
1451070 2183
1451080 2179
1451090 2176
1451100 2172
1451110 2172
1451120 2166
1451130 2162
1451140 2162
1451150 2157
1451160 2153
1451170 2153
1451180 2146
1451190 2136
1451200 2136
1451210 2124
1451220 2113
1451230 2113
1451240 2106
1451250 2101
1451260 2101
1451270 2096
1451280 2091
1451290 2085
1451300 2085
1451310 2079
1451320 2069
1451330 2069
1451340 2059
1451350 2050
1451360 2050
1451370 2042
1451380 2035
1451390 2035
1451400 2027
1451410 2019
1451420 2019
1451430 2009
1451440 2001
1451450 2001
1451460 1993
1451470 1984
1451480 1984
1451490 1974
1451500 1963
1451510 1954
1451520 1954
1451530 1945
1451540 1938
1451550 1938
1451560 1933
1451570 1927
1451580 1927
1451590 1920
1451600 1914
1451610 1914
1451620 1908
1451630 1904
1451640 1904
1451650 1900
1451660 1897
1451670 1897
1451680 1894
1451690 1890
1451700 1885
1451710 1885
1451720 1881
1451730 1878
1451740 1878
1451750 1872
1451760 1869
1451770 1869
1451780 1863
1451790 1856
1451800 1856
1451810 1845
1451820 1831
1451830 1831
1451840 1821
1451850 1812
1451860 1812
1451870 1805
1451880 1798
1451890 1798
1451900 1787
1451910 1779
1451920 1771
1451930 1771
1451940 1762
1451950 1756
1451960 1756
1451970 1749
1451980 1743
1451990 1743
1452000 1736
1452010 1730
1452020 1730
1452030 1723
1452040 1717
1452050 1717
1452060 1711
1452070 1706
1452080 1706
1452090 1701
1452100 1696
1452110 1691
1452120 1691
1452130 1687
1452140 1684
1452150 1684
1452160 1680
1452170 1677
1452180 1677
1452190 1674
1452200 1673
1452210 1673
1452220 1671
1452230 1667
1452240 1667
1452250 1664
1452260 1662
1452270 1662
1452280 1657
1452290 1652
1452300 1646
1452310 1646
1452320 1639
1452330 1634
1452340 1634
1452350 1632
1452360 1631
1452370 1631
1452380 1633
1452390 1643
1452400 1643
1452410 1649
1452420 1654
1452430 1654
1452440 1658
1452450 1661
1452460 1661
1452470 1662
1452480 1663
1452490 1663
1452500 1667
1452510 1671
1452520 1674
1452530 1674
1452540 1678
1452550 1682
1452560 1682
1452570 1686
1452580 1690
1452590 1690
1452600 1693
1452610 1700
1452620 1700
1452630 1707
1452640 1715
1452650 1715
1452660 1721
1452670 1728
1452680 1728
1452690 1737
1452700 1749
1452710 1763
1452720 1763
1452730 1768
1452740 1771
1452750 1771
1452760 1772
1452770 1771
1452780 1771
1452790 1767
1452800 1769
1452810 1769
1452820 1773
1452830 1778
1452840 1778
1452850 1783
1452860 1789
1452870 1789
1452880 1795
1452890 1802
1452900 1802
1452910 1808
1452920 1809
1452930 1809
1452940 1809
1452950 1809
1452960 1812
1452970 1812
1452980 1814
1452990 1817
1453000 1817
1453010 1820
1453020 1824
1453030 1824
1453040 1827
1453050 1831
1453060 1831
1453070 1836
1453080 1840
1453090 1840
1453100 1845
1453110 1850
1453120 1855
1453130 1855
1453140 1859
1453150 1864
1453160 1864
1453170 1869
1453180 1873
1453190 1873
1453200 1876
1453210 1882
1453220 1882
1453230 1889
1453240 1895
1453250 1895
1453260 1900
1453270 1906
1453280 1906
1453290 1911
1453300 1916
1453310 1916
1453320 1924
1453330 1934
1453340 1946
1453350 1946
1453360 1956
1453370 1964
1453380 1964
1453390 1973
1453400 1981
1453410 1981
1453420 1991
1453430 2001
1453440 2001
1453450 2012
1453460 2022
1453470 2022
1453480 2030
1453490 2039
1453500 2039
1453510 2047
1453520 2052
1453530 2057
1453540 2057
1453550 2059
1453560 2061
1453570 2061
1453580 2061
1453590 2061
1453600 2061
1453610 2065
1453620 2069
1453630 2069
1453640 2072
1453650 2071
1453660 2071
1453670 2063
1453680 2054
1453690 2054
1453700 2050
1453710 2049
1453720 2049
1453730 2049
1453740 2051
1453750 2050
1453760 2050
1453770 2049
1453780 2051
1453790 2051
1453800 2052
1453810 2053
1453820 2053
1453830 2053
1453840 2054
1453850 2054
1453860 2055
1453870 2057
1453880 2057
1453890 2059
1453900 2061
1453910 2061
1453920 2064
1453930 2067
1453940 2070
1453950 2070
1453960 2073
1453970 2076
1453980 2076
1453990 2080
1454000 2083
1454010 2083
1454020 2088
1454030 2092
1454040 2092
1454050 2096
1454060 2099
1454070 2099
1454080 2105
1454090 2112
1454100 2112
1454110 2119
1454120 2123
1454130 2126
1454140 2126
1454150 2130
1454160 2134
1454170 2134
1454180 2138
1454190 2141
1454200 2141
1454210 2145
1454220 2151
1454230 2151
1454240 2155
1454250 2158
1454260 2158
1454270 2160
1454280 2160
1454290 2160
1454300 2163
1454310 2165
1454320 2165
1454330 2167
1454340 2168
1454350 2169
1454360 2169
1454370 2170
1454380 2172
1454390 2172
1454400 2176
1454410 2181
1454420 2181
1454430 2184
1454440 2187
1454450 2187
1454460 2187
1454470 2188
1454480 2188
1454490 2190
1454500 2194
1454510 2194
1454520 2198
1454530 2203
1454540 2210
1454550 2210
1454560 2217
1454570 2224
1454580 2224
1454590 2231
1454600 2238
1454610 2238
1454620 2245
1454630 2252
1454640 2252
1454650 2260
1454660 2267
1454670 2267
1454680 2275
1454690 2282
1454700 2282
1454710 2286
1454720 2289
1454730 2289
1454740 2290
1454750 2290
1454760 2289
1454770 2289
1454780 2288
1454790 2288
1454800 2288
1454810 2289
1454820 2290
1454830 2290
1454840 2291
1454850 2289
1454860 2289
1454870 2289
1454880 2291
1454890 2291
1454900 2294
1454910 2297
1454920 2297
1454930 2304
1454940 2310
1454950 2314
1454960 2314
1454970 2319
1454980 2323
1454990 2323
1455000 2326
1455010 2328
1455020 2328
1455030 2327
1455040 2324
1455050 2324
1455060 2323
1455070 2323
1455080 2323
1455090 2323
1455100 2321
1455110 2321
1455120 2321
1455130 2320
1455140 2320
1455150 2320
1455160 2322
1455170 2324
1455180 2324
1455190 2326
1455200 2327
1455210 2327
1455220 2327
1455230 2328
1455240 2328
1455250 2331
1455260 2331
1455270 2331
1455280 2332
1455290 2334
1455300 2334
1455310 2336
1455320 2336
1455330 2336
1455340 2335
1455350 2333
1455360 2331
1455370 2331
1455380 2330
1455390 2329
1455400 2329
1455410 2334
1455420 2341
1455430 2341
1455440 2344
1455450 2342
1455460 2342
1455470 2341
1455480 2342
1455490 2342
1455500 2345
1455510 2349
1455520 2349
1455530 2355
1455540 2361
1455550 2366
1455560 2366
1455570 2372
1455580 2377
1455590 2377
1455600 2382
1455610 2387
1455620 2387
1455630 2393
1455640 2398
1455650 2398
1455660 2403
1455670 2409
1455680 2409
1455690 2415
1455700 2422
1455710 2422
1455720 2430
1455730 2438
1455740 2438
1455750 2445
1455760 2452
1455770 2459
1455780 2459
1455790 2466
1455800 2473
1455810 2473
1455820 2480
1455830 2487
1455840 2487
1455850 2495
1455860 2502
1455870 2502
1455880 2510
1455890 2517
1455900 2517
1455910 2525
1455920 2532
1455930 2532
1455940 2540
1455950 2547
1455960 2555
1455970 2555
1455980 2568
1455990 2582
1456000 2582
1456010 2594
1456020 2623
1456030 2623
1456040 2646
1456050 2659
1456060 2659
1456070 2671
1456080 2680
1456090 2680
1456100 2688
1456110 2700
1456120 2700
1456130 2694
1456140 2686
1456150 2686
1456160 2677
1456170 2668
1456180 2660
1456190 2660
1456200 2652
1456210 2646
1456220 2646
1456230 2626
1456240 2611
1456250 2611
1456260 2604
1456270 2598
1456280 2598
1456290 2592
1456300 2586
1456310 2586
1456320 2582
1456330 2579
1456340 2579
1456350 2575
1456360 2571
1456370 2566
1456380 2566
1456390 2562
1456400 2558
1456410 2558
1456420 2554
1456430 2550
1456440 2550
1456450 2546
1456460 2540
1456470 2540
1456480 2535
1456490 2532
1456500 2532
1456510 2529
1456520 2525
1456530 2525
1456540 2521
1456550 2518
1456560 2514
1456570 2514
1456580 2511
1456590 2509
1456600 2509
1456610 2507
1456620 2504
1456630 2504
1456640 2501
1456650 2498
1456660 2498
1456670 2495
1456680 2491
1456690 2491
1456700 2487
1456710 2484
1456720 2484
1456730 2481
1456740 2477
1456750 2477
1456760 2473
1456770 2470
1456780 2467
1456790 2467
1456800 2462
1456810 2461
1456820 2461
1456830 2460
1456840 2459
1456850 2459
1456860 2458
1456870 2455
1456880 2455
1456890 2452
1456900 2450
1456910 2450
1456920 2448
1456930 2447
1456940 2447
1456950 2446
1456960 2445
1456970 2443
1456980 2443
1456990 2442
1457000 2439
1457010 2439
1457020 2435
1457030 2434
1457040 2434
1457050 2436
1457060 2436
1457070 2436
1457080 2435
1457090 2434
1457100 2434
1457110 2432
1457120 2429
1457130 2429
1457140 2427
1457150 2426
1457160 2426
1457170 2426
1457180 2426
1457190 2429
1457200 2429
1457210 2430
1457220 2431
1457230 2431
1457240 2431
1457250 2431
1457260 2431
1457270 2431
1457280 2430
1457290 2430
1457300 2431
1457310 2434
1457320 2434
1457330 2436
1457340 2438
1457350 2438
1457360 2439
1457370 2440
1457380 2443
1457390 2443
1457400 2443
1457410 2439
1457420 2439
1457430 2436
1457440 2434
1457450 2434
1457460 2432
1457470 2432
1457480 2432
1457490 2433
1457500 2434
1457510 2434
1457520 2440
1457530 2460
1457540 2460
1457550 2459
1457560 2452
1457570 2452
1457580 2442
1457590 2436
1457600 2429
1457610 2429
1457620 2422
1457630 2415
1457640 2415
1457650 2409
1457660 2403
1457670 2403
1457680 2401
1457690 2400
1457700 2400
1457710 2400
1457720 2401
1457730 2401
1457740 2402
1457750 2402
1457760 2402
1457770 2399
1457780 2396
1457790 2393
1457800 2393
1457810 2388
1457820 2382
1457830 2382
1457840 2377
1457850 2372
1457860 2372
1457870 2366
1457880 2359
1457890 2359
1457900 2351
1457910 2344
1457920 2344
1457930 2336
1457940 2328
1457950 2328
1457960 2320
1457970 2313
1457980 2306
1457990 2306
1458000 2297
1458010 2289
1458020 2289
1458030 2281
1458040 2273
1458050 2273
1458060 2265
1458070 2261
1458080 2261
1458090 2260
1458100 2258
1458110 2258
1458120 2254
1458130 2249
1458140 2249
1458150 2244
1458160 2240
1458170 2240
1458180 2235
1458190 2230
1458200 2226
1458210 2226
1458220 2221
1458230 2217
1458240 2217
1458250 2215
1458260 2214
1458270 2214
1458280 2211
1458290 2209
1458300 2209
1458310 2207
1458320 2204
1458330 2204
1458340 2201
1458350 2199
1458360 2199
1458370 2195
1458380 2191
1458390 2187
1458400 2187
1458410 2183
1458420 2179
1458430 2179
1458440 2174
1458450 2170
1458460 2170
1458470 2165
1458480 2161
1458490 2161
1458500 2157
1458510 2152
1458520 2152
1458530 2147
1458540 2143
1458550 2143
1458560 2138
1458570 2134
1458580 2134
1458590 2131
1458600 2127
1458610 2122
1458620 2122
1458630 2117
1458640 2110
1458650 2110
1458660 2103
1458670 2096
1458680 2096
1458690 2090
1458700 2090
1458710 2090
1458720 2092
1458730 2093
1458740 2093
1458750 2095
1458760 2095
1458770 2095
1458780 2094
1458790 2088
1458800 2081
1458810 2081
1458820 2078
1458830 2080
1458840 2080
1458850 2082
1458860 2084
1458870 2084
1458880 2086
1458890 2087
1458900 2087
1458910 2089
1458920 2088
1458930 2088
1458940 2085
1458950 2085
1458960 2085
1458970 2087
1458980 2085
1458990 2082
1459000 2082
1459010 2084
1459020 2093
1459030 2093
1459040 2110
1459050 2125
1459060 2125
1459070 2136
1459080 2143
1459090 2143
1459100 2149
1459110 2151
1459120 2151
1459130 2153
1459140 2145
1459150 2145
1459160 2146
1459170 2144
1459180 2144
1459190 2138
1459200 2131
1459210 2126
1459220 2126
1459230 2118
1459240 2107
1459250 2107
1459260 2096
1459270 2086
1459280 2086
1459290 2076
1459300 2068
1459310 2068
1459320 2061
1459330 2055
1459340 2055
1459350 2051
1459360 2045
1459370 2045
1459380 2037
1459390 2034
1459400 2035
1459410 2035
1459420 2038
1459430 2040
1459440 2040
1459450 2042
1459460 2041
1459470 2041
1459480 2034
1459490 2026
1459500 2026
1459510 2018
1459520 2012
1459530 2012
1459540 2006
1459550 2000
1459560 2000
1459570 1994
1459580 1989
1459590 1989
1459600 1982
1459610 1975
1459620 1968
1459630 1968
1459640 1961
1459650 1954
1459660 1954
1459670 1947
1459680 1939
1459690 1939
1459700 1931
1459710 1923
1459720 1923
1459730 1915
1459740 1906
1459750 1906
1459760 1900
1459770 1896
1459780 1896
1459790 1883
1459800 1867
1459810 1851
1459820 1851
1459830 1841
1459840 1847
1459850 1847
1459860 1858
1459870 1870
1459880 1870
1459890 1875
1459900 1870
1459910 1870
1459920 1863
1459930 1859
1459940 1859
1459950 1854
1459960 1841
1459970 1841
1459980 1834
1459990 1840
