1440000 1741
1440010 1746
1440020 1746
1440030 1752
1440040 1757
1440050 1757
1440060 1762
1440070 1766
1440080 1766
1440090 1770
1440100 1776
1440110 1784
1440120 1784
1440130 1791
1440140 1798
1440150 1798
1440160 1803
1440170 1808
1440180 1808
1440190 1814
1440200 1819
1440210 1819
1440220 1824
1440230 1827
1440240 1827
1440250 1831
1440260 1837
1440270 1837
1440280 1844
1440290 1850
1440300 1850
1440310 1856
1440320 1861
1440330 1867
1440340 1867
1440350 1872
1440360 1877
1440370 1877
1440380 1881
1440390 1884
1440400 1884
1440410 1889
1440420 1895
1440430 1895
1440440 1903
1440450 1908
1440460 1908
1440470 1909
1440480 1915
1440490 1915
1440500 1922
1440510 1928
1440520 1931
1440530 1931
1440540 1937
1440550 1946
1440560 1946
1440570 1953
1440580 1951
1440590 1951
1440600 1947
1440610 1949
1440620 1949
1440630 1954
1440640 1961
1440650 1961
1440660 1969
1440670 1976
1440680 1976
1440690 1983
1440700 1993
1440710 2004
1440720 2004
1440730 2014
1440740 2020
1440750 2020
1440760 2025
1440770 2027
1440780 2027
1440790 2026
1440800 2030
1440810 2030
1440820 2038
1440830 2045
1440840 2045
1440850 2051
1440860 2056
1440870 2056
1440880 2061
1440890 2064
1440900 2064
1440910 2068
1440920 2073
1440930 2077
1440940 2077
1440950 2081
1440960 2083
1440970 2083
1440980 2087
1440990 2091
1441000 2091
1441010 2093
1441020 2098
1441030 2098
1441040 2106
1441050 2113
1441060 2113
1441070 2121
1441080 2127
1441090 2127
1441100 2132
1441110 2133
1441120 2135
1441130 2135
1441140 2134
1441150 2132
1441160 2132
1441170 2134
1441180 2143
1441190 2143
1441200 2153
1441210 2163
1441220 2163
1441230 2172
1441240 2179
1441250 2179
1441260 2185
1441270 2191
1441280 2191
1441290 2196
1441300 2201
1441310 2201
1441320 2206
1441330 2205
1441340 2205
1441350 2205
1441360 2213
1441370 2226
1441380 2226
1441390 2235
1441400 2234
1441410 2234
1441420 2228
1441430 2229
1441440 2229
1441450 2245
1441460 2258
1441470 2258
1441480 2269
1441490 2280
1441500 2280
1441510 2288
1441520 2300
1441530 2310
1441540 2310
1441550 2314
1441560 2317
1441570 2317
1441580 2325
1441590 2329
1441600 2329
1441610 2340
1441620 2349
1441630 2349
1441640 2358
1441650 2366
1441660 2366
1441670 2373
1441680 2379
1441690 2379
1441700 2386
1441710 2393
1441720 2399
1441730 2399
1441740 2408
1441750 2419
1441760 2419
1441770 2427
1441780 2431
1441790 2431
1441800 2429
1441810 2430
1441820 2430
1441830 2433
1441840 2442
1441850 2442
1441860 2450
1441870 2459
1441880 2459
1441890 2466
1441900 2467
1441910 2467
1441920 2461
1441930 2456
1441940 2455
1441950 2455
1441960 2456
1441970 2460
1441980 2460
1441990 2463
1442000 2458
1442010 2458
1442020 2450
1442030 2438
1442040 2438
1442050 2428
1442060 2420
1442070 2420
1442080 2417
1442090 2409
1442100 2409
1442110 2405
1442120 2401
1442130 2400
1442140 2400
1442150 2398
1442160 2393
1442170 2393
1442180 2387
1442190 2384
1442200 2384
1442210 2384
1442220 2385
1442230 2385
1442240 2387
1442250 2388
1442260 2388
1442270 2386
1442280 2386
1442290 2386
1442300 2389
1442310 2392
1442320 2392
1442330 2392
1442340 2392
1442350 2391
1442360 2391
1442370 2392
1442380 2394
1442390 2394
1442400 2396
1442410 2391
1442420 2391
1442430 2389
1442440 2389
1442450 2389
1442460 2388
1442470 2392
1442480 2392
1442490 2397
1442500 2403
1442510 2403
1442520 2407
1442530 2409
1442540 2407
1442550 2407
1442560 2406
1442570 2409
1442580 2409
1442590 2405
1442600 2400
1442610 2400
1442620 2394
1442630 2388
1442640 2388
1442650 2383
1442660 2378
1442670 2378
1442680 2370
1442690 2361
1442700 2361
1442710 2356
1442720 2352
1442730 2348
1442740 2348
1442750 2344
1442760 2338
1442770 2338
1442780 2333
1442790 2328
1442800 2328
1442810 2322
1442820 2316
1442830 2316
1442840 2314
1442850 2312
1442860 2312
1442870 2310
1442880 2307
1442890 2307
1442900 2302
1442910 2297
1442920 2297
1442930 2293
1442940 2290
1442950 2285
1442960 2285
1442970 2277
1442980 2274
1442990 2274
1443000 2275
1443010 2279
1443020 2279
1443030 2284
1443040 2287
1443050 2287
1443060 2291
1443070 2296
1443080 2296
1443090 2298
1443100 2300
1443110 2300
1443120 2307
1443130 2312
1443140 2316
1443150 2316
1443160 2321
1443170 2325
1443180 2325
1443190 2330
1443200 2334
1443210 2334
1443220 2337
1443230 2340
1443240 2340
1443250 2344
1443260 2349
1443270 2349
1443280 2353
1443290 2357
1443300 2357
1443310 2361
1443320 2366
1443330 2366
1443340 2371
1443350 2376
1443360 2380
1443370 2380
1443380 2384
1443390 2387
1443400 2387
1443410 2392
1443420 2397
1443430 2397
1443440 2402
1443450 2408
1443460 2408
1443470 2413
1443480 2419
1443490 2419
1443500 2425
1443510 2431
1443520 2431
1443530 2439
1443540 2457
1443550 2470
1443560 2470
1443570 2478
1443580 2485
1443590 2485
1443600 2492
1443610 2499
1443620 2499
1443630 2506
1443640 2512
1443650 2512
1443660 2519
1443670 2526
1443680 2526
1443690 2533
1443700 2541
1443710 2541
1443720 2548
1443730 2555
1443740 2562
1443750 2562
1443760 2571
1443770 2580
1443780 2580
1443790 2587
1443800 2592
1443810 2592
1443820 2595
1443830 2599
1443840 2599
1443850 2606
1443860 2609
1443870 2609
1443880 2613
1443890 2619
1443900 2619
1443910 2626
1443920 2635
1443930 2635
1443940 2643
1443950 2650
1443960 2661
1443970 2661
1443980 2672
1443990 2679
1444000 2679
1444010 2684
1444020 2690
1444030 2690
1444040 2693
1444050 2693
1444060 2693
1444070 2694
1444080 2695
1444090 2695
1444100 2697
1444110 2698
1444120 2698
1444130 2700
1444140 2701
1444150 2703
1444160 2703
1444170 2705
1444180 2707
1444190 2707
1444200 2708
1444210 2710
1444220 2710
1444230 2713
1444240 2715
1444250 2715
1444260 2717
1444270 2719
1444280 2719
1444290 2720
1444300 2723
1444310 2723
1444320 2726
1444330 2728
1444340 2728
1444350 2731
1444360 2734
1444370 2736
1444380 2736
1444390 2739
1444400 2742
1444410 2742
1444420 2745
1444430 2748
1444440 2748
1444450 2750
1444460 2752
1444470 2752
1444480 2754
1444490 2757
1444500 2755
1444510 2757
1444520 2758
1444530 2758
1444540 2759
1444550 2758
1444560 2756
1444570 2756
1444580 2754
1444590 2750
1444600 2750
1444610 2745
1444620 2739
1444630 2739
1444640 2733
1444650 2729
1444660 2729
1444670 2722
1444680 2715
1444690 2715
1444700 2708
1444710 2703
1444720 2703
1444730 2698
1444740 2689
1444750 2680
1444760 2680
1444770 2670
1444780 2664
1444790 2664
1444800 2659
1444810 2655
1444820 2655
1444830 2652
1444840 2650
1444850 2650
1444860 2648
1444870 2646
1444880 2646
1444890 2645
1444900 2644
1444910 2644
1444920 2643
1444930 2642
1444940 2642
1444950 2642
1444960 2643
1444970 2644
1444980 2644
1444990 2644
1445000 2647
1445010 2647
1445020 2649
1445030 2652
1445040 2652
1445050 2656
1445060 2659
1445070 2659
1445080 2662
1445090 2669
1445100 2669
1445110 2673
1445120 2674
1445130 2674
1445140 2676
1445150 2678
1445160 2681
1445170 2681
1445180 2687
1445190 2693
1445200 2693
1445210 2697
1445220 2698
1445230 2698
1445240 2700
1445250 2703
1445260 2703
1445270 2705
1445280 2708
1445290 2708
1445300 2711
1445310 2717
1445320 2717
1445330 2724
1445340 2727
1445350 2727
1445360 2728
1445370 2729
1445380 2729
1445390 2729
1445400 2730
1445410 2731
1445420 2731
1445430 2733
1445440 2735
1445450 2735
1445460 2738
1445470 2741
1445480 2741
1445490 2745
1445500 2749
1445510 2749
1445520 2751
1445530 2752
1445540 2752
1445550 2752
1445560 2754
1445570 2757
1445580 2757
1445590 2760
1445600 2763
1445610 2763
1445620 2765
1445630 2767
1445640 2767
1445650 2770
1445660 2774
1445670 2774
1445680 2776
1445690 2778
1445700 2778
1445710 2779
1445720 2774
1445730 2774
1445740 2756
1445750 2725
1445760 2713
1445770 2713
1445780 2704
1445790 2700
1445800 2700
1445810 2699
1445820 2697
1445830 2697
1445840 2694
1445850 2690
1445860 2690
1445870 2688
1445880 2687
1445890 2687
1445900 2687
1445910 2688
1445920 2688
1445930 2689
1445940 2692
1445950 2692
1445960 2694
1445970 2697
1445980 2699
1445990 2699
1446000 2702
1446010 2705
1446020 2705
1446030 2709
1446040 2712
1446050 2712
1446060 2714
1446070 2717
1446080 2717
1446090 2721
1446100 2725
1446110 2725
1446120 2728
1446130 2730
1446140 2730
1446150 2733
1446160 2737
1446170 2741
1446180 2741
1446190 2741
1446200 2741
1446210 2741
1446220 2745
1446230 2749
1446240 2749
1446250 2754
1446260 2755
1446270 2755
1446280 2746
1446290 2734
1446300 2734
1446310 2718
1446320 2701
1446330 2701
1446340 2690
1446350 2671
1446360 2671
1446370 2624
1446380 2605
1446390 2598
1446400 2598
1446410 2592
1446420 2585
1446430 2585
1446440 2579
1446450 2573
1446460 2573
1446470 2568
1446480 2563
1446490 2563
1446500 2557
1446510 2552
1446520 2552
1446530 2548
1446540 2545
1446550 2545
1446560 2542
1446570 2539
1446580 2538
1446590 2538
1446600 2536
1446610 2535
1446620 2535
1446630 2535
1446640 2534
1446650 2534
1446660 2534
1446670 2535
1446680 2535
1446690 2538
1446700 2541
1446710 2541
1446720 2542
1446730 2539
1446740 2539
1446750 2537
1446760 2535
1446770 2530
1446780 2530
1446790 2524
1446800 2518
1446810 2518
1446820 2514
1446830 2512
1446840 2512
1446850 2509
1446860 2506
1446870 2506
1446880 2503
1446890 2502
1446900 2502
1446910 2501
1446920 2499
1446930 2499
1446940 2496
1446950 2494
1446960 2494
1446970 2493
1446980 2492
1446990 2492
1447000 2492
1447010 2493
1447020 2493
1447030 2493
1447040 2494
1447050 2494
1447060 2494
1447070 2493
1447080 2493
1447090 2493
1447100 2494
1447110 2495
1447120 2495
1447130 2495
1447140 2494
1447150 2494
1447160 2493
1447170 2494
1447180 2492
1447190 2492
1447200 2489
1447210 2487
1447220 2487
1447230 2484
1447240 2481
1447250 2481
1447260 2476
1447270 2473
1447280 2473
1447290 2471
1447300 2470
1447310 2470
1447320 2468
1447330 2466
1447340 2466
1447350 2465
1447360 2465
1447370 2465
1447380 2464
1447390 2460
1447400 2458
1447410 2458
1447420 2457
1447430 2456
1447440 2456
1447450 2455
1447460 2453
1447470 2453
1447480 2451
1447490 2450
1447500 2450
1447510 2449
1447520 2447
1447530 2447
1447540 2445
1447550 2444
1447560 2444
1447570 2443
1447580 2441
1447590 2437
1447600 2437
1447610 2433
1447620 2430
1447630 2430
1447640 2426
1447650 2423
1447660 2423
1447670 2419
1447680 2416
1447690 2416
1447700 2415
1447710 2415
1447720 2415
1447730 2414
1447740 2413
1447750 2413
1447760 2413
1447770 2415
1447780 2416
1447790 2416
1447800 2414
1447810 2416
1447820 2416
1447830 2417
1447840 2417
1447850 2417
1447860 2415
1447870 2415
1447880 2415
1447890 2415
1447900 2415
1447910 2415
1447920 2416
1447930 2417
1447940 2417
1447950 2417
1447960 2417
1447970 2417
1447980 2416
1447990 2416
1448000 2414
1448010 2414
1448020 2410
1448030 2405
1448040 2405
1448050 2404
1448060 2404
1448070 2404
1448080 2401
1448090 2398
1448100 2398
1448110 2397
1448120 2399
1448130 2399
1448140 2404
1448150 2407
1448160 2407
1448170 2410
1448180 2412
1448190 2412
1448200 2412
1448210 2411
1448220 2408
1448230 2408
1448240 2404
1448250 2401
1448260 2401
1448270 2400
1448280 2401
1448290 2401
1448300 2402
1448310 2402
1448320 2402
1448330 2399
1448340 2394
1448350 2394
1448360 2390
1448370 2386
1448380 2386
1448390 2383
1448400 2381
1448410 2378
1448420 2378
1448430 2378
1448440 2378
1448450 2378
1448460 2378
1448470 2375
1448480 2375
1448490 2373
1448500 2372
1448510 2372
1448520 2370
1448530 2369
1448540 2369
1448550 2369
1448560 2368
1448570 2368
1448580 2365
1448590 2360
1448600 2356
1448610 2356
1448620 2354
1448630 2351
1448640 2351
1448650 2350
1448660 2349
1448670 2349
1448680 2348
1448690 2344
1448700 2344
1448710 2341
1448720 2339
1448730 2339
1448740 2337
1448750 2333
1448760 2333
1448770 2327
1448780 2320
1448790 2312
1448800 2312
1448810 2305
1448820 2300
1448830 2300
1448840 2297
1448850 2293
1448860 2293
1448870 2290
1448880 2290
1448890 2290
1448900 2290
1448910 2287
1448920 2287
1448930 2283
1448940 2278
1448950 2278
1448960 2274
1448970 2273
1448980 2273
1448990 2274
1449000 2274
1449010 2274
1449020 2274
1449030 2275
1449040 2277
1449050 2277
1449060 2278
1449070 2279
1449080 2279
1449090 2279
1449100 2279
1449110 2279
1449120 2279
1449130 2280
1449140 2280
1449150 2282
1449160 2284
1449170 2284
1449180 2288
1449190 2291
1449200 2293
1449210 2293
1449220 2294
1449230 2295
1449240 2295
1449250 2296
1449260 2299
1449270 2299
1449280 2301
1449290 2303
1449300 2303
1449310 2306
1449320 2309
1449330 2309
1449340 2311
1449350 2313
1449360 2313
1449370 2314
1449380 2312
1449390 2312
1449400 2310
1449410 2304
1449420 2298
1449430 2298
1449440 2294
1449450 2292
1449460 2292
1449470 2289
1449480 2288
1449490 2288
1449500 2288
1449510 2289
1449520 2289
1449530 2288
1449540 2283
1449550 2283
1449560 2278
1449570 2276
1449580 2276
1449590 2273
1449600 2271
1449610 2275
1449620 2275
1449630 2278
1449640 2277
1449650 2277
1449660 2278
1449670 2279
1449680 2279
1449690 2278
1449700 2269
1449710 2269
1449720 2264
1449730 2262
1449740 2262
1449750 2259
1449760 2257
1449770 2257
1449780 2257
1449790 2256
1449800 2256
1449810 2256
1449820 2257
1449830 2260
1449840 2260
1449850 2263
1449860 2267
1449870 2267
1449880 2270
1449890 2273
1449900 2273
1449910 2275
1449920 2276
1449930 2276
1449940 2277
1449950 2277
1449960 2277
1449970 2276
1449980 2274
1449990 2274
1450000 2272
1450010 2270
1450020 2269
1450030 2269
1450040 2267
1450050 2266
1450060 2266
1450070 2264
1450080 2263
1450090 2263
1450100 2261
1450110 2260
1450120 2260
1450130 2259
1450140 2258
1450150 2258
1450160 2257
1450170 2257
1450180 2257
1450190 2257
1450200 2255
1450210 2254
1450220 2254
1450230 2254
1450240 2255
1450250 2255
1450260 2255
1450270 2254
1450280 2254
1450290 2248
1450300 2245
1450310 2245
1450320 2243
1450330 2243
1450340 2243
1450350 2243
1450360 2244
1450370 2244
1450380 2244
1450390 2245
1450400 2245
1450410 2247
1450420 2247
1450430 2251
1450440 2251
1450450 2258
1450460 2263
1450470 2263
1450480 2265
1450490 2265
1450500 2265
1450510 2264
1450520 2265
1450530 2265
1450540 2270
1450550 2277
1450560 2277
1450570 2284
1450580 2289
1450590 2289
1450600 2295
1450610 2301
1450620 2308
1450630 2308
1450640 2315
1450650 2321
1450660 2321
1450670 2328
1450680 2337
1450690 2337
1450700 2345
1450710 2350
1450720 2350
1450730 2353
1450740 2353
1450750 2353
1450760 2352
1450770 2345
1450780 2345
1450790 2334
1450800 2320
1450810 2314
1450820 2314
1450830 2311
1450840 2308
1450850 2308
1450860 2303
1450870 2299
1450880 2299
1450890 2296
1450900 2296
1450910 2296
1450920 2296
1450930 2296
1450940 2296
1450950 2295
1450960 2295
1450970 2295
1450980 2296
1450990 2299
1451000 2299
1451010 2300
1451020 2295
1451030 2292
1451040 2292
1451050 2287
1451060 2284
1451070 2284
1451080 2283
1451090 2281
1451100 2281
1451110 2280
1451120 2277
1451130 2277
1451140 2272
1451150 2264
1451160 2264
1451170 2257
1451180 2250
1451190 2250
1451200 2241
1451210 2232
1451220 2223
1451230 2223
1451240 2212
1451250 2200
1451260 2200
1451270 2192
1451280 2189
1451290 2189
1451300 2184
1451310 2180
1451320 2180
1451330 2176
1451340 2168
1451350 2168
1451360 2158
1451370 2151
1451380 2151
1451390 2141
1451400 2131
1451410 2131
1451420 2124
1451430 2116
1451440 2106
1451450 2106
1451460 2097
1451470 2090
1451480 2090
1451490 2081
1451500 2073
1451510 2073
1451520 2066
1451530 2059
1451540 2059
1451550 2051
1451560 2043
1451570 2043
1451580 2036
1451590 2029
1451600 2029
1451610 2023
1451620 2017
1451630 2012
1451640 2012
1451650 2007
1451660 2000
1451670 2000
1451680 1991
1451690 1983
1451700 1983
1451710 1971
1451720 1960
1451730 1960
1451740 1947
1451750 1936
1451760 1936
1451770 1926
1451780 1914
1451790 1914
1451800 1899
1451810 1889
1451820 1882
1451830 1882
1451840 1871
1451850 1858
1451860 1858
1451870 1846
1451880 1837
1451890 1837
1451900 1830
1451910 1822
1451920 1822
1451930 1812
1451940 1798
1451950 1798
1451960 1791
1451970 1784
1451980 1784
1451990 1777
1452000 1772
1452010 1772
1452020 1766
1452030 1760
1452040 1756
1452050 1756
1452060 1750
1452070 1745
1452080 1745
1452090 1740
1452100 1737
1452110 1737
1452120 1734
1452130 1731
1452140 1731
1452150 1727
1452160 1723
1452170 1723
1452180 1718
1452190 1715
1452200 1715
1452210 1714
1452220 1713
1452230 1712
1452240 1712
1452250 1713
1452260 1714
1452270 1714
1452280 1714
1452290 1712
1452300 1712
1452310 1707
1452320 1701
1452330 1701
1452340 1696
1452350 1692
1452360 1692
1452370 1688
1452380 1685
1452390 1685
1452400 1683
1452410 1682
1452420 1682
1452430 1683
1452440 1683
1452450 1680
1452460 1680
1452470 1676
1452480 1673
1452490 1673
1452500 1671
1452510 1669
1452520 1669
1452530 1669
1452540 1668
1452550 1668
1452560 1667
1452570 1666
1452580 1666
1452590 1665
1452600 1665
1452610 1665
1452620 1650
1452630 1635
1452640 1628
1452650 1628
1452660 1622
1452670 1615
1452680 1615
1452690 1608
1452700 1602
1452710 1602
1452720 1595
1452730 1586
1452740 1586
1452750 1577
1452760 1565
1452770 1565
1452780 1550
1452790 1539
1452800 1539
1452810 1530
1452820 1523
1452830 1515
1452840 1515
1452850 1507
1452860 1498
1452870 1498
1452880 1490
1452890 1485
1452900 1485
1452910 1483
1452920 1485
1452930 1485
1452940 1498
1452950 1503
1452960 1503
1452970 1507
1452980 1511
1452990 1511
1453000 1514
1453010 1518
1453020 1518
1453030 1523
1453040 1528
1453050 1534
1453060 1534
1453070 1537
1453080 1541
1453090 1541
1453100 1547
1453110 1558
1453120 1558
1453130 1577
1453140 1596
1453150 1596
1453160 1604
1453170 1608
1453180 1608
1453190 1613
1453200 1617
1453210 1617
1453220 1620
1453230 1622
1453240 1625
1453250 1625
1453260 1629
1453270 1633
1453280 1633
1453290 1636
1453300 1638
1453310 1638
1453320 1641
1453330 1646
1453340 1646
1453350 1651
1453360 1655
1453370 1655
1453380 1661
1453390 1667
1453400 1667
1453410 1674
1453420 1680
1453430 1680
1453440 1688
1453450 1695
1453460 1703
1453470 1703
1453480 1711
1453490 1717
1453500 1717
1453510 1723
1453520 1730
1453530 1730
1453540 1736
1453550 1742
1453560 1742
1453570 1746
1453580 1752
1453590 1752
1453600 1761
1453610 1771
1453620 1771
1453630 1781
1453640 1792
1453650 1803
1453660 1803
1453670 1812
1453680 1819
1453690 1819
1453700 1829
1453710 1846
1453720 1846
1453730 1858
1453740 1865
1453750 1865
1453760 1871
1453770 1882
1453780 1882
1453790 1892
1453800 1900
1453810 1900
1453820 1908
1453830 1918
1453840 1927
1453850 1927
1453860 1933
1453870 1941
1453880 1941
1453890 1951
1453900 1959
1453910 1959
1453920 1964
1453930 1969
1453940 1969
1453950 1975
1453960 1983
1453970 1983
1453980 1992
1453990 2000
1454000 2000
1454010 2006
1454020 2013
1454030 2013
1454040 2020
1454050 2028
1454060 2049
1454070 2049
1454080 2072
1454090 2084
1454100 2084
1454110 2094
1454120 2103
1454130 2103
1454140 2124
1454150 2153
1454160 2153
1454170 2166
1454180 2174
1454190 2174
1454200 2183
1454210 2191
1454220 2191
1454230 2200
1454240 2213
1454250 2230
1454260 2230
1454270 2242
1454280 2250
1454290 2250
1454300 2258
1454310 2267
1454320 2267
1454330 2276
1454340 2285
1454350 2285
1454360 2293
1454370 2300
1454380 2300
1454390 2305
1454400 2307
1454410 2307
1454420 2309
1454430 2314
1454440 2314
1454450 2320
1454460 2326
1454470 2334
1454480 2334
1454490 2344
1454500 2353
1454510 2353
1454520 2363
1454530 2372
1454540 2372
1454550 2380
1454560 2384
1454570 2384
1454580 2387
1454590 2391
1454600 2391
1454610 2398
1454620 2410
1454630 2410
1454640 2417
1454650 2428
1454660 2439
1454670 2439
1454680 2446
1454690 2454
1454700 2454
1454710 2463
1454720 2469
1454730 2469
1454740 2469
1454750 2469
1454760 2469
1454770 2473
1454780 2482
1454790 2482
1454800 2489
1454810 2495
1454820 2495
1454830 2503
1454840 2512
1454850 2522
1454860 2522
1454870 2530
1454880 2538
1454890 2538
1454900 2546
1454910 2554
1454920 2554
1454930 2563
1454940 2576
1454950 2576
1454960 2586
1454970 2597
1454980 2597
1454990 2612
1455000 2622
1455010 2622
1455020 2620
1455030 2614
1455040 2614
1455050 2609
1455060 2603
1455070 2598
1455080 2598
1455090 2592
1455100 2585
1455110 2585
1455120 2578
1455130 2568
1455140 2568
1455150 2556
1455160 2549
1455170 2549
1455180 2546
1455190 2548
1455200 2548
1455210 2552
1455220 2562
1455230 2562
1455240 2564
1455250 2562
1455260 2558
1455270 2558
1455280 2552
1455290 2545
1455300 2545
1455310 2542
1455320 2539
1455330 2539
1455340 2538
1455350 2531
1455360 2531
1455370 2523
1455380 2517
1455390 2517
1455400 2511
1455410 2502
1455420 2502
1455430 2499
1455440 2500
1455450 2500
1455460 2500
1455470 2498
1455480 2496
1455490 2496
1455500 2502
1455510 2500
1455520 2500
1455530 2497
1455540 2495
1455550 2495
1455560 2494
1455570 2494
1455580 2494
1455590 2495
1455600 2498
1455610 2498
1455620 2501
1455630 2504
1455640 2504
1455650 2509
1455660 2515
1455670 2529
1455680 2529
1455690 2547
1455700 2557
1455710 2557
1455720 2570
1455730 2577
1455740 2577
1455750 2575
1455760 2572
1455770 2572
1455780 2570
1455790 2568
1455800 2568
1455810 2569
1455820 2571
1455830 2571
1455840 2567
1455850 2558
1455860 2549
1455870 2549
1455880 2539
1455890 2537
1455900 2537
1455910 2531
1455920 2525
1455930 2525
1455940 2523
1455950 2524
1455960 2524
1455970 2524
1455980 2523
1455990 2523
1456000 2520
1456010 2516
1456020 2516
1456030 2513
1456040 2509
1456050 2509
1456060 2506
1456070 2503
1456080 2501
1456090 2501
1456100 2499
1456110 2498
1456120 2498
1456130 2498
1456140 2498
1456150 2498
1456160 2497
1456170 2495
1456180 2495
1456190 2493
1456200 2492
1456210 2492
1456220 2492
1456230 2492
1456240 2492
1456250 2492
1456260 2491
1456270 2489
1456280 2489
1456290 2487
1456300 2485
1456310 2485
1456320 2484
1456330 2483
1456340 2483
1456350 2483
1456360 2484
1456370 2484
1456380 2486
1456390 2487
1456400 2487
1456410 2489
1456420 2491
1456430 2491
1456440 2493
1456450 2494
1456460 2494
1456470 2496
1456480 2498
1456490 2500
1456500 2500
1456510 2503
1456520 2505
1456530 2505
1456540 2506
1456550 2507
1456560 2507
1456570 2508
1456580 2510
1456590 2510
1456600 2511
1456610 2513
1456620 2513
1456630 2514
1456640 2515
1456650 2515
1456660 2517
1456670 2519
1456680 2520
1456690 2520
1456700 2522
1456710 2523
1456720 2523
1456730 2525
1456740 2527
1456750 2527
1456760 2527
1456770 2528
1456780 2528
1456790 2529
1456800 2529
1456810 2529
1456820 2529
1456830 2528
1456840 2528
1456850 2527
1456860 2526
1456870 2526
1456880 2526
1456890 2526
1456900 2525
1456910 2525
1456920 2525
1456930 2526
1456940 2526
1456950 2526
1456960 2524
1456970 2524
1456980 2523
1456990 2520
1457000 2520
1457010 2517
1457020 2517
1457030 2517
1457040 2516
1457050 2515
1457060 2515
1457070 2514
1457080 2513
1457090 2513
1457100 2513
1457110 2512
1457120 2512
1457130 2512
1457140 2511
1457150 2510
1457160 2510
1457170 2509
1457180 2509
1457190 2509
1457200 2508
1457210 2509
1457220 2509
1457230 2510
1457240 2514
1457250 2514
1457260 2518
1457270 2523
1457280 2526
1457290 2526
1457300 2530
1457310 2534
1457320 2534
1457330 2537
1457340 2542
1457350 2542
1457360 2554
1457370 2593
1457380 2593
1457390 2613
1457400 2617
1457410 2617
1457420 2621
1457430 2629
1457440 2629
1457450 2635
1457460 2639
1457470 2641
1457480 2641
1457490 2647
1457500 2652
1457510 2652
1457520 2657
1457530 2660
1457540 2660
1457550 2663
1457560 2671
1457570 2671
1457580 2679
1457590 2678
1457600 2678
1457610 2679
1457620 2681
1457630 2681
1457640 2684
1457650 2690
1457660 2690
1457670 2695
1457680 2701
1457690 2708
1457700 2708
1457710 2709
1457720 2708
1457730 2708
1457740 2705
1457750 2702
1457760 2702
1457770 2697
1457780 2696
1457790 2696
1457800 2691
1457810 2686
1457820 2686
1457830 2684
1457840 2680
1457850 2680
1457860 2674
1457870 2666
1457880 2658
1457890 2658
1457900 2652
1457910 2649
1457920 2649
1457930 2652
1457940 2654
1457950 2654
1457960 2649
1457970 2646
1457980 2646
1457990 2645
1458000 2648
1458010 2648
1458020 2647
1458030 2643
1458040 2643
1458050 2639
1458060 2633
1458070 2633
1458080 2627
1458090 2623
1458100 2620
1458110 2620
1458120 2617
1458130 2614
1458140 2614
1458150 2608
1458160 2601
1458170 2601
1458180 2594
1458190 2588
1458200 2588
1458210 2582
1458220 2577
1458230 2577
1458240 2569
1458250 2564
1458260 2564
1458270 2559
1458280 2554
1458290 2551
1458300 2551
1458310 2550
1458320 2546
1458330 2546
1458340 2542
1458350 2537
1458360 2537
1458370 2531
1458380 2525
1458390 2525
1458400 2520
1458410 2518
1458420 2518
1458430 2514
1458440 2509
1458450 2509
1458460 2506
1458470 2503
1458480 2501
1458490 2501
1458500 2499
1458510 2496
1458520 2496
1458530 2493
1458540 2488
1458550 2488
1458560 2482
1458570 2476
1458580 2476
1458590 2471
1458600 2465
1458610 2465
1458620 2457
1458630 2451
1458640 2451
1458650 2452
1458660 2452
1458670 2452
1458680 2452
1458690 2458
1458700 2468
1458710 2468
1458720 2478
1458730 2488
1458740 2488
1458750 2491
1458760 2492
1458770 2492
1458780 2490
1458790 2489
1458800 2489
1458810 2486
1458820 2483
1458830 2483
1458840 2481
1458850 2479
1458860 2479
1458870 2478
1458880 2478
1458890 2476
1458900 2476
1458910 2475
1458920 2473
1458930 2473
1458940 2472
1458950 2471
1458960 2471
1458970 2470
1458980 2467
1458990 2467
1459000 2466
1459010 2463
1459020 2463
1459030 2463
1459040 2465
1459050 2465
1459060 2464
1459070 2456
1459080 2456
1459090 2449
1459100 2449
1459110 2450
1459120 2450
1459130 2450
1459140 2449
1459150 2449
1459160 2450
1459170 2452
1459180 2452
1459190 2451
1459200 2452
1459210 2452
1459220 2455
1459230 2457
1459240 2457
1459250 2452
1459260 2452
1459270 2452
1459280 2453
1459290 2450
1459300 2455
1459310 2455
1459320 2462
1459330 2460
1459340 2460
1459350 2455
1459360 2460
1459370 2460
1459380 2461
1459390 2464
1459400 2464
1459410 2474
1459420 2476
1459430 2476
1459440 2480
1459450 2481
1459460 2481
1459470 2484
1459480 2481
1459490 2482
1459500 2482
1459510 2487
1459520 2492
1459530 2492
1459540 2494
1459550 2490
1459560 2490
1459570 2489
1459580 2485
1459590 2485
1459600 2482
1459610 2479
1459620 2479
1459630 2473
1459640 2468
1459650 2468
1459660 2467
1459670 2461
1459680 2461
1459690 2460
1459700 2466
1459710 2470
1459720 2470
1459730 2470
1459740 2469
1459750 2469
1459760 2461
1459770 2454
1459780 2454
1459790 2450
1459800 2450
1459810 2450
1459820 2455
1459830 2456
1459840 2456
1459850 2451
1459860 2445
1459870 2445
1459880 2438
1459890 2433
1459900 2425
1459910 2425
1459920 2417
1459930 2409
1459940 2409
1459950 2401
1459960 2394
1459970 2394
1459980 2388
1459990 2379
