1440000 2023
1440010 2023
1440020 2019
1440030 2013
1440040 2013
1440050 2006
1440060 1999
1440070 1999
1440080 1994
1440090 1990
1440100 1990
1440110 1988
1440120 1985
1440130 1981
1440140 1981
1440150 1975
1440160 1970
1440170 1970
1440180 1966
1440190 1962
1440200 1962
1440210 1958
1440220 1954
1440230 1954
1440240 1950
1440250 1947
1440260 1947
1440270 1943
1440280 1940
1440290 1940
1440300 1938
1440310 1935
1440320 1935
1440330 1933
1440340 1929
1440350 1926
1440360 1926
1440370 1922
1440380 1918
1440390 1918
1440400 1914
1440410 1909
1440420 1909
1440430 1902
1440440 1896
1440450 1896
1440460 1892
1440470 1888
1440480 1888
1440490 1884
1440500 1880
1440510 1880
1440520 1873
1440530 1855
1440540 1858
1440550 1858
1440560 1858
1440570 1852
1440580 1852
1440590 1844
1440600 1838
1440610 1838
1440620 1835
1440630 1838
1440640 1838
1440650 1833
1440660 1828
1440670 1828
1440680 1820
1440690 1810
1440700 1810
1440710 1798
1440720 1790
1440730 1790
1440740 1782
1440750 1776
1440760 1768
1440770 1768
1440780 1749
1440790 1717
1440800 1717
1440810 1709
1440820 1701
1440830 1701
1440840 1693
1440850 1685
1440860 1685
1440870 1678
1440880 1670
1440890 1670
1440900 1663
1440910 1654
1440920 1654
1440930 1647
1440940 1640
1440950 1633
1440960 1633
1440970 1627
1440980 1621
1440990 1621
1441000 1615
1441010 1610
1441020 1610
1441030 1605
1441040 1602
1441050 1602
1441060 1597
1441070 1601
1441080 1601
1441090 1609
1441100 1615
1441110 1615
1441120 1619
1441130 1621
1441140 1619
1441150 1622
1441160 1627
1441170 1632
1441180 1632
1441190 1637
1441200 1644
1441210 1644
1441220 1652
1441230 1659
1441240 1659
1441250 1662
1441260 1668
1441270 1668
1441280 1675
1441290 1683
1441300 1683
1441310 1690
1441320 1698
1441330 1698
1441340 1704
1441350 1708
1441360 1713
1441370 1713
1441380 1720
1441390 1724
1441400 1724
1441410 1728
1441420 1734
1441430 1734
1441440 1738
1441450 1740
1441460 1740
1441470 1740
1441480 1743
1441490 1743
1441500 1747
1441510 1751
1441520 1751
1441530 1754
1441540 1758
1441550 1758
1441560 1760
1441570 1764
1441580 1766
1441590 1766
1441600 1770
1441610 1775
1441620 1775
1441630 1778
1441640 1783
1441650 1783
1441660 1786
1441670 1788
1441680 1788
1441690 1789
1441700 1792
1441710 1792
1441720 1796
1441730 1802
1441740 1802
1441750 1808
1441760 1813
1441770 1816
1441780 1816
1441790 1820
1441800 1824
1441810 1824
1441820 1826
1441830 1828
1441840 1828
1441850 1832
1441860 1835
1441870 1835
1441880 1839
1441890 1843
1441900 1843
1441910 1846
1441920 1851
1441930 1851
1441940 1856
1441950 1860
1441960 1865
1441970 1865
1441980 1869
1441990 1874
1442000 1874
1442010 1875
1442020 1878
1442030 1878
1442040 1881
1442050 1886
1442060 1886
1442070 1891
1442080 1896
1442090 1896
1442100 1900
1442110 1906
1442120 1906
1442130 1912
1442140 1918
1442150 1918
1442160 1922
1442170 1924
1442180 1925
1442190 1925
1442200 1924
1442210 1925
1442220 1925
1442230 1927
1442240 1928
1442250 1928
1442260 1929
1442270 1930
1442280 1930
1442290 1931
1442300 1932
1442310 1932
1442320 1935
1442330 1939
1442340 1939
1442350 1942
1442360 1946
1442370 1949
1442380 1949
1442390 1949
1442400 1948
1442410 1948
1442420 1948
1442430 1948
1442440 1948
1442450 1949
1442460 1950
1442470 1950
1442480 1953
1442490 1957
1442500 1957
1442510 1960
1442520 1960
1442530 1960
1442540 1961
1442550 1962
1442560 1962
1442570 1962
1442580 1962
1442590 1962
1442600 1962
1442610 1961
1442620 1961
1442630 1961
1442640 1962
1442650 1963
1442660 1963
1442670 1964
1442680 1966
1442690 1966
1442700 1968
1442710 1971
1442720 1971
1442730 1971
1442740 1970
1442750 1970
1442760 1968
1442770 1967
1442780 1965
1442790 1965
1442800 1965
1442810 1967
1442820 1967
1442830 1970
1442840 1973
1442850 1973
1442860 1975
1442870 1976
1442880 1976
1442890 1978
1442900 1979
1442910 1979
1442920 1980
1442930 1983
1442940 1983
1442950 1985
1442960 1986
1442970 1986
1442980 1983
1442990 1980
1443000 1980
1443010 1980
1443020 1980
1443030 1979
1443040 1979
1443050 1977
1443060 1976
1443070 1976
1443080 1976
1443090 1973
1443100 1973
1443110 1970
1443120 1969
1443130 1969
1443140 1969
1443150 1968
1443160 1968
1443170 1965
1443180 1964
1443190 1964
1443200 1964
1443210 1962
1443220 1963
1443230 1963
1443240 1964
1443250 1965
1443260 1965
1443270 1965
1443280 1963
1443290 1963
1443300 1963
1443310 1966
1443320 1966
1443330 1969
1443340 1972
1443350 1972
1443360 1976
1443370 1979
1443380 1979
1443390 1981
1443400 1982
1443410 1982
1443420 1982
1443430 1983
1443440 1984
1443450 1984
1443460 1983
1443470 1982
1443480 1982
1443490 1980
1443500 1978
1443510 1978
1443520 1975
1443530 1970
1443540 1970
1443550 1964
1443560 1957
1443570 1957
1443580 1951
1443590 1947
1443600 1943
1443610 1943
1443620 1940
1443630 1936
1443640 1936
1443650 1934
1443660 1933
1443670 1933
1443680 1933
1443690 1932
1443700 1932
1443710 1930
1443720 1928
1443730 1928
1443740 1927
1443750 1927
1443760 1927
1443770 1927
1443780 1928
1443790 1928
1443800 1928
1443810 1928
1443820 1928
1443830 1928
1443840 1931
1443850 1927
1443860 1927
1443870 1924
1443880 1925
1443890 1925
1443900 1928
1443910 1931
1443920 1931
1443930 1933
1443940 1937
1443950 1937
1443960 1943
1443970 1947
1443980 1947
1443990 1950
1444000 1952
1444010 1955
1444020 1955
1444030 1958
1444040 1961
1444050 1961
1444060 1964
1444070 1966
1444080 1966
1444090 1967
1444100 1969
1444110 1969
1444120 1972
1444130 1974
1444140 1974
1444150 1976
1444160 1981
1444170 1981
1444180 1984
1444190 1987
1444200 1987
1444210 1991
1444220 1994
1444230 1997
1444240 1997
1444250 1998
1444260 2001
1444270 2001
1444280 2003
1444290 2006
1444300 2006
1444310 2009
1444320 2009
1444330 2009
1444340 2008
1444350 2008
1444360 2008
1444370 2007
1444380 2009
1444390 2009
1444400 2010
1444410 2011
1444420 2012
1444430 2012
1444440 2014
1444450 2014
1444460 2014
1444470 2014
1444480 2012
1444490 2012
1444500 2011
1444510 2011
1444520 2011
1444530 2013
1444540 2018
1444550 2018
1444560 2024
1444570 2031
1444580 2031
1444590 2038
1444600 2045
1444610 2055
1444620 2055
1444630 2063
1444640 2073
1444650 2073
1444660 2080
1444670 2084
1444680 2084
1444690 2080
1444700 2083
1444710 2083
1444720 2083
1444730 2086
1444740 2086
1444750 2091
1444760 2098
1444770 2098
1444780 2105
1444790 2112
1444800 2112
1444810 2121
1444820 2133
1444830 2144
1444840 2144
1444850 2150
1444860 2155
1444870 2155
1444880 2161
1444890 2166
1444900 2166
1444910 2172
1444920 2176
1444930 2176
1444940 2178
1444950 2182
1444960 2182
1444970 2185
1444980 2187
1444990 2187
1445000 2189
1445010 2190
1445020 2192
1445030 2192
1445040 2194
1445050 2195
1445060 2195
1445070 2193
1445080 2192
1445090 2192
1445100 2193
1445110 2193
1445120 2193
1445130 2194
1445140 2193
1445150 2193
1445160 2192
1445170 2190
1445180 2190
1445190 2189
1445200 2188
1445210 2188
1445220 2189
1445230 2190
1445240 2191
1445250 2191
1445260 2191
1445270 2192
1445280 2192
1445290 2192
1445300 2193
1445310 2193
1445320 2194
1445330 2195
1445340 2195
1445350 2196
1445360 2196
1445370 2196
1445380 2196
1445390 2197
1445400 2197
1445410 2198
1445420 2199
1445430 2199
1445440 2199
1445450 2200
1445460 2201
1445470 2201
1445480 2202
1445490 2202
1445500 2202
1445510 2202
1445520 2203
1445530 2203
1445540 2204
1445550 2204
1445560 2204
1445570 2204
1445580 2203
1445590 2203
1445600 2203
1445610 2203
1445620 2203
1445630 2202
1445640 2204
1445650 2204
1445660 2204
1445670 2204
1445680 2206
1445690 2206
1445700 2208
1445710 2209
1445720 2209
1445730 2209
1445740 2211
1445750 2211
1445760 2214
1445770 2217
1445780 2217
1445790 2219
1445800 2221
1445810 2221
1445820 2224
1445830 2226
1445840 2228
1445850 2228
1445860 2231
1445870 2235
1445880 2235
1445890 2240
1445900 2244
1445910 2244
1445920 2249
1445930 2253
1445940 2253
1445950 2259
1445960 2264
1445970 2264
1445980 2269
1445990 2274
1446000 2274
1446010 2278
1446020 2282
1446030 2282
1446040 2286
1446050 2290
1446060 2304
1446070 2304
1446080 2313
1446090 2319
1446100 2319
1446110 2320
1446120 2328
1446130 2328
1446140 2337
1446150 2346
1446160 2346
1446170 2352
1446180 2358
1446190 2358
1446200 2364
1446210 2369
1446220 2369
1446230 2375
1446240 2380
1446250 2385
1446260 2385
1446270 2389
1446280 2393
1446290 2393
1446300 2396
1446310 2400
1446320 2400
1446330 2403
1446340 2406
1446350 2406
1446360 2408
1446370 2410
1446380 2410
1446390 2413
1446400 2417
1446410 2417
1446420 2421
1446430 2426
1446440 2426
1446450 2431
1446460 2436
1446470 2442
1446480 2442
1446490 2447
1446500 2454
1446510 2454
1446520 2461
1446530 2467
1446540 2467
1446550 2473
1446560 2478
1446570 2478
1446580 2484
1446590 2488
1446600 2488
1446610 2492
1446620 2497
1446630 2497
1446640 2501
1446650 2506
1446660 2510
1446670 2510
1446680 2514
1446690 2519
1446700 2519
1446710 2523
1446720 2527
1446730 2527
1446740 2532
1446750 2535
1446760 2535
1446770 2541
1446780 2544
1446790 2544
1446800 2549
1446810 2555
1446820 2555
1446830 2561
1446840 2566
1446850 2571
1446860 2571
1446870 2577
1446880 2584
1446890 2584
1446900 2591
1446910 2597
1446920 2597
1446930 2604
1446940 2610
1446950 2610
1446960 2618
1446970 2626
1446980 2626
1446990 2638
1447000 2651
1447010 2651
1447020 2660
1447030 2667
1447040 2667
1447050 2672
1447060 2683
1447070 2695
1447080 2695
1447090 2706
1447100 2714
1447110 2714
1447120 2719
1447130 2723
1447140 2723
1447150 2725
1447160 2729
1447170 2729
1447180 2732
1447190 2736
1447200 2736
1447210 2741
1447220 2745
1447230 2745
1447240 2751
1447250 2757
1447260 2763
1447270 2763
1447280 2769
1447290 2775
1447300 2775
1447310 2782
1447320 2789
1447330 2789
1447340 2797
1447350 2806
1447360 2806
1447370 2813
1447380 2820
1447390 2820
1447400 2829
1447410 2837
1447420 2837
1447430 2851
1447440 2858
1447450 2858
1447460 2864
1447470 2869
1447480 2873
1447490 2873
1447500 2878
1447510 2883
1447520 2883
1447530 2888
1447540 2893
1447550 2893
1447560 2899
1447570 2903
1447580 2903
1447590 2908
1447600 2913
1447610 2913
1447620 2916
1447630 2917
1447640 2917
1447650 2911
1447660 2903
1447670 2894
1447680 2894
1447690 2883
1447700 2872
1447710 2872
1447720 2859
1447730 2847
1447740 2847
1447750 2836
1447760 2828
1447770 2828
1447780 2817
1447790 2798
1447800 2798
1447810 2777
1447820 2768
1447830 2768
1447840 2762
1447850 2758
1447860 2758
1447870 2755
1447880 2752
1447890 2747
1447900 2747
1447910 2741
1447920 2735
1447930 2735
1447940 2729
1447950 2724
1447960 2724
1447970 2717
1447980 2711
1447990 2711
1448000 2705
1448010 2699
1448020 2699
1448030 2694
1448040 2689
1448050 2689
1448060 2683
1448070 2677
1448080 2671
1448090 2671
1448100 2665
1448110 2659
1448120 2659
1448130 2653
1448140 2645
1448150 2645
1448160 2636
1448170 2627
1448180 2627
1448190 2620
1448200 2614
1448210 2614
1448220 2607
1448230 2596
1448240 2596
1448250 2585
1448260 2576
1448270 2576
1448280 2568
1448290 2561
1448300 2554
1448310 2554
1448320 2544
1448330 2537
1448340 2537
1448350 2532
1448360 2527
1448370 2527
1448380 2520
1448390 2513
1448400 2513
1448410 2507
1448420 2501
1448430 2501
1448440 2495
1448450 2489
1448460 2489
1448470 2482
1448480 2475
1448490 2470
1448500 2470
1448510 2465
1448520 2461
1448530 2461
1448540 2456
1448550 2451
1448560 2451
1448570 2447
1448580 2444
1448590 2444
1448600 2442
1448610 2441
1448620 2441
1448630 2440
1448640 2439
1448650 2439
1448660 2438
1448670 2438
1448680 2438
1448690 2438
1448700 2438
1448710 2438
1448720 2438
1448730 2438
1448740 2438
1448750 2438
1448760 2438
1448770 2438
1448780 2438
1448790 2438
1448800 2436
1448810 2436
1448820 2436
1448830 2436
1448840 2436
1448850 2437
1448860 2439
1448870 2439
1448880 2441
1448890 2442
1448900 2444
1448910 2444
1448920 2446
1448930 2449
1448940 2449
1448950 2451
1448960 2453
1448970 2453
1448980 2451
1448990 2449
1449000 2449
1449010 2448
1449020 2446
1449030 2446
1449040 2443
1449050 2438
1449060 2438
1449070 2433
1449080 2429
1449090 2429
1449100 2429
1449110 2429
1449120 2427
1449130 2427
1449140 2424
1449150 2425
1449160 2425
1449170 2424
1449180 2419
1449190 2419
1449200 2418
1449210 2418
1449220 2418
1449230 2417
1449240 2416
1449250 2416
1449260 2413
1449270 2412
1449280 2412
1449290 2411
1449300 2411
1449310 2412
1449320 2412
1449330 2415
1449340 2421
1449350 2421
1449360 2426
1449370 2431
1449380 2431
1449390 2432
1449400 2435
1449410 2435
1449420 2437
1449430 2439
1449440 2439
1449450 2440
1449460 2443
1449470 2443
1449480 2445
1449490 2449
1449500 2453
1449510 2453
1449520 2460
1449530 2466
1449540 2466
1449550 2471
1449560 2478
1449570 2478
1449580 2491
1449590 2512
1449600 2512
1449610 2537
1449620 2551
1449630 2551
1449640 2559
1449650 2567
1449660 2567
1449670 2572
1449680 2570
1449690 2570
1449700 2565
1449710 2558
1449720 2553
1449730 2553
1449740 2548
1449750 2543
1449760 2543
1449770 2537
1449780 2531
1449790 2531
1449800 2525
1449810 2520
1449820 2520
1449830 2515
1449840 2510
1449850 2510
1449860 2504
1449870 2498
1449880 2498
1449890 2492
1449900 2485
1449910 2477
1449920 2477
1449930 2469
1449940 2461
1449950 2461
1449960 2453
1449970 2446
1449980 2446
1449990 2440
1450000 2432
1450010 2432
1450020 2424
1450030 2411
1450040 2411
1450050 2401
1450060 2392
1450070 2392
1450080 2384
1450090 2377
1450100 2377
1450110 2370
1450120 2363
1450130 2354
1450140 2354
1450150 2346
1450160 2340
1450170 2340
1450180 2333
1450190 2327
1450200 2327
1450210 2320
1450220 2313
1450230 2313
1450240 2307
1450250 2300
1450260 2300
1450270 2292
1450280 2284
1450290 2284
1450300 2277
1450310 2272
1450320 2267
1450330 2267
1450340 2262
1450350 2256
1450360 2256
1450370 2249
1450380 2241
1450390 2241
1450400 2236
1450410 2229
1450420 2229
1450430 2221
1450440 2211
1450450 2211
1450460 2204
1450470 2195
1450480 2195
1450490 2186
1450500 2180
1450510 2180
1450520 2174
1450530 2168
1450540 2161
1450550 2161
1450560 2154
1450570 2147
1450580 2147
1450590 2140
1450600 2134
1450610 2134
1450620 2127
1450630 2120
1450640 2120
1450650 2114
1450660 2107
1450670 2107
1450680 2101
1450690 2091
1450700 2091
1450710 2076
1450720 2063
1450730 2056
1450740 2056
1450750 2050
1450760 2044
1450770 2044
1450780 2039
1450790 2035
1450800 2035
1450810 2030
1450820 2024
1450830 2024
1450840 2019
1450850 2014
1450860 2014
1450870 2009
1450880 2004
1450890 2004
1450900 1997
1450910 1983
1450920 1983
1450930 1971
1450940 1962
1450950 1956
1450960 1956
1450970 1949
1450980 1936
1450990 1936
1451000 1929
1451010 1922
1451020 1924
1451030 1918
1451040 1911
1451050 1911
1451060 1906
1451070 1903
1451080 1903
1451090 1899
1451100 1895
1451110 1895
1451120 1891
1451130 1887
1451140 1882
1451150 1882
1451160 1877
1451170 1870
1451180 1870
1451190 1863
1451200 1859
1451210 1859
1451220 1854
1451230 1849
1451240 1849
1451250 1842
1451260 1835
1451270 1835
1451280 1827
1451290 1821
1451300 1821
1451310 1815
1451320 1810
1451330 1803
1451340 1803
1451350 1795
1451360 1790
1451370 1790
1451380 1786
1451390 1782
1451400 1782
1451410 1776
1451420 1769
1451430 1769
1451440 1761
1451450 1752
1451460 1752
1451470 1743
1451480 1735
1451490 1735
1451500 1728
1451510 1721
1451520 1721
1451530 1715
1451540 1709
1451550 1702
1451560 1702
1451570 1695
1451580 1690
1451590 1690
1451600 1690
1451610 1690
1451620 1690
1451630 1690
1451640 1690
1451650 1690
1451660 1690
1451670 1690
1451680 1690
1451690 1690
1451700 1690
1451710 1690
1451720 1690
1451730 1690
1451740 1690
1451750 1690
1451760 1690
1451770 1690
1451780 1690
1451790 1690
1451800 1690
1451810 1690
1451820 1690
1451830 1690
1451840 1690
1451850 1690
1451860 1690
1451870 1690
1451880 1690
1451890 1690
1451900 1690
1451910 1690
1451920 1690
1451930 1690
1451940 1690
1451950 1691
1451960 1691
1451970 1691
1451980 1691
1451990 1696
1452000 1696
1452010 1700
1452020 1706
1452030 1706
1452040 1713
1452050 1721
1452060 1721
1452070 1728
1452080 1735
1452090 1735
1452100 1742
1452110 1750
1452120 1750
1452130 1757
1452140 1764
1452150 1775
1452160 1775
1452170 1793
1452180 1823
1452190 1823
1452200 1840
1452210 1850
1452220 1850
1452230 1858
1452240 1866
1452250 1866
1452260 1876
1452270 1889
1452280 1889
1452290 1898
1452300 1906
1452310 1906
1452320 1913
1452330 1919
1452340 1919
1452350 1924
1452360 1930
1452370 1936
1452380 1936
1452390 1945
1452400 1950
1452410 1950
1452420 1954
1452430 1958
1452440 1958
1452450 1962
1452460 1965
1452470 1965
1452480 1969
1452490 1973
1452500 1973
1452510 1977
1452520 1982
1452530 1982
1452540 1987
1452550 1991
1452560 1994
1452570 1994
1452580 1998
1452590 2002
1452600 2002
1452610 2005
1452620 2009
1452630 2009
1452640 2014
1452650 2017
1452660 2017
1452670 2020
1452680 2024
1452690 2024
1452700 2028
1452710 2032
1452720 2032
1452730 2035
1452740 2038
1452750 2038
1452760 2041
1452770 2043
1452780 2045
1452790 2045
1452800 2049
1452810 2052
1452820 2052
1452830 2057
1452840 2062
1452850 2062
1452860 2067
1452870 2072
1452880 2072
1452890 2078
1452900 2085
1452910 2085
1452920 2093
1452930 2107
1452940 2107
1452950 2123
1452960 2129
1452970 2134
1452980 2134
1452990 2139
1453000 2145
1453010 2145
1453020 2152
1453030 2158
1453040 2158
1453050 2167
1453060 2176
1453070 2176
1453080 2185
1453090 2191
1453100 2191
1453110 2198
1453120 2205
1453130 2205
1453140 2214
1453150 2221
1453160 2221
1453170 2227
1453180 2233
1453190 2238
1453200 2238
1453210 2243
1453220 2250
1453230 2250
1453240 2257
1453250 2265
1453260 2265
1453270 2272
1453280 2280
1453290 2280
1453300 2287
1453310 2294
1453320 2294
1453330 2301
1453340 2309
1453350 2309
1453360 2316
1453370 2324
1453380 2331
1453390 2331
1453400 2338
1453410 2343
1453420 2343
1453430 2345
1453440 2348
1453450 2348
1453460 2350
1453470 2349
1453480 2349
1453490 2344
1453500 2339
1453510 2339
1453520 2336
1453530 2333
1453540 2333
1453550 2332
1453560 2330
1453570 2330
1453580 2327
1453590 2325
1453600 2320
1453610 2320
1453620 2316
1453630 2313
1453640 2313
1453650 2314
1453660 2316
1453670 2316
1453680 2318
1453690 2322
1453700 2322
1453710 2326
1453720 2330
1453730 2330
1453740 2335
1453750 2340
1453760 2340
1453770 2344
1453780 2348
1453790 2352
1453800 2352
1453810 2357
1453820 2360
1453830 2360
1453840 2363
1453850 2368
1453860 2368
1453870 2375
1453880 2381
1453890 2381
1453900 2386
1453910 2391
1453920 2391
1453930 2395
1453940 2400
1453950 2400
1453960 2406
1453970 2410
1453980 2415
1453990 2415
1454000 2419
1454010 2427
1454020 2427
1454030 2440
1454040 2451
1454050 2451
1454060 2455
1454070 2452
1454080 2452
1454090 2464
1454100 2471
1454110 2471
1454120 2469
1454130 2468
1454140 2468
1454150 2466
1454160 2469
1454170 2469
1454180 2483
1454190 2496
1454200 2498
1454210 2498
1454220 2509
1454230 2524
1454240 2524
1454250 2533
1454260 2542
1454270 2542
1454280 2557
1454290 2568
1454300 2568
1454310 2572
1454320 2575
1454330 2575
1454340 2582
1454350 2590
1454360 2590
1454370 2600
1454380 2609
1454390 2619
1454400 2619
1454410 2628
1454420 2635
1454430 2635
1454440 2642
1454450 2647
1454460 2647
1454470 2649
1454480 2652
1454490 2652
1454500 2651
1454510 2649
1454520 2649
1454530 2644
1454540 2636
1454550 2636
1454560 2627
1454570 2621
1454580 2621
1454590 2615
1454600 2608
1454610 2606
1454620 2606
1454630 2607
1454640 2612
1454650 2612
1454660 2619
1454670 2626
1454680 2626
1454690 2633
1454700 2638
1454710 2638
1454720 2643
1454730 2648
1454740 2648
1454750 2650
1454760 2647
1454770 2647
1454780 2649
1454790 2651
1454800 2656
1454810 2656
1454820 2658
1454830 2659
1454840 2659
1454850 2663
1454860 2669
1454870 2669
1454880 2675
1454890 2682
1454900 2682
1454910 2690
1454920 2697
1454930 2697
1454940 2699
1454950 2698
1454960 2698
1454970 2697
1454980 2696
1454990 2696
1455000 2694
1455010 2690
1455020 2685
1455030 2685
1455040 2679
1455050 2669
1455060 2669
1455070 2663
1455080 2656
1455090 2656
1455100 2647
1455110 2637
1455120 2637
1455130 2630
1455140 2625
1455150 2625
1455160 2621
1455170 2618
1455180 2618
1455190 2616
1455200 2615
1455210 2611
1455220 2611
1455230 2603
1455240 2597
1455250 2597
1455260 2593
1455270 2592
1455280 2592
1455290 2593
1455300 2596
1455310 2596
1455320 2599
1455330 2603
1455340 2603
1455350 2606
1455360 2608
1455370 2608
1455380 2611
1455390 2620
1455400 2620
1455410 2638
1455420 2643
1455430 2641
1455440 2641
1455450 2636
1455460 2630
1455470 2630
1455480 2623
1455490 2617
1455500 2617
1455510 2610
1455520 2603
1455530 2603
1455540 2597
1455550 2590
1455560 2590
1455570 2583
1455580 2576
1455590 2576
1455600 2570
1455610 2563
1455620 2558
1455630 2558
1455640 2552
1455650 2546
1455660 2546
1455670 2539
1455680 2533
1455690 2533
1455700 2526
1455710 2520
1455720 2520
1455730 2514
1455740 2509
1455750 2509
1455760 2503
1455770 2498
1455780 2498
1455790 2495
1455800 2492
1455810 2492
1455820 2489
1455830 2485
1455840 2480
1455850 2480
1455860 2476
1455870 2473
1455880 2473
1455890 2469
1455900 2465
1455910 2465
1455920 2461
1455930 2458
1455940 2458
1455950 2455
1455960 2450
1455970 2450
1455980 2446
1455990 2440
1456000 2440
1456010 2434
1456020 2429
1456030 2425
1456040 2425
1456050 2421
1456060 2417
1456070 2417
1456080 2413
1456090 2402
1456100 2402
1456110 2386
1456120 2372
1456130 2372
1456140 2357
1456150 2340
1456160 2340
1456170 2328
1456180 2321
1456190 2321
1456200 2315
1456210 2309
1456220 2303
1456230 2303
1456240 2298
1456250 2295
1456260 2295
1456270 2292
1456280 2286
1456290 2286
1456300 2282
1456310 2278
1456320 2278
1456330 2276
1456340 2274
1456350 2274
1456360 2272
1456370 2270
1456380 2270
1456390 2266
1456400 2261
1456410 2261
1456420 2256
1456430 2250
1456440 2247
1456450 2247
1456460 2244
1456470 2242
1456480 2242
1456490 2240
1456500 2239
1456510 2239
1456520 2238
1456530 2237
1456540 2237
1456550 2233
1456560 2228
1456570 2228
1456580 2222
1456590 2216
1456600 2216
1456610 2207
1456620 2195
1456630 2182
1456640 2182
1456650 2169
1456660 2154
1456670 2154
1456680 2146
1456690 2141
1456700 2141
1456710 2136
1456720 2132
1456730 2132
1456740 2128
1456750 2123
1456760 2123
1456770 2117
1456780 2112
1456790 2112
1456800 2107
1456810 2102
1456820 2102
1456830 2098
1456840 2093
1456850 2088
1456860 2088
1456870 2083
1456880 2078
1456890 2078
1456900 2074
1456910 2069
1456920 2069
1456930 2063
1456940 2057
1456950 2057
1456960 2051
1456970 2047
1456980 2047
1456990 2042
1457000 2039
1457010 2039
1457020 2038
1457030 2041
1457040 2041
1457050 2041
1457060 2040
1457070 2039
1457080 2039
1457090 2038
1457100 2037
1457110 2037
1457120 2035
1457130 2031
1457140 2031
1457150 2031
1457160 2037
1457170 2037
1457180 2042
1457190 2042
1457200 2042
1457210 2042
1457220 2042
1457230 2042
1457240 2042
1457250 2044
1457260 2045
1457270 2045
1457280 2045
1457290 2044
1457300 2044
1457310 2045
1457320 2044
1457330 2044
1457340 2045
1457350 2041
1457360 2041
1457370 2037
1457380 2035
1457390 2035
1457400 2039
1457410 2045
1457420 2045
1457430 2052
1457440 2055
1457450 2053
1457460 2053
1457470 2055
1457480 2055
1457490 2055
1457500 2052
1457510 2050
1457520 2050
1457530 2050
1457540 2050
1457550 2050
1457560 2053
1457570 2054
1457580 2054
1457590 2052
1457600 2053
1457610 2053
1457620 2052
1457630 2051
1457640 2051
1457650 2048
1457660 2047
1457670 2050
1457680 2050
1457690 2051
1457700 2052
1457710 2052
1457720 2052
1457730 2051
1457740 2051
1457750 2050
1457760 2046
1457770 2046
1457780 2043
1457790 2044
1457800 2044
1457810 2044
1457820 2044
1457830 2044
1457840 2045
1457850 2049
1457860 2050
1457870 2050
1457880 2049
1457890 2051
1457900 2051
1457910 2055
1457920 2056
1457930 2056
1457940 2056
1457950 2058
1457960 2058
1457970 2060
1457980 2062
1457990 2062
1458000 2065
1458010 2067
1458020 2067
1458030 2076
1458040 2084
1458050 2084
1458060 2088
1458070 2091
1458080 2092
1458090 2092
1458100 2092
1458110 2093
1458120 2093
1458130 2094
1458140 2093
1458150 2093
1458160 2091
1458170 2090
1458180 2090
1458190 2087
1458200 2082
1458210 2082
1458220 2076
1458230 2066
1458240 2066
1458250 2059
1458260 2050
1458270 2042
1458280 2042
1458290 2035
1458300 2029
1458310 2029
1458320 2024
1458330 2016
1458340 2016
1458350 2012
1458360 2019
1458370 2019
1458380 2025
1458390 2022
1458400 2022
1458410 2012
1458420 2006
1458430 2006
1458440 2009
1458450 2010
1458460 2007
1458470 2007
1458480 2005
1458490 2006
1458500 2006
1458510 2005
1458520 2007
1458530 2007
1458540 2009
1458550 2008
1458560 2008
1458570 2001
1458580 1992
1458590 1992
1458600 1985
1458610 1979
1458620 1979
1458630 1972
1458640 1966
1458650 1966
1458660 1956
1458670 1946
1458680 1935
1458690 1935
1458700 1925
1458710 1921
1458720 1921
1458730 1917
1458740 1911
1458750 1911
1458760 1905
1458770 1897
1458780 1897
1458790 1889
1458800 1882
1458810 1882
1458820 1875
1458830 1869
1458840 1869
1458850 1863
1458860 1857
1458870 1851
1458880 1851
1458890 1845
1458900 1839
1458910 1839
1458920 1833
1458930 1827
1458940 1827
1458950 1821
1458960 1815
1458970 1815
1458980 1810
1458990 1805
1459000 1805
1459010 1799
1459020 1795
1459030 1795
1459040 1792
1459050 1788
1459060 1788
1459070 1784
1459080 1780
1459090 1776
1459100 1776
1459110 1773
1459120 1768
1459130 1768
1459140 1762
1459150 1755
1459160 1755
1459170 1748
1459180 1746
1459190 1746
1459200 1743
1459210 1739
1459220 1739
1459230 1735
1459240 1730
1459250 1730
1459260 1726
1459270 1722
1459280 1717
1459290 1717
1459300 1713
1459310 1709
1459320 1709
1459330 1704
1459340 1699
1459350 1699
1459360 1694
1459370 1689
1459380 1689
1459390 1685
1459400 1680
1459410 1680
1459420 1675
1459430 1670
1459440 1670
1459450 1665
1459460 1659
1459470 1659
1459480 1654
1459490 1648
1459500 1643
1459510 1643
1459520 1638
1459530 1633
1459540 1633
1459550 1630
1459560 1627
1459570 1627
1459580 1623
1459590 1619
1459600 1619
1459610 1615
1459620 1611
1459630 1611
1459640 1607
1459650 1603
1459660 1603
1459670 1599
1459680 1594
1459690 1591
1459700 1591
1459710 1586
1459720 1581
1459730 1581
1459740 1576
1459750 1572
1459760 1572
1459770 1567
1459780 1560
1459790 1560
1459800 1556
1459810 1559
1459820 1559
1459830 1560
1459840 1558
1459850 1558
1459860 1557
1459870 1554
1459880 1554
1459890 1551
1459900 1547
1459910 1544
1459920 1544
1459930 1540
1459940 1536
1459950 1536
1459960 1531
1459970 1527
1459980 1527
1459990 1521
