1440000 2200
1440010 2191
1440020 2191
1440030 2183
1440040 2175
1440050 2175
1440060 2165
1440070 2155
1440080 2155
1440090 2148
1440100 2139
1440110 2139
1440120 2123
1440130 2112
1440140 2104
1440150 2104
1440160 2095
1440170 2084
1440180 2084
1440190 2074
1440200 2062
1440210 2062
1440220 2051
1440230 2041
1440240 2041
1440250 2032
1440260 2024
1440270 2024
1440280 2015
1440290 2007
1440300 2007
1440310 1996
1440320 1981
1440330 1981
1440340 1968
1440350 1958
1440360 1949
1440370 1949
1440380 1939
1440390 1921
1440400 1921
1440410 1911
1440420 1902
1440430 1902
1440440 1891
1440450 1881
1440460 1881
1440470 1869
1440480 1861
1440490 1861
1440500 1854
1440510 1847
1440520 1847
1440530 1840
1440540 1832
1440550 1826
1440560 1826
1440570 1819
1440580 1814
1440590 1814
1440600 1808
1440610 1803
1440620 1803
1440630 1797
1440640 1792
1440650 1792
1440660 1782
1440670 1773
1440680 1773
1440690 1765
1440700 1757
1440710 1757
1440720 1753
1440730 1750
1440740 1750
1440750 1740
1440760 1737
1440770 1734
1440780 1734
1440790 1731
1440800 1728
1440810 1728
1440820 1726
1440830 1723
1440840 1723
1440850 1720
1440860 1717
1440870 1717
1440880 1714
1440890 1711
1440900 1711
1440910 1708
1440920 1706
1440930 1706
1440940 1705
1440950 1704
1440960 1707
1440970 1707
1440980 1708
1440990 1710
1441000 1710
1441010 1714
1441020 1718
1441030 1718
1441040 1723
1441050 1730
1441060 1730
1441070 1739
1441080 1745
1441090 1745
1441100 1752
1441110 1760
1441120 1760
1441130 1769
1441140 1774
1441150 1774
1441160 1784
1441170 1800
1441180 1808
1441190 1808
1441200 1811
1441210 1813
1441220 1813
1441230 1814
1441240 1814
1441250 1814
1441260 1817
1441270 1822
1441280 1822
1441290 1829
1441300 1833
1441310 1833
1441320 1840
1441330 1847
1441340 1847
1441350 1853
1441360 1860
1441370 1867
1441380 1867
1441390 1875
1441400 1882
1441410 1882
1441420 1890
1441430 1898
1441440 1898
1441450 1907
1441460 1915
1441470 1915
1441480 1921
1441490 1929
1441500 1929
1441510 1937
1441520 1945
1441530 1945
1441540 1953
1441550 1959
1441560 1959
1441570 1965
1441580 1972
1441590 1976
1441600 1976
1441610 1981
1441620 1987
1441630 1987
1441640 1993
1441650 1997
1441660 1997
1441670 2001
1441680 2007
1441690 2007
1441700 2013
1441710 2018
1441720 2018
1441730 2022
1441740 2026
1441750 2026
1441760 2030
1441770 2033
1441780 2036
1441790 2036
1441800 2038
1441810 2041
1441820 2041
1441830 2042
1441840 2044
1441850 2044
1441860 2046
1441870 2049
1441880 2049
1441890 2053
1441900 2057
1441910 2057
1441920 2062
1441930 2066
1441940 2066
1441950 2070
1441960 2073
1441970 2073
1441980 2076
1441990 2079
1442000 2083
1442010 2083
1442020 2087
1442030 2089
1442040 2089
1442050 2092
1442060 2095
1442070 2095
1442080 2097
1442090 2102
1442100 2102
1442110 2107
1442120 2111
1442130 2111
1442140 2115
1442150 2118
1442160 2118
1442170 2120
1442180 2121
1442190 2125
1442200 2125
1442210 2128
1442220 2131
1442230 2131
1442240 2133
1442250 2135
1442260 2135
1442270 2138
1442280 2141
1442290 2141
1442300 2143
1442310 2146
1442320 2146
1442330 2148
1442340 2150
1442350 2150
1442360 2153
1442370 2157
1442380 2157
1442390 2160
1442400 2162
1442410 2165
1442420 2165
1442430 2168
1442440 2170
1442450 2170
1442460 2171
1442470 2174
1442480 2174
1442490 2175
1442500 2177
1442510 2177
1442520 2179
1442530 2182
1442540 2182
1442550 2186
1442560 2189
1442570 2189
1442580 2192
1442590 2193
1442600 2194
1442610 2194
1442620 2194
1442630 2195
1442640 2195
1442650 2198
1442660 2202
1442670 2202
1442680 2209
1442690 2213
1442700 2213
1442710 2215
1442720 2217
1442730 2217
1442740 2220
1442750 2222
1442760 2222
1442770 2223
1442780 2224
1442790 2224
1442800 2224
1442810 2225
1442820 2227
1442830 2227
1442840 2226
1442850 2224
1442860 2224
1442870 2225
1442880 2225
1442890 2225
1442900 2226
1442910 2228
1442920 2228
1442930 2230
1442940 2232
1442950 2232
1442960 2235
1442970 2237
1442980 2237
1442990 2237
1443000 2238
1443010 2243
1443020 2243
1443030 2244
1443040 2243
1443050 2243
1443060 2244
1443070 2248
1443080 2248
1443090 2253
1443100 2255
1443110 2255
1443120 2257
1443130 2258
1443140 2258
1443150 2257
1443160 2257
1443170 2257
1443180 2260
1443190 2264
1443200 2268
1443210 2268
1443220 2271
1443230 2271
1443240 2271
1443250 2271
1443260 2273
1443270 2273
1443280 2275
1443290 2276
1443300 2276
1443310 2275
1443320 2275
1443330 2275
1443340 2275
1443350 2275
1443360 2275
1443370 2276
1443380 2276
1443390 2276
1443400 2276
1443410 2275
1443420 2274
1443430 2274
1443440 2272
1443450 2270
1443460 2270
1443470 2269
1443480 2267
1443490 2267
1443500 2264
1443510 2261
1443520 2261
1443530 2259
1443540 2257
1443550 2257
1443560 2255
1443570 2254
1443580 2254
1443590 2252
1443600 2248
1443610 2245
1443620 2245
1443630 2242
1443640 2239
1443650 2239
1443660 2236
1443670 2233
1443680 2233
1443690 2228
1443700 2222
1443710 2222
1443720 2218
1443730 2214
1443740 2214
1443750 2211
1443760 2208
1443770 2208
1443780 2205
1443790 2203
1443800 2203
1443810 2201
1443820 2199
1443830 2197
1443840 2197
1443850 2197
1443860 2196
1443870 2196
1443880 2194
1443890 2191
1443900 2191
1443910 2189
1443920 2188
1443930 2188
1443940 2187
1443950 2184
1443960 2184
1443970 2181
1443980 2178
1443990 2178
1444000 2174
1444010 2169
1444020 2163
1444030 2163
1444040 2158
1444050 2153
1444060 2153
1444070 2152
1444080 2151
1444090 2151
1444100 2149
1444110 2148
1444120 2148
1444130 2149
1444140 2148
1444150 2148
1444160 2146
1444170 2139
1444180 2139
1444190 2133
1444200 2130
1444210 2130
1444220 2125
1444230 2115
1444240 2101
1444250 2101
1444260 2090
1444270 2079
1444280 2079
1444290 2068
1444300 2066
1444310 2066
1444320 2076
1444330 2078
1444340 2078
1444350 2066
1444360 2055
1444370 2055
1444380 2050
1444390 2048
1444400 2048
1444410 2048
1444420 2046
1444430 2044
1444440 2044
1444450 2043
1444460 2042
1444470 2042
1444480 2042
1444490 2042
1444500 2042
1444510 2044
1444520 2046
1444530 2046
1444540 2047
1444550 2050
1444560 2050
1444570 2053
1444580 2057
1444590 2057
1444600 2062
1444610 2069
1444620 2069
1444630 2076
1444640 2083
1444650 2089
1444660 2089
1444670 2095
1444680 2101
1444690 2101
1444700 2104
1444710 2106
1444720 2106
1444730 2109
1444740 2116
1444750 2116
1444760 2122
1444770 2127
1444780 2127
1444790 2132
1444800 2139
1444810 2139
1444820 2146
1444830 2153
1444840 2159
1444850 2159
1444860 2164
1444870 2169
1444880 2169
1444890 2173
1444900 2176
1444910 2176
1444920 2179
1444930 2183
1444940 2183
1444950 2187
1444960 2190
1444970 2190
1444980 2194
1444990 2197
1445000 2197
1445010 2199
1445020 2201
1445030 2201
1445040 2202
1445050 2204
1445060 2206
1445070 2206
1445080 2208
1445090 2209
1445100 2209
1445110 2210
1445120 2210
1445130 2210
1445140 2211
1445150 2213
1445160 2213
1445170 2214
1445180 2215
1445190 2215
1445200 2216
1445210 2217
1445220 2217
1445230 2218
1445240 2218
1445250 2220
1445260 2220
1445270 2221
1445280 2222
1445290 2222
1445300 2223
1445310 2224
1445320 2224
1445330 2225
1445340 2226
1445350 2226
1445360 2228
1445370 2231
1445380 2231
1445390 2235
1445400 2240
1445410 2240
1445420 2246
1445430 2252
1445440 2252
1445450 2258
1445460 2267
1445470 2272
1445480 2272
1445490 2278
1445500 2284
1445510 2284
1445520 2292
1445530 2298
1445540 2298
1445550 2302
1445560 2307
1445570 2307
1445580 2312
1445590 2315
1445600 2315
1445610 2318
1445620 2321
1445630 2321
1445640 2322
1445650 2324
1445660 2326
1445670 2326
1445680 2326
1445690 2325
1445700 2325
1445710 2323
1445720 2321
1445730 2321
1445740 2320
1445750 2319
1445760 2319
1445770 2319
1445780 2319
1445790 2319
1445800 2320
1445810 2323
1445820 2323
1445830 2326
1445840 2329
1445850 2329
1445860 2332
1445870 2333
1445880 2334
1445890 2334
1445900 2337
1445910 2340
1445920 2340
1445930 2342
1445940 2347
1445950 2347
1445960 2353
1445970 2359
1445980 2359
1445990 2365
1446000 2371
1446010 2371
1446020 2377
1446030 2383
1446040 2383
1446050 2388
1446060 2391
1446070 2393
1446080 2393
1446090 2396
1446100 2399
1446110 2399
1446120 2403
1446130 2407
1446140 2407
1446150 2411
1446160 2416
1446170 2416
1446180 2420
1446190 2424
1446200 2424
1446210 2427
1446220 2429
1446230 2429
1446240 2431
1446250 2432
1446260 2432
1446270 2433
1446280 2434
1446290 2434
1446300 2434
1446310 2434
1446320 2437
1446330 2437
1446340 2438
1446350 2441
1446360 2441
1446370 2444
1446380 2447
1446390 2447
1446400 2450
1446410 2453
1446420 2453
1446430 2457
1446440 2460
1446450 2460
1446460 2463
1446470 2466
1446480 2471
1446490 2471
1446500 2474
1446510 2477
1446520 2477
1446530 2481
1446540 2486
1446550 2486
1446560 2491
1446570 2495
1446580 2495
1446590 2499
1446600 2502
1446610 2502
1446620 2505
1446630 2507
1446640 2507
1446650 2507
1446660 2505
1446670 2505
1446680 2508
1446690 2512
1446700 2515
1446710 2515
1446720 2516
1446730 2515
1446740 2515
1446750 2512
1446760 2508
1446770 2508
1446780 2506
1446790 2505
1446800 2505
1446810 2506
1446820 2508
1446830 2508
1446840 2511
1446850 2514
1446860 2514
1446870 2517
1446880 2522
1446890 2527
1446900 2527
1446910 2532
1446920 2539
1446930 2539
1446940 2545
1446950 2552
1446960 2552
1446970 2559
1446980 2566
1446990 2566
1447000 2573
1447010 2580
1447020 2580
1447030 2588
1447040 2596
1447050 2596
1447060 2605
1447070 2621
1447080 2621
1447090 2637
1447100 2644
1447110 2652
1447120 2652
1447130 2660
1447140 2667
1447150 2667
1447160 2673
1447170 2686
1447180 2686
1447190 2701
1447200 2711
1447210 2711
1447220 2722
1447230 2729
1447240 2729
1447250 2736
1447260 2740
1447270 2740
1447280 2744
1447290 2747
1447300 2751
1447310 2751
1447320 2755
1447330 2758
1447340 2758
1447350 2761
1447360 2764
1447370 2764
1447380 2767
1447390 2769
1447400 2769
1447410 2772
1447420 2775
1447430 2777
1447440 2779
1447450 2781
1447460 2781
1447470 2783
1447480 2785
1447490 2785
1447500 2787
1447510 2788
1447520 2789
1447530 2789
1447540 2789
1447550 2784
1447560 2784
1447570 2775
1447580 2767
1447590 2767
1447600 2759
1447610 2750
1447620 2750
1447630 2741
1447640 2733
1447650 2733
1447660 2725
1447670 2715
1447680 2715
1447690 2704
1447700 2692
1447710 2685
1447720 2685
1447730 2678
1447740 2671
1447750 2671
1447760 2664
1447770 2657
1447780 2657
1447790 2650
1447800 2644
1447810 2644
1447820 2638
1447830 2631
1447840 2631
1447850 2625
1447860 2619
1447870 2619
1447880 2613
1447890 2607
1447900 2607
1447910 2602
1447920 2596
1447930 2591
1447940 2591
1447950 2586
1447960 2582
1447970 2582
1447980 2578
1447990 2574
1448000 2574
1448010 2571
1448020 2568
1448030 2568
1448040 2567
1448050 2565
1448060 2565
1448070 2562
1448080 2561
1448090 2561
1448100 2559
1448110 2556
1448120 2552
1448130 2552
1448140 2549
1448150 2546
1448160 2546
1448170 2549
1448180 2551
1448190 2551
1448200 2551
1448210 2554
1448220 2554
1448230 2552
1448240 2552
1448250 2552
1448260 2551
1448270 2548
1448280 2548
1448290 2543
1448300 2538
1448310 2538
1448320 2536
1448330 2532
1448340 2527
1448350 2527
1448360 2523
1448370 2517
1448380 2517
1448390 2514
1448400 2511
1448410 2511
1448420 2510
1448430 2509
1448440 2509
1448450 2505
1448460 2496
1448470 2496
1448480 2488
1448490 2481
1448500 2481
1448510 2471
1448520 2462
1448530 2446
1448540 2446
1448550 2425
1448560 2414
1448570 2414
1448580 2399
1448590 2387
1448600 2387
1448610 2380
1448620 2374
1448630 2374
1448640 2368
1448650 2362
1448660 2362
1448670 2356
1448680 2351
1448690 2351
1448700 2346
1448710 2342
1448720 2342
1448730 2337
1448740 2332
1448750 2328
1448760 2328
1448770 2324
1448780 2321
1448790 2321
1448800 2320
1448810 2320
1448820 2320
1448830 2320
1448840 2320
1448850 2320
1448860 2320
1448870 2320
1448880 2320
1448890 2320
1448900 2320
1448910 2320
1448920 2320
1448930 2320
1448940 2320
1448950 2320
1448960 2320
1448970 2320
1448980 2320
1448990 2320
1449000 2320
1449010 2320
1449020 2320
1449030 2320
1449040 2320
1449050 2320
1449060 2320
1449070 2320
1449080 2320
1449090 2320
1449100 2320
1449110 2320
1449120 2320
1449130 2320
1449140 2320
1449150 2320
1449160 2320
1449170 2320
1449180 2320
1449190 2320
1449200 2320
1449210 2320
1449220 2321
1449230 2321
1449240 2323
1449250 2326
1449260 2326
1449270 2329
1449280 2332
1449290 2332
1449300 2333
1449310 2332
1449320 2332
1449330 2331
1449340 2329
1449350 2326
1449360 2326
1449370 2323
1449380 2319
1449390 2319
1449400 2315
1449410 2312
1449420 2312
1449430 2308
1449440 2304
1449450 2304
1449460 2300
1449470 2295
1449480 2295
1449490 2290
1449500 2284
1449510 2284
1449520 2278
1449530 2271
1449540 2271
1449550 2265
1449560 2257
1449570 2251
1449580 2251
1449590 2247
1449600 2243
1449610 2243
1449620 2238
1449630 2232
1449640 2232
1449650 2225
1449660 2216
1449670 2216
1449680 2207
1449690 2201
1449700 2201
1449710 2197
1449720 2194
1449730 2194
1449740 2192
1449750 2189
1449760 2187
1449770 2187
1449780 2183
1449790 2180
1449800 2180
1449810 2177
1449820 2173
1449830 2173
1449840 2170
1449850 2167
1449860 2167
1449870 2164
1449880 2161
1449890 2161
1449900 2159
1449910 2157
1449920 2157
1449930 2156
1449940 2157
1449950 2157
1449960 2157
1449970 2154
1449980 2149
1449990 2149
1450000 2142
1450010 2137
1450020 2137
1450030 2130
1450040 2124
1450050 2124
1450060 2119
1450070 2114
1450080 2114
1450090 2110
1450100 2105
1450110 2105
1450120 2102
1450130 2101
1450140 2101
1450150 2099
1450160 2096
1450170 2092
1450180 2092
1450190 2089
1450200 2084
1450210 2084
1450220 2077
1450230 2072
1450240 2072
1450250 2068
1450260 2062
1450270 2062
1450280 2057
1450290 2053
1450300 2053
1450310 2047
1450320 2042
1450330 2042
1450340 2034
1450350 2029
1450360 2029
1450370 2023
1450380 2010
1450390 1998
1450400 1998
1450410 1988
1450420 1979
1450430 1979
1450440 1968
1450450 1958
1450460 1958
1450470 1951
1450480 1943
1450490 1943
1450500 1937
1450510 1930
1450520 1930
1450530 1924
1450540 1919
1450550 1919
1450560 1913
1450570 1908
1450580 1902
1450590 1902
1450600 1896
1450610 1890
1450620 1890
1450630 1887
1450640 1883
1450650 1883
1450660 1878
1450670 1872
1450680 1872
1450690 1865
1450700 1859
1450710 1859
1450720 1852
1450730 1848
1450740 1848
1450750 1846
1450760 1840
1450770 1834
1450780 1834
1450790 1828
1450800 1825
1450810 1825
1450820 1822
1450830 1818
1450840 1818
1450850 1815
1450860 1811
1450870 1811
1450880 1807
1450890 1805
1450900 1805
1450910 1803
1450920 1800
1450930 1800
1450940 1797
1450950 1795
1450960 1795
1450970 1797
1450980 1800
1450990 1799
1451000 1799
1451010 1793
1451020 1786
1451030 1788
1451040 1781
1451050 1777
1451060 1777
1451070 1768
1451080 1761
1451090 1761
1451100 1759
1451110 1754
1451120 1754
1451130 1748
1451140 1744
1451150 1744
1451160 1741
1451170 1741
1451180 1740
1451190 1740
1451200 1737
1451210 1732
1451220 1732
1451230 1731
1451240 1730
1451250 1730
1451260 1729
1451270 1728
1451280 1728
1451290 1728
1451300 1727
1451310 1727
1451320 1727
1451330 1726
1451340 1726
1451350 1725
1451360 1724
1451370 1724
1451380 1723
1451390 1722
1451400 1721
1451410 1721
1451420 1719
1451430 1718
1451440 1718
1451450 1718
1451460 1720
1451470 1720
1451480 1721
1451490 1722
1451500 1722
1451510 1723
1451520 1723
1451530 1723
1451540 1724
1451550 1725
1451560 1725
1451570 1725
1451580 1726
1451590 1727
1451600 1727
1451610 1728
1451620 1730
1451630 1730
1451640 1730
1451650 1731
1451660 1731
1451670 1732
1451680 1733
1451690 1733
1451700 1735
1451710 1736
1451720 1736
1451730 1737
1451740 1739
1451750 1739
1451760 1740
1451770 1742
1451780 1742
1451790 1743
1451800 1744
1451810 1745
1451820 1745
1451830 1750
1451840 1754
1451850 1754
1451860 1758
1451870 1766
1451880 1766
1451890 1774
1451900 1783
1451910 1783
1451920 1789
1451930 1795
1451940 1795
1451950 1801
1451960 1807
1451970 1807
1451980 1815
1451990 1823
1452000 1830
1452010 1830
1452020 1837
1452030 1844
1452040 1844
1452050 1853
1452060 1861
1452070 1861
1452080 1869
1452090 1876
1452100 1876
1452110 1883
1452120 1892
1452130 1892
1452140 1903
1452150 1913
1452160 1913
1452170 1921
1452180 1931
1452190 1931
1452200 1943
1452210 1952
1452220 1961
1452230 1961
1452240 1969
1452250 1977
1452260 1977
1452270 1984
1452280 1993
1452290 1993
1452300 2003
1452310 2011
1452320 2011
1452330 2019
1452340 2028
1452350 2028
1452360 2036
1452370 2049
1452380 2049
1452390 2063
1452400 2075
1452410 2084
1452420 2084
1452430 2090
1452440 2094
1452450 2094
1452460 2097
1452470 2098
1452480 2098
1452490 2099
1452500 2100
1452510 2100
1452520 2101
1452530 2103
1452540 2103
1452550 2107
1452560 2113
1452570 2113
1452580 2118
1452590 2123
1452600 2123
1452610 2126
1452620 2127
1452630 2128
1452640 2128
1452650 2129
1452660 2129
1452670 2129
1452680 2132
1452690 2137
1452700 2137
1452710 2142
1452720 2147
1452730 2147
1452740 2151
1452750 2153
1452760 2153
1452770 2155
1452780 2157
1452790 2157
1452800 2158
1452810 2160
1452820 2162
1452830 2162
1452840 2162
1452850 2162
1452860 2162
1452870 2162
1452880 2162
1452890 2162
1452900 2164
1452910 2166
1452920 2166
1452930 2169
1452940 2173
1452950 2173
1452960 2177
1452970 2184
1452980 2184
1452990 2190
1453000 2193
1453010 2193
1453020 2193
1453030 2192
1453040 2190
1453050 2190
1453060 2185
1453070 2179
1453080 2179
1453090 2174
1453100 2168
1453110 2168
1453120 2166
1453130 2164
1453140 2164
1453150 2163
1453160 2163
1453170 2163
1453180 2164
1453190 2165
1453200 2165
1453210 2165
1453220 2166
1453230 2167
1453240 2167
1453250 2168
1453260 2169
1453270 2169
1453280 2173
1453290 2178
1453300 2178
1453310 2182
1453320 2188
1453330 2188
1453340 2194
1453350 2201
1453360 2201
1453370 2206
1453380 2209
1453390 2209
1453400 2212
1453410 2215
1453420 2215
1453430 2217
1453440 2218
1453450 2219
1453460 2219
1453470 2220
1453480 2220
1453490 2220
1453500 2221
1453510 2221
1453520 2221
1453530 2220
1453540 2219
1453550 2219
1453560 2214
1453570 2210
1453580 2210
1453590 2209
1453600 2210
1453610 2210
1453620 2210
1453630 2210
1453640 2209
1453650 2209
1453660 2209
1453670 2207
1453680 2207
1453690 2206
1453700 2206
1453710 2206
1453720 2206
1453730 2205
1453740 2205
1453750 2202
1453760 2201
1453770 2201
1453780 2201
1453790 2201
1453800 2201
1453810 2204
1453820 2206
1453830 2206
1453840 2209
1453850 2213
1453860 2218
1453870 2218
1453880 2223
1453890 2229
1453900 2229
1453910 2236
1453920 2242
1453930 2242
1453940 2248
1453950 2254
1453960 2254
1453970 2260
1453980 2267
1453990 2267
1454000 2281
1454010 2292
1454020 2292
1454030 2298
1454040 2300
1454050 2302
1454060 2302
1454070 2304
1454080 2306
1454090 2306
1454100 2310
1454110 2314
1454120 2314
1454130 2319
1454140 2325
1454150 2325
1454160 2330
1454170 2337
1454180 2337
1454190 2346
1454200 2355
1454210 2355
1454220 2360
1454230 2365
1454240 2365
1454250 2371
1454260 2378
1454270 2386
1454280 2386
1454290 2393
1454300 2397
1454310 2397
1454320 2403
1454330 2409
1454340 2409
1454350 2416
1454360 2422
1454370 2422
1454380 2427
1454390 2431
1454400 2431
1454410 2434
1454420 2438
1454430 2438
1454440 2444
1454450 2451
1454460 2456
1454470 2456
1454480 2462
1454490 2467
1454500 2467
1454510 2473
1454520 2479
1454530 2479
1454540 2484
1454550 2489
1454560 2489
1454570 2495
1454580 2500
1454590 2500
1454600 2507
1454610 2513
1454620 2513
1454630 2520
1454640 2527
1454650 2527
1454660 2534
1454670 2542
1454680 2549
1454690 2549
1454700 2556
1454710 2563
1454720 2563
1454730 2571
1454740 2580
1454750 2580
1454760 2597
1454770 2612
1454780 2612
1454790 2631
1454800 2646
1454810 2646
1454820 2656
1454830 2676
1454840 2676
1454850 2704
1454860 2715
1454870 2726
1454880 2726
1454890 2738
1454900 2750
1454910 2750
1454920 2760
1454930 2771
1454940 2771
1454950 2782
1454960 2789
1454970 2789
1454980 2794
1454990 2795
1455000 2795
1455010 2790
1455020 2785
1455030 2785
1455040 2780
1455050 2779
1455060 2779
1455070 2774
1455080 2766
1455090 2761
1455100 2761
1455110 2755
1455120 2749
1455130 2749
1455140 2743
1455150 2735
1455160 2735
1455170 2726
1455180 2716
1455190 2716
1455200 2708
1455210 2698
1455220 2698
1455230 2688
1455240 2681
1455250 2681
1455260 2673
1455270 2661
1455280 2647
1455290 2647
1455300 2634
1455310 2617
1455320 2617
1455330 2603
1455340 2591
1455350 2591
1455360 2578
1455370 2565
1455380 2565
1455390 2553
1455400 2538
1455410 2538
1455420 2523
1455430 2507
1455440 2507
1455450 2496
1455460 2488
1455470 2488
1455480 2481
1455490 2474
1455500 2467
1455510 2467
1455520 2461
1455530 2454
1455540 2454
1455550 2447
1455560 2441
1455570 2441
1455580 2434
1455590 2427
1455600 2427
1455610 2422
1455620 2417
1455630 2417
1455640 2412
1455650 2407
1455660 2407
1455670 2403
1455680 2399
1455690 2394
1455700 2394
1455710 2390
1455720 2387
1455730 2387
1455740 2383
1455750 2380
1455760 2380
1455770 2376
1455780 2373
1455790 2373
1455800 2371
1455810 2369
1455820 2369
1455830 2368
1455840 2364
1455850 2364
1455860 2357
1455870 2348
1455880 2348
1455890 2338
1455900 2330
1455910 2321
1455920 2321
1455930 2313
1455940 2306
1455950 2306
1455960 2300
1455970 2293
1455980 2293
1455990 2287
1456000 2284
1456010 2284
1456020 2282
1456030 2282
1456040 2282
1456050 2283
1456060 2284
1456070 2284
1456080 2286
1456090 2289
1456100 2288
1456110 2288
1456120 2279
1456130 2270
1456140 2270
1456150 2261
1456160 2253
1456170 2253
1456180 2245
1456190 2238
1456200 2238
1456210 2231
1456220 2224
1456230 2224
1456240 2218
1456250 2213
1456260 2213
1456270 2206
1456280 2199
1456290 2199
1456300 2195
1456310 2194
1456320 2191
1456330 2191
1456340 2188
1456350 2186
1456360 2186
1456370 2181
1456380 2175
1456390 2175
1456400 2168
1456410 2164
1456420 2164
1456430 2161
1456440 2154
1456450 2154
1456460 2144
1456470 2134
1456480 2134
1456490 2127
1456500 2121
1456510 2115
1456520 2115
1456530 2109
1456540 2104
1456550 2104
1456560 2093
1456570 2082
1456580 2082
1456590 2079
1456600 2075
1456610 2075
1456620 2067
1456630 2061
1456640 2061
1456650 2055
1456660 2048
1456670 2048
1456680 2044
1456690 2044
1456700 2044
1456710 2043
1456720 2040
1456730 2035
1456740 2035
1456750 2030
1456760 2025
1456770 2025
1456780 2021
1456790 2016
1456800 2016
1456810 2011
1456820 2006
1456830 2006
1456840 2002
1456850 1997
1456860 1997
1456870 1993
1456880 1988
1456890 1988
1456900 1984
1456910 1978
1456920 1974
1456930 1974
1456940 1970
1456950 1966
1456960 1966
1456970 1961
1456980 1957
1456990 1957
1457000 1954
1457010 1949
1457020 1949
1457030 1945
1457040 1941
1457050 1941
1457060 1937
1457070 1933
1457080 1933
1457090 1930
1457100 1926
1457110 1926
1457120 1922
1457130 1920
1457140 1919
1457150 1919
1457160 1918
1457170 1916
1457180 1916
1457190 1914
1457200 1912
1457210 1912
1457220 1910
1457230 1908
1457240 1908
1457250 1907
1457260 1908
1457270 1908
1457280 1908
1457290 1906
1457300 1906
1457310 1905
1457320 1904
1457330 1901
1457340 1901
1457350 1899
1457360 1899
1457370 1899
1457380 1898
1457390 1897
1457400 1897
1457410 1897
1457420 1897
1457430 1897
1457440 1897
1457450 1895
1457460 1895
1457470 1893
1457480 1891
1457490 1891
1457500 1889
1457510 1888
1457520 1888
1457530 1888
1457540 1886
1457550 1885
1457560 1885
1457570 1884
1457580 1883
1457590 1883
1457600 1882
1457610 1880
1457620 1880
1457630 1878
1457640 1876
1457650 1876
1457660 1874
1457670 1873
1457680 1873
1457690 1872
1457700 1870
1457710 1870
1457720 1868
1457730 1865
1457740 1862
1457750 1862
1457760 1859
1457770 1856
1457780 1856
1457790 1854
1457800 1853
1457810 1853
1457820 1852
1457830 1850
1457840 1850
1457850 1848
1457860 1846
1457870 1846
1457880 1844
1457890 1842
1457900 1842
1457910 1839
1457920 1837
1457930 1837
1457940 1834
1457950 1829
1457960 1823
1457970 1823
1457980 1818
1457990 1814
1458000 1814
1458010 1809
1458020 1806
1458030 1806
1458040 1801
1458050 1796
1458060 1796
1458070 1792
1458080 1788
1458090 1788
1458100 1785
1458110 1782
1458120 1782
1458130 1780
1458140 1777
1458150 1776
1458160 1776
1458170 1774
1458180 1773
1458190 1773
1458200 1773
1458210 1772
1458220 1772
1458230 1772
1458240 1772
1458250 1772
1458260 1772
1458270 1771
1458280 1771
1458290 1771
1458300 1771
1458310 1771
1458320 1770
1458330 1770
1458340 1770
1458350 1770
1458360 1769
1458370 1769
1458380 1769
1458390 1768
1458400 1768
1458410 1768
1458420 1768
1458430 1768
1458440 1768
1458450 1768
1458460 1768
1458470 1768
1458480 1768
1458490 1768
1458500 1768
1458510 1768
1458520 1767
1458530 1767
1458540 1767
1458550 1766
1458560 1766
1458570 1766
1458580 1765
1458590 1765
1458600 1765
1458610 1765
1458620 1765
1458630 1765
1458640 1764
1458650 1764
1458660 1764
1458670 1764
1458680 1763
1458690 1763
1458700 1762
1458710 1763
1458720 1763
1458730 1763
1458740 1763
1458750 1763
1458760 1763
1458770 1762
1458780 1762
1458790 1762
1458800 1762
1458810 1766
1458820 1766
1458830 1771
1458840 1776
1458850 1776
1458860 1782
1458870 1784
1458880 1784
1458890 1785
1458900 1786
1458910 1786
1458920 1788
1458930 1787
1458940 1787
1458950 1785
1458960 1781
1458970 1778
1458980 1778
1458990 1778
1459000 1772
1459010 1772
1459020 1767
1459030 1766
1459040 1766
1459050 1766
1459060 1765
1459070 1765
1459080 1764
1459090 1764
1459100 1764
1459110 1763
1459120 1763
1459130 1763
1459140 1764
1459150 1766
1459160 1768
1459170 1768
1459180 1771
1459190 1771
1459200 1771
1459210 1770
1459220 1771
1459230 1771
1459240 1772
1459250 1773
1459260 1773
1459270 1775
1459280 1775
1459290 1775
1459300 1775
1459310 1773
1459320 1773
1459330 1769
1459340 1764
1459350 1764
1459360 1758
1459370 1753
1459380 1749
1459390 1749
1459400 1747
1459410 1747
1459420 1747
1459430 1748
1459440 1750
1459450 1750
1459460 1752
1459470 1754
1459480 1754
1459490 1754
1459500 1755
1459510 1755
1459520 1756
1459530 1757
1459540 1757
1459550 1757
1459560 1758
1459570 1757
1459580 1757
1459590 1755
1459600 1751
1459610 1751
1459620 1746
1459630 1741
1459640 1741
1459650 1736
1459660 1733
1459670 1733
1459680 1730
1459690 1729
1459700 1726
1459710 1724
1459720 1722
1459730 1722
1459740 1722
1459750 1723
1459760 1723
1459770 1723
1459780 1723
1459790 1722
1459800 1722
1459810 1722
1459820 1722
1459830 1722
1459840 1721
1459850 1720
1459860 1720
1459870 1717
1459880 1715
1459890 1715
1459900 1711
1459910 1709
1459920 1709
1459930 1707
1459940 1706
1459950 1706
1459960 1703
1459970 1701
1459980 1700
1459990 1700
