1440000 2157
1440010 2149
1440020 2149
1440030 2143
1440040 2138
1440050 2138
1440060 2132
1440070 2124
1440080 2124
1440090 2116
1440100 2109
1440110 2109
1440120 2103
1440130 2098
1440140 2098
1440150 2092
1440160 2085
1440170 2085
1440180 2077
1440190 2071
1440200 2065
1440210 2065
1440220 2058
1440230 2050
1440240 2050
1440250 2043
1440260 2036
1440270 2036
1440280 2029
1440290 2021
1440300 2021
1440310 2012
1440320 2003
1440330 2003
1440340 1994
1440350 1985
1440360 1985
1440370 1976
1440380 1967
1440390 1953
1440400 1953
1440410 1941
1440420 1931
1440430 1931
1440440 1920
1440450 1909
1440460 1909
1440470 1899
1440480 1890
1440490 1890
1440500 1882
1440510 1872
1440520 1872
1440530 1864
1440540 1857
1440550 1857
1440560 1853
1440570 1850
1440580 1850
1440590 1843
1440600 1834
1440610 1827
1440620 1827
1440630 1822
1440640 1816
1440650 1816
1440660 1810
1440670 1800
1440680 1800
1440690 1789
1440700 1783
1440710 1783
1440720 1777
1440730 1771
1440740 1771
1440750 1764
1440760 1758
1440770 1758
1440780 1753
1440790 1749
1440800 1745
1440810 1745
1440820 1742
1440830 1740
1440840 1740
1440850 1737
1440860 1734
1440870 1734
1440880 1727
1440890 1721
1440900 1721
1440910 1720
1440920 1715
1440930 1715
1440940 1706
1440950 1701
1440960 1701
1440970 1696
1440980 1697
1440990 1697
1441000 1698
1441010 1700
1441020 1701
1441030 1701
1441040 1703
1441050 1706
1441060 1706
1441070 1710
1441080 1715
1441090 1715
1441100 1719
1441110 1722
1441120 1722
1441130 1727
1441140 1732
1441150 1732
1441160 1735
1441170 1741
1441180 1741
1441190 1746
1441200 1751
1441210 1756
1441220 1756
1441230 1763
1441240 1772
1441250 1772
1441260 1780
1441270 1785
1441280 1785
1441290 1791
1441300 1798
1441310 1798
1441320 1804
1441330 1809
1441340 1809
1441350 1815
1441360 1822
1441370 1822
1441380 1829
1441390 1836
1441400 1836
1441410 1844
1441420 1848
1441430 1854
1441440 1854
1441450 1862
1441460 1869
1441470 1869
1441480 1878
1441490 1886
1441500 1886
1441510 1894
1441520 1901
1441530 1901
1441540 1908
1441550 1915
1441560 1915
1441570 1923
1441580 1930
1441590 1930
1441600 1936
1441610 1943
1441620 1950
1441630 1950
1441640 1955
1441650 1961
1441660 1961
1441670 1966
1441680 1969
1441690 1969
1441700 1970
1441710 1971
1441720 1971
1441730 1975
1441740 1980
1441750 1980
1441760 1985
1441770 1989
1441780 1989
1441790 1993
1441800 1997
1441810 1997
1441820 2000
1441830 2003
1441840 2006
1441850 2006
1441860 2010
1441870 2012
1441880 2012
1441890 2016
1441900 2020
1441910 2020
1441920 2023
1441930 2026
1441940 2026
1441950 2031
1441960 2035
1441970 2035
1441980 2040
1441990 2044
1442000 2044
1442010 2047
1442020 2046
1442030 2050
1442040 2050
1442050 2053
1442060 2055
1442070 2055
1442080 2058
1442090 2062
1442100 2062
1442110 2064
1442120 2065
1442130 2065
1442140 2067
1442150 2070
1442160 2070
1442170 2072
1442180 2074
1442190 2074
1442200 2076
1442210 2078
1442220 2078
1442230 2079
1442240 2081
1442250 2083
1442260 2083
1442270 2086
1442280 2090
1442290 2090
1442300 2095
1442310 2098
1442320 2098
1442330 2101
1442340 2105
1442350 2105
1442360 2109
1442370 2112
1442380 2112
1442390 2115
1442400 2116
1442410 2116
1442420 2119
1442430 2122
1442440 2126
1442450 2126
1442460 2128
1442470 2130
1442480 2130
1442490 2131
1442500 2133
1442510 2133
1442520 2136
1442530 2138
1442540 2138
1442550 2139
1442560 2138
1442570 2138
1442580 2139
1442590 2140
1442600 2140
1442610 2141
1442620 2142
1442630 2142
1442640 2144
1442650 2145
1442660 2145
1442670 2145
1442680 2145
1442690 2148
1442700 2148
1442710 2150
1442720 2152
1442730 2152
1442740 2152
1442750 2154
1442760 2154
1442770 2155
1442780 2156
1442790 2156
1442800 2155
1442810 2153
1442820 2153
1442830 2154
1442840 2155
1442850 2155
1442860 2155
1442870 2153
1442880 2153
1442890 2153
1442900 2154
1442910 2156
1442920 2156
1442930 2157
1442940 2157
1442950 2157
1442960 2156
1442970 2156
1442980 2156
1442990 2156
1443000 2156
1443010 2156
1443020 2157
1443030 2160
1443040 2160
1443050 2162
1443060 2161
1443070 2161
1443080 2161
1443090 2162
1443100 2162
1443110 2162
1443120 2162
1443130 2164
1443140 2164
1443150 2166
1443160 2169
1443170 2169
1443180 2171
1443190 2174
1443200 2174
1443210 2176
1443220 2177
1443230 2177
1443240 2180
1443250 2184
1443260 2184
1443270 2184
1443280 2186
1443290 2187
1443300 2187
1443310 2188
1443320 2187
1443330 2187
1443340 2186
1443350 2184
1443360 2184
1443370 2182
1443380 2180
1443390 2180
1443400 2179
1443410 2179
1443420 2179
1443430 2180
1443440 2181
1443450 2181
1443460 2182
1443470 2181
1443480 2181
1443490 2181
1443500 2181
1443510 2181
1443520 2181
1443530 2180
1443540 2179
1443550 2179
1443560 2177
1443570 2175
1443580 2175
1443590 2172
1443600 2168
1443610 2168
1443620 2163
1443630 2159
1443640 2159
1443650 2157
1443660 2156
1443670 2156
1443680 2156
1443690 2153
1443700 2150
1443710 2150
1443720 2146
1443730 2143
1443740 2143
1443750 2142
1443760 2144
1443770 2144
1443780 2145
1443790 2144
1443800 2144
1443810 2143
1443820 2142
1443830 2142
1443840 2140
1443850 2138
1443860 2138
1443870 2135
1443880 2134
1443890 2132
1443900 2132
1443910 2131
1443920 2127
1443930 2127
1443940 2124
1443950 2121
1443960 2121
1443970 2118
1443980 2114
1443990 2114
1444000 2108
1444010 2106
1444020 2106
1444030 2098
1444040 2090
1444050 2090
1444060 2084
1444070 2079
1444080 2075
1444090 2075
1444100 2072
1444110 2070
1444120 2070
1444130 2062
1444140 2060
1444150 2060
1444160 2050
1444170 2045
1444180 2045
1444190 2041
1444200 2037
1444210 2037
1444220 2030
1444230 2024
1444240 2024
1444250 2019
1444260 2015
1444270 2015
1444280 2011
1444290 2007
1444300 2006
1444310 2006
1444320 2006
1444330 2005
1444340 2005
1444350 2005
1444360 2004
1444370 2004
1444380 2004
1444390 2004
1444400 2004
1444410 2003
1444420 2005
1444430 2005
1444440 2009
1444450 2012
1444460 2012
1444470 2017
1444480 2022
1444490 2029
1444500 2029
1444510 2035
1444520 2040
1444530 2040
1444540 2044
1444550 2047
1444560 2047
1444570 2048
1444580 2051
1444590 2051
1444600 2055
1444610 2060
1444620 2060
1444630 2063
1444640 2068
1444650 2068
1444660 2072
1444670 2078
1444680 2078
1444690 2082
1444700 2082
1444710 2080
1444720 2080
1444730 2078
1444740 2078
1444750 2078
1444760 2079
1444770 2080
1444780 2080
1444790 2081
1444800 2083
1444810 2083
1444820 2085
1444830 2088
1444840 2088
1444850 2091
1444860 2094
1444870 2094
1444880 2096
1444890 2098
1444900 2101
1444910 2101
1444920 2104
1444930 2108
1444940 2108
1444950 2112
1444960 2116
1444970 2116
1444980 2119
1444990 2123
1445000 2123
1445010 2126
1445020 2130
1445030 2130
1445040 2134
1445050 2137
1445060 2137
1445070 2140
1445080 2143
1445090 2143
1445100 2147
1445110 2150
1445120 2152
1445130 2152
1445140 2154
1445150 2157
1445160 2157
1445170 2160
1445180 2161
1445190 2161
1445200 2161
1445210 2162
1445220 2162
1445230 2163
1445240 2163
1445250 2163
1445260 2165
1445270 2168
1445280 2168
1445290 2171
1445300 2174
1445310 2175
1445320 2175
1445330 2177
1445340 2179
1445350 2179
1445360 2182
1445370 2186
1445380 2186
1445390 2189
1445400 2199
1445410 2199
1445420 2208
1445430 2215
1445440 2215
1445450 2220
1445460 2224
1445470 2224
1445480 2229
1445490 2234
1445500 2239
1445510 2239
1445520 2246
1445530 2252
1445540 2252
1445550 2258
1445560 2261
1445570 2261
1445580 2263
1445590 2265
1445600 2265
1445610 2268
1445620 2269
1445630 2269
1445640 2270
1445650 2269
1445660 2269
1445670 2266
1445680 2264
1445690 2264
1445700 2263
1445710 2263
1445720 2262
1445730 2262
1445740 2261
1445750 2260
1445760 2260
1445770 2259
1445780 2260
1445790 2260
1445800 2261
1445810 2262
1445820 2262
1445830 2265
1445840 2269
1445850 2269
1445860 2273
1445870 2274
1445880 2274
1445890 2274
1445900 2275
1445910 2278
1445920 2278
1445930 2281
1445940 2284
1445950 2284
1445960 2287
1445970 2291
1445980 2291
1445990 2295
1446000 2299
1446010 2299
1446020 2304
1446030 2309
1446040 2309
1446050 2315
1446060 2321
1446070 2321
1446080 2327
1446090 2334
1446100 2334
1446110 2342
1446120 2347
1446130 2353
1446140 2353
1446150 2360
1446160 2368
1446170 2368
1446180 2375
1446190 2379
1446200 2379
1446210 2381
1446220 2383
1446230 2383
1446240 2386
1446250 2389
1446260 2389
1446270 2391
1446280 2396
1446290 2396
1446300 2400
1446310 2404
1446320 2409
1446330 2409
1446340 2413
1446350 2418
1446360 2418
1446370 2423
1446380 2429
1446390 2429
1446400 2435
1446410 2439
1446420 2439
1446430 2442
1446440 2445
1446450 2445
1446460 2448
1446470 2452
1446480 2452
1446490 2458
1446500 2462
1446510 2462
1446520 2464
1446530 2466
1446540 2468
1446550 2468
1446560 2472
1446570 2474
1446580 2474
1446590 2474
1446600 2475
1446610 2475
1446620 2478
1446630 2481
1446640 2481
1446650 2484
1446660 2487
1446670 2487
1446680 2490
1446690 2493
1446700 2493
1446710 2495
1446720 2499
1446730 2502
1446740 2502
1446750 2505
1446760 2509
1446770 2509
1446780 2513
1446790 2517
1446800 2517
1446810 2522
1446820 2526
1446830 2526
1446840 2531
1446850 2536
1446860 2536
1446870 2540
1446880 2544
1446890 2544
1446900 2549
1446910 2554
1446920 2554
1446930 2559
1446940 2565
1446950 2571
1446960 2571
1446970 2577
1446980 2585
1446990 2585
1447000 2592
1447010 2599
1447020 2599
1447030 2606
1447040 2613
1447050 2613
1447060 2621
1447070 2629
1447080 2629
1447090 2641
1447100 2652
1447110 2652
1447120 2664
1447130 2676
1447140 2685
1447150 2685
1447160 2691
1447170 2698
1447180 2698
1447190 2704
1447200 2710
1447210 2710
1447220 2715
1447230 2722
1447240 2722
1447250 2728
1447260 2734
1447270 2734
1447280 2740
1447290 2746
1447300 2746
1447310 2751
1447320 2759
1447330 2759
1447340 2768
1447350 2778
1447360 2786
1447370 2786
1447380 2792
1447390 2798
1447400 2798
1447410 2804
1447420 2810
1447430 2810
1447440 2816
1447450 2822
1447460 2822
1447470 2828
1447480 2834
1447490 2834
1447500 2839
1447510 2846
1447520 2846
1447530 2852
1447540 2860
1447550 2868
1447560 2868
1447570 2878
1447580 2878
1447590 2878
1447600 2859
1447610 2813
1447620 2813
1447630 2794
1447640 2785
1447650 2785
1447660 2775
1447670 2762
1447680 2762
1447690 2751
1447700 2742
1447710 2742
1447720 2734
1447730 2726
1447740 2726
1447750 2719
1447760 2705
1447770 2694
1447780 2694
1447790 2684
1447800 2675
1447810 2675
1447820 2667
1447830 2660
1447840 2660
1447850 2653
1447860 2645
1447870 2645
1447880 2638
1447890 2630
1447900 2630
1447910 2623
1447920 2616
1447930 2616
1447940 2609
1447950 2602
1447960 2595
1447970 2595
1447980 2589
1447990 2582
1448000 2582
1448010 2576
1448020 2570
1448030 2570
1448040 2564
1448050 2558
1448060 2558
1448070 2553
1448080 2547
1448090 2547
1448100 2542
1448110 2537
1448120 2537
1448130 2532
1448140 2528
1448150 2528
1448160 2524
1448170 2521
1448180 2519
1448190 2519
1448200 2517
1448210 2515
1448220 2515
1448230 2514
1448240 2512
1448250 2512
1448260 2511
1448270 2510
1448280 2510
1448290 2509
1448300 2510
1448310 2510
1448320 2510
1448330 2511
1448340 2511
1448350 2510
1448360 2508
1448370 2506
1448380 2506
1448390 2506
1448400 2504
1448410 2504
1448420 2499
1448430 2493
1448440 2493
1448450 2484
1448460 2469
1448470 2472
1448480 2464
1448490 2457
1448500 2457
1448510 2450
1448520 2443
1448530 2443
1448540 2437
1448550 2432
1448560 2432
1448570 2426
1448580 2420
1448590 2414
1448600 2414
1448610 2410
1448620 2406
1448630 2406
1448640 2402
1448650 2400
1448660 2400
1448670 2397
1448680 2395
1448690 2395
1448700 2394
1448710 2393
1448720 2393
1448730 2392
1448740 2391
1448750 2391
1448760 2390
1448770 2389
1448780 2388
1448790 2388
1448800 2388
1448810 2388
1448820 2388
1448830 2386
1448840 2384
1448850 2384
1448860 2383
1448870 2381
1448880 2381
1448890 2379
1448900 2372
1448910 2372
1448920 2361
1448930 2353
1448940 2353
1448950 2346
1448960 2341
1448970 2341
1448980 2336
1448990 2332
1449000 2331
1449010 2331
1449020 2330
1449030 2328
1449040 2328
1449050 2326
1449060 2324
1449070 2324
1449080 2323
1449090 2324
1449100 2324
1449110 2326
1449120 2327
1449130 2327
1449140 2331
1449150 2334
1449160 2334
1449170 2339
1449180 2343
1449190 2346
1449200 2346
1449210 2349
1449220 2348
1449230 2348
1449240 2347
1449250 2347
1449260 2347
1449270 2344
1449280 2342
1449290 2342
1449300 2344
1449310 2347
1449320 2347
1449330 2349
1449340 2352
1449350 2352
1449360 2354
1449370 2357
1449380 2357
1449390 2360
1449400 2362
1449410 2363
1449420 2363
1449430 2364
1449440 2364
1449450 2364
1449460 2360
1449470 2357
1449480 2357
1449490 2367
1449500 2372
1449510 2372
1449520 2373
1449530 2369
1449540 2369
1449550 2356
1449560 2360
1449570 2360
1449580 2370
1449590 2375
1449600 2370
1449610 2370
1449620 2355
1449630 2347
1449640 2347
1449650 2349
1449660 2349
1449670 2349
1449680 2348
1449690 2347
1449700 2347
1449710 2347
1449720 2346
1449730 2346
1449740 2345
1449750 2345
1449760 2345
1449770 2343
1449780 2342
1449790 2342
1449800 2337
1449810 2333
1449820 2327
1449830 2327
1449840 2320
1449850 2313
1449860 2313
1449870 2305
1449880 2296
1449890 2296
1449900 2287
1449910 2279
1449920 2279
1449930 2272
1449940 2264
1449950 2264
1449960 2257
1449970 2249
1449980 2249
1449990 2242
1450000 2233
1450010 2219
1450020 2219
1450030 2203
1450040 2194
1450050 2194
1450060 2188
1450070 2181
1450080 2181
1450090 2175
1450100 2169
1450110 2169
1450120 2162
1450130 2155
1450140 2155
1450150 2149
1450160 2142
1450170 2142
1450180 2135
1450190 2129
1450200 2123
1450210 2123
1450220 2118
1450230 2112
1450240 2112
1450250 2107
1450260 2101
1450270 2101
1450280 2097
1450290 2094
1450300 2094
1450310 2091
1450320 2088
1450330 2088
1450340 2084
1450350 2079
1450360 2079
1450370 2074
1450380 2069
1450390 2069
1450400 2064
1450410 2060
1450420 2056
1450430 2056
1450440 2051
1450450 2047
1450460 2047
1450470 2042
1450480 2034
1450490 2034
1450500 2025
1450510 2019
1450520 2019
1450530 2014
1450540 2009
1450550 2009
1450560 2002
1450570 1997
1450580 1997
1450590 1991
1450600 1984
1450610 1979
1450620 1979
1450630 1977
1450640 1974
1450650 1974
1450660 1969
1450670 1964
1450680 1964
1450690 1960
1450700 1956
1450710 1956
1450720 1952
1450730 1948
1450740 1948
1450750 1942
1450760 1935
1450770 1935
1450780 1928
1450790 1923
1450800 1923
1450810 1918
1450820 1912
1450830 1901
1450840 1901
1450850 1890
1450860 1882
1450870 1882
1450880 1875
1450890 1867
1450900 1867
1450910 1858
1450920 1850
1450930 1850
1450940 1845
1450950 1838
1450960 1838
1450970 1831
1450980 1826
1450990 1826
1451000 1820
1451010 1812
1451020 1804
1451030 1804
1451040 1797
1451050 1790
1451060 1790
1451070 1784
1451080 1778
1451090 1778
1451100 1773
1451110 1768
1451120 1768
1451130 1763
1451140 1759
1451150 1759
1451160 1756
1451170 1754
1451180 1754
1451190 1750
1451200 1748
1451210 1748
1451220 1747
1451230 1745
1451240 1740
1451250 1740
1451260 1737
1451270 1738
1451280 1738
1451290 1740
1451300 1740
1451310 1740
1451320 1739
1451330 1737
1451340 1737
1451350 1734
1451360 1732
1451370 1732
1451380 1729
1451390 1723
1451400 1723
1451410 1718
1451420 1717
1451430 1718
1451440 1718
1451450 1718
1451460 1716
1451470 1716
1451480 1716
1451490 1718
1451500 1718
1451510 1718
1451520 1717
1451530 1717
1451540 1717
1451550 1715
1451560 1715
1451570 1710
1451580 1705
1451590 1705
1451600 1704
1451610 1704
1451620 1704
1451630 1704
1451640 1704
1451650 1704
1451660 1704
1451670 1705
1451680 1705
1451690 1705
1451700 1705
1451710 1706
1451720 1706
1451730 1706
1451740 1706
1451750 1706
1451760 1707
1451770 1707
1451780 1707
1451790 1706
1451800 1708
1451810 1708
1451820 1710
1451830 1713
1451840 1716
1451850 1716
1451860 1720
1451870 1726
1451880 1726
1451890 1731
1451900 1737
1451910 1737
1451920 1744
1451930 1751
1451940 1751
1451950 1758
1451960 1765
1451970 1765
1451980 1772
1451990 1779
1452000 1779
1452010 1786
1452020 1791
1452030 1791
1452040 1798
1452050 1804
1452060 1810
1452070 1810
1452080 1816
1452090 1822
1452100 1822
1452110 1831
1452120 1839
1452130 1839
1452140 1848
1452150 1855
1452160 1855
1452170 1880
1452180 1905
1452190 1905
1452200 1917
1452210 1930
1452220 1930
1452230 1944
1452240 1951
1452250 1958
1452260 1958
1452270 1967
1452280 1980
1452290 1980
1452300 1995
1452310 2007
1452320 2007
1452330 2014
1452340 2020
1452350 2020
1452360 2028
1452370 2036
1452380 2036
1452390 2042
1452400 2047
1452410 2047
1452420 2053
1452430 2059
1452440 2059
1452450 2066
1452460 2072
1452470 2079
1452480 2079
1452490 2082
1452500 2087
1452510 2087
1452520 2091
1452530 2094
1452540 2094
1452550 2097
1452560 2100
1452570 2100
1452580 2103
1452590 2105
1452600 2105
1452610 2106
1452620 2106
1452630 2106
1452640 2106
1452650 2107
1452660 2107
1452670 2107
1452680 2109
1452690 2111
1452700 2111
1452710 2113
1452720 2117
1452730 2117
1452740 2120
1452750 2123
1452760 2123
1452770 2126
1452780 2131
1452790 2131
1452800 2137
1452810 2144
1452820 2144
1452830 2150
1452840 2157
1452850 2157
1452860 2163
1452870 2168
1452880 2173
1452890 2173
1452900 2177
1452910 2181
1452920 2181
1452930 2186
1452940 2192
1452950 2192
1452960 2197
1452970 2199
1452980 2199
1452990 2202
1453000 2204
1453010 2204
1453020 2205
1453030 2206
1453040 2206
1453050 2208
1453060 2209
1453070 2210
1453080 2210
1453090 2211
1453100 2211
1453110 2211
1453120 2210
1453130 2210
1453140 2210
1453150 2211
1453160 2214
1453170 2214
1453180 2215
1453190 2217
1453200 2217
1453210 2219
1453220 2220
1453230 2220
1453240 2220
1453250 2219
1453260 2219
1453270 2217
1453280 2215
1453290 2214
1453300 2214
1453310 2213
1453320 2212
1453330 2212
1453340 2214
1453350 2214
1453360 2214
1453370 2215
1453380 2218
1453390 2218
1453400 2220
1453410 2219
1453420 2219
1453430 2216
1453440 2211
1453450 2211
1453460 2207
1453470 2205
1453480 2205
1453490 2205
1453500 2204
1453510 2200
1453520 2200
1453530 2198
1453540 2198
1453550 2198
1453560 2195
1453570 2192
1453580 2192
1453590 2190
1453600 2189
1453610 2189
1453620 2187
1453630 2186
1453640 2186
1453650 2186
1453660 2185
1453670 2185
1453680 2182
1453690 2182
1453700 2182
1453710 2182
1453720 2182
1453730 2182
1453740 2182
1453750 2183
1453760 2184
1453770 2184
1453780 2187
1453790 2192
1453800 2192
1453810 2196
1453820 2198
1453830 2198
1453840 2200
1453850 2200
1453860 2200
1453870 2202
1453880 2209
1453890 2215
1453900 2215
1453910 2220
1453920 2224
1453930 2224
1453940 2228
1453950 2232
1453960 2232
1453970 2236
1453980 2240
1453990 2240
1454000 2244
1454010 2247
1454020 2247
1454030 2251
1454040 2255
1454050 2255
1454060 2259
1454070 2263
1454080 2263
1454090 2268
1454100 2272
1454110 2277
1454120 2277
1454130 2281
1454140 2286
1454150 2286
1454160 2291
1454170 2296
1454180 2296
1454190 2302
1454200 2307
1454210 2307
1454220 2312
1454230 2318
1454240 2318
1454250 2323
1454260 2329
1454270 2329
1454280 2335
1454290 2344
1454300 2354
1454310 2354
1454320 2362
1454330 2373
1454340 2373
1454350 2384
1454360 2399
1454370 2399
1454380 2412
1454390 2419
1454400 2419
1454410 2425
1454420 2432
1454430 2432
1454440 2439
1454450 2446
1454460 2446
1454470 2452
1454480 2458
1454490 2458
1454500 2464
1454510 2470
1454520 2487
1454530 2487
1454540 2510
1454550 2527
1454560 2527
1454570 2538
1454580 2546
1454590 2546
1454600 2563
1454610 2575
1454620 2575
1454630 2584
1454640 2594
1454650 2594
1454660 2602
1454670 2611
1454680 2611
1454690 2621
1454700 2628
1454710 2645
1454720 2645
1454730 2660
1454740 2670
1454750 2670
1454760 2678
1454770 2687
1454780 2687
1454790 2700
1454800 2710
1454810 2710
1454820 2718
1454830 2726
1454840 2726
1454850 2735
1454860 2746
1454870 2746
1454880 2759
1454890 2780
1454900 2780
1454910 2795
1454920 2806
1454930 2814
1454940 2814
1454950 2821
1454960 2827
1454970 2827
1454980 2833
1454990 2840
1455000 2840
1455010 2842
1455020 2834
1455030 2834
1455040 2821
1455050 2810
1455060 2810
1455070 2803
1455080 2796
1455090 2796
1455100 2786
1455110 2775
1455120 2765
1455130 2765
1455140 2754
1455150 2743
1455160 2743
1455170 2732
1455180 2722
1455190 2722
1455200 2710
1455210 2693
1455220 2693
1455230 2677
1455240 2656
1455250 2656
1455260 2639
1455270 2622
1455280 2622
1455290 2609
1455300 2598
1455310 2590
1455320 2590
1455330 2582
1455340 2573
1455350 2573
1455360 2566
1455370 2559
1455380 2559
1455390 2551
1455400 2538
1455410 2538
1455420 2525
1455430 2517
1455440 2517
1455450 2512
1455460 2506
1455470 2506
1455480 2500
1455490 2492
1455500 2492
1455510 2484
1455520 2477
1455530 2470
1455540 2470
1455550 2462
1455560 2455
1455570 2455
1455580 2448
1455590 2442
1455600 2442
1455610 2435
1455620 2427
1455630 2427
1455640 2419
1455650 2411
1455660 2411
1455670 2404
1455680 2399
1455690 2399
1455700 2395
1455710 2392
1455720 2388
1455730 2388
1455740 2383
1455750 2377
1455760 2377
1455770 2371
1455780 2366
1455790 2366
1455800 2362
1455810 2356
1455820 2356
1455830 2351
1455840 2347
1455850 2347
1455860 2342
1455870 2337
1455880 2337
1455890 2333
1455900 2329
1455910 2329
1455920 2325
1455930 2322
1455940 2319
1455950 2319
1455960 2317
1455970 2315
1455980 2315
1455990 2312
1456000 2310
1456010 2310
1456020 2308
1456030 2306
1456040 2306
1456050 2305
1456060 2304
1456070 2304
1456080 2304
1456090 2307
1456100 2307
1456110 2308
1456120 2305
1456130 2301
1456140 2301
1456150 2298
1456160 2294
1456170 2294
1456180 2291
1456190 2284
1456200 2284
1456210 2278
1456220 2270
1456230 2270
1456240 2262
1456250 2256
1456260 2256
1456270 2250
1456280 2242
1456290 2242
1456300 2234
1456310 2228
1456320 2228
1456330 2223
1456340 2217
1456350 2210
1456360 2216
1456370 2211
1456380 2206
1456390 2206
1456400 2202
1456410 2198
1456420 2198
1456430 2194
1456440 2191
1456450 2191
1456460 2186
1456470 2181
1456480 2181
1456490 2177
1456500 2174
1456510 2174
1456520 2170
1456530 2166
1456540 2161
1456550 2161
1456560 2156
1456570 2151
1456580 2151
1456590 2146
1456600 2141
1456610 2141
1456620 2134
1456630 2128
1456640 2128
1456650 2121
1456660 2115
1456670 2115
1456680 2109
1456690 2103
1456700 2103
1456710 2098
1456720 2093
1456730 2093
1456740 2088
1456750 2083
1456760 2078
1456770 2078
1456780 2073
1456790 2067
1456800 2067
1456810 2062
1456820 2057
1456830 2057
1456840 2051
1456850 2046
1456860 2046
1456870 2043
1456880 2040
1456890 2040
1456900 2036
1456910 2032
1456920 2032
1456930 2027
1456940 2023
1456950 2018
1456960 2018
1456970 2013
1456980 2009
1456990 2009
1457000 2004
1457010 2001
1457020 2001
1457030 1999
1457040 1997
1457050 1997
1457060 1995
1457070 1992
1457080 1992
1457090 1988
1457100 1983
1457110 1983
1457120 1977
1457130 1972
1457140 1972
1457150 1966
1457160 1962
1457170 1959
1457180 1959
1457190 1957
1457200 1956
1457210 1956
1457220 1954
1457230 1950
1457240 1950
1457250 1943
1457260 1937
1457270 1937
1457280 1932
1457290 1927
1457300 1927
1457310 1923
1457320 1921
1457330 1921
1457340 1918
1457350 1915
1457360 1913
1457370 1913
1457380 1910
1457390 1908
1457400 1908
1457410 1906
1457420 1904
1457430 1904
1457440 1901
1457450 1898
1457460 1898
1457470 1895
1457480 1891
1457490 1891
1457500 1888
1457510 1886
1457520 1886
1457530 1884
1457540 1882
1457550 1882
1457560 1880
1457570 1879
1457580 1877
1457590 1877
1457600 1875
1457610 1874
1457620 1874
1457630 1874
1457640 1873
1457650 1873
1457660 1872
1457670 1872
1457680 1872
1457690 1872
1457700 1871
1457710 1871
1457720 1871
1457730 1870
1457740 1870
1457750 1868
1457760 1867
1457770 1867
1457780 1867
1457790 1865
1457800 1863
1457810 1863
1457820 1862
1457830 1862
1457840 1862
1457850 1861
1457860 1860
1457870 1860
1457880 1856
1457890 1853
1457900 1853
1457910 1850
1457920 1846
1457930 1846
1457940 1842
1457950 1839
1457960 1839
1457970 1836
1457980 1833
1457990 1831
1458000 1831
1458010 1828
1458020 1824
1458030 1824
1458040 1821
1458050 1817
1458060 1817
1458070 1814
1458080 1811
1458090 1811
1458100 1807
1458110 1803
1458120 1803
1458130 1798
1458140 1794
1458150 1794
1458160 1794
1458170 1793
1458180 1791
1458190 1791
1458200 1788
1458210 1785
1458220 1785
1458230 1784
1458240 1784
1458250 1784
1458260 1784
1458270 1783
1458280 1783
1458290 1783
1458300 1782
1458310 1782
1458320 1782
1458330 1781
1458340 1781
1458350 1780
1458360 1779
1458370 1779
1458380 1779
1458390 1779
1458400 1778
1458410 1778
1458420 1778
1458430 1777
1458440 1777
1458450 1777
1458460 1777
1458470 1777
1458480 1776
1458490 1775
1458500 1775
1458510 1775
1458520 1774
1458530 1774
1458540 1774
1458550 1772
1458560 1772
1458570 1772
1458580 1770
1458590 1771
1458600 1771
1458610 1771
1458620 1770
1458630 1770
1458640 1770
1458650 1769
1458660 1769
1458670 1767
1458680 1767
1458690 1767
1458700 1766
1458710 1765
1458720 1765
1458730 1763
1458740 1763
1458750 1763
1458760 1763
1458770 1763
1458780 1763
1458790 1763
1458800 1762
1458810 1762
1458820 1762
1458830 1762
1458840 1762
1458850 1762
1458860 1761
1458870 1761
1458880 1761
1458890 1760
1458900 1759
1458910 1759
1458920 1759
1458930 1758
1458940 1758
1458950 1757
1458960 1755
1458970 1755
1458980 1752
1458990 1752
1459000 1751
1459010 1751
1459020 1748
1459030 1744
1459040 1744
1459050 1746
1459060 1750
1459070 1750
1459080 1752
1459090 1752
1459100 1752
1459110 1750
1459120 1748
1459130 1748
1459140 1747
1459150 1743
1459160 1743
1459170 1738
1459180 1732
1459190 1726
1459200 1726
1459210 1720
1459220 1714
1459230 1714
1459240 1709
1459250 1704
1459260 1704
1459270 1700
1459280 1696
1459290 1696
1459300 1695
1459310 1694
1459320 1694
1459330 1693
1459340 1693
1459350 1693
1459360 1694
1459370 1694
1459380 1694
1459390 1694
1459400 1693
1459410 1691
1459420 1691
1459430 1689
1459440 1687
1459450 1687
1459460 1687
1459470 1688
1459480 1688
1459490 1689
1459500 1689
1459510 1689
1459520 1689
1459530 1690
1459540 1690
1459550 1691
1459560 1692
1459570 1692
1459580 1692
1459590 1691
1459600 1686
1459610 1686
1459620 1683
1459630 1684
1459640 1684
1459650 1685
1459660 1686
1459670 1686
1459680 1685
1459690 1682
1459700 1682
1459710 1680
1459720 1680
1459730 1680
1459740 1679
1459750 1675
1459760 1675
1459770 1672
1459780 1670
1459790 1670
1459800 1669
1459810 1666
1459820 1663
1459830 1663
1459840 1659
1459850 1653
1459860 1653
1459870 1648
1459880 1642
1459890 1642
1459900 1636
1459910 1627
1459920 1627
1459930 1618
1459940 1614
1459950 1614
1459960 1611
1459970 1610
1459980 1610
1459990 1610
