1440000 2394
1440010 2394
1440020 2392
1440030 2387
1440040 2380
1440050 2380
1440060 2375
1440070 2371
1440080 2371
1440090 2367
1440100 2361
1440110 2361
1440120 2355
1440130 2355
1440140 2355
1440150 2356
1440160 2355
1440170 2355
1440180 2354
1440190 2354
1440200 2354
1440210 2353
1440220 2351
1440230 2342
1440240 2342
1440250 2337
1440260 2340
1440270 2340
1440280 2341
1440290 2341
1440300 2341
1440310 2340
1440320 2339
1440330 2339
1440340 2337
1440350 2337
1440360 2337
1440370 2338
1440380 2342
1440390 2342
1440400 2347
1440410 2353
1440420 2353
1440430 2357
1440440 2356
1440450 2351
1440460 2351
1440470 2346
1440480 2343
1440490 2343
1440500 2341
1440510 2338
1440520 2338
1440530 2332
1440540 2323
1440550 2323
1440560 2312
1440570 2295
1440580 2295
1440590 2275
1440600 2253
1440610 2253
1440620 2238
1440630 2229
1440640 2229
1440650 2222
1440660 2215
1440670 2208
1440680 2208
1440690 2203
1440700 2198
1440710 2198
1440720 2193
1440730 2189
1440740 2189
1440750 2185
1440760 2179
1440770 2179
1440780 2172
1440790 2166
1440800 2166
1440810 2159
1440820 2153
1440830 2153
1440840 2147
1440850 2139
1440860 2133
1440870 2133
1440880 2127
1440890 2124
1440900 2124
1440910 2124
1440920 2126
1440930 2126
1440940 2127
1440950 2123
1440960 2123
1440970 2111
1440980 2104
1440990 2104
1441000 2097
1441010 2089
1441020 2089
1441030 2079
1441040 2072
1441050 2072
1441060 2067
1441070 2062
1441080 2056
1441090 2056
1441100 2049
1441110 2043
1441120 2043
1441130 2036
1441140 2030
1441150 2030
1441160 2024
1441170 2013
1441180 2013
1441190 2006
1441200 2001
1441210 2001
1441220 1996
1441230 1992
1441240 1992
1441250 1988
1441260 1984
1441270 1980
1441280 1980
1441290 1975
1441300 1970
1441310 1970
1441320 1966
1441330 1965
1441340 1965
1441350 1962
1441360 1957
1441370 1957
1441380 1951
1441390 1947
1441400 1947
1441410 1944
1441420 1941
1441430 1941
1441440 1939
1441450 1938
1441460 1938
1441470 1939
1441480 1940
1441490 1941
1441500 1941
1441510 1943
1441520 1944
1441530 1944
1441540 1946
1441550 1951
1441560 1951
1441570 1956
1441580 1962
1441590 1962
1441600 1967
1441610 1974
1441620 1974
1441630 1982
1441640 1989
1441650 1989
1441660 1996
1441670 2004
1441680 2011
1441690 2011
1441700 2019
1441710 2029
1441720 2029
1441730 2037
1441740 2046
1441750 2046
1441760 2056
1441770 2067
1441780 2067
1441790 2082
1441800 2091
1441810 2091
1441820 2098
1441830 2105
1441840 2105
1441850 2111
1441860 2114
1441870 2114
1441880 2117
1441890 2120
1441900 2123
1441910 2123
1441920 2128
1441930 2134
1441940 2134
1441950 2139
1441960 2143
1441970 2143
1441980 2146
1441990 2149
1442000 2149
1442010 2152
1442020 2156
1442030 2156
1442040 2163
1442050 2171
1442060 2171
1442070 2178
1442080 2184
1442090 2184
1442100 2191
1442110 2196
1442120 2199
1442130 2199
1442140 2202
1442150 2204
1442160 2204
1442170 2207
1442180 2211
1442190 2211
1442200 2216
1442210 2221
1442220 2221
1442230 2228
1442240 2236
1442250 2236
1442260 2247
1442270 2254
1442280 2254
1442290 2260
1442300 2265
1442310 2271
1442320 2271
1442330 2277
1442340 2283
1442350 2283
1442360 2289
1442370 2295
1442380 2295
1442390 2300
1442400 2307
1442410 2307
1442420 2314
1442430 2320
1442440 2320
1442450 2326
1442460 2332
1442470 2332
1442480 2338
1442490 2343
1442500 2343
1442510 2348
1442520 2353
1442530 2360
1442540 2360
1442550 2369
1442560 2378
1442570 2378
1442580 2386
1442590 2392
1442600 2392
1442610 2399
1442620 2407
1442630 2407
1442640 2415
1442650 2423
1442660 2423
1442670 2431
1442680 2438
1442690 2438
1442700 2447
1442710 2455
1442720 2463
1442730 2463
1442740 2471
1442750 2478
1442760 2478
1442770 2485
1442780 2490
1442790 2490
1442800 2493
1442810 2498
1442820 2498
1442830 2505
1442840 2513
1442850 2513
1442860 2525
1442870 2538
1442880 2538
1442890 2549
1442900 2554
1442910 2554
1442920 2560
1442930 2565
1442940 2569
1442950 2569
1442960 2573
1442970 2576
1442980 2576
1442990 2580
1443000 2583
1443010 2583
1443020 2587
1443030 2591
1443040 2591
1443050 2595
1443060 2599
1443070 2599
1443080 2602
1443090 2607
1443100 2607
1443110 2610
1443120 2614
1443130 2617
1443140 2617
1443150 2620
1443160 2624
1443170 2624
1443180 2630
1443190 2635
1443200 2635
1443210 2639
1443220 2644
1443230 2644
1443240 2649
1443250 2655
1443260 2655
1443270 2661
1443280 2666
1443290 2666
1443300 2670
1443310 2674
1443320 2674
1443330 2678
1443340 2681
1443350 2686
1443360 2686
1443370 2689
1443380 2692
1443390 2692
1443400 2696
1443410 2700
1443420 2700
1443430 2703
1443440 2708
1443450 2708
1443460 2713
1443470 2719
1443480 2719
1443490 2721
1443500 2722
1443510 2722
1443520 2724
1443530 2727
1443540 2727
1443550 2730
1443560 2732
1443570 2736
1443580 2736
1443590 2740
1443600 2743
1443610 2743
1443620 2747
1443630 2751
1443640 2751
1443650 2757
1443660 2762
1443670 2762
1443680 2767
1443690 2772
1443700 2772
1443710 2777
1443720 2782
1443730 2782
1443740 2790
1443750 2797
1443760 2804
1443770 2804
1443780 2811
1443790 2820
1443800 2820
1443810 2827
1443820 2834
1443830 2834
1443840 2846
1443850 2849
1443860 2849
1443870 2847
1443880 2844
1443890 2844
1443900 2840
1443910 2830
1443920 2830
1443930 2822
1443940 2814
1443950 2814
1443960 2807
1443970 2799
1443980 2791
1443990 2791
1444000 2784
1444010 2780
1444020 2780
1444030 2774
1444040 2768
1444050 2768
1444060 2760
1444070 2752
1444080 2752
1444090 2745
1444100 2741
1444110 2741
1444120 2737
1444130 2731
1444140 2731
1444150 2727
1444160 2720
1444170 2713
1444180 2713
1444190 2707
1444200 2707
1444210 2707
1444220 2708
1444230 2709
1444240 2709
1444250 2708
1444260 2703
1444270 2703
1444280 2696
1444290 2689
1444300 2689
1444310 2685
1444320 2681
1444330 2681
1444340 2673
1444350 2663
1444360 2663
1444370 2659
1444380 2655
1444390 2648
1444400 2648
1444410 2642
1444420 2636
1444430 2636
1444440 2633
1444450 2629
1444460 2629
1444470 2622
1444480 2617
1444490 2617
1444500 2613
1444510 2609
1444520 2609
1444530 2604
1444540 2600
1444550 2600
1444560 2596
1444570 2592
1444580 2588
1444590 2588
1444600 2585
1444610 2574
1444620 2574
1444630 2552
1444640 2549
1444650 2549
1444660 2547
1444670 2542
1444680 2542
1444690 2537
1444700 2533
1444710 2533
1444720 2528
1444730 2524
1444740 2524
1444750 2520
1444760 2516
1444770 2516
1444780 2512
1444790 2510
1444800 2507
1444810 2507
1444820 2505
1444830 2502
1444840 2502
1444850 2500
1444860 2496
1444870 2496
1444880 2492
1444890 2487
1444900 2487
1444910 2482
1444920 2477
1444930 2477
1444940 2472
1444950 2465
1444960 2465
1444970 2456
1444980 2450
1444990 2450
1445000 2445
1445010 2441
1445020 2435
1445030 2435
1445040 2427
1445050 2421
1445060 2421
1445070 2417
1445080 2415
1445090 2415
1445100 2414
1445110 2413
1445120 2413
1445130 2412
1445140 2412
1445150 2412
1445160 2412
1445170 2412
1445180 2412
1445190 2412
1445200 2412
1445210 2412
1445220 2412
1445230 2412
1445240 2412
1445250 2412
1445260 2412
1445270 2412
1445280 2412
1445290 2412
1445300 2412
1445310 2412
1445320 2412
1445330 2412
1445340 2412
1445350 2412
1445360 2412
1445370 2412
1445380 2412
1445390 2412
1445400 2412
1445410 2412
1445420 2412
1445430 2412
1445440 2412
1445450 2412
1445460 2412
1445470 2412
1445480 2412
1445490 2412
1445500 2412
1445510 2412
1445520 2412
1445530 2412
1445540 2412
1445550 2412
1445560 2412
1445570 2412
1445580 2412
1445590 2412
1445600 2412
1445610 2412
1445620 2412
1445630 2412
1445640 2412
1445650 2412
1445660 2412
1445670 2412
1445680 2412
1445690 2412
1445700 2412
1445710 2412
1445720 2412
1445730 2412
1445740 2413
1445750 2413
1445760 2420
1445770 2428
1445780 2428
1445790 2436
1445800 2444
1445810 2444
1445820 2449
1445830 2454
1445840 2464
1445850 2464
1445860 2477
1445870 2486
1445880 2486
1445890 2492
1445900 2497
1445910 2497
1445920 2501
1445930 2505
1445940 2505
1445950 2510
1445960 2515
1445970 2515
1445980 2520
1445990 2525
1446000 2525
1446010 2531
1446020 2537
1446030 2544
1446040 2544
1446050 2551
1446060 2557
1446070 2557
1446080 2564
1446090 2570
1446100 2570
1446110 2575
1446120 2581
1446130 2581
1446140 2587
1446150 2593
1446160 2593
1446170 2599
1446180 2605
1446190 2605
1446200 2612
1446210 2618
1446220 2618
1446230 2628
1446240 2647
1446250 2654
1446260 2654
1446270 2665
1446280 2681
1446290 2681
1446300 2697
1446310 2711
1446320 2711
1446330 2724
1446340 2734
1446350 2734
1446360 2743
1446370 2753
1446380 2753
1446390 2763
1446400 2773
1446410 2773
1446420 2782
1446430 2791
1446440 2791
1446450 2799
1446460 2806
1446470 2814
1446480 2814
1446490 2822
1446500 2828
1446510 2828
1446520 2824
1446530 2811
1446540 2811
1446550 2795
1446560 2778
1446570 2778
1446580 2758
1446590 2747
1446600 2747
1446610 2740
1446620 2734
1446630 2734
1446640 2728
1446650 2720
1446660 2710
1446670 2710
1446680 2701
1446690 2694
1446700 2694
1446710 2689
1446720 2684
1446730 2684
1446740 2680
1446750 2679
1446760 2679
1446770 2677
1446780 2672
1446790 2672
1446800 2662
1446810 2652
1446820 2652
1446830 2648
1446840 2646
1446850 2646
1446860 2645
1446870 2643
1446880 2641
1446890 2641
1446900 2639
1446910 2640
1446920 2640
1446930 2637
1446940 2633
1446950 2633
1446960 2631
1446970 2630
1446980 2630
1446990 2628
1447000 2626
1447010 2626
1447020 2626
1447030 2625
1447040 2625
1447050 2623
1447060 2621
1447070 2618
1447080 2618
1447090 2615
1447100 2612
1447110 2612
1447120 2610
1447130 2608
1447140 2608
1447150 2605
1447160 2602
1447170 2602
1447180 2600
1447190 2597
1447200 2597
1447210 2591
1447220 2583
1447230 2583
1447240 2576
1447250 2577
1447260 2577
1447270 2571
1447280 2570
1447290 2570
1447300 2570
1447310 2567
1447320 2564
1447330 2564
1447340 2559
1447350 2553
1447360 2553
1447370 2546
1447380 2540
1447390 2540
1447400 2535
1447410 2530
1447420 2530
1447430 2523
1447440 2510
1447450 2510
1447460 2504
1447470 2500
1447480 2496
1447490 2496
1447500 2492
1447510 2488
1447520 2488
1447530 2481
1447540 2473
1447550 2473
1447560 2467
1447570 2459
1447580 2459
1447590 2449
1447600 2438
1447610 2438
1447620 2428
1447630 2416
1447640 2416
1447650 2411
1447660 2411
1447670 2411
1447680 2411
1447690 2411
1447700 2411
1447710 2411
1447720 2411
1447730 2411
1447740 2411
1447750 2411
1447760 2411
1447770 2411
1447780 2411
1447790 2411
1447800 2411
1447810 2411
1447820 2411
1447830 2411
1447840 2411
1447850 2411
1447860 2411
1447870 2411
1447880 2411
1447890 2411
1447900 2411
1447910 2411
1447920 2411
1447930 2411
1447940 2411
1447950 2411
1447960 2411
1447970 2411
1447980 2411
1447990 2411
1448000 2411
1448010 2411
1448020 2411
1448030 2411
1448040 2411
1448050 2411
1448060 2412
1448070 2414
1448080 2414
1448090 2415
1448100 2417
1448110 2421
1448120 2421
1448130 2420
1448140 2420
1448150 2420
1448160 2419
1448170 2415
1448180 2415
1448190 2411
1448200 2413
1448210 2413
1448220 2416
1448230 2417
1448240 2417
1448250 2416
1448260 2415
1448270 2415
1448280 2416
1448290 2418
1448300 2418
1448310 2418
1448320 2418
1448330 2418
1448340 2418
1448350 2418
1448360 2419
1448370 2419
1448380 2422
1448390 2424
1448400 2424
1448410 2426
1448420 2426
1448430 2426
1448440 2424
1448450 2420
1448460 2420
1448470 2417
1448480 2410
1448490 2410
1448500 2406
1448510 2398
1448520 2392
1448530 2392
1448540 2387
1448550 2377
1448560 2377
1448570 2366
1448580 2356
1448590 2356
1448600 2348
1448610 2333
1448620 2333
1448630 2325
1448640 2319
1448650 2319
1448660 2315
1448670 2312
1448680 2312
1448690 2309
1448700 2307
1448710 2307
1448720 2305
1448730 2304
1448740 2297
1448750 2297
1448760 2298
1448770 2299
1448780 2299
1448790 2298
1448800 2299
1448810 2299
1448820 2299
1448830 2297
1448840 2297
1448850 2291
1448860 2279
1448870 2279
1448880 2272
1448890 2267
1448900 2267
1448910 2262
1448920 2257
1448930 2254
1448940 2254
1448950 2250
1448960 2246
1448970 2246
1448980 2243
1448990 2242
1449000 2242
1449010 2243
1449020 2243
1449030 2243
1449040 2241
1449050 2237
1449060 2237
1449070 2235
1449080 2233
1449090 2233
1449100 2232
1449110 2230
1449120 2230
1449130 2228
1449140 2228
1449150 2227
1449160 2227
1449170 2228
1449180 2231
1449190 2231
1449200 2234
1449210 2236
1449220 2236
1449230 2238
1449240 2242
1449250 2242
1449260 2246
1449270 2247
1449280 2247
1449290 2247
1449300 2250
1449310 2250
1449320 2254
1449330 2258
1449340 2258
1449350 2261
1449360 2264
1449370 2267
1449380 2267
1449390 2264
1449400 2264
1449410 2264
1449420 2265
1449430 2267
1449440 2267
1449450 2269
1449460 2271
1449470 2271
1449480 2272
1449490 2274
1449500 2274
1449510 2274
1449520 2275
1449530 2275
1449540 2274
1449550 2273
1449560 2273
1449570 2273
1449580 2270
1449590 2269
1449600 2269
1449610 2268
1449620 2267
1449630 2267
1449640 2268
1449650 2271
1449660 2271
1449670 2276
1449680 2279
1449690 2279
1449700 2281
1449710 2283
1449720 2283
1449730 2286
1449740 2289
1449750 2289
1449760 2293
1449770 2299
1449780 2306
1449790 2306
1449800 2316
1449810 2321
1449820 2321
1449830 2326
1449840 2331
1449850 2331
1449860 2338
1449870 2346
1449880 2346
1449890 2354
1449900 2361
1449910 2361
1449920 2367
1449930 2372
1449940 2372
1449950 2376
1449960 2380
1449970 2384
1449980 2384
1449990 2387
1450000 2390
1450010 2390
1450020 2395
1450030 2399
1450040 2399
1450050 2403
1450060 2407
1450070 2407
1450080 2409
1450090 2411
1450100 2411
1450110 2414
1450120 2416
1450130 2416
1450140 2419
1450150 2422
1450160 2422
1450170 2423
1450180 2424
1450190 2425
1450200 2425
1450210 2425
1450220 2424
1450230 2424
1450240 2420
1450250 2414
1450260 2414
1450270 2409
1450280 2403
1450290 2403
1450300 2396
1450310 2391
1450320 2391
1450330 2385
1450340 2379
1450350 2379
1450360 2373
1450370 2370
1450380 2369
1450390 2369
1450400 2368
1450410 2368
1450420 2368
1450430 2370
1450440 2372
1450450 2372
1450460 2373
1450470 2374
1450480 2374
1450490 2376
1450500 2378
1450510 2378
1450520 2378
1450530 2379
1450540 2379
1450550 2379
1450560 2379
1450570 2379
1450580 2378
1450590 2377
1450600 2377
1450610 2377
1450620 2377
1450630 2375
1450640 2375
1450650 2373
1450660 2372
1450670 2372
1450680 2371
1450690 2371
1450700 2371
1450710 2372
1450720 2374
1450730 2374
1450740 2375
1450750 2377
1450760 2377
1450770 2379
1450780 2384
1450790 2388
1450800 2388
1450810 2392
1450820 2398
1450830 2398
1450840 2404
1450850 2407
1450860 2407
1450870 2411
1450880 2414
1450890 2414
1450900 2418
1450910 2418
1450920 2418
1450930 2419
1450940 2421
1450950 2421
1450960 2422
1450970 2419
1450980 2419
1450990 2414
1451000 2409
1451010 2403
1451020 2403
1451030 2400
1451040 2401
1451050 2401
1451060 2400
1451070 2403
1451080 2403
1451090 2415
1451100 2425
1451110 2425
1451120 2435
1451130 2442
1451140 2442
1451150 2447
1451160 2448
1451170 2448
1451180 2442
1451190 2422
1451200 2422
1451210 2413
1451220 2422
1451230 2432
1451240 2432
1451250 2441
1451260 2448
1451270 2448
1451280 2463
1451290 2470
1451300 2470
1451310 2475
1451320 2482
1451330 2482
1451340 2487
1451350 2489
1451360 2489
1451370 2492
1451380 2490
1451390 2490
1451400 2490
1451410 2490
1451420 2492
1451430 2492
1451440 2496
1451450 2500
1451460 2500
1451470 2502
1451480 2504
1451490 2504
1451500 2507
1451510 2510
1451520 2510
1451530 2514
1451540 2517
1451550 2517
1451560 2521
1451570 2525
1451580 2525
1451590 2528
1451600 2531
1451610 2531
1451620 2533
1451630 2534
1451640 2536
1451650 2536
1451660 2538
1451670 2542
1451680 2542
1451690 2545
1451700 2547
1451710 2547
1451720 2550
1451730 2554
1451740 2554
1451750 2559
1451760 2565
1451770 2565
1451780 2570
1451790 2576
1451800 2576
1451810 2581
1451820 2586
1451830 2593
1451840 2593
1451850 2600
1451860 2607
1451870 2607
1451880 2615
1451890 2618
1451900 2618
1451910 2621
1451920 2625
1451930 2625
1451940 2631
1451950 2636
1451960 2636
1451970 2636
1451980 2636
1451990 2636
1452000 2635
1452010 2626
1452020 2626
1452030 2625
1452040 2626
1452050 2621
1452060 2621
1452070 2626
1452080 2625
1452090 2625
1452100 2612
1452110 2612
1452120 2612
1452130 2613
1452140 2615
1452150 2615
1452160 2619
1452170 2621
1452180 2621
1452190 2621
1452200 2620
1452210 2620
1452220 2617
1452230 2614
1452240 2615
1452250 2615
1452260 2617
1452270 2618
1452280 2618
1452290 2619
1452300 2623
1452310 2623
1452320 2627
1452330 2631
1452340 2631
1452350 2634
1452360 2636
1452370 2636
1452380 2638
1452390 2638
1452400 2638
1452410 2639
1452420 2638
1452430 2638
1452440 2640
1452450 2642
1452460 2643
1452470 2643
1452480 2639
1452490 2641
1452500 2641
1452510 2642
1452520 2643
1452530 2643
1452540 2644
1452550 2646
1452560 2646
1452570 2649
1452580 2655
1452590 2655
1452600 2661
1452610 2665
1452620 2665
1452630 2666
1452640 2668
1452650 2668
1452660 2668
1452670 2668
1452680 2667
1452690 2667
1452700 2666
1452710 2664
1452720 2664
1452730 2662
1452740 2661
1452750 2661
1452760 2660
1452770 2659
1452780 2659
1452790 2659
1452800 2658
1452810 2658
1452820 2659
1452830 2659
1452840 2659
1452850 2658
1452860 2657
1452870 2658
1452880 2658
1452890 2659
1452900 2661
1452910 2661
1452920 2663
1452930 2665
1452940 2665
1452950 2669
1452960 2672
1452970 2672
1452980 2674
1452990 2678
1453000 2678
1453010 2680
1453020 2684
1453030 2684
1453040 2688
1453050 2691
1453060 2691
1453070 2696
1453080 2702
1453090 2711
1453100 2711
1453110 2723
1453120 2748
1453130 2748
1453140 2767
1453150 2782
1453160 2782
1453170 2798
1453180 2813
1453190 2813
1453200 2818
1453210 2821
1453220 2821
1453230 2825
1453240 2829
1453250 2829
1453260 2833
1453270 2838
1453280 2844
1453290 2844
1453300 2848
1453310 2850
1453320 2850
1453330 2844
1453340 2839
1453350 2839
1453360 2834
1453370 2830
1453380 2830
1453390 2825
1453400 2821
1453410 2821
1453420 2817
1453430 2813
1453440 2813
1453450 2809
1453460 2805
1453470 2805
1453480 2800
1453490 2796
1453500 2791
1453510 2791
1453520 2786
1453530 2781
1453540 2781
1453550 2776
1453560 2770
1453570 2770
1453580 2764
1453590 2759
1453600 2759
1453610 2753
1453620 2747
1453630 2747
1453640 2740
1453650 2729
1453660 2729
1453670 2723
1453680 2717
1453690 2713
1453700 2713
1453710 2711
1453720 2709
1453730 2709
1453740 2705
1453750 2702
1453760 2702
1453770 2698
1453780 2695
1453790 2695
1453800 2693
1453810 2690
1453820 2690
1453830 2687
1453840 2684
1453850 2684
1453860 2682
1453870 2679
1453880 2679
1453890 2676
1453900 2675
1453910 2672
1453920 2672
1453930 2669
1453940 2665
1453950 2665
1453960 2659
1453970 2653
1453980 2653
1453990 2647
1454000 2640
1454010 2640
1454020 2634
1454030 2630
1454040 2630
1454050 2625
1454060 2620
1454070 2620
1454080 2616
1454090 2611
1454100 2611
1454110 2603
1454120 2596
1454130 2590
1454140 2590
1454150 2586
1454160 2578
1454170 2578
1454180 2572
1454190 2567
1454200 2567
1454210 2562
1454220 2557
1454230 2557
1454240 2552
1454250 2549
1454260 2549
1454270 2547
1454280 2546
1454290 2546
1454300 2543
1454310 2541
1454320 2538
1454330 2538
1454340 2540
1454350 2547
1454360 2547
1454370 2550
1454380 2554
1454390 2554
1454400 2548
1454410 2542
1454420 2542
1454430 2541
1454440 2537
1454450 2537
1454460 2537
1454470 2528
1454480 2528
1454490 2517
1454500 2509
1454510 2509
1454520 2500
1454530 2497
1454540 2494
1454550 2494
1454560 2495
1454570 2505
1454580 2505
1454590 2516
1454600 2521
1454610 2521
1454620 2517
1454630 2509
1454640 2509
1454650 2501
1454660 2495
1454670 2495
1454680 2490
1454690 2485
1454700 2485
1454710 2482
1454720 2483
1454730 2486
1454740 2486
1454750 2480
1454760 2482
1454770 2482
1454780 2488
1454790 2498
1454800 2498
1454810 2508
1454820 2518
1454830 2518
1454840 2515
1454850 2511
1454860 2511
1454870 2518
1454880 2528
1454890 2528
1454900 2544
1454910 2554
1454920 2554
1454930 2556
1454940 2554
1454950 2549
1454960 2549
1454970 2545
1454980 2540
1454990 2540
1455000 2534
1455010 2537
1455020 2537
1455030 2534
1455040 2535
1455050 2535
1455060 2561
1455070 2567
1455080 2567
1455090 2574
1455100 2580
1455110 2580
1455120 2586
1455130 2593
1455140 2599
1455150 2599
1455160 2607
1455170 2615
1455180 2615
1455190 2623
1455200 2632
1455210 2632
1455220 2641
1455230 2650
1455240 2650
1455250 2658
1455260 2663
1455270 2663
1455280 2664
1455290 2664
1455300 2664
1455310 2662
1455320 2655
1455330 2655
1455340 2642
1455350 2635
1455360 2636
1455370 2636
1455380 2635
1455390 2632
1455400 2632
1455410 2634
1455420 2634
1455430 2634
1455440 2641
1455450 2649
1455460 2649
1455470 2656
1455480 2666
1455490 2666
1455500 2680
1455510 2696
1455520 2696
1455530 2703
1455540 2699
1455550 2696
1455560 2696
1455570 2690
1455580 2688
1455590 2688
1455600 2688
1455610 2695
1455620 2695
1455630 2704
1455640 2718
1455650 2718
1455660 2721
1455670 2719
1455680 2719
1455690 2717
1455700 2715
1455710 2715
1455720 2717
1455730 2719
1455740 2719
1455750 2724
1455760 2727
1455770 2730
1455780 2730
1455790 2734
1455800 2737
1455810 2737
1455820 2741
1455830 2743
1455840 2743
1455850 2744
1455860 2743
1455870 2743
1455880 2740
1455890 2738
1455900 2738
1455910 2742
1455920 2747
1455930 2747
1455940 2750
1455950 2746
1455960 2746
1455970 2736
1455980 2723
1455990 2715
1456000 2715
1456010 2716
1456020 2717
1456030 2717
1456040 2708
1456050 2693
1456060 2693
1456070 2680
1456080 2672
1456090 2672
1456100 2666
1456110 2658
1456120 2658
1456130 2644
1456140 2628
1456150 2628
1456160 2616
1456170 2597
1456180 2568
1456190 2568
1456200 2542
1456210 2528
1456220 2528
1456230 2516
1456240 2510
1456250 2510
1456260 2495
1456270 2477
1456280 2477
1456290 2466
1456300 2455
1456310 2455
1456320 2448
1456330 2442
1456340 2442
1456350 2434
1456360 2425
1456370 2425
1456380 2418
1456390 2411
1456400 2404
1456410 2404
1456420 2397
1456430 2390
1456440 2390
1456450 2383
1456460 2376
1456470 2376
1456480 2369
1456490 2363
1456500 2363
1456510 2358
1456520 2353
1456530 2353
1456540 2349
1456550 2344
1456560 2344
1456570 2339
1456580 2334
1456590 2329
1456600 2329
1456610 2324
1456620 2320
1456630 2320
1456640 2315
1456650 2310
1456660 2310
1456670 2305
1456680 2300
1456690 2300
1456700 2295
1456710 2287
1456720 2287
1456730 2282
1456740 2278
1456750 2278
1456760 2273
1456770 2269
1456780 2269
1456790 2265
1456800 2262
1456810 2258
1456820 2258
1456830 2255
1456840 2254
1456850 2254
1456860 2252
1456870 2251
1456880 2251
1456890 2248
1456900 2241
1456910 2241
1456920 2235
1456930 2231
1456940 2231
1456950 2226
1456960 2221
1456970 2221
1456980 2220
1456990 2218
1457000 2213
1457010 2213
1457020 2210
1457030 2206
1457040 2206
1457050 2204
1457060 2208
1457070 2208
1457080 2211
1457090 2210
1457100 2210
1457110 2208
1457120 2206
1457130 2206
1457140 2200
1457150 2194
1457160 2194
1457170 2191
1457180 2188
1457190 2188
1457200 2181
1457210 2175
1457220 2172
1457230 2172
1457240 2169
1457250 2163
1457260 2163
1457270 2156
1457280 2155
1457290 2155
1457300 2154
1457310 2152
1457320 2152
1457330 2150
1457340 2151
1457350 2151
1457360 2156
1457370 2161
1457380 2161
1457390 2169
1457400 2175
1457410 2175
1457420 2178
1457430 2179
1457440 2176
1457450 2176
1457460 2175
1457470 2171
1457480 2171
1457490 2165
1457500 2167
1457510 2167
1457520 2171
1457530 2173
1457540 2173
1457550 2174
1457560 2175
1457570 2175
1457580 2175
1457590 2177
1457600 2177
1457610 2183
1457620 2188
1457630 2189
1457640 2189
1457650 2191
1457660 2191
1457670 2191
1457680 2191
1457690 2190
1457700 2190
1457710 2187
1457720 2189
1457730 2189
1457740 2190
1457750 2191
1457760 2191
1457770 2194
1457780 2194
1457790 2194
1457800 2191
1457810 2190
1457820 2190
1457830 2188
1457840 2187
1457850 2186
1457860 2186
1457870 2188
1457880 2188
1457890 2188
1457900 2188
1457910 2189
1457920 2189
1457930 2190
1457940 2191
1457950 2191
1457960 2194
1457970 2194
1457980 2194
1457990 2194
1458000 2194
1458010 2194
1458020 2195
1458030 2196
1458040 2197
1458050 2197
1458060 2197
1458070 2196
1458080 2196
1458090 2197
1458100 2197
1458110 2197
1458120 2198
1458130 2199
1458140 2199
1458150 2199
1458160 2201
1458170 2201
1458180 2203
1458190 2206
1458200 2206
1458210 2208
1458220 2212
1458230 2212
1458240 2216
1458250 2220
1458260 2225
1458270 2225
1458280 2231
1458290 2238
1458300 2238
1458310 2246
1458320 2251
1458330 2251
1458340 2252
1458350 2250
1458360 2250
1458370 2250
1458380 2250
1458390 2250
1458400 2250
1458410 2248
1458420 2248
1458430 2246
1458440 2243
1458450 2240
1458460 2240
1458470 2237
1458480 2233
1458490 2233
1458500 2229
1458510 2229
1458520 2229
1458530 2230
1458540 2233
1458550 2233
1458560 2234
1458570 2235
1458580 2235
1458590 2231
1458600 2230
1458610 2230
1458620 2231
1458630 2232
1458640 2232
1458650 2233
1458660 2234
1458670 2232
1458680 2232
1458690 2229
1458700 2229
1458710 2229
1458720 2230
1458730 2231
1458740 2231
1458750 2233
1458760 2234
1458770 2234
1458780 2234
1458790 2235
1458800 2235
1458810 2236
1458820 2237
1458830 2237
1458840 2237
1458850 2237
1458860 2237
1458870 2237
1458880 2237
1458890 2237
1458900 2237
1458910 2236
1458920 2234
1458930 2234
1458940 2232
1458950 2230
1458960 2230
1458970 2228
1458980 2226
1458990 2226
1459000 2224
1459010 2221
1459020 2221
1459030 2220
1459040 2219
1459050 2219
1459060 2218
1459070 2217
1459080 2214
1459090 2214
1459100 2209
1459110 2201
1459120 2201
1459130 2196
1459140 2193
1459150 2193
1459160 2195
1459170 2197
1459180 2197
1459190 2201
1459200 2205
1459210 2205
1459220 2205
1459230 2202
1459240 2202
1459250 2198
1459260 2193
1459270 2193
1459280 2185
1459290 2179
1459300 2174
1459310 2174
1459320 2168
1459330 2163
1459340 2163
1459350 2161
1459360 2159
1459370 2159
1459380 2157
1459390 2158
1459400 2158
1459410 2158
1459420 2158
1459430 2158
1459440 2157
1459450 2157
1459460 2157
1459470 2157
1459480 2157
1459490 2155
1459500 2155
1459510 2155
1459520 2154
1459530 2154
1459540 2155
1459550 2156
1459560 2156
1459570 2158
1459580 2159
1459590 2159
1459600 2161
1459610 2163
1459620 2163
1459630 2166
1459640 2168
1459650 2168
1459660 2171
1459670 2172
1459680 2172
1459690 2173
1459700 2174
1459710 2173
1459720 2173
1459730 2174
1459740 2175
1459750 2175
1459760 2175
1459770 2175
1459780 2175
1459790 2175
1459800 2174
1459810 2174
1459820 2174
1459830 2174
1459840 2174
1459850 2173
1459860 2173
1459870 2173
1459880 2174
1459890 2175
1459900 2176
1459910 2176
1459920 2179
1459930 2183
1459940 2183
1459950 2185
1459960 2187
1459970 2187
1459980 2188
1459990 2187
