1440000 2594
1440010 2597
1440020 2601
1440030 2601
1440040 2606
1440050 2612
1440060 2612
1440070 2618
1440080 2622
1440090 2622
1440100 2620
1440110 2598
1440120 2576
1440130 2576
1440140 2566
1440150 2560
1440160 2560
1440170 2554
1440180 2550
1440190 2550
1440200 2548
1440210 2546
1440220 2546
1440230 2543
1440240 2541
1440250 2541
1440260 2538
1440270 2534
1440280 2534
1440290 2528
1440300 2520
1440310 2520
1440320 2512
1440330 2506
1440340 2500
1440350 2500
1440360 2493
1440370 2489
1440380 2489
1440390 2488
1440400 2486
1440410 2486
1440420 2490
1440430 2494
1440440 2494
1440450 2496
1440460 2498
1440470 2498
1440480 2499
1440490 2499
1440500 2499
1440510 2499
1440520 2499
1440530 2498
1440540 2498
1440550 2496
1440560 2494
1440570 2494
1440580 2492
1440590 2489
1440600 2489
1440610 2490
1440620 2491
1440630 2491
1440640 2489
1440650 2485
1440660 2485
1440670 2481
1440680 2476
1440690 2476
1440700 2471
1440710 2468
1440720 2468
1440730 2464
1440740 2460
1440750 2457
1440760 2457
1440770 2453
1440780 2450
1440790 2450
1440800 2445
1440810 2440
1440820 2440
1440830 2435
1440840 2430
1440850 2430
1440860 2426
1440870 2421
1440880 2421
1440890 2411
1440900 2403
1440910 2403
1440920 2399
1440930 2393
1440940 2393
1440950 2386
1440960 2383
1440970 2380
1440980 2380
1440990 2378
1441000 2377
1441010 2377
1441020 2378
1441030 2379
1441040 2379
1441050 2379
1441060 2378
1441070 2378
1441080 2376
1441090 2373
1441100 2373
1441110 2370
1441120 2369
1441130 2369
1441140 2369
1441150 2367
1441160 2367
1441170 2367
1441180 2365
1441190 2363
1441200 2363
1441210 2363
1441220 2364
1441230 2364
1441240 2364
1441250 2364
1441260 2364
1441270 2363
1441280 2362
1441290 2362
1441300 2361
1441310 2359
1441320 2359
1441330 2358
1441340 2359
1441350 2359
1441360 2360
1441370 2362
1441380 2363
1441390 2363
1441400 2364
1441410 2365
1441420 2365
1441430 2365
1441440 2363
1441450 2363
1441460 2360
1441470 2359
1441480 2359
1441490 2359
1441500 2360
1441510 2360
1441520 2359
1441530 2356
1441540 2356
1441550 2357
1441560 2359
1441570 2358
1441580 2358
1441590 2360
1441600 2363
1441610 2363
1441620 2365
1441630 2363
1441640 2363
1441650 2360
1441660 2361
1441670 2361
1441680 2360
1441690 2360
1441700 2360
1441710 2362
1441720 2362
1441730 2362
1441740 2360
1441750 2357
1441760 2357
1441770 2358
1441780 2362
1441790 2365
1441800 2365
1441810 2366
1441820 2368
1441830 2368
1441840 2369
1441850 2371
1441860 2371
1441870 2375
1441880 2377
1441890 2377
1441900 2382
1441910 2385
1441920 2385
1441930 2387
1441940 2388
1441950 2388
1441960 2390
1441970 2391
1441980 2391
1441990 2394
1442000 2396
1442010 2396
1442020 2396
1442030 2395
1442040 2392
1442050 2392
1442060 2388
1442070 2377
1442080 2377
1442090 2368
1442100 2367
1442110 2367
1442120 2371
1442130 2373
1442140 2373
1442150 2377
1442160 2380
1442170 2380
1442180 2382
1442190 2383
1442200 2383
1442210 2383
1442220 2383
1442230 2382
1442240 2382
1442250 2383
1442260 2384
1442270 2384
1442280 2385
1442290 2384
1442300 2384
1442310 2380
1442320 2382
1442330 2382
1442340 2386
1442350 2384
1442360 2384
1442370 2378
1442380 2379
1442390 2379
1442400 2383
1442410 2385
1442420 2385
1442430 2385
1442440 2381
1442450 2379
1442460 2379
1442470 2381
1442480 2383
1442490 2383
1442500 2381
1442510 2379
1442520 2375
1442530 2378
1442540 2379
1442550 2379
1442560 2381
1442570 2384
1442580 2384
1442590 2389
1442600 2395
1442610 2395
1442620 2398
1442630 2402
1442640 2404
1442650 2404
1442660 2405
1442670 2404
1442680 2404
1442690 2403
1442700 2404
1442710 2404
1442720 2404
1442730 2403
1442740 2403
1442750 2405
1442760 2406
1442770 2406
1442780 2404
1442790 2404
1442800 2404
1442810 2404
1442820 2401
1442830 2398
1442840 2398
1442850 2396
1442860 2393
1442870 2393
1442880 2387
1442890 2382
1442900 2382
1442910 2376
1442920 2371
1442930 2371
1442940 2368
1442950 2364
1442960 2364
1442970 2360
1442980 2357
1442990 2357
1443000 2354
1443010 2348
1443020 2348
1443030 2342
1443040 2338
1443050 2329
1443060 2329
1443070 2325
1443080 2316
1443090 2316
1443100 2308
1443110 2307
1443120 2307
1443130 2311
1443140 2308
1443150 2308
1443160 2302
1443170 2295
1443180 2295
1443190 2291
1443200 2287
1443210 2287
1443220 2284
1443230 2281
1443240 2281
1443250 2277
1443260 2274
1443270 2269
1443280 2269
1443290 2265
1443300 2261
1443310 2261
1443320 2256
1443330 2252
1443340 2252
1443350 2248
1443360 2244
1443370 2244
1443380 2240
1443390 2237
1443400 2237
1443410 2233
1443420 2231
1443430 2231
1443440 2231
1443450 2232
1443460 2232
1443470 2232
1443480 2233
1443490 2234
1443500 2234
1443510 2236
1443520 2237
1443530 2237
1443540 2238
1443550 2239
1443560 2239
1443570 2242
1443580 2245
1443590 2245
1443600 2248
1443610 2251
1443620 2251
1443630 2254
1443640 2255
1443650 2255
1443660 2258
1443670 2262
1443680 2265
1443690 2265
1443700 2269
1443710 2273
1443720 2273
1443730 2277
1443740 2281
1443750 2281
1443760 2285
1443770 2289
1443780 2289
1443790 2292
1443800 2296
1443810 2296
1443820 2300
1443830 2304
1443840 2304
1443850 2308
1443860 2312
1443870 2316
1443880 2316
1443890 2320
1443900 2324
1443910 2324
1443920 2327
1443930 2331
1443940 2331
1443950 2335
1443960 2339
1443970 2339
1443980 2342
1443990 2346
1444000 2346
1444010 2349
1444020 2351
1444030 2351
1444040 2355
1444050 2358
1444060 2358
1444070 2362
1444080 2365
1444090 2368
1444100 2368
1444110 2373
1444120 2380
1444130 2380
1444140 2389
1444150 2395
1444160 2395
1444170 2400
1444180 2406
1444190 2406
1444200 2413
1444210 2420
1444220 2420
1444230 2426
1444240 2433
1444250 2433
1444260 2440
1444270 2447
1444280 2447
1444290 2455
1444300 2464
1444310 2471
1444320 2471
1444330 2479
1444340 2487
1444350 2487
1444360 2495
1444370 2502
1444380 2502
1444390 2510
1444400 2518
1444410 2518
1444420 2528
1444430 2542
1444440 2542
1444450 2562
1444460 2575
1444470 2575
1444480 2585
1444490 2593
1444500 2608
1444510 2608
1444520 2621
1444530 2622
1444540 2622
1444550 2617
1444560 2618
1444570 2618
1444580 2628
1444590 2639
1444600 2639
1444610 2648
1444620 2658
1444630 2658
1444640 2668
1444650 2682
1444660 2682
1444670 2698
1444680 2709
1444690 2709
1444700 2721
1444710 2729
1444720 2738
1444730 2738
1444740 2750
1444750 2760
1444760 2760
1444770 2772
1444780 2781
1444790 2781
1444800 2783
1444810 2788
1444820 2788
1444830 2800
1444840 2813
1444850 2813
1444860 2826
1444870 2833
1444880 2833
1444890 2837
1444900 2847
1444910 2853
1444920 2853
1444930 2860
1444940 2870
1444950 2870
1444960 2877
1444970 2887
1444980 2887
1444990 2894
1445000 2901
1445010 2901
1445020 2911
1445030 2921
1445040 2921
1445050 2929
1445060 2941
1445070 2941
1445080 2951
1445090 2970
1445100 2970
1445110 2983
1445120 2973
1445130 2957
1445140 2957
1445150 2950
1445160 2940
1445170 2940
1445180 2930
1445190 2925
1445200 2925
1445210 2924
1445220 2921
1445230 2921
1445240 2915
1445250 2908
1445260 2908
1445270 2903
1445280 2897
1445290 2897
1445300 2892
1445310 2889
1445320 2889
1445330 2885
1445340 2881
1445350 2876
1445360 2876
1445370 2871
1445380 2865
1445390 2865
1445400 2860
1445410 2854
1445420 2854
1445430 2848
1445440 2841
1445450 2841
1445460 2826
1445470 2813
1445480 2813
1445490 2803
1445500 2798
1445510 2798
1445520 2793
1445530 2790
1445540 2787
1445550 2787
1445560 2783
1445570 2779
1445580 2779
1445590 2776
1445600 2772
1445610 2772
1445620 2767
1445630 2764
1445640 2764
1445650 2759
1445660 2758
1445670 2758
1445680 2755
1445690 2750
1445700 2750
1445710 2741
1445720 2737
1445730 2737
1445740 2734
1445750 2730
1445760 2726
1445770 2726
1445780 2724
1445790 2723
1445800 2723
1445810 2722
1445820 2723
1445830 2723
1445840 2723
1445850 2722
1445860 2722
1445870 2721
1445880 2720
1445890 2720
1445900 2717
1445910 2715
1445920 2715
1445930 2712
1445940 2711
1445950 2711
1445960 2709
1445970 2707
1445980 2705
1445990 2705
1446000 2701
1446010 2697
1446020 2697
1446030 2693
1446040 2691
1446050 2691
1446060 2690
1446070 2687
1446080 2687
1446090 2681
1446100 2676
1446110 2676
1446120 2670
1446130 2665
1446140 2665
1446150 2662
1446160 2658
1446170 2652
1446180 2652
1446190 2647
1446200 2642
1446210 2642
1446220 2635
1446230 2633
1446240 2633
1446250 2630
1446260 2628
1446270 2628
1446280 2623
1446290 2611
1446300 2611
1446310 2603
1446320 2596
1446330 2596
1446340 2587
1446350 2578
1446360 2578
1446370 2572
1446380 2566
1446390 2560
1446400 2560
1446410 2555
1446420 2550
1446430 2550
1446440 2546
1446450 2544
1446460 2544
1446470 2537
1446480 2532
1446490 2532
1446500 2527
1446510 2525
1446520 2525
1446530 2524
1446540 2520
1446550 2520
1446560 2519
1446570 2518
1446580 2517
1446590 2517
1446600 2516
1446610 2503
1446620 2503
1446630 2496
1446640 2493
1446650 2493
1446660 2486
1446670 2478
1446680 2478
1446690 2471
1446700 2466
1446710 2466
1446720 2459
1446730 2451
1446740 2451
1446750 2443
1446760 2438
1446770 2438
1446780 2433
1446790 2433
1446800 2433
1446810 2433
1446820 2431
1446830 2425
1446840 2425
1446850 2420
1446860 2420
1446870 2420
1446880 2418
1446890 2416
1446900 2416
1446910 2414
1446920 2413
1446930 2413
1446940 2412
1446950 2411
1446960 2411
1446970 2411
1446980 2411
1446990 2411
1447000 2411
1447010 2411
1447020 2411
1447030 2411
1447040 2411
1447050 2411
1447060 2411
1447070 2411
1447080 2411
1447090 2411
1447100 2411
1447110 2411
1447120 2411
1447130 2411
1447140 2411
1447150 2411
1447160 2411
1447170 2411
1447180 2411
1447190 2411
1447200 2411
1447210 2411
1447220 2411
1447230 2411
1447240 2411
1447250 2411
1447260 2412
1447270 2417
1447280 2417
1447290 2423
1447300 2430
1447310 2430
1447320 2439
1447330 2445
1447340 2445
1447350 2447
1447360 2447
1447370 2447
1447380 2450
1447390 2455
1447400 2455
1447410 2462
1447420 2467
1447430 2472
1447440 2472
1447450 2477
1447460 2486
1447470 2486
1447480 2495
1447490 2501
1447500 2501
1447510 2505
1447520 2509
1447530 2509
1447540 2515
1447550 2521
1447560 2521
1447570 2527
1447580 2533
1447590 2533
1447600 2540
1447610 2545
1447620 2545
1447630 2544
1447640 2544
1447650 2545
1447660 2545
1447670 2547
1447680 2551
1447690 2551
1447700 2554
1447710 2555
1447720 2555
1447730 2558
1447740 2563
1447750 2563
1447760 2568
1447770 2574
1447780 2574
1447790 2580
1447800 2587
1447810 2587
1447820 2591
1447830 2592
1447840 2592
1447850 2592
1447860 2591
1447870 2592
1447880 2592
1447890 2597
1447900 2602
1447910 2602
1447920 2605
1447930 2605
1447940 2605
1447950 2607
1447960 2608
1447970 2608
1447980 2611
1447990 2613
1448000 2613
1448010 2615
1448020 2618
1448030 2618
1448040 2623
1448050 2630
1448060 2638
1448070 2638
1448080 2645
1448090 2651
1448100 2651
1448110 2658
1448120 2663
1448130 2663
1448140 2668
1448150 2672
1448160 2672
1448170 2676
1448180 2680
1448190 2680
1448200 2687
1448210 2692
1448220 2692
1448230 2697
1448240 2700
1448250 2701
1448260 2701
1448270 2704
1448280 2706
1448290 2706
1448300 2710
1448310 2712
1448320 2712
1448330 2717
1448340 2721
1448350 2721
1448360 2727
1448370 2729
1448380 2729
1448390 2731
1448400 2734
1448410 2734
1448420 2737
1448430 2739
1448440 2739
1448450 2741
1448460 2744
1448470 2747
1448480 2747
1448490 2750
1448500 2751
1448510 2751
1448520 2752
1448530 2757
1448540 2757
1448550 2761
1448560 2760
1448570 2760
1448580 2762
1448590 2765
1448600 2765
1448610 2767
1448620 2769
1448630 2769
1448640 2771
1448650 2775
1448660 2775
1448670 2779
1448680 2784
1448690 2788
1448700 2788
1448710 2792
1448720 2798
1448730 2798
1448740 2802
1448750 2803
1448760 2803
1448770 2804
1448780 2803
1448790 2803
1448800 2801
1448810 2798
1448820 2798
1448830 2794
1448840 2788
1448850 2788
1448860 2782
1448870 2777
1448880 2775
1448890 2775
1448900 2774
1448910 2771
1448920 2771
1448930 2769
1448940 2771
1448950 2771
1448960 2771
1448970 2775
1448980 2775
1448990 2782
1449000 2786
1449010 2786
1449020 2788
1449030 2788
1449040 2788
1449050 2784
1449060 2782
1449070 2782
1449080 2785
1449090 2787
1449100 2787
1449110 2787
1449120 2788
1449130 2789
1449140 2789
1449150 2793
1449160 2794
1449170 2794
1449180 2795
1449190 2796
1449200 2796
1449210 2795
1449220 2795
1449230 2795
1449240 2794
1449250 2792
1449260 2792
1449270 2789
1449280 2787
1449290 2788
1449300 2788
1449310 2788
1449320 2787
1449330 2787
1449340 2787
1449350 2787
1449360 2787
1449370 2786
1449380 2787
1449390 2787
1449400 2790
1449410 2793
1449420 2793
1449430 2798
1449440 2808
1449450 2808
1449460 2833
1449470 2850
1449480 2850
1449490 2857
1449500 2863
1449510 2870
1449520 2870
1449530 2878
1449540 2886
1449550 2886
1449560 2887
1449570 2872
1449580 2872
1449590 2868
1449600 2880
1449610 2880
1449620 2889
1449630 2895
1449640 2895
1449650 2906
1449660 2912
1449670 2912
1449680 2921
1449690 2931
1449700 2931
1449710 2941
1449720 2949
1449730 2953
1449740 2953
1449750 2954
1449760 2953
1449770 2953
1449780 2956
1449790 2958
1449800 2958
1449810 2960
1449820 2967
1449830 2967
1449840 2970
1449850 2976
1449860 2976
1449870 2980
1449880 2982
1449890 2982
1449900 2982
1449910 2982
1449920 2989
1449930 2989
1449940 2989
1449950 2989
1449960 2989
1449970 2989
1449980 2994
1449990 2994
1450000 2990
1450010 2982
1450020 2982
1450030 2976
1450040 2972
1450050 2972
1450060 2970
1450070 2967
1450080 2967
1450090 2965
1450100 2964
1450110 2964
1450120 2963
1450130 2963
1450140 2963
1450150 2963
1450160 2964
1450170 2964
1450180 2964
1450190 2962
1450200 2961
1450210 2961
1450220 2962
1450230 2961
1450240 2961
1450250 2961
1450260 2962
1450270 2962
1450280 2962
1450290 2963
1450300 2963
1450310 2963
1450320 2963
1450330 2963
1450340 2964
1450350 2966
1450360 2966
1450370 2966
1450380 2964
1450390 2963
1450400 2963
1450410 2964
1450420 2964
1450430 2964
1450440 2965
1450450 2965
1450460 2965
1450470 2965
1450480 2964
1450490 2964
1450500 2964
1450510 2963
1450520 2963
1450530 2962
1450540 2961
1450550 2961
1450560 2961
1450570 2961
1450580 2961
1450590 2961
1450600 2960
1450610 2961
1450620 2961
1450630 2961
1450640 2962
1450650 2962
1450660 2963
1450670 2963
1450680 2963
1450690 2962
1450700 2961
1450710 2961
1450720 2961
1450730 2960
1450740 2960
1450750 2959
1450760 2958
1450770 2954
1450780 2954
1450790 2951
1450800 2949
1450810 2949
1450820 2947
1450830 2944
1450840 2944
1450850 2940
1450860 2938
1450870 2938
1450880 2936
1450890 2934
1450900 2934
1450910 2932
1450920 2931
1450930 2931
1450940 2930
1450950 2930
1450960 2930
1450970 2930
1450980 2930
1450990 2930
1451000 2930
1451010 2930
1451020 2927
1451030 2927
1451040 2919
1451050 2915
1451060 2915
1451070 2912
1451080 2905
1451090 2905
1451100 2898
1451110 2890
1451120 2890
1451130 2884
1451140 2876
1451150 2876
1451160 2869
1451170 2862
1451180 2857
1451190 2857
1451200 2851
1451210 2846
1451220 2846
1451230 2842
1451240 2837
1451250 2837
1451260 2832
1451270 2828
1451280 2828
1451290 2824
1451300 2822
1451310 2822
1451320 2816
1451330 2811
1451340 2811
1451350 2808
1451360 2805
1451370 2805
1451380 2797
1451390 2791
1451400 2786
1451410 2786
1451420 2783
1451430 2781
1451440 2781
1451450 2779
1451460 2776
1451470 2776
1451480 2775
1451490 2773
1451500 2773
1451510 2771
1451520 2770
1451530 2770
1451540 2769
1451550 2767
1451560 2767
1451570 2765
1451580 2763
1451590 2761
1451600 2761
1451610 2759
1451620 2753
1451630 2753
1451640 2744
1451650 2732
1451660 2732
1451670 2723
1451680 2717
1451690 2717
1451700 2712
1451710 2707
1451720 2707
1451730 2703
1451740 2697
1451750 2697
1451760 2692
1451770 2687
1451780 2687
1451790 2681
1451800 2675
1451810 2668
1451820 2668
1451830 2661
1451840 2654
1451850 2654
1451860 2647
1451870 2640
1451880 2640
1451890 2635
1451900 2629
1451910 2629
1451920 2624
1451930 2619
1451940 2619
1451950 2615
1451960 2612
1451970 2612
1451980 2609
1451990 2606
1452000 2604
1452010 2604
1452020 2602
1452030 2600
1452040 2600
1452050 2597
1452060 2594
1452070 2594
1452080 2593
1452090 2592
1452100 2592
1452110 2591
1452120 2591
1452130 2591
1452140 2590
1452150 2591
1452160 2591
1452170 2591
1452180 2589
1452190 2589
1452200 2586
1452210 2581
1452220 2576
1452230 2576
1452240 2572
1452250 2569
1452260 2569
1452270 2563
1452280 2559
1452290 2559
1452300 2557
1452310 2550
1452320 2550
1452330 2543
1452340 2537
1452350 2537
1452360 2532
1452370 2527
1452380 2527
1452390 2523
1452400 2519
1452410 2519
1452420 2517
1452430 2512
1452440 2508
1452450 2508
1452460 2508
1452470 2504
1452480 2504
1452490 2499
1452500 2497
1452510 2497
1452520 2495
1452530 2492
1452540 2492
1452550 2487
1452560 2476
1452570 2476
1452580 2462
1452590 2444
1452600 2444
1452610 2431
1452620 2423
1452630 2417
1452640 2417
1452650 2412
1452660 2407
1452670 2407
1452680 2405
1452690 2404
1452700 2404
1452710 2405
1452720 2404
1452730 2404
1452740 2402
1452750 2398
1452760 2398
1452770 2394
1452780 2392
1452790 2392
1452800 2389
1452810 2387
1452820 2387
1452830 2389
1452840 2384
1452850 2381
1452860 2381
1452870 2378
1452880 2375
1452890 2375
1452900 2372
1452910 2369
1452920 2369
1452930 2365
1452940 2361
1452950 2361
1452960 2358
1452970 2357
1452980 2357
1452990 2357
1453000 2358
1453010 2358
1453020 2359
1453030 2359
1453040 2359
1453050 2359
1453060 2358
1453070 2358
1453080 2358
1453090 2358
1453100 2358
1453110 2358
1453120 2359
1453130 2360
1453140 2360
1453150 2363
1453160 2368
1453170 2368
1453180 2375
1453190 2381
1453200 2381
1453210 2387
1453220 2390
1453230 2390
1453240 2393
1453250 2393
1453260 2395
1453270 2395
1453280 2403
1453290 2405
1453300 2405
1453310 2405
1453320 2401
1453330 2401
1453340 2399
1453350 2402
1453360 2402
1453370 2408
1453380 2407
1453390 2407
1453400 2405
1453410 2404
1453420 2404
1453430 2406
1453440 2409
1453450 2409
1453460 2411
1453470 2412
1453480 2413
1453490 2413
1453500 2415
1453510 2418
1453520 2418
1453530 2419
1453540 2419
1453550 2419
1453560 2419
1453570 2419
1453580 2419
1453590 2419
1453600 2418
1453610 2418
1453620 2417
1453630 2417
1453640 2417
1453650 2417
1453660 2416
1453670 2416
1453680 2416
1453690 2416
1453700 2415
1453710 2415
1453720 2414
1453730 2415
1453740 2415
1453750 2413
1453760 2406
1453770 2406
1453780 2400
1453790 2395
1453800 2395
1453810 2389
1453820 2384
1453830 2384
1453840 2378
1453850 2372
1453860 2372
1453870 2365
1453880 2358
1453890 2354
1453900 2354
1453910 2354
1453920 2354
1453930 2354
1453940 2352
1453950 2347
1453960 2347
1453970 2345
1453980 2342
1453990 2342
1454000 2340
1454010 2342
1454020 2342
1454030 2340
1454040 2336
1454050 2336
1454060 2333
1454070 2331
1454080 2331
1454090 2328
1454100 2322
1454110 2316
1454120 2316
1454130 2312
1454140 2308
1454150 2308
1454160 2302
1454170 2297
1454180 2297
1454190 2293
1454200 2286
1454210 2286
1454220 2281
1454230 2280
1454240 2280
1454250 2281
1454260 2280
1454270 2280
1454280 2278
1454290 2272
1454300 2267
1454310 2267
1454320 2268
1454330 2268
1454340 2268
1454350 2270
1454360 2269
1454370 2269
1454380 2267
1454390 2264
1454400 2264
1454410 2262
1454420 2260
1454430 2260
1454440 2257
1454450 2253
1454460 2253
1454470 2246
1454480 2241
1454490 2241
1454500 2234
1454510 2229
1454520 2221
1454530 2221
1454540 2214
1454550 2207
1454560 2207
1454570 2201
1454580 2197
1454590 2197
1454600 2195
1454610 2192
1454620 2192
1454630 2190
1454640 2187
1454650 2187
1454660 2182
1454670 2179
1454680 2179
1454690 2178
1454700 2176
1454710 2176
1454720 2176
1454730 2175
1454740 2174
1454750 2174
1454760 2170
1454770 2167
1454780 2167
1454790 2165
1454800 2164
1454810 2164
1454820 2163
1454830 2163
1454840 2163
1454850 2163
1454860 2167
1454870 2167
1454880 2172
1454890 2178
1454900 2178
1454910 2183
1454920 2189
1454930 2198
1454940 2198
1454950 2210
1454960 2220
1454970 2220
1454980 2224
1454990 2227
1455000 2227
1455010 2233
1455020 2239
1455030 2239
1455040 2243
1455050 2245
1455060 2245
1455070 2247
1455080 2249
1455090 2249
1455100 2255
1455110 2260
1455120 2260
1455130 2266
1455140 2272
1455150 2278
1455160 2278
1455170 2285
1455180 2290
1455190 2290
1455200 2295
1455210 2300
1455220 2300
1455230 2305
1455240 2308
1455250 2308
1455260 2312
1455270 2313
1455280 2313
1455290 2314
1455300 2315
1455310 2315
1455320 2312
1455330 2307
1455340 2306
1455350 2306
1455360 2306
1455370 2307
1455380 2307
1455390 2310
1455400 2315
1455410 2315
1455420 2319
1455430 2323
1455440 2323
1455450 2327
1455460 2332
1455470 2332
1455480 2338
1455490 2346
1455500 2346
1455510 2355
1455520 2362
1455530 2362
1455540 2367
1455550 2371
1455560 2373
1455570 2373
1455580 2375
1455590 2377
1455600 2377
1455610 2379
1455620 2380
1455630 2380
1455640 2377
1455650 2377
1455660 2377
1455670 2380
1455680 2379
1455690 2379
1455700 2375
1455710 2373
1455720 2373
1455730 2376
1455740 2371
1455750 2371
1455760 2368
1455770 2369
1455780 2371
1455790 2371
1455800 2377
1455810 2383
1455820 2383
1455830 2390
1455840 2396
1455850 2396
1455860 2401
1455870 2405
1455880 2405
1455890 2409
1455900 2413
1455910 2413
1455920 2418
1455930 2422
1455940 2422
1455950 2426
1455960 2431
1455970 2437
1455980 2437
1455990 2444
1456000 2451
1456010 2451
1456020 2457
1456030 2464
1456040 2464
1456050 2469
1456060 2475
1456070 2475
1456080 2478
1456090 2474
1456100 2474
1456110 2470
1456120 2467
1456130 2467
1456140 2462
1456150 2459
1456160 2459
1456170 2454
1456180 2451
1456190 2445
1456200 2445
1456210 2442
1456220 2437
1456230 2437
1456240 2430
1456250 2425
1456260 2425
1456270 2414
1456280 2405
1456290 2405
1456300 2395
1456310 2383
1456320 2383
1456330 2372
1456340 2363
1456350 2363
1456360 2359
1456370 2358
1456380 2359
1456390 2359
1456400 2359
1456410 2363
1456420 2363
1456430 2367
1456440 2373
1456450 2373
1456460 2380
1456470 2387
1456480 2387
1456490 2394
1456500 2400
1456510 2400
1456520 2405
1456530 2406
1456540 2406
1456550 2401
1456560 2403
1456570 2403
1456580 2408
1456590 2412
1456600 2419
1456610 2419
1456620 2424
1456630 2425
1456640 2425
1456650 2424
1456660 2421
1456670 2421
1456680 2414
1456690 2407
1456700 2407
1456710 2402
1456720 2395
1456730 2395
1456740 2390
1456750 2390
1456760 2390
1456770 2390
1456780 2388
1456790 2388
1456800 2388
1456810 2388
1456820 2388
1456830 2388
1456840 2388
1456850 2388
1456860 2388
1456870 2385
1456880 2381
1456890 2381
1456900 2377
1456910 2373
1456920 2373
1456930 2372
1456940 2373
1456950 2373
1456960 2375
1456970 2378
1456980 2378
1456990 2381
1457000 2384
1457010 2387
1457020 2387
1457030 2389
1457040 2393
1457050 2393
1457060 2397
1457070 2403
1457080 2403
1457090 2409
1457100 2417
1457110 2425
1457120 2437
1457130 2439
1457140 2439
1457150 2435
1457160 2430
1457170 2430
1457180 2425
1457190 2421
1457200 2421
1457210 2418
1457220 2417
1457230 2415
1457240 2415
1457250 2412
1457260 2409
1457270 2409
1457280 2408
1457290 2409
1457300 2409
1457310 2410
1457320 2411
1457330 2411
1457340 2409
1457350 2402
1457360 2402
1457370 2393
1457380 2386
1457390 2386
1457400 2380
1457410 2376
1457420 2371
1457430 2371
1457440 2363
1457450 2353
1457460 2353
1457470 2346
1457480 2340
1457490 2340
1457500 2334
1457510 2329
1457520 2329
1457530 2324
1457540 2319
1457550 2319
1457560 2314
1457570 2305
1457580 2305
1457590 2303
1457600 2307
1457610 2307
1457620 2303
1457630 2298
1457640 2293
1457650 2293
1457660 2288
1457670 2282
1457680 2282
1457690 2277
1457700 2268
1457710 2268
1457720 2259
1457730 2253
1457740 2253
1457750 2249
1457760 2246
1457770 2246
1457780 2242
1457790 2235
1457800 2235
1457810 2221
1457820 2214
1457830 2214
1457840 2211
1457850 2209
1457860 2208
1457870 2208
1457880 2204
1457890 2200
1457900 2200
1457910 2190
1457920 2184
1457930 2184
1457940 2180
1457950 2177
1457960 2177
1457970 2176
1457980 2175
1457990 2175
1458000 2174
1458010 2173
1458020 2173
1458030 2173
1458040 2173
1458050 2171
1458060 2171
1458070 2171
1458080 2171
1458090 2171
1458100 2172
1458110 2173
1458120 2173
1458130 2176
1458140 2179
1458150 2179
1458160 2182
1458170 2185
1458180 2185
1458190 2189
1458200 2192
1458210 2192
1458220 2194
1458230 2196
1458240 2196
1458250 2198
1458260 2197
1458270 2199
1458280 2199
1458290 2201
1458300 2199
1458310 2199
1458320 2202
1458330 2205
1458340 2205
1458350 2211
1458360 2221
1458370 2221
1458380 2230
1458390 2239
1458400 2239
1458410 2245
1458420 2249
1458430 2249
1458440 2251
1458450 2250
1458460 2250
1458470 2244
1458480 2246
1458490 2246
1458500 2246
1458510 2250
1458520 2257
1458530 2257
1458540 2256
1458550 2262
1458560 2262
1458570 2265
1458580 2268
1458590 2268
1458600 2271
1458610 2274
1458620 2274
1458630 2278
1458640 2284
1458650 2284
1458660 2288
1458670 2290
1458680 2292
1458690 2292
1458700 2295
1458710 2298
1458720 2298
1458730 2301
1458740 2303
1458750 2303
1458760 2304
1458770 2306
1458780 2306
1458790 2309
1458800 2309
1458810 2309
1458820 2310
1458830 2314
1458840 2314
1458850 2317
1458860 2317
1458870 2317
1458880 2315
1458890 2312
1458900 2313
1458910 2313
1458920 2316
1458930 2319
1458940 2319
1458950 2321
1458960 2320
1458970 2320
1458980 2318
1458990 2318
1459000 2318
1459010 2321
1459020 2320
1459030 2320
1459040 2317
1459050 2316
1459060 2316
1459070 2317
1459080 2319
1459090 2321
1459100 2321
1459110 2320
1459120 2321
1459130 2321
1459140 2319
1459150 2315
1459160 2315
1459170 2313
1459180 2312
1459190 2312
1459200 2311
1459210 2309
1459220 2309
1459230 2306
1459240 2307
1459250 2307
1459260 2308
1459270 2309
1459280 2309
1459290 2310
1459300 2310
1459310 2309
1459320 2309
1459330 2309
1459340 2310
1459350 2310
1459360 2310
1459370 2310
1459380 2310
1459390 2310
1459400 2310
1459410 2310
1459420 2310
1459430 2307
1459440 2307
1459450 2302
1459460 2301
1459470 2301
1459480 2302
1459490 2302
1459500 2302
1459510 2302
1459520 2300
1459530 2299
1459540 2299
1459550 2301
1459560 2303
1459570 2303
1459580 2306
1459590 2310
1459600 2310
1459610 2313
1459620 2316
1459630 2316
1459640 2321
1459650 2326
1459660 2326
1459670 2331
1459680 2334
1459690 2334
1459700 2336
1459710 2337
1459720 2336
1459730 2336
1459740 2330
1459750 2325
1459760 2325
1459770 2325
1459780 2326
1459790 2326
1459800 2328
1459810 2330
1459820 2330
1459830 2332
1459840 2335
1459850 2335
1459860 2337
1459870 2340
1459880 2340
1459890 2343
1459900 2347
1459910 2347
1459920 2350
1459930 2353
1459940 2357
1459950 2357
1459960 2361
1459970 2366
1459980 2366
1459990 2371
