1440000 2655
1440010 2646
1440020 2638
1440030 2628
1440040 2628
1440050 2620
1440060 2613
1440070 2613
1440080 2606
1440090 2600
1440100 2600
1440110 2597
1440120 2594
1440130 2594
1440140 2590
1440150 2586
1440160 2586
1440170 2583
1440180 2581
1440190 2581
1440200 2580
1440210 2579
1440220 2579
1440230 2576
1440240 2572
1440250 2571
1440260 2571
1440270 2574
1440280 2575
1440290 2575
1440300 2575
1440310 2578
1440320 2578
1440330 2579
1440340 2577
1440350 2573
1440360 2572
1440370 2573
1440380 2573
1440390 2574
1440400 2576
1440410 2576
1440420 2577
1440430 2578
1440440 2581
1440450 2581
1440460 2583
1440470 2581
1440480 2581
1440490 2578
1440500 2577
1440510 2577
1440520 2576
1440530 2572
1440540 2572
1440550 2567
1440560 2562
1440570 2562
1440580 2557
1440590 2552
1440600 2552
1440610 2546
1440620 2540
1440630 2540
1440640 2538
1440650 2537
1440660 2536
1440670 2536
1440680 2533
1440690 2530
1440700 2530
1440710 2527
1440720 2524
1440730 2524
1440740 2523
1440750 2521
1440760 2521
1440770 2520
1440780 2516
1440790 2516
1440800 2515
1440810 2512
1440820 2512
1440830 2509
1440840 2506
1440850 2506
1440860 2505
1440870 2503
1440880 2499
1440890 2499
1440900 2496
1440910 2496
1440920 2496
1440930 2494
1440940 2491
1440950 2491
1440960 2488
1440970 2485
1440980 2485
1440990 2482
1441000 2477
1441010 2477
1441020 2473
1441030 2474
1441040 2474
1441050 2474
1441060 2474
1441070 2474
1441080 2474
1441090 2472
1441100 2468
1441110 2468
1441120 2463
1441130 2458
1441140 2458
1441150 2453
1441160 2450
1441170 2450
1441180 2445
1441190 2437
1441200 2437
1441210 2430
1441220 2428
1441230 2428
1441240 2427
1441250 2428
1441260 2428
1441270 2431
1441280 2432
1441290 2431
1441300 2431
1441310 2432
1441320 2433
1441330 2433
1441340 2434
1441350 2431
1441360 2431
1441370 2428
1441380 2425
1441390 2425
1441400 2422
1441410 2420
1441420 2420
1441430 2418
1441440 2418
1441450 2418
1441460 2417
1441470 2418
1441480 2417
1441490 2417
1441500 2410
1441510 2408
1441520 2408
1441530 2404
1441540 2397
1441550 2397
1441560 2393
1441570 2392
1441580 2392
1441590 2393
1441600 2395
1441610 2395
1441620 2397
1441630 2397
1441640 2397
1441650 2392
1441660 2390
1441670 2390
1441680 2392
1441690 2395
1441700 2400
1441710 2400
1441720 2404
1441730 2407
1441740 2407
1441750 2413
1441760 2419
1441770 2419
1441780 2425
1441790 2429
1441800 2429
1441810 2434
1441820 2439
1441830 2439
1441840 2443
1441850 2446
1441860 2446
1441870 2450
1441880 2454
1441890 2454
1441900 2458
1441910 2459
1441920 2462
1441930 2462
1441940 2464
1441950 2466
1441960 2466
1441970 2469
1441980 2472
1441990 2472
1442000 2474
1442010 2475
1442020 2475
1442030 2475
1442040 2474
1442050 2474
1442060 2474
1442070 2473
1442080 2473
1442090 2474
1442100 2478
1442110 2479
1442120 2479
1442130 2479
1442140 2479
1442150 2479
1442160 2480
1442170 2481
1442180 2481
1442190 2481
1442200 2483
1442210 2483
1442220 2485
1442230 2486
1442240 2486
1442250 2486
1442260 2487
1442270 2487
1442280 2487
1442290 2488
1442300 2488
1442310 2489
1442320 2490
1442330 2490
1442340 2490
1442350 2489
1442360 2489
1442370 2489
1442380 2487
1442390 2488
1442400 2488
1442410 2488
1442420 2488
1442430 2488
1442440 2487
1442450 2487
1442460 2487
1442470 2487
1442480 2486
1442490 2486
1442500 2490
1442510 2490
1442520 2490
1442530 2490
1442540 2488
1442550 2490
1442560 2490
1442570 2493
1442580 2494
1442590 2494
1442600 2495
1442610 2495
1442620 2495
1442630 2496
1442640 2495
1442650 2495
1442660 2493
1442670 2495
1442680 2495
1442690 2497
1442700 2497
1442710 2497
1442720 2496
1442730 2493
1442740 2491
1442750 2491
1442760 2496
1442770 2500
1442780 2500
1442790 2501
1442800 2502
1442810 2502
1442820 2502
1442830 2502
1442840 2502
1442850 2501
1442860 2498
1442870 2498
1442880 2495
1442890 2495
1442900 2495
1442910 2494
1442920 2492
1442930 2492
1442940 2489
1442950 2487
1442960 2482
1442970 2482
1442980 2479
1442990 2480
1443000 2480
1443010 2481
1443020 2480
1443030 2480
1443040 2476
1443050 2479
1443060 2479
1443070 2480
1443080 2480
1443090 2480
1443100 2478
1443110 2472
1443120 2472
1443130 2468
1443140 2468
1443150 2468
1443160 2474
1443170 2478
1443180 2478
1443190 2478
1443200 2476
1443210 2467
1443220 2467
1443230 2460
1443240 2459
1443250 2459
1443260 2457
1443270 2447
1443280 2447
1443290 2439
1443300 2435
1443310 2435
1443320 2426
1443330 2429
1443340 2429
1443350 2431
1443360 2429
1443370 2426
1443380 2426
1443390 2422
1443400 2412
1443410 2412
1443420 2390
1443430 2372
1443440 2372
1443450 2353
1443460 2344
1443470 2344
1443480 2345
1443490 2340
1443500 2340
1443510 2322
1443520 2315
1443530 2315
1443540 2309
1443550 2304
1443560 2304
1443570 2299
1443580 2294
1443590 2290
1443600 2290
1443610 2287
1443620 2285
1443630 2285
1443640 2283
1443650 2283
1443660 2283
1443670 2285
1443680 2285
1443690 2285
1443700 2284
1443710 2283
1443720 2283
1443730 2283
1443740 2283
1443750 2283
1443760 2282
1443770 2283
1443780 2283
1443790 2281
1443800 2280
1443810 2280
1443820 2280
1443830 2279
1443840 2277
1443850 2277
1443860 2277
1443870 2277
1443880 2277
1443890 2278
1443900 2278
1443910 2278
1443920 2280
1443930 2284
1443940 2284
1443950 2290
1443960 2297
1443970 2297
1443980 2303
1443990 2310
1444000 2315
1444010 2315
1444020 2320
1444030 2327
1444040 2327
1444050 2333
1444060 2339
1444070 2339
1444080 2346
1444090 2353
1444100 2353
1444110 2358
1444120 2362
1444130 2362
1444140 2366
1444150 2369
1444160 2369
1444170 2373
1444180 2377
1444190 2377
1444200 2380
1444210 2382
1444220 2386
1444230 2386
1444240 2391
1444250 2396
1444260 2396
1444270 2402
1444280 2409
1444290 2409
1444300 2415
1444310 2422
1444320 2422
1444330 2429
1444340 2436
1444350 2436
1444360 2443
1444370 2451
1444380 2451
1444390 2459
1444400 2468
1444410 2475
1444420 2475
1444430 2482
1444440 2491
1444450 2491
1444460 2499
1444470 2507
1444480 2507
1444490 2515
1444500 2520
1444510 2520
1444520 2523
1444530 2529
1444540 2529
1444550 2536
1444560 2543
1444570 2543
1444580 2548
1444590 2552
1444600 2552
1444610 2556
1444620 2560
1444630 2564
1444640 2564
1444650 2568
1444660 2572
1444670 2572
1444680 2575
1444690 2579
1444700 2579
1444710 2582
1444720 2586
1444730 2586
1444740 2589
1444750 2592
1444760 2592
1444770 2596
1444780 2600
1444790 2600
1444800 2605
1444810 2609
1444820 2609
1444830 2615
1444840 2621
1444850 2628
1444860 2628
1444870 2636
1444880 2643
1444890 2643
1444900 2650
1444910 2657
1444920 2657
1444930 2664
1444940 2671
1444950 2671
1444960 2677
1444970 2683
1444980 2683
1444990 2689
1445000 2694
1445010 2694
1445020 2700
1445030 2709
1445040 2722
1445050 2722
1445060 2732
1445070 2739
1445080 2739
1445090 2744
1445100 2753
1445110 2753
1445120 2765
1445130 2776
1445140 2776
1445150 2785
1445160 2793
1445170 2793
1445180 2803
1445190 2811
1445200 2811
1445210 2820
1445220 2833
1445230 2833
1445240 2864
1445250 2880
1445260 2865
1445270 2865
1445280 2851
1445290 2839
1445300 2839
1445310 2831
1445320 2823
1445330 2823
1445340 2818
1445350 2813
1445360 2813
1445370 2808
1445380 2802
1445390 2802
1445400 2797
1445410 2793
1445420 2793
1445430 2788
1445440 2784
1445450 2784
1445460 2779
1445470 2773
1445480 2767
1445490 2767
1445500 2761
1445510 2754
1445520 2754
1445530 2747
1445540 2742
1445550 2742
1445560 2738
1445570 2735
1445580 2735
1445590 2732
1445600 2729
1445610 2729
1445620 2725
1445630 2720
1445640 2720
1445650 2716
1445660 2711
1445670 2706
1445680 2706
1445690 2701
1445700 2695
1445710 2695
1445720 2690
1445730 2685
1445740 2685
1445750 2680
1445760 2676
1445770 2676
1445780 2672
1445790 2669
1445800 2669
1445810 2665
1445820 2661
1445830 2661
1445840 2658
1445850 2654
1445860 2654
1445870 2652
1445880 2650
1445890 2649
1445900 2649
1445910 2648
1445920 2647
1445930 2647
1445940 2645
1445950 2643
1445960 2643
1445970 2641
1445980 2637
1445990 2637
1446000 2634
1446010 2631
1446020 2631
1446030 2628
1446040 2625
1446050 2625
1446060 2622
1446070 2618
1446080 2618
1446090 2613
1446100 2609
1446110 2604
1446120 2604
1446130 2599
1446140 2593
1446150 2593
1446160 2588
1446170 2583
1446180 2583
1446190 2578
1446200 2574
1446210 2574
1446220 2570
1446230 2566
1446240 2566
1446250 2562
1446260 2558
1446270 2558
1446280 2555
1446290 2551
1446300 2549
1446310 2549
1446320 2548
1446330 2548
1446340 2548
1446350 2547
1446360 2543
1446370 2543
1446380 2537
1446390 2530
1446400 2530
1446410 2523
1446420 2516
1446430 2516
1446440 2508
1446450 2501
1446460 2501
1446470 2493
1446480 2486
1446490 2486
1446500 2478
1446510 2470
1446520 2464
1446530 2464
1446540 2459
1446550 2453
1446560 2453
1446570 2448
1446580 2444
1446590 2444
1446600 2439
1446610 2435
1446620 2435
1446630 2432
1446640 2429
1446650 2429
1446660 2429
1446670 2428
1446680 2428
1446690 2426
1446700 2423
1446710 2418
1446720 2418
1446730 2415
1446740 2414
1446750 2414
1446760 2412
1446770 2411
1446780 2411
1446790 2411
1446800 2411
1446810 2411
1446820 2411
1446830 2411
1446840 2411
1446850 2411
1446860 2411
1446870 2411
1446880 2411
1446890 2411
1446900 2411
1446910 2411
1446920 2411
1446930 2411
1446940 2411
1446950 2411
1446960 2411
1446970 2411
1446980 2411
1446990 2412
1447000 2412
1447010 2413
1447020 2414
1447030 2414
1447040 2413
1447050 2414
1447060 2414
1447070 2417
1447080 2419
1447090 2419
1447100 2421
1447110 2423
1447120 2423
1447130 2427
1447140 2429
1447150 2432
1447160 2432
1447170 2437
1447180 2443
1447190 2443
1447200 2448
1447210 2453
1447220 2453
1447230 2458
1447240 2464
1447250 2464
1447260 2470
1447270 2476
1447280 2476
1447290 2483
1447300 2488
1447310 2488
1447320 2495
1447330 2502
1447340 2507
1447350 2507
1447360 2513
1447370 2520
1447380 2520
1447390 2526
1447400 2534
1447410 2534
1447420 2543
1447430 2551
1447440 2551
1447450 2559
1447460 2569
1447470 2569
1447480 2580
1447490 2593
1447500 2593
1447510 2606
1447520 2617
1447530 2617
1447540 2627
1447550 2633
1447560 2638
1447570 2638
1447580 2642
1447590 2643
1447600 2643
1447610 2643
1447620 2644
1447630 2644
1447640 2647
1447650 2655
1447660 2655
1447670 2660
1447680 2663
1447690 2663
1447700 2668
1447710 2672
1447720 2672
1447730 2677
1447740 2683
1447750 2683
1447760 2688
1447770 2692
1447780 2693
1447790 2693
1447800 2695
1447810 2698
1447820 2698
1447830 2701
1447840 2704
1447850 2704
1447860 2707
1447870 2709
1447880 2709
1447890 2712
1447900 2715
1447910 2715
1447920 2718
1447930 2723
1447940 2723
1447950 2726
1447960 2729
1447970 2732
1447980 2732
1447990 2734
1448000 2737
1448010 2737
1448020 2740
1448030 2745
1448040 2745
1448050 2751
1448060 2755
1448070 2755
1448080 2760
1448090 2761
1448100 2761
1448110 2761
1448120 2760
1448130 2760
1448140 2760
1448150 2762
1448160 2762
1448170 2762
1448180 2760
1448190 2760
1448200 2760
1448210 2761
1448220 2763
1448230 2763
1448240 2766
1448250 2770
1448260 2770
1448270 2775
1448280 2777
1448290 2777
1448300 2779
1448310 2782
1448320 2782
1448330 2787
1448340 2789
1448350 2789
1448360 2790
1448370 2790
1448380 2790
1448390 2790
1448400 2792
1448410 2794
1448420 2794
1448430 2796
1448440 2796
1448450 2796
1448460 2796
1448470 2796
1448480 2796
1448490 2795
1448500 2793
1448510 2793
1448520 2791
1448530 2789
1448540 2789
1448550 2788
1448560 2786
1448570 2786
1448580 2786
1448590 2786
1448600 2787
1448610 2787
1448620 2789
1448630 2791
1448640 2791
1448650 2792
1448660 2794
1448670 2794
1448680 2796
1448690 2799
1448700 2799
1448710 2804
1448720 2807
1448730 2807
1448740 2808
1448750 2811
1448760 2811
1448770 2813
1448780 2815
1448790 2815
1448800 2817
1448810 2818
1448820 2819
1448830 2819
1448840 2819
1448850 2821
1448860 2821
1448870 2822
1448880 2823
1448890 2823
1448900 2824
1448910 2825
1448920 2825
1448930 2827
1448940 2828
1448950 2828
1448960 2829
1448970 2830
1448980 2830
1448990 2831
1449000 2832
1449010 2833
1449020 2833
1449030 2835
1449040 2837
1449050 2837
1449060 2838
1449070 2840
1449080 2840
1449090 2842
1449100 2843
1449110 2843
1449120 2845
1449130 2847
1449140 2847
1449150 2849
1449160 2852
1449170 2852
1449180 2857
1449190 2861
1449200 2861
1449210 2865
1449220 2869
1449230 2874
1449240 2874
1449250 2878
1449260 2883
1449270 2883
1449280 2890
1449290 2899
1449300 2899
1449310 2909
1449320 2919
1449330 2919
1449340 2929
1449350 2939
1449360 2939
1449370 2951
1449380 2971
1449390 2971
1449400 2980
1449410 2966
1449420 2966
1449430 2957
1449440 2943
1449450 2924
1449460 2924
1449470 2913
1449480 2908
1449490 2908
1449500 2902
1449510 2897
1449520 2897
1449530 2893
1449540 2889
1449550 2889
1449560 2885
1449570 2882
1449580 2882
1449590 2878
1449600 2875
1449610 2875
1449620 2871
1449630 2868
1449640 2864
1449650 2864
1449660 2861
1449670 2859
1449680 2859
1449690 2855
1449700 2851
1449710 2851
1449720 2847
1449730 2842
1449740 2842
1449750 2836
1449760 2828
1449770 2828
1449780 2820
1449790 2812
1449800 2812
1449810 2808
1449820 2804
1449830 2804
1449840 2801
1449850 2800
1449860 2799
1449870 2799
1449880 2797
1449890 2796
1449900 2796
1449910 2795
1449920 2794
1449930 2794
1449940 2792
1449950 2791
1449960 2791
1449970 2790
1449980 2788
1449990 2788
1450000 2788
1450010 2787
1450020 2787
1450030 2786
1450040 2784
1450050 2784
1450060 2783
1450070 2782
1450080 2780
1450090 2780
1450100 2779
1450110 2777
1450120 2777
1450130 2775
1450140 2774
1450150 2774
1450160 2772
1450170 2770
1450180 2770
1450190 2769
1450200 2767
1450210 2767
1450220 2765
1450230 2763
1450240 2763
1450250 2761
1450260 2759
1450270 2757
1450280 2757
1450290 2756
1450300 2754
1450310 2754
1450320 2752
1450330 2750
1450340 2750
1450350 2749
1450360 2748
1450370 2748
1450380 2748
1450390 2747
1450400 2747
1450410 2747
1450420 2747
1450430 2747
1450440 2747
1450450 2747
1450460 2747
1450470 2748
1450480 2748
1450490 2749
1450500 2749
1450510 2750
1450520 2750
1450530 2750
1450540 2751
1450550 2752
1450560 2752
1450570 2752
1450580 2753
1450590 2753
1450600 2754
1450610 2755
1450620 2755
1450630 2757
1450640 2759
1450650 2759
1450660 2760
1450670 2761
1450680 2762
1450690 2762
1450700 2762
1450710 2763
1450720 2763
1450730 2763
1450740 2765
1450750 2765
1450760 2766
1450770 2768
1450780 2768
1450790 2770
1450800 2772
1450810 2772
1450820 2773
1450830 2775
1450840 2775
1450850 2777
1450860 2779
1450870 2779
1450880 2782
1450890 2790
1450900 2796
1450910 2796
1450920 2799
1450930 2800
1450940 2800
1450950 2803
1450960 2807
1450970 2807
1450980 2810
1450990 2809
1451000 2809
1451010 2810
1451020 2811
1451030 2811
1451040 2814
1451050 2817
1451060 2817
1451070 2820
1451080 2823
1451090 2823
1451100 2827
1451110 2831
1451120 2838
1451130 2838
1451140 2847
1451150 2860
1451160 2860
1451170 2868
1451180 2875
1451190 2875
1451200 2884
1451210 2893
1451220 2893
1451230 2905
1451240 2913
1451250 2913
1451260 2913
1451270 2910
1451280 2910
1451290 2907
1451300 2901
1451310 2895
1451320 2895
1451330 2885
1451340 2877
1451350 2877
1451360 2873
1451370 2869
1451380 2869
1451390 2868
1451400 2869
1451410 2869
1451420 2873
1451430 2881
1451440 2881
1451450 2889
1451460 2895
1451470 2895
1451480 2898
1451490 2899
1451500 2899
1451510 2894
1451520 2879
1451530 2865
1451540 2865
1451550 2859
1451560 2847
1451570 2847
1451580 2840
1451590 2834
1451600 2834
1451610 2825
1451620 2824
1451630 2824
1451640 2812
1451650 2801
1451660 2801
1451670 2790
1451680 2781
1451690 2781
1451700 2775
1451710 2767
1451720 2767
1451730 2759
1451740 2751
1451750 2744
1451760 2744
1451770 2737
1451780 2731
1451790 2731
1451800 2727
1451810 2726
1451820 2726
1451830 2725
1451840 2717
1451850 2717
1451860 2710
1451870 2700
1451880 2700
1451890 2685
1451900 2673
1451910 2673
1451920 2665
1451930 2659
1451940 2652
1451950 2652
1451960 2646
1451970 2641
1451980 2641
1451990 2635
1452000 2631
1452010 2631
1452020 2626
1452030 2623
1452040 2623
1452050 2621
1452060 2621
1452070 2621
1452080 2621
1452090 2622
1452100 2622
1452110 2622
1452120 2619
1452130 2619
1452140 2615
1452150 2608
1452160 2602
1452170 2602
1452180 2593
1452190 2584
1452200 2584
1452210 2575
1452220 2567
1452230 2567
1452240 2558
1452250 2551
1452260 2551
1452270 2544
1452280 2531
1452290 2531
1452300 2505
1452310 2491
1452320 2491
1452330 2484
1452340 2476
1452350 2470
1452360 2470
1452370 2463
1452380 2452
1452390 2452
1452400 2444
1452410 2436
1452420 2436
1452430 2428
1452440 2421
1452450 2421
1452460 2415
1452470 2407
1452480 2407
1452490 2400
1452500 2392
1452510 2392
1452520 2385
1452530 2379
1452540 2379
1452550 2373
1452560 2364
1452570 2352
1452580 2352
1452590 2339
1452600 2332
1452610 2332
1452620 2327
1452630 2321
1452640 2321
1452650 2315
1452660 2309
1452670 2309
1452680 2304
1452690 2301
1452700 2301
1452710 2300
1452720 2300
1452730 2300
1452740 2299
1452750 2295
1452760 2295
1452770 2293
1452780 2291
1452790 2289
1452800 2289
1452810 2287
1452820 2285
1452830 2285
1452840 2284
1452850 2284
1452860 2284
1452870 2282
1452880 2281
1452890 2281
1452900 2281
1452910 2281
1452920 2281
1452930 2281
1452940 2281
1452950 2281
1452960 2280
1452970 2280
1452980 2278
1452990 2278
1453000 2277
1453010 2276
1453020 2276
1453030 2274
1453040 2271
1453050 2271
1453060 2269
1453070 2267
1453080 2267
1453090 2264
1453100 2262
1453110 2262
1453120 2258
1453130 2252
1453140 2252
1453150 2246
1453160 2244
1453170 2244
1453180 2243
1453190 2241
1453200 2237
1453210 2237
1453220 2232
1453230 2228
1453240 2228
1453250 2227
1453260 2227
1453270 2227
1453280 2228
1453290 2230
1453300 2230
1453310 2233
1453320 2236
1453330 2236
1453340 2240
1453350 2244
1453360 2244
1453370 2248
1453380 2250
1453390 2250
1453400 2252
1453410 2256
1453420 2261
1453430 2261
1453440 2258
1453450 2255
1453460 2255
1453470 2253
1453480 2251
1453490 2251
1453500 2247
1453510 2245
1453520 2245
1453530 2243
1453540 2243
1453550 2243
1453560 2242
1453570 2240
1453580 2240
1453590 2242
1453600 2248
1453610 2253
1453620 2253
1453630 2255
1453640 2259
1453650 2259
1453660 2260
1453670 2262
1453680 2262
1453690 2262
1453700 2263
1453710 2263
1453720 2263
1453730 2263
1453740 2263
1453750 2264
1453760 2263
1453770 2263
1453780 2264
1453790 2264
1453800 2264
1453810 2264
1453820 2264
1453830 2262
1453840 2262
1453850 2259
1453860 2256
1453870 2256
1453880 2254
1453890 2254
1453900 2259
1453910 2259
1453920 2258
1453930 2258
1453940 2258
1453950 2257
1453960 2257
1453970 2256
1453980 2257
1453990 2257
1454000 2255
1454010 2253
1454020 2248
1454030 2248
1454040 2243
1454050 2238
1454060 2238
1454070 2232
1454080 2227
1454090 2227
1454100 2223
1454110 2220
1454120 2220
1454130 2218
1454140 2215
1454150 2215
1454160 2213
1454170 2210
1454180 2210
1454190 2207
1454200 2204
1454210 2204
1454220 2201
1454230 2198
1454240 2195
1454250 2195
1454260 2192
1454270 2188
1454280 2188
1454290 2184
1454300 2178
1454310 2178
1454320 2173
1454330 2168
1454340 2168
1454350 2163
1454360 2161
1454370 2161
1454380 2156
1454390 2143
1454400 2143
1454410 2127
1454420 2111
1454430 2111
1454440 2105
1454450 2100
1454460 2090
1454470 2090
1454480 2076
1454490 2066
1454500 2066
1454510 2058
1454520 2053
1454530 2053
1454540 2050
1454550 2035
1454560 2035
1454570 2025
1454580 2015
1454590 2015
1454600 2007
1454610 1998
1454620 1998
1454630 1983
1454640 1976
1454650 1976
1454660 1976
1454670 1977
1454680 1981
1454690 1981
1454700 1992
1454710 2006
1454720 2006
1454730 2016
1454740 2026
1454750 2026
1454760 2035
1454770 2047
1454780 2047
1454790 2062
1454800 2072
1454810 2072
1454820 2081
1454830 2089
1454840 2089
1454850 2096
1454860 2100
1454870 2105
1454880 2105
1454890 2111
1454900 2115
1454910 2115
1454920 2122
1454930 2128
1454940 2128
1454950 2135
1454960 2143
1454970 2143
1454980 2152
1454990 2161
1455000 2161
1455010 2162
1455020 2163
1455030 2163
1455040 2168
1455050 2170
1455060 2170
1455070 2171
1455080 2175
1455090 2182
1455100 2182
1455110 2184
1455120 2180
1455130 2180
1455140 2177
1455150 2176
1455160 2176
1455170 2179
1455180 2179
1455190 2179
1455200 2179
1455210 2187
1455220 2187
1455230 2187
1455240 2185
1455250 2185
1455260 2183
1455270 2181
1455280 2179
1455290 2179
1455300 2178
1455310 2177
1455320 2177
1455330 2176
1455340 2176
1455350 2176
1455360 2175
1455370 2169
1455380 2169
1455390 2161
1455400 2154
1455410 2154
1455420 2151
1455430 2145
1455440 2145
1455450 2144
1455460 2155
1455470 2155
1455480 2169
1455490 2178
1455500 2186
1455510 2186
1455520 2194
1455530 2202
1455540 2202
1455550 2208
1455560 2214
1455570 2214
1455580 2219
1455590 2225
1455600 2225
1455610 2232
1455620 2240
1455630 2240
1455640 2248
1455650 2254
1455660 2254
1455670 2246
1455680 2236
1455690 2236
1455700 2226
1455710 2233
1455720 2231
1455730 2231
1455740 2225
1455750 2221
1455760 2221
1455770 2217
1455780 2211
1455790 2211
1455800 2204
1455810 2197
1455820 2197
1455830 2195
1455840 2194
1455850 2194
1455860 2189
1455870 2179
1455880 2179
1455890 2171
1455900 2165
1455910 2161
1455920 2161
1455930 2160
1455940 2159
1455950 2159
1455960 2157
1455970 2156
1455980 2156
1455990 2156
1456000 2156
1456010 2156
1456020 2157
1456030 2157
1456040 2157
1456050 2159
1456060 2161
1456070 2161
1456080 2161
1456090 2161
1456100 2161
1456110 2163
1456120 2163
1456130 2164
1456140 2164
1456150 2165
1456160 2166
1456170 2166
1456180 2168
1456190 2168
1456200 2168
1456210 2169
1456220 2169
1456230 2169
1456240 2168
1456250 2168
1456260 2168
1456270 2169
1456280 2168
1456290 2168
1456300 2168
1456310 2167
1456320 2166
1456330 2166
1456340 2166
1456350 2166
1456360 2166
1456370 2165
1456380 2164
1456390 2164
1456400 2163
1456410 2162
1456420 2162
1456430 2163
1456440 2164
1456450 2164
1456460 2166
1456470 2169
1456480 2169
1456490 2172
1456500 2174
1456510 2174
1456520 2176
1456530 2178
1456540 2180
1456550 2180
1456560 2182
1456570 2184
1456580 2184
1456590 2187
1456600 2189
1456610 2189
1456620 2193
1456630 2198
1456640 2198
1456650 2202
1456660 2204
1456670 2204
1456680 2207
1456690 2210
1456700 2210
1456710 2212
1456720 2215
1456730 2215
1456740 2217
1456750 2220
1456760 2222
1456770 2222
1456780 2225
1456790 2229
1456800 2229
1456810 2233
1456820 2238
1456830 2238
1456840 2245
1456850 2251
1456860 2251
1456870 2259
1456880 2266
1456890 2266
1456900 2273
1456910 2280
1456920 2280
1456930 2287
1456940 2293
1456950 2301
1456960 2301
1456970 2314
1456980 2322
1456990 2322
1457000 2329
1457010 2337
1457020 2337
1457030 2344
1457040 2351
1457050 2351
1457060 2357
1457070 2362
1457080 2362
1457090 2369
1457100 2376
1457110 2376
1457120 2383
1457130 2387
1457140 2387
1457150 2379
1457160 2370
1457170 2359
1457180 2359
1457190 2347
1457200 2335
1457210 2335
1457220 2328
1457230 2324
1457240 2324
1457250 2319
1457260 2314
1457270 2314
1457280 2309
1457290 2303
1457300 2303
1457310 2296
1457320 2291
1457330 2291
1457340 2287
1457350 2280
1457360 2280
1457370 2272
1457380 2263
1457390 2255
1457400 2255
1457410 2247
1457420 2239
1457430 2239
1457440 2231
1457450 2224
1457460 2224
1457470 2217
1457480 2210
1457490 2210
1457500 2202
1457510 2196
1457520 2196
1457530 2190
1457540 2185
1457550 2185
1457560 2181
1457570 2177
1457580 2172
1457590 2172
1457600 2167
1457610 2163
1457620 2163
1457630 2158
1457640 2154
1457650 2154
1457660 2150
1457670 2146
1457680 2146
1457690 2141
1457700 2135
1457710 2135
1457720 2128
1457730 2122
1457740 2122
1457750 2118
1457760 2114
1457770 2114
1457780 2110
1457790 2107
1457800 2103
1457810 2103
1457820 2099
1457830 2095
1457840 2095
1457850 2091
1457860 2088
1457870 2088
1457880 2086
1457890 2086
1457900 2086
1457910 2085
1457920 2083
1457930 2083
1457940 2084
1457950 2084
1457960 2084
1457970 2084
1457980 2085
1457990 2084
1458000 2084
1458010 2081
1458020 2080
1458030 2080
1458040 2079
1458050 2078
1458060 2078
1458070 2079
1458080 2077
1458090 2077
1458100 2077
1458110 2076
1458120 2076
1458130 2076
1458140 2076
1458150 2076
1458160 2078
1458170 2078
1458180 2078
1458190 2079
1458200 2079
1458210 2080
1458220 2080
1458230 2081
1458240 2081
1458250 2081
1458260 2082
1458270 2084
1458280 2084
1458290 2085
1458300 2085
1458310 2085
1458320 2086
1458330 2086
1458340 2088
1458350 2088
1458360 2088
1458370 2088
1458380 2086
1458390 2086
1458400 2086
1458410 2087
1458420 2090
1458430 2093
1458440 2093
1458450 2095
1458460 2097
1458470 2097
1458480 2098
1458490 2097
1458500 2097
1458510 2096
1458520 2095
1458530 2095
1458540 2095
1458550 2094
1458560 2094
1458570 2093
1458580 2092
1458590 2092
1458600 2093
1458610 2094
1458620 2094
1458630 2094
1458640 2095
1458650 2094
1458660 2094
1458670 2095
1458680 2098
1458690 2098
1458700 2099
1458710 2101
1458720 2101
1458730 2103
1458740 2104
1458750 2104
1458760 2104
1458770 2103
1458780 2103
1458790 2103
1458800 2103
1458810 2103
1458820 2103
1458830 2105
1458840 2108
1458850 2108
1458860 2110
1458870 2113
1458880 2113
1458890 2115
1458900 2116
1458910 2116
1458920 2118
1458930 2119
1458940 2119
1458950 2120
1458960 2121
1458970 2121
1458980 2121
1458990 2120
1459000 2120
1459010 2115
1459020 2083
1459030 2083
1459040 2074
1459050 2075
1459060 2075
1459070 2075
1459080 2071
1459090 2070
1459100 2070
1459110 2068
1459120 2070
1459130 2070
1459140 2069
1459150 2071
1459160 2071
1459170 2070
1459180 2069
1459190 2069
1459200 2067
1459210 2069
1459220 2069
1459230 2070
1459240 2070
1459250 2069
1459260 2069
1459270 2070
1459280 2071
1459290 2071
1459300 2073
1459310 2074
1459320 2074
1459330 2074
1459340 2076
1459350 2076
1459360 2078
1459370 2079
1459380 2079
1459390 2079
1459400 2079
1459410 2079
1459420 2078
1459430 2078
1459440 2078
1459450 2078
1459460 2080
1459470 2081
1459480 2081
1459490 2081
1459500 2081
1459510 2081
1459520 2082
1459530 2083
1459540 2083
1459550 2084
1459560 2086
1459570 2086
1459580 2088
1459590 2090
1459600 2090
1459610 2092
1459620 2095
1459630 2095
1459640 2098
1459650 2101
1459660 2103
1459670 2103
1459680 2102
1459690 2101
1459700 2101
1459710 2100
1459720 2099
1459730 2099
1459740 2099
1459750 2100
1459760 2100
1459770 2101
1459780 2103
1459790 2103
1459800 2104
1459810 2105
1459820 2105
1459830 2108
1459840 2109
1459850 2109
1459860 2109
1459870 2111
1459880 2112
1459890 2112
1459900 2113
1459910 2114
1459920 2114
1459930 2118
1459940 2122
1459950 2122
1459960 2126
1459970 2128
1459980 2128
1459990 2134
