1440000 3043
1440010 3039
1440020 3039
1440030 3034
1440040 3028
1440050 3024
1440060 3024
1440070 3020
1440080 3016
1440090 3016
1440100 3011
1440110 3008
1440120 3008
1440130 3005
1440140 3003
1440150 3003
1440160 3003
1440170 3001
1440180 3001
1440190 3000
1440200 2998
1440210 2998
1440220 2997
1440230 2996
1440240 2995
1440250 2995
1440260 2996
1440270 2997
1440280 2997
1440290 3002
1440300 3008
1440310 3008
1440320 3014
1440330 3019
1440340 3019
1440350 3019
1440360 3019
1440370 3019
1440380 3014
1440390 3009
1440400 3009
1440410 3002
1440420 2996
1440430 2996
1440440 2990
1440450 2983
1440460 2975
1440470 2975
1440480 2968
1440490 2962
1440500 2962
1440510 2954
1440520 2945
1440530 2945
1440540 2923
1440550 2905
1440560 2905
1440570 2884
1440580 2878
1440590 2878
1440600 2873
1440610 2867
1440620 2867
1440630 2857
1440640 2852
1440650 2852
1440660 2849
1440670 2848
1440680 2847
1440690 2847
1440700 2847
1440710 2847
1440720 2847
1440730 2848
1440740 2849
1440750 2849
1440760 2849
1440770 2849
1440780 2849
1440790 2850
1440800 2850
1440810 2850
1440820 2845
1440830 2842
1440840 2842
1440850 2840
1440860 2836
1440870 2832
1440880 2832
1440890 2827
1440900 2820
1440910 2820
1440920 2812
1440930 2804
1440940 2804
1440950 2798
1440960 2796
1440970 2796
1440980 2795
1440990 2793
1441000 2793
1441010 2788
1441020 2784
1441030 2784
1441040 2778
1441050 2773
1441060 2773
1441070 2767
1441080 2761
1441090 2759
1441100 2759
1441110 2756
1441120 2752
1441130 2752
1441140 2751
1441150 2751
1441160 2751
1441170 2753
1441180 2755
1441190 2755
1441200 2758
1441210 2761
1441220 2761
1441230 2764
1441240 2766
1441250 2766
1441260 2769
1441270 2771
1441280 2771
1441290 2774
1441300 2775
1441310 2774
1441320 2774
1441330 2773
1441340 2772
1441350 2772
1441360 2772
1441370 2771
1441380 2771
1441390 2769
1441400 2771
1441410 2771
1441420 2770
1441430 2765
1441440 2765
1441450 2757
1441460 2751
1441470 2751
1441480 2746
1441490 2742
1441500 2742
1441510 2736
1441520 2732
1441530 2729
1441540 2729
1441550 2724
1441560 2723
1441570 2723
1441580 2721
1441590 2721
1441600 2721
1441610 2721
1441620 2720
1441630 2720
1441640 2720
1441650 2722
1441660 2722
1441670 2725
1441680 2728
1441690 2728
1441700 2732
1441710 2736
1441720 2741
1441730 2741
1441740 2750
1441750 2754
1441760 2754
1441770 2754
1441780 2756
1441790 2756
1441800 2757
1441810 2760
1441820 2760
1441830 2766
1441840 2767
1441850 2767
1441860 2769
1441870 2770
1441880 2770
1441890 2770
1441900 2768
1441910 2768
1441920 2767
1441930 2764
1441940 2762
1441950 2762
1441960 2760
1441970 2758
1441980 2758
1441990 2756
1442000 2760
1442010 2760
1442020 2762
1442030 2762
1442040 2762
1442050 2761
1442060 2763
1442070 2763
1442080 2766
1442090 2767
1442100 2767
1442110 2770
1442120 2770
1442130 2770
1442140 2769
1442150 2770
1442160 2770
1442170 2770
1442180 2770
1442190 2767
1442200 2767
1442210 2768
1442220 2766
1442230 2766
1442240 2763
1442250 2762
1442260 2762
1442270 2760
1442280 2759
1442290 2759
1442300 2758
1442310 2756
1442320 2756
1442330 2753
1442340 2749
1442350 2745
1442360 2745
1442370 2740
1442380 2738
1442390 2738
1442400 2738
1442410 2737
1442420 2737
1442430 2734
1442440 2733
1442450 2733
1442460 2735
1442470 2738
1442480 2738
1442490 2741
1442500 2742
1442510 2742
1442520 2744
1442530 2747
1442540 2747
1442550 2748
1442560 2750
1442570 2751
1442580 2751
1442590 2754
1442600 2758
1442610 2758
1442620 2761
1442630 2764
1442640 2764
1442650 2769
1442660 2773
1442670 2773
1442680 2778
1442690 2785
1442700 2785
1442710 2794
1442720 2794
1442730 2794
1442740 2777
1442750 2766
1442760 2766
1442770 2761
1442780 2756
1442790 2751
1442800 2751
1442810 2746
1442820 2742
1442830 2742
1442840 2738
1442850 2734
1442860 2734
1442870 2730
1442880 2726
1442890 2726
1442900 2723
1442910 2720
1442920 2720
1442930 2717
1442940 2714
1442950 2714
1442960 2712
1442970 2709
1442980 2709
1442990 2707
1443000 2705
1443010 2704
1443020 2704
1443030 2702
1443040 2701
1443050 2701
1443060 2699
1443070 2698
1443080 2698
1443090 2697
1443100 2695
1443110 2695
1443120 2694
1443130 2693
1443140 2693
1443150 2692
1443160 2691
1443170 2691
1443180 2691
1443190 2690
1443200 2689
1443210 2689
1443220 2688
1443230 2688
1443240 2688
1443250 2687
1443260 2686
1443270 2686
1443280 2685
1443290 2685
1443300 2685
1443310 2684
1443320 2683
1443330 2683
1443340 2682
1443350 2682
1443360 2682
1443370 2681
1443380 2680
1443390 2680
1443400 2679
1443410 2678
1443420 2676
1443430 2676
1443440 2675
1443450 2674
1443460 2674
1443470 2673
1443480 2672
1443490 2672
1443500 2671
1443510 2670
1443520 2670
1443530 2669
1443540 2667
1443550 2667
1443560 2666
1443570 2665
1443580 2665
1443590 2663
1443600 2661
1443610 2661
1443620 2660
1443630 2658
1443640 2656
1443650 2656
1443660 2654
1443670 2652
1443680 2652
1443690 2650
1443700 2648
1443710 2648
1443720 2646
1443730 2644
1443740 2644
1443750 2641
1443760 2639
1443770 2639
1443780 2637
1443790 2635
1443800 2635
1443810 2633
1443820 2631
1443830 2629
1443840 2629
1443850 2627
1443860 2625
1443870 2625
1443880 2623
1443890 2621
1443900 2621
1443910 2619
1443920 2617
1443930 2617
1443940 2614
1443950 2612
1443960 2612
1443970 2609
1443980 2606
1443990 2606
1444000 2604
1444010 2601
1444020 2601
1444030 2598
1444040 2596
1444050 2594
1444060 2594
1444070 2592
1444080 2591
1444090 2591
1444100 2589
1444110 2584
1444120 2584
1444130 2581
1444140 2577
1444150 2577
1444160 2572
1444170 2568
1444180 2568
1444190 2563
1444200 2557
1444210 2557
1444220 2549
1444230 2541
1444240 2541
1444250 2534
1444260 2527
1444270 2520
1444280 2520
1444290 2513
1444300 2506
1444310 2506
1444320 2494
1444330 2485
1444340 2485
1444350 2479
1444360 2474
1444370 2474
1444380 2469
1444390 2465
1444400 2465
1444410 2462
1444420 2461
1444430 2461
1444440 2459
1444450 2458
1444460 2456
1444470 2456
1444480 2455
1444490 2454
1444500 2454
1444510 2453
1444520 2452
1444530 2452
1444540 2452
1444550 2451
1444560 2451
1444570 2450
1444580 2449
1444590 2449
1444600 2448
1444610 2447
1444620 2447
1444630 2446
1444640 2445
1444650 2445
1444660 2444
1444670 2443
1444680 2442
1444690 2442
1444700 2441
1444710 2440
1444720 2440
1444730 2439
1444740 2438
1444750 2438
1444760 2438
1444770 2438
1444780 2438
1444790 2439
1444800 2441
1444810 2441
1444820 2442
1444830 2444
1444840 2444
1444850 2446
1444860 2447
1444870 2447
1444880 2448
1444890 2450
1444900 2451
1444910 2451
1444920 2453
1444930 2455
1444940 2455
1444950 2456
1444960 2459
1444970 2459
1444980 2461
1444990 2465
1445000 2465
1445010 2468
1445020 2470
1445030 2470
1445040 2472
1445050 2473
1445060 2473
1445070 2479
1445080 2482
1445090 2482
1445100 2484
1445110 2485
1445120 2484
1445130 2484
1445140 2484
1445150 2485
1445160 2485
1445170 2487
1445180 2488
1445190 2488
1445200 2489
1445210 2490
1445220 2490
1445230 2492
1445240 2493
1445250 2493
1445260 2495
1445270 2498
1445280 2498
1445290 2502
1445300 2507
1445310 2513
1445320 2513
1445330 2519
1445340 2525
1445350 2525
1445360 2531
1445370 2538
1445380 2538
1445390 2543
1445400 2547
1445410 2547
1445420 2549
1445430 2549
1445440 2549
1445450 2550
1445460 2555
1445470 2555
1445480 2560
1445490 2567
1445500 2567
1445510 2572
1445520 2575
1445530 2573
1445540 2573
1445550 2568
1445560 2568
1445570 2568
1445580 2568
1445590 2572
1445600 2572
1445610 2578
1445620 2583
1445630 2583
1445640 2587
1445650 2590
1445660 2590
1445670 2591
1445680 2592
1445690 2592
1445700 2592
1445710 2593
1445720 2593
1445730 2596
1445740 2597
1445750 2593
1445760 2593
1445770 2588
1445780 2585
1445790 2585
1445800 2584
1445810 2581
1445820 2581
1445830 2576
1445840 2573
1445850 2573
1445860 2573
1445870 2574
1445880 2574
1445890 2574
1445900 2575
1445910 2575
1445920 2576
1445930 2583
1445940 2586
1445950 2586
1445960 2587
1445970 2588
1445980 2588
1445990 2588
1446000 2588
1446010 2588
1446020 2591
1446030 2594
1446040 2594
1446050 2599
1446060 2603
1446070 2603
1446080 2605
1446090 2605
1446100 2605
1446110 2605
1446120 2604
1446130 2604
1446140 2603
1446150 2603
1446160 2603
1446170 2603
1446180 2603
1446190 2602
1446200 2602
1446210 2603
1446220 2604
1446230 2604
1446240 2605
1446250 2607
1446260 2607
1446270 2611
1446280 2614
1446290 2614
1446300 2615
1446310 2616
1446320 2616
1446330 2617
1446340 2618
1446350 2618
1446360 2621
1446370 2622
1446380 2622
1446390 2622
1446400 2622
1446410 2621
1446420 2621
1446430 2621
1446440 2622
1446450 2622
1446460 2620
1446470 2621
1446480 2621
1446490 2620
1446500 2615
1446510 2615
1446520 2609
1446530 2607
1446540 2607
1446550 2605
1446560 2603
1446570 2601
1446580 2601
1446590 2602
1446600 2604
1446610 2604
1446620 2607
1446630 2613
1446640 2613
1446650 2619
1446660 2626
1446670 2626
1446680 2632
1446690 2639
1446700 2639
1446710 2646
1446720 2655
1446730 2655
1446740 2663
1446750 2671
1446760 2671
1446770 2679
1446780 2686
1446790 2691
1446800 2691
1446810 2696
1446820 2702
1446830 2702
1446840 2706
1446850 2708
1446860 2708
1446870 2709
1446880 2709
1446890 2709
1446900 2708
1446910 2706
1446920 2706
1446930 2707
1446940 2708
1446950 2708
1446960 2710
1446970 2714
1446980 2714
1446990 2718
1447000 2723
1447010 2726
1447020 2726
1447030 2729
1447040 2731
1447050 2731
1447060 2732
1447070 2733
1447080 2733
1447090 2734
1447100 2734
1447110 2734
1447120 2735
1447130 2737
1447140 2737
1447150 2739
1447160 2743
1447170 2743
1447180 2747
1447190 2750
1447200 2750
1447210 2754
1447220 2759
1447230 2765
1447240 2765
1447250 2771
1447260 2779
1447270 2779
1447280 2787
1447290 2792
1447300 2792
1447310 2797
1447320 2800
1447330 2800
1447340 2803
1447350 2805
1447360 2805
1447370 2808
1447380 2811
1447390 2811
1447400 2813
1447410 2813
1447420 2813
1447430 2813
1447440 2813
1447450 2812
1447460 2812
1447470 2809
1447480 2806
1447490 2806
1447500 2802
1447510 2799
1447520 2799
1447530 2799
1447540 2799
1447550 2799
1447560 2798
1447570 2793
1447580 2793
1447590 2785
1447600 2785
1447610 2785
1447620 2784
1447630 2783
1447640 2781
1447650 2781
1447660 2778
1447670 2778
1447680 2778
1447690 2779
1447700 2782
1447710 2782
1447720 2784
1447730 2788
1447740 2788
1447750 2793
1447760 2798
1447770 2798
1447780 2805
1447790 2813
1447800 2813
1447810 2819
1447820 2824
1447830 2824
1447840 2829
1447850 2833
1447860 2836
1447870 2836
1447880 2838
1447890 2840
1447900 2840
1447910 2842
1447920 2843
1447930 2843
1447940 2843
1447950 2842
1447960 2842
1447970 2841
1447980 2839
1447990 2839
1448000 2839
1448010 2842
1448020 2842
1448030 2842
1448040 2843
1448050 2846
1448060 2846
1448070 2851
1448080 2850
1448090 2850
1448100 2848
1448110 2854
1448120 2854
1448130 2861
1448140 2867
1448150 2867
1448160 2871
1448170 2876
1448180 2876
1448190 2880
1448200 2884
1448210 2884
1448220 2887
1448230 2891
1448240 2891
1448250 2895
1448260 2899
1448270 2902
1448280 2902
1448290 2903
1448300 2907
1448310 2907
1448320 2911
1448330 2915
1448340 2915
1448350 2919
1448360 2922
1448370 2922
1448380 2925
1448390 2930
1448400 2930
1448410 2935
1448420 2926
1448430 2926
1448440 2929
1448450 2931
1448460 2931
1448470 2934
1448480 2936
1448490 2939
1448500 2939
1448510 2943
1448520 2948
1448530 2948
1448540 2956
1448550 2962
1448560 2962
1448570 2968
1448580 2973
1448590 2973
1448600 2979
1448610 2987
1448620 2987
1448630 2994
1448640 2997
1448650 2997
1448660 2998
1448670 2999
1448680 3007
1448690 3007
1448700 3016
1448710 3021
1448720 3021
1448730 3024
1448740 3033
1448750 3033
1448760 3040
1448770 3042
1448780 3042
1448790 3043
1448800 3044
1448810 3044
1448820 3043
1448830 3041
1448840 3041
1448850 3042
1448860 3043
1448870 3043
1448880 3044
1448890 3045
1448900 3046
1448910 3046
1448920 3047
1448930 3048
1448940 3048
1448950 3049
1448960 3049
1448970 3049
1448980 3049
1448990 3049
1449000 3049
1449010 3049
1449020 3050
1449030 3050
1449040 3051
1449050 3052
1449060 3052
1449070 3053
1449080 3054
1449090 3054
1449100 3055
1449110 3056
1449120 3057
1449130 3057
1449140 3057
1449150 3057
1449160 3057
1449170 3057
1449180 3056
1449190 3056
1449200 3055
1449210 3054
1449220 3054
1449230 3053
1449240 3052
1449250 3052
1449260 3051
1449270 3050
1449280 3050
1449290 3049
1449300 3049
1449310 3049
1449320 3048
1449330 3047
1449340 3046
1449350 3046
1449360 3045
1449370 3044
1449380 3044
1449390 3043
1449400 3042
1449410 3042
1449420 3041
1449430 3040
1449440 3040
1449450 3038
1449460 3036
1449470 3036
1449480 3033
1449490 3030
1449500 3030
1449510 3027
1449520 3025
1449530 3024
1449540 3024
1449550 3022
1449560 3019
1449570 3019
1449580 3015
1449590 3012
1449600 3012
1449610 3009
1449620 3006
1449630 3006
1449640 3003
1449650 3000
1449660 3000
1449670 2997
1449680 2994
1449690 2994
1449700 2993
1449710 2991
1449720 2991
1449730 2988
1449740 2975
1449750 2956
1449760 2956
1449770 2940
1449780 2929
1449790 2929
1449800 2918
1449810 2907
1449820 2907
1449830 2889
1449840 2871
1449850 2871
1449860 2855
1449870 2846
1449880 2846
1449890 2836
1449900 2823
1449910 2823
1449920 2811
1449930 2799
1449940 2799
1449950 2779
1449960 2766
1449970 2754
1449980 2754
1449990 2743
1450000 2732
1450010 2732
1450020 2722
1450030 2714
1450040 2714
1450050 2706
1450060 2700
1450070 2700
1450080 2694
1450090 2689
1450100 2689
1450110 2683
1450120 2679
1450130 2679
1450140 2674
1450150 2663
1450160 2649
1450170 2649
1450180 2635
1450190 2622
1450200 2622
1450210 2607
1450220 2602
1450230 2602
1450240 2597
1450250 2591
1450260 2591
1450270 2586
1450280 2581
1450290 2581
1450300 2577
1450310 2572
1450320 2572
1450330 2566
1450340 2561
1450350 2561
1450360 2555
1450370 2550
1450380 2544
1450390 2544
1450400 2539
1450410 2534
1450420 2534
1450430 2528
1450440 2524
1450450 2524
1450460 2519
1450470 2514
1450480 2514
1450490 2509
1450500 2503
1450510 2503
1450520 2498
1450530 2492
1450540 2492
1450550 2486
1450560 2480
1450570 2480
1450580 2475
1450590 2470
1450600 2465
1450610 2465
1450620 2460
1450630 2455
1450640 2455
1450650 2449
1450660 2444
1450670 2444
1450680 2438
1450690 2433
1450700 2433
1450710 2427
1450720 2422
1450730 2422
1450740 2416
1450750 2411
1450760 2411
1450770 2405
1450780 2400
1450790 2394
1450800 2394
1450810 2389
1450820 2384
1450830 2384
1450840 2378
1450850 2373
1450860 2373
1450870 2369
1450880 2364
1450890 2364
1450900 2359
1450910 2354
1450920 2354
1450930 2349
1450940 2345
1450950 2345
1450960 2340
1450970 2335
1450980 2335
1450990 2331
1451000 2327
1451010 2323
1451020 2323
1451030 2318
1451040 2313
1451050 2313
1451060 2308
1451070 2304
1451080 2304
1451090 2300
1451100 2297
1451110 2297
1451120 2293
1451130 2290
1451140 2290
1451150 2286
1451160 2283
1451170 2283
1451180 2280
1451190 2276
1451200 2276
1451210 2272
1451220 2269
1451230 2266
1451240 2266
1451250 2264
1451260 2261
1451270 2261
1451280 2259
1451290 2257
1451300 2257
1451310 2254
1451320 2252
1451330 2252
1451340 2250
1451350 2248
1451360 2248
1451370 2246
1451380 2245
1451390 2245
1451400 2243
1451410 2242
1451420 2240
1451430 2240
1451440 2238
1451450 2237
1451460 2237
1451470 2235
1451480 2234
1451490 2234
1451500 2232
1451510 2231
1451520 2231
1451530 2229
1451540 2228
1451550 2228
1451560 2228
1451570 2227
1451580 2227
1451590 2229
1451600 2232
1451610 2232
1451620 2234
1451630 2235
1451640 2236
1451650 2236
1451660 2236
1451670 2235
1451680 2235
1451690 2233
1451700 2229
1451710 2229
1451720 2225
1451730 2224
1451740 2224
1451750 2222
1451760 2220
1451770 2220
1451780 2218
1451790 2215
1451800 2215
1451810 2211
1451820 2209
1451830 2209
1451840 2206
1451850 2204
1451860 2200
1451870 2200
1451880 2196
1451890 2188
1451900 2188
1451910 2180
1451920 2173
1451930 2173
1451940 2167
1451950 2157
1451960 2157
1451970 2144
1451980 2131
1451990 2131
1452000 2124
1452010 2116
1452020 2116
1452030 2105
1452040 2094
1452050 2094
1452060 2087
1452070 2084
1452080 2078
1452090 2078
1452100 2068
1452110 2053
1452120 2068
1452130 2050
1452140 2036
1452150 2036
1452160 2023
1452170 2011
1452180 2011
1452190 2000
1452200 1990
1452210 1990
1452220 1984
1452230 1981
1452240 1981
1452250 1979
1452260 1972
1452270 1960
1452280 1960
1452290 1948
1452300 1942
1452310 1942
1452320 1935
1452330 1926
1452340 1926
1452350 1919
1452360 1913
1452370 1913
1452380 1914
1452390 1914
1452400 1914
1452410 1910
1452420 1912
1452430 1912
1452440 1912
1452450 1910
1452460 1910
1452470 1907
1452480 1906
1452490 1903
1452500 1903
1452510 1903
1452520 1903
1452530 1903
1452540 1903
1452550 1903
1452560 1903
1452570 1904
1452580 1904
1452590 1904
1452600 1904
1452610 1903
1452620 1903
1452630 1903
1452640 1904
1452650 1904
1452660 1905
1452670 1905
1452680 1905
1452690 1905
1452700 1905
1452710 1905
1452720 1905
1452730 1906
1452740 1905
1452750 1905
1452760 1902
1452770 1903
1452780 1903
1452790 1907
1452800 1909
1452810 1909
1452820 1908
1452830 1913
1452840 1913
1452850 1917
1452860 1921
1452870 1921
1452880 1925
1452890 1930
1452900 1938
1452910 1938
1452920 1949
1452930 1958
1452940 1958
1452950 1966
1452960 1974
1452970 1974
1452980 1984
1452990 1988
1453000 1988
1453010 1993
1453020 1997
1453030 1997
1453040 2000
1453050 2005
1453060 2005
1453070 2009
1453080 2010
1453090 2010
1453100 2012
1453110 2012
1453120 2013
1453130 2013
1453140 2017
1453150 2022
1453160 2022
1453170 2027
1453180 2030
1453190 2030
1453200 2032
1453210 2029
1453220 2029
1453230 2029
1453240 2029
1453250 2029
1453260 2028
1453270 2026
1453280 2026
1453290 2022
1453300 2018
1453310 2018
1453320 2013
1453330 2009
1453340 2005
1453350 2005
1453360 2000
1453370 1993
1453380 1993
1453390 1986
1453400 1979
1453410 1979
1453420 1973
1453430 1961
1453440 1961
1453450 1950
1453460 1942
1453470 1942
1453480 1934
1453490 1925
1453500 1925
1453510 1916
1453520 1908
1453530 1905
1453540 1905
1453550 1898
1453560 1889
1453570 1889
1453580 1877
1453590 1865
1453600 1865
1453610 1852
1453620 1842
1453630 1842
1453640 1834
1453650 1827
1453660 1827
1453670 1820
1453680 1813
1453690 1813
1453700 1806
1453710 1799
1453720 1799
1453730 1792
1453740 1785
1453750 1779
1453760 1779
1453770 1772
1453780 1766
1453790 1766
1453800 1760
1453810 1754
1453820 1754
1453830 1747
1453840 1740
1453850 1740
1453860 1733
1453870 1727
1453880 1727
1453890 1724
1453900 1718
1453910 1718
1453920 1710
1453930 1705
1453940 1705
1453950 1702
1453960 1697
1453970 1692
1453980 1692
1453990 1687
1454000 1683
1454010 1683
1454020 1679
1454030 1674
1454040 1674
1454050 1669
1454060 1664
1454070 1664
1454080 1660
1454090 1656
1454100 1656
1454110 1653
1454120 1649
1454130 1649
1454140 1648
1454150 1645
1454160 1641
1454170 1641
1454180 1638
1454190 1636
1454200 1636
1454210 1634
1454220 1634
1454230 1634
1454240 1633
1454250 1632
1454260 1632
1454270 1632
1454280 1630
1454290 1630
1454300 1627
1454310 1627
1454320 1627
1454330 1627
1454340 1627
1454350 1627
1454360 1626
1454370 1626
1454380 1626
1454390 1626
1454400 1626
1454410 1626
1454420 1626
1454430 1625
1454440 1626
1454450 1626
1454460 1631
1454470 1632
1454480 1632
1454490 1633
1454500 1634
1454510 1634
1454520 1634
1454530 1635
1454540 1635
1454550 1635
1454560 1636
1454570 1636
1454580 1636
1454590 1638
1454600 1639
1454610 1639
1454620 1639
1454630 1634
1454640 1634
1454650 1632
1454660 1633
1454670 1633
1454680 1634
1454690 1635
1454700 1635
1454710 1640
1454720 1644
1454730 1644
1454740 1645
1454750 1646
1454760 1646
1454770 1647
1454780 1646
1454790 1644
1454800 1644
1454810 1644
1454820 1644
1454830 1644
1454840 1644
1454850 1644
1454860 1644
1454870 1645
1454880 1647
1454890 1647
1454900 1648
1454910 1651
1454920 1651
1454930 1654
1454940 1656
1454950 1656
1454960 1658
1454970 1662
1454980 1662
1454990 1666
1455000 1670
1455010 1675
1455020 1675
1455030 1679
1455040 1683
1455050 1683
1455060 1687
1455070 1691
1455080 1691
1455090 1695
1455100 1700
1455110 1700
1455120 1705
1455130 1710
1455140 1710
1455150 1715
1455160 1721
1455170 1721
1455180 1727
1455190 1734
1455200 1734
1455210 1741
1455220 1751
1455230 1758
1455240 1758
1455250 1760
1455260 1761
1455270 1761
1455280 1763
1455290 1767
1455300 1767
1455310 1770
1455320 1774
1455330 1774
1455340 1778
1455350 1781
1455360 1781
1455370 1784
1455380 1786
1455390 1786
1455400 1786
1455410 1786
1455420 1786
1455430 1786
1455440 1787
1455450 1788
1455460 1788
1455470 1788
1455480 1788
1455490 1788
1455500 1791
1455510 1795
1455520 1795
1455530 1797
1455540 1797
1455550 1797
1455560 1797
1455570 1797
1455580 1797
1455590 1799
1455600 1801
1455610 1801
1455620 1802
1455630 1803
1455640 1805
1455650 1805
1455660 1805
1455670 1806
1455680 1806
1455690 1808
1455700 1807
1455710 1807
1455720 1807
1455730 1807
1455740 1807
1455750 1808
1455760 1810
1455770 1810
1455780 1814
1455790 1819
1455800 1819
1455810 1823
1455820 1827
1455830 1827
1455840 1829
1455850 1831
1455860 1831
1455870 1831
1455880 1832
1455890 1833
1455900 1833
1455910 1835
1455920 1837
1455930 1837
1455940 1840
1455950 1842
1455960 1842
1455970 1845
1455980 1849
1455990 1849
1456000 1853
1456010 1857
1456020 1857
1456030 1861
1456040 1865
1456050 1865
1456060 1869
1456070 1873
1456080 1877
1456090 1877
1456100 1882
1456110 1886
1456120 1886
1456130 1889
1456140 1890
1456150 1890
1456160 1891
1456170 1892
1456180 1892
1456190 1894
1456200 1897
1456210 1897
1456220 1900
1456230 1905
1456240 1905
1456250 1908
1456260 1912
1456270 1916
1456280 1916
1456290 1916
1456300 1919
1456310 1919
1456320 1920
1456330 1921
1456340 1921
1456350 1924
1456360 1926
1456370 1926
1456380 1928
1456390 1930
1456400 1930
1456410 1931
1456420 1933
1456430 1933
1456440 1931
1456450 1928
1456460 1928
1456470 1928
1456480 1931
1456490 1934
1456500 1934
1456510 1935
1456520 1936
1456530 1936
1456540 1934
1456550 1935
1456560 1935
1456570 1934
1456580 1935
1456590 1935
1456600 1935
1456610 1936
1456620 1936
1456630 1935
1456640 1933
1456650 1933
1456660 1931
1456670 1929
1456680 1929
1456690 1927
1456700 1926
1456710 1924
1456720 1924
1456730 1922
1456740 1919
1456750 1919
1456760 1920
1456770 1920
1456780 1920
1456790 1922
1456800 1926
1456810 1926
1456820 1932
1456830 1936
1456840 1936
1456850 1938
1456860 1937
1456870 1937
1456880 1936
1456890 1935
1456900 1935
1456910 1935
1456920 1933
1456930 1932
1456940 1932
1456950 1933
1456960 1932
1456970 1932
1456980 1931
1456990 1933
1457000 1933
1457010 1932
1457020 1937
1457030 1937
1457040 1939
1457050 1941
1457060 1941
1457070 1939
1457080 1938
1457090 1938
1457100 1939
1457110 1943
1457120 1947
1457130 1947
1457140 1950
1457150 1955
1457160 1955
1457170 1959
1457180 1962
1457190 1962
1457200 1964
1457210 1964
1457220 1964
1457230 1964
1457240 1965
1457250 1965
1457260 1964
1457270 1960
1457280 1960
1457290 1959
1457300 1955
1457310 1955
1457320 1956
1457330 1960
1457340 1966
1457350 1966
1457360 1969
1457370 1971
1457380 1971
1457390 1973
1457400 1975
1457410 1975
1457420 1976
1457430 1977
1457440 1977
1457450 1978
1457460 1978
1457470 1978
1457480 1979
1457490 1982
1457500 1982
1457510 1985
1457520 1988
1457530 1991
1457540 1991
1457550 1992
1457560 1992
1457570 1992
1457580 1994
1457590 1999
1457600 1999
1457610 2000
1457620 2002
1457630 2002
1457640 2007
1457650 2008
1457660 2008
1457670 2010
1457680 2013
1457690 2013
1457700 2021
1457710 2031
1457720 2031
1457730 2038
1457740 2040
1457750 2043
1457760 2043
1457770 2043
1457780 2031
1457790 2031
1457800 2032
1457810 2040
1457820 2040
1457830 2045
1457840 2046
1457850 2046
1457860 2047
1457870 2048
1457880 2048
1457890 2050
1457900 2051
1457910 2051
1457920 2050
1457930 2051
1457940 2051
1457950 2053
1457960 2055
1457970 2055
1457980 2055
1457990 2061
1458000 2065
1458010 2065
1458020 2068
1458030 2074
1458040 2074
1458050 2082
1458060 2087
1458070 2087
1458080 2088
1458090 2088
1458100 2088
1458110 2086
1458120 2079
1458130 2079
1458140 2069
1458150 2064
1458160 2064
1458170 2070
1458180 2074
1458190 2079
1458200 2079
1458210 2081
1458220 2081
1458230 2081
1458240 2082
1458250 2080
1458260 2080
1458270 2084
1458280 2089
1458290 2089
1458300 2093
1458310 2094
1458320 2094
1458330 2094
1458340 2096
1458350 2096
1458360 2099
1458370 2101
1458380 2103
1458390 2103
1458400 2107
1458410 2112
1458420 2112
1458430 2116
1458440 2118
1458450 2118
1458460 2120
1458470 2121
1458480 2121
1458490 2125
1458500 2130
1458510 2130
1458520 2137
1458530 2145
1458540 2145
1458550 2152
1458560 2158
1458570 2158
1458580 2163
1458590 2169
1458600 2175
1458610 2175
1458620 2182
1458630 2188
1458640 2188
1458650 2194
1458660 2197
1458670 2197
1458680 2198
1458690 2200
1458700 2200
1458710 2204
1458720 2209
1458730 2209
1458740 2214
1458750 2220
1458760 2220
1458770 2224
1458780 2228
1458790 2228
1458800 2233
1458810 2235
1458820 2232
1458830 2232
1458840 2234
1458850 2236
1458860 2236
1458870 2235
1458880 2231
1458890 2231
1458900 2228
1458910 2224
1458920 2224
1458930 2222
1458940 2221
1458950 2221
1458960 2213
1458970 2210
1458980 2210
1458990 2207
1459000 2204
1459010 2201
1459020 2201
1459030 2198
1459040 2196
1459050 2196
1459060 2195
1459070 2197
1459080 2197
1459090 2197
1459100 2194
1459110 2194
1459120 2195
1459130 2195
1459140 2195
1459150 2191
1459160 2190
1459170 2190
1459180 2189
1459190 2190
1459200 2190
1459210 2189
1459220 2190
1459230 2192
1459240 2192
1459250 2195
1459260 2198
1459270 2198
1459280 2200
1459290 2203
1459300 2203
1459310 2205
1459320 2209
1459330 2209
1459340 2213
1459350 2218
1459360 2218
1459370 2222
1459380 2225
1459390 2225
1459400 2228
1459410 2231
1459420 2231
1459430 2235
1459440 2240
1459450 2245
1459460 2245
1459470 2249
1459480 2252
1459490 2252
1459500 2255
1459510 2258
1459520 2258
1459530 2263
1459540 2266
1459550 2266
1459560 2267
1459570 2269
1459580 2269
1459590 2273
1459600 2279
1459610 2279
1459620 2285
1459630 2293
1459640 2302
1459650 2302
1459660 2304
1459670 2307
1459680 2307
1459690 2312
1459700 2320
1459710 2320
1459720 2329
1459730 2340
1459740 2340
1459750 2351
1459760 2360
1459770 2360
1459780 2366
1459790 2356
1459800 2356
1459810 2348
1459820 2359
1459830 2359
1459840 2370
1459850 2378
1459860 2382
1459870 2382
1459880 2383
1459890 2385
1459900 2385
1459910 2386
1459920 2386
1459930 2386
1459940 2384
1459950 2382
1459960 2382
1459970 2383
1459980 2386
1459990 2386
