1440000 2550
1440010 2550
1440020 2550
1440030 2550
1440040 2550
1440050 2550
1440060 2550
1440070 2550
1440080 2550
1440090 2550
1440100 2550
1440110 2550
1440120 2550
1440130 2550
1440140 2552
1440150 2558
1440160 2558
1440170 2565
1440180 2571
1440190 2576
1440200 2576
1440210 2578
1440220 2577
1440230 2577
1440240 2577
1440250 2580
1440260 2580
1440270 2583
1440280 2584
1440290 2584
1440300 2583
1440310 2583
1440320 2583
1440330 2585
1440340 2586
1440350 2586
1440360 2589
1440370 2593
1440380 2596
1440390 2596
1440400 2599
1440410 2601
1440420 2601
1440430 2603
1440440 2606
1440450 2606
1440460 2609
1440470 2611
1440480 2611
1440490 2615
1440500 2618
1440510 2618
1440520 2625
1440530 2630
1440540 2630
1440550 2635
1440560 2641
1440570 2641
1440580 2648
1440590 2658
1440600 2667
1440610 2667
1440620 2675
1440630 2681
1440640 2681
1440650 2688
1440660 2695
1440670 2695
1440680 2705
1440690 2713
1440700 2713
1440710 2721
1440720 2728
1440730 2728
1440740 2736
1440750 2741
1440760 2741
1440770 2746
1440780 2752
1440790 2752
1440800 2758
1440810 2763
1440820 2767
1440830 2767
1440840 2772
1440850 2776
1440860 2776
1440870 2780
1440880 2784
1440890 2784
1440900 2788
1440910 2791
1440920 2791
1440930 2794
1440940 2798
1440950 2798
1440960 2801
1440970 2803
1440980 2803
1440990 2806
1441000 2809
1441010 2809
1441020 2811
1441030 2813
1441040 2816
1441050 2816
1441060 2818
1441070 2820
1441080 2820
1441090 2822
1441100 2824
1441110 2824
1441120 2825
1441130 2827
1441140 2827
1441150 2829
1441160 2831
1441170 2831
1441180 2833
1441190 2835
1441200 2835
1441210 2837
1441220 2839
1441230 2841
1441240 2841
1441250 2843
1441260 2845
1441270 2845
1441280 2847
1441290 2850
1441300 2850
1441310 2852
1441320 2854
1441330 2854
1441340 2856
1441350 2859
1441360 2859
1441370 2861
1441380 2863
1441390 2863
1441400 2865
1441410 2867
1441420 2867
1441430 2869
1441440 2872
1441450 2874
1441460 2874
1441470 2876
1441480 2877
1441490 2877
1441500 2879
1441510 2881
1441520 2881
1441530 2883
1441540 2884
1441550 2884
1441560 2886
1441570 2887
1441580 2887
1441590 2889
1441600 2891
1441610 2891
1441620 2893
1441630 2896
1441640 2896
1441650 2899
1441660 2903
1441670 2906
1441680 2906
1441690 2910
1441700 2914
1441710 2914
1441720 2918
1441730 2922
1441740 2922
1441750 2926
1441760 2931
1441770 2931
1441780 2935
1441790 2939
1441800 2939
1441810 2943
1441820 2947
1441830 2947
1441840 2950
1441850 2954
1441860 2954
1441870 2958
1441880 2962
1441890 2966
1441900 2966
1441910 2970
1441920 2975
1441930 2975
1441940 2984
1441950 2993
1441960 2993
1441970 2998
1441980 3004
1441990 3004
1442000 3009
1442010 3008
1442020 3008
1442030 2995
1442040 2981
1442050 2981
1442060 2971
1442070 2964
1442080 2959
1442090 2959
1442100 2955
1442110 2952
1442120 2952
1442130 2949
1442140 2947
1442150 2947
1442160 2945
1442170 2943
1442180 2943
1442190 2942
1442200 2941
1442210 2941
1442220 2939
1442230 2935
1442240 2935
1442250 2934
1442260 2933
1442270 2933
1442280 2933
1442290 2932
1442300 2931
1442310 2931
1442320 2931
1442330 2931
1442340 2931
1442350 2930
1442360 2930
1442370 2930
1442380 2930
1442390 2930
1442400 2930
1442410 2930
1442420 2930
1442430 2930
1442440 2930
1442450 2930
1442460 2930
1442470 2930
1442480 2929
1442490 2929
1442500 2929
1442510 2929
1442520 2928
1442530 2928
1442540 2928
1442550 2927
1442560 2927
1442570 2927
1442580 2926
1442590 2926
1442600 2925
1442610 2924
1442620 2924
1442630 2923
1442640 2922
1442650 2922
1442660 2920
1442670 2919
1442680 2919
1442690 2917
1442700 2915
1442710 2915
1442720 2912
1442730 2909
1442740 2907
1442750 2907
1442760 2904
1442770 2901
1442780 2901
1442790 2898
1442800 2895
1442810 2895
1442820 2892
1442830 2890
1442840 2890
1442850 2886
1442860 2883
1442870 2883
1442880 2880
1442890 2878
1442900 2878
1442910 2876
1442920 2873
1442930 2871
1442940 2871
1442950 2869
1442960 2868
1442970 2868
1442980 2868
1442990 2869
1443000 2869
1443010 2868
1443020 2867
1443030 2867
1443040 2863
1443050 2860
1443060 2860
1443070 2860
1443080 2856
1443090 2856
1443100 2853
1443110 2851
1443120 2851
1443130 2839
1443140 2821
1443150 2809
1443160 2809
1443170 2805
1443180 2805
1443190 2805
1443200 2808
1443210 2811
1443220 2811
1443230 2815
1443240 2810
1443250 2810
1443260 2807
1443270 2805
1443280 2805
1443290 2804
1443300 2805
1443310 2805
1443320 2808
1443330 2814
1443340 2814
1443350 2818
1443360 2818
1443370 2812
1443380 2812
1443390 2794
1443400 2782
1443410 2782
1443420 2775
1443430 2770
1443440 2770
1443450 2762
1443460 2755
1443470 2755
1443480 2747
1443490 2744
1443500 2744
1443510 2738
1443520 2732
1443530 2732
1443540 2726
1443550 2721
1443560 2721
1443570 2715
1443580 2712
1443590 2703
1443600 2703
1443610 2698
1443620 2689
1443630 2689
1443640 2683
1443650 2678
1443660 2678
1443670 2671
1443680 2663
1443690 2663
1443700 2658
1443710 2654
1443720 2654
1443730 2649
1443740 2644
1443750 2644
1443760 2640
1443770 2636
1443780 2632
1443790 2632
1443800 2627
1443810 2623
1443820 2623
1443830 2619
1443840 2615
1443850 2615
1443860 2610
1443870 2604
1443880 2604
1443890 2598
1443900 2593
1443910 2593
1443920 2588
1443930 2584
1443940 2584
1443950 2582
1443960 2580
1443970 2580
1443980 2580
1443990 2580
1444000 2582
1444010 2582
1444020 2585
1444030 2588
1444040 2588
1444050 2589
1444060 2586
1444070 2586
1444080 2582
1444090 2575
1444100 2575
1444110 2568
1444120 2563
1444130 2563
1444140 2554
1444150 2548
1444160 2548
1444170 2543
1444180 2539
1444190 2539
1444200 2537
1444210 2536
1444220 2535
1444230 2535
1444240 2535
1444250 2535
1444260 2535
1444270 2535
1444280 2537
1444290 2537
1444300 2540
1444310 2543
1444320 2543
1444330 2546
1444340 2548
1444350 2548
1444360 2548
1444370 2544
1444380 2544
1444390 2537
1444400 2531
1444410 2531
1444420 2524
1444430 2516
1444440 2509
1444450 2509
1444460 2502
1444470 2496
1444480 2496
1444490 2488
1444500 2477
1444510 2477
1444520 2467
1444530 2456
1444540 2456
1444550 2449
1444560 2437
1444570 2437
1444580 2417
1444590 2404
1444600 2404
1444610 2396
1444620 2388
1444630 2380
1444640 2380
1444650 2374
1444660 2370
1444670 2370
1444680 2365
1444690 2360
1444700 2360
1444710 2356
1444720 2350
1444730 2350
1444740 2342
1444750 2334
1444760 2334
1444770 2328
1444780 2323
1444790 2323
1444800 2318
1444810 2314
1444820 2314
1444830 2311
1444840 2308
1444850 2307
1444860 2307
1444870 2307
1444880 2305
1444890 2305
1444900 2305
1444910 2302
1444920 2302
1444930 2296
1444940 2290
1444950 2290
1444960 2282
1444970 2277
1444980 2277
1444990 2274
1445000 2271
1445010 2271
1445020 2269
1445030 2267
1445040 2267
1445050 2265
1445060 2263
1445070 2262
1445080 2262
1445090 2262
1445100 2262
1445110 2262
1445120 2261
1445130 2262
1445140 2262
1445150 2262
1445160 2262
1445170 2262
1445180 2263
1445190 2264
1445200 2264
1445210 2265
1445220 2265
1445230 2265
1445240 2264
1445250 2263
1445260 2263
1445270 2261
1445280 2260
1445290 2258
1445300 2258
1445310 2257
1445320 2260
1445330 2260
1445340 2260
1445350 2260
1445360 2260
1445370 2260
1445380 2261
1445390 2261
1445400 2264
1445410 2264
1445420 2264
1445430 2262
1445440 2260
1445450 2260
1445460 2259
1445470 2257
1445480 2257
1445490 2257
1445500 2256
1445510 2257
1445520 2257
1445530 2257
1445540 2257
1445550 2257
1445560 2257
1445570 2258
1445580 2258
1445590 2260
1445600 2261
1445610 2261
1445620 2263
1445630 2265
1445640 2265
1445650 2269
1445660 2273
1445670 2273
1445680 2279
1445690 2283
1445700 2287
1445710 2287
1445720 2291
1445730 2295
1445740 2295
1445750 2300
1445760 2305
1445770 2305
1445780 2309
1445790 2311
1445800 2311
1445810 2313
1445820 2317
1445830 2317
1445840 2321
1445850 2322
1445860 2322
1445870 2322
1445880 2325
1445890 2325
1445900 2328
1445910 2331
1445920 2335
1445930 2335
1445940 2338
1445950 2338
1445960 2338
1445970 2339
1445980 2342
1445990 2342
1446000 2340
1446010 2338
1446020 2338
1446030 2339
1446040 2340
1446050 2340
1446060 2342
1446070 2345
1446080 2345
1446090 2350
1446100 2357
1446110 2357
1446120 2363
1446130 2368
1446140 2372
1446150 2372
1446160 2374
1446170 2374
1446180 2374
1446190 2377
1446200 2381
1446210 2381
1446220 2386
1446230 2393
1446240 2393
1446250 2400
1446260 2408
1446270 2408
1446280 2414
1446290 2421
1446300 2421
1446310 2428
1446320 2434
1446330 2437
1446340 2437
1446350 2441
1446360 2446
1446370 2446
1446380 2450
1446390 2453
1446400 2453
1446410 2457
1446420 2461
1446430 2461
1446440 2466
1446450 2472
1446460 2472
1446470 2474
1446480 2475
1446490 2475
1446500 2476
1446510 2476
1446520 2476
1446530 2476
1446540 2477
1446550 2479
1446560 2479
1446570 2481
1446580 2484
1446590 2484
1446600 2487
1446610 2491
1446620 2491
1446630 2494
1446640 2498
1446650 2498
1446660 2502
1446670 2507
1446680 2507
1446690 2511
1446700 2516
1446710 2516
1446720 2521
1446730 2527
1446740 2527
1446750 2534
1446760 2541
1446770 2547
1446780 2547
1446790 2554
1446800 2560
1446810 2560
1446820 2565
1446830 2570
1446840 2570
1446850 2573
1446860 2577
1446870 2577
1446880 2581
1446890 2586
1446900 2586
1446910 2591
1446920 2597
1446930 2597
1446940 2603
1446950 2608
1446960 2608
1446970 2614
1446980 2619
1446990 2625
1447000 2625
1447010 2631
1447020 2637
1447030 2637
1447040 2643
1447050 2650
1447060 2650
1447070 2655
1447080 2661
1447090 2661
1447100 2668
1447110 2675
1447120 2675
1447130 2683
1447140 2690
1447150 2690
1447160 2699
1447170 2709
1447180 2716
1447190 2716
1447200 2722
1447210 2730
1447220 2730
1447230 2739
1447240 2747
1447250 2747
1447260 2743
1447270 2734
1447280 2734
1447290 2726
1447300 2717
1447310 2717
1447320 2709
1447330 2702
1447340 2702
1447350 2691
1447360 2668
1447370 2668
1447380 2658
1447390 2645
1447400 2632
1447410 2632
1447420 2620
1447430 2610
1447440 2610
1447450 2601
1447460 2593
1447470 2593
1447480 2585
1447490 2578
1447500 2578
1447510 2569
1447520 2560
1447530 2560
1447540 2553
1447550 2546
1447560 2546
1447570 2539
1447580 2532
1447590 2532
1447600 2526
1447610 2520
1447620 2515
1447630 2515
1447640 2512
1447650 2507
1447660 2507
1447670 2504
1447680 2502
1447690 2502
1447700 2499
1447710 2486
1447720 2486
1447730 2473
1447740 2465
1447750 2465
1447760 2458
1447770 2452
1447780 2452
1447790 2448
1447800 2440
1447810 2440
1447820 2434
1447830 2427
1447840 2424
1447850 2424
1447860 2421
1447870 2413
1447880 2413
1447890 2404
1447900 2398
1447910 2398
1447920 2393
1447930 2389
1447940 2389
1447950 2385
1447960 2380
1447970 2380
1447980 2376
1447990 2372
1448000 2372
1448010 2369
1448020 2365
1448030 2361
1448040 2361
1448050 2356
1448060 2352
1448070 2352
1448080 2349
1448090 2346
1448100 2346
1448110 2344
1448120 2342
1448130 2342
1448140 2340
1448150 2339
1448160 2339
1448170 2338
1448180 2337
1448190 2337
1448200 2336
1448210 2335
1448220 2335
1448230 2335
1448240 2334
1448250 2334
1448260 2334
1448270 2333
1448280 2332
1448290 2332
1448300 2332
1448310 2331
1448320 2331
1448330 2330
1448340 2330
1448350 2330
1448360 2330
1448370 2328
1448380 2328
1448390 2325
1448400 2325
1448410 2325
1448420 2326
1448430 2326
1448440 2326
1448450 2326
1448460 2326
1448470 2326
1448480 2326
1448490 2327
1448500 2328
1448510 2328
1448520 2328
1448530 2327
1448540 2327
1448550 2326
1448560 2327
1448570 2327
1448580 2327
1448590 2328
1448600 2328
1448610 2329
1448620 2329
1448630 2329
1448640 2331
1448650 2333
1448660 2335
1448670 2335
1448680 2337
1448690 2344
1448700 2344
1448710 2345
1448720 2345
1448730 2345
1448740 2342
1448750 2342
1448760 2342
1448770 2339
1448780 2340
1448790 2340
1448800 2343
1448810 2343
1448820 2343
1448830 2344
1448840 2343
1448850 2343
1448860 2342
1448870 2340
1448880 2341
1448890 2341
1448900 2344
1448910 2347
1448920 2347
1448930 2349
1448940 2352
1448950 2352
1448960 2356
1448970 2360
1448980 2360
1448990 2367
1449000 2374
1449010 2374
1449020 2377
1449030 2381
1449040 2381
1449050 2387
1449060 2391
1449070 2391
1449080 2391
1449090 2393
1449100 2397
1449110 2397
1449120 2402
1449130 2407
1449140 2407
1449150 2412
1449160 2412
1449170 2412
1449180 2415
1449190 2420
1449200 2420
1449210 2426
1449220 2433
1449230 2433
1449240 2439
1449250 2446
1449260 2446
1449270 2452
1449280 2459
1449290 2459
1449300 2465
1449310 2472
1449320 2478
1449330 2478
1449340 2483
1449350 2489
1449360 2489
1449370 2495
1449380 2500
1449390 2500
1449400 2505
1449410 2511
1449420 2511
1449430 2517
1449440 2523
1449450 2523
1449460 2530
1449470 2538
1449480 2538
1449490 2546
1449500 2555
1449510 2564
1449520 2564
1449530 2575
1449540 2580
1449550 2580
1449560 2578
1449570 2580
1449580 2580
1449590 2577
1449600 2582
1449610 2582
1449620 2580
1449630 2573
1449640 2573
1449650 2562
1449660 2544
1449670 2544
1449680 2535
1449690 2528
1449700 2528
1449710 2523
1449720 2522
1449730 2521
1449740 2521
1449750 2522
1449760 2517
1449770 2517
1449780 2510
1449790 2506
1449800 2506
1449810 2507
1449820 2506
1449830 2506
1449840 2506
1449850 2507
1449860 2507
1449870 2507
1449880 2510
1449890 2510
1449900 2515
1449910 2517
1449920 2517
1449930 2515
1449940 2515
1449950 2518
1449960 2518
1449970 2521
1449980 2521
1449990 2521
1450000 2524
1450010 2527
1450020 2527
1450030 2527
1450040 2529
1450050 2529
1450060 2531
1450070 2531
1450080 2531
1450090 2532
1450100 2535
1450110 2535
1450120 2536
1450130 2536
1450140 2536
1450150 2537
1450160 2541
1450170 2542
1450180 2542
1450190 2545
1450200 2549
1450210 2549
1450220 2552
1450230 2555
1450240 2555
1450250 2556
1450260 2558
1450270 2558
1450280 2560
1450290 2563
1450300 2563
1450310 2565
1450320 2563
1450330 2563
1450340 2554
1450350 2548
1450360 2542
1450370 2542
1450380 2536
1450390 2530
1450400 2530
1450410 2524
1450420 2517
1450430 2517
1450440 2513
1450450 2507
1450460 2507
1450470 2500
1450480 2496
1450490 2496
1450500 2492
1450510 2488
1450520 2488
1450530 2487
1450540 2485
1450550 2485
1450560 2482
1450570 2482
1450580 2483
1450590 2483
1450600 2482
1450610 2482
1450620 2482
1450630 2482
1450640 2481
1450650 2481
1450660 2478
1450670 2477
1450680 2477
1450690 2480
1450700 2481
1450710 2481
1450720 2483
1450730 2482
1450740 2482
1450750 2483
1450760 2487
1450770 2487
1450780 2491
1450790 2494
1450800 2498
1450810 2498
1450820 2504
1450830 2509
1450840 2509
1450850 2515
1450860 2520
1450870 2520
1450880 2525
1450890 2524
1450900 2524
1450910 2515
1450920 2508
1450930 2508
1450940 2503
1450950 2498
1450960 2498
1450970 2491
1450980 2486
1450990 2486
1451000 2482
1451010 2477
1451020 2471
1451030 2471
1451040 2465
1451050 2461
1451060 2461
1451070 2454
1451080 2443
1451090 2443
1451100 2431
1451110 2420
1451120 2420
1451130 2412
1451140 2406
1451150 2406
1451160 2401
1451170 2397
1451180 2397
1451190 2390
1451200 2386
1451210 2379
1451220 2379
1451230 2372
1451240 2371
1451250 2371
1451260 2368
1451270 2364
1451280 2364
1451290 2359
1451300 2355
1451310 2355
1451320 2351
1451330 2345
1451340 2345
1451350 2339
1451360 2334
1451370 2334
1451380 2331
1451390 2326
1451400 2326
1451410 2322
1451420 2317
1451430 2315
1451440 2315
1451450 2316
1451460 2315
1451470 2315
1451480 2313
1451490 2310
1451500 2310
1451510 2303
1451520 2296
1451530 2296
1451540 2291
1451550 2285
1451560 2285
1451570 2280
1451580 2276
1451590 2276
1451600 2270
1451610 2265
1451620 2265
1451630 2263
1451640 2255
1451650 2243
1451660 2243
1451670 2232
1451680 2217
1451690 2217
1451700 2204
1451710 2198
1451720 2198
1451730 2196
1451740 2188
1451750 2188
1451760 2182
1451770 2176
1451780 2176
1451790 2173
1451800 2169
1451810 2169
1451820 2164
1451830 2155
1451840 2155
1451850 2146
1451860 2140
1451870 2126
1451880 2126
1451890 2108
1451900 2099
1451910 2099
1451920 2090
1451930 2079
1451940 2079
1451950 2068
1451960 2055
1451970 2055
1451980 2042
1451990 2032
1452000 2032
1452010 2022
1452020 2012
1452030 2012
1452040 2003
1452050 1994
1452060 1985
1452070 1985
1452080 1976
1452090 1967
1452100 1967
1452110 1959
1452120 1951
1452130 1951
1452140 1943
1452150 1935
1452160 1935
1452170 1927
1452180 1919
1452190 1919
1452200 1912
1452210 1904
1452220 1904
1452230 1898
1452240 1892
1452250 1892
1452260 1885
1452270 1879
1452280 1873
1452290 1873
1452300 1866
1452310 1860
1452320 1860
1452330 1853
1452340 1847
1452350 1847
1452360 1841
1452370 1836
1452380 1836
1452390 1831
1452400 1827
1452410 1827
1452420 1822
1452430 1812
1452440 1812
1452450 1807
1452460 1802
1452470 1802
1452480 1798
1452490 1795
1452500 1791
1452510 1791
1452520 1785
1452530 1779
1452540 1779
1452550 1772
1452560 1766
1452570 1766
1452580 1759
1452590 1751
1452600 1751
1452610 1744
1452620 1735
1452630 1735
1452640 1727
1452650 1721
1452660 1721
1452670 1714
1452680 1706
1452690 1699
1452700 1699
1452710 1692
1452720 1685
1452730 1685
1452740 1679
1452750 1672
1452760 1672
1452770 1666
1452780 1662
1452790 1662
1452800 1661
1452810 1659
1452820 1659
1452830 1658
1452840 1655
1452850 1655
1452860 1653
1452870 1651
1452880 1651
1452890 1649
1452900 1647
1452910 1644
1452920 1644
1452930 1642
1452940 1640
1452950 1640
1452960 1638
1452970 1635
1452980 1635
1452990 1633
1453000 1631
1453010 1631
1453020 1629
1453030 1627
1453040 1627
1453050 1624
1453060 1622
1453070 1622
1453080 1620
1453090 1619
1453100 1619
1453110 1617
1453120 1615
1453130 1614
1453140 1614
1453150 1612
1453160 1610
1453170 1610
1453180 1609
1453190 1610
1453200 1610
1453210 1610
1453220 1610
1453230 1610
1453240 1610
1453250 1610
1453260 1610
1453270 1610
1453280 1610
1453290 1610
1453300 1609
1453310 1608
1453320 1608
1453330 1608
1453340 1608
1453350 1607
1453360 1607
1453370 1606
1453380 1605
1453390 1605
1453400 1605
1453410 1605
1453420 1605
1453430 1605
1453440 1606
1453450 1606
1453460 1606
1453470 1605
1453480 1605
1453490 1605
1453500 1605
1453510 1605
1453520 1606
1453530 1606
1453540 1606
1453550 1606
1453560 1607
1453570 1608
1453580 1608
1453590 1609
1453600 1610
1453610 1610
1453620 1609
1453630 1609
1453640 1609
1453650 1606
1453660 1606
1453670 1606
1453680 1602
1453690 1601
1453700 1601
1453710 1601
1453720 1601
1453730 1601
1453740 1600
1453750 1600
1453760 1600
1453770 1600
1453780 1600
1453790 1600
1453800 1600
1453810 1600
1453820 1600
1453830 1600
1453840 1601
1453850 1602
1453860 1602
1453870 1604
1453880 1604
1453890 1604
1453900 1604
1453910 1604
1453920 1604
1453930 1605
1453940 1605
1453950 1605
1453960 1605
1453970 1605
1453980 1607
1453990 1607
1454000 1608
1454010 1612
1454020 1612
1454030 1615
1454040 1618
1454050 1618
1454060 1621
1454070 1623
1454080 1623
1454090 1621
1454100 1622
1454110 1622
1454120 1624
1454130 1626
1454140 1626
1454150 1631
1454160 1634
1454170 1634
1454180 1637
1454190 1637
1454200 1641
1454210 1641
1454220 1647
1454230 1654
1454240 1654
1454250 1661
1454260 1667
1454270 1667
1454280 1675
1454290 1683
1454300 1683
1454310 1690
1454320 1697
1454330 1697
1454340 1702
1454350 1706
1454360 1706
1454370 1707
1454380 1708
1454390 1711
1454400 1711
1454410 1714
1454420 1716
1454430 1716
1454440 1718
1454450 1721
1454460 1721
1454470 1725
1454480 1727
1454490 1727
1454500 1728
1454510 1730
1454520 1730
1454530 1733
1454540 1737
1454550 1737
1454560 1739
1454570 1743
1454580 1743
1454590 1745
1454600 1749
1454610 1752
1454620 1752
1454630 1756
1454640 1759
1454650 1759
1454660 1763
1454670 1765
1454680 1765
1454690 1769
1454700 1772
1454710 1772
1454720 1775
1454730 1780
1454740 1780
1454750 1787
1454760 1792
1454770 1792
1454780 1798
1454790 1803
1454800 1803
1454810 1809
1454820 1815
1454830 1821
1454840 1821
1454850 1827
1454860 1834
1454870 1834
1454880 1840
1454890 1845
1454900 1845
1454910 1851
1454920 1856
1454930 1856
1454940 1862
1454950 1865
1454960 1865
1454970 1870
1454980 1874
1454990 1874
1455000 1879
1455010 1885
1455020 1885
1455030 1890
1455040 1895
1455050 1900
1455060 1900
1455070 1905
1455080 1911
1455090 1911
1455100 1916
1455110 1922
1455120 1922
1455130 1928
1455140 1933
1455150 1933
1455160 1939
1455170 1943
1455180 1943
1455190 1946
1455200 1952
1455210 1952
1455220 1958
1455230 1964
1455240 1969
1455250 1969
1455260 1975
1455270 1982
1455280 1982
1455290 1988
1455300 1995
1455310 1995
1455320 2001
1455330 2005
1455340 2005
1455350 2011
1455360 2016
1455370 2016
1455380 2021
1455390 2024
1455400 2024
1455410 2027
1455420 2032
1455430 2032
1455440 2038
1455450 2043
1455460 2048
1455470 2048
1455480 2053
1455490 2059
1455500 2059
1455510 2065
1455520 2069
1455530 2069
1455540 2073
1455550 2076
1455560 2076
1455570 2078
1455580 2078
1455590 2078
1455600 2078
1455610 2082
1455620 2082
1455630 2084
1455640 2087
1455650 2087
1455660 2092
1455670 2098
1455680 2103
1455690 2103
1455700 2107
1455710 2110
1455720 2110
1455730 2111
1455740 2115
1455750 2115
1455760 2118
1455770 2120
1455780 2120
1455790 2123
1455800 2126
1455810 2126
1455820 2129
1455830 2132
1455840 2132
1455850 2136
1455860 2139
1455870 2139
1455880 2142
1455890 2145
1455900 2146
1455910 2146
1455920 2147
1455930 2149
1455940 2149
1455950 2153
1455960 2154
1455970 2154
1455980 2153
1455990 2155
1456000 2155
1456010 2158
1456020 2161
1456030 2161
1456040 2164
1456050 2166
1456060 2166
1456070 2168
1456080 2170
1456090 2173
1456100 2173
1456110 2175
1456120 2177
1456130 2177
1456140 2178
1456150 2179
1456160 2179
1456170 2180
1456180 2182
1456190 2182
1456200 2184
1456210 2186
1456220 2186
1456230 2189
1456240 2194
1456250 2194
1456260 2198
1456270 2202
1456280 2202
1456290 2207
1456300 2213
1456310 2219
1456320 2219
1456330 2224
1456340 2229
1456350 2229
1456360 2232
1456370 2236
1456380 2236
1456390 2240
1456400 2244
1456410 2244
1456420 2249
1456430 2254
1456440 2254
1456450 2259
1456460 2262
1456470 2262
1456480 2265
1456490 2268
1456500 2268
1456510 2271
1456520 2274
1456530 2276
1456540 2276
1456550 2278
1456560 2278
1456570 2278
1456580 2277
1456590 2275
1456600 2275
1456610 2273
1456620 2272
1456630 2272
1456640 2270
1456650 2272
1456660 2272
1456670 2274
1456680 2276
1456690 2276
1456700 2280
1456710 2287
1456720 2292
1456730 2292
1456740 2297
1456750 2304
1456760 2304
1456770 2312
1456780 2318
1456790 2318
1456800 2321
1456810 2325
1456820 2325
1456830 2330
1456840 2336
1456850 2336
1456860 2343
1456870 2350
1456880 2350
1456890 2357
1456900 2364
1456910 2364
1456920 2371
1456930 2378
1456940 2386
1456950 2386
1456960 2394
1456970 2400
1456980 2400
1456990 2407
1457000 2413
1457010 2413
1457020 2419
1457030 2424
1457040 2424
1457050 2430
1457060 2437
1457070 2437
1457080 2442
1457090 2444
1457100 2444
1457110 2446
1457120 2449
1457130 2449
1457140 2452
1457150 2451
1457160 2449
1457170 2449
1457180 2446
1457190 2445
1457200 2445
1457210 2441
1457220 2439
1457230 2439
1457240 2441
1457250 2437
1457260 2437
1457270 2430
1457280 2422
1457290 2422
1457300 2414
1457310 2406
1457320 2406
1457330 2404
1457340 2402
1457350 2402
1457360 2401
1457370 2400
1457380 2398
1457390 2398
1457400 2398
1457410 2398
1457420 2398
1457430 2398
1457440 2400
1457450 2400
1457460 2400
1457470 2399
1457480 2399
1457490 2398
1457500 2397
1457510 2397
1457520 2396
1457530 2395
1457540 2395
1457550 2395
1457560 2394
1457570 2396
1457580 2396
1457590 2398
1457600 2401
1457610 2401
1457620 2403
1457630 2404
1457640 2404
1457650 2406
1457660 2408
1457670 2408
1457680 2411
1457690 2412
1457700 2412
1457710 2414
1457720 2415
1457730 2415
1457740 2417
1457750 2419
1457760 2419
1457770 2420
1457780 2422
1457790 2424
1457800 2424
1457810 2425
1457820 2427
1457830 2427
1457840 2428
1457850 2430
1457860 2430
1457870 2428
1457880 2430
1457890 2430
1457900 2433
1457910 2436
1457920 2436
1457930 2439
1457940 2440
1457950 2440
1457960 2441
1457970 2441
1457980 2441
1457990 2439
1458000 2440
1458010 2443
1458020 2443
1458030 2445
1458040 2443
1458050 2443
1458060 2442
1458070 2442
1458080 2442
1458090 2441
1458100 2442
1458110 2442
1458120 2444
1458130 2443
1458140 2443
1458150 2443
1458160 2445
1458170 2445
1458180 2449
1458190 2450
1458200 2450
1458210 2452
1458220 2455
1458230 2458
1458240 2458
1458250 2460
1458260 2463
1458270 2463
1458280 2467
1458290 2467
1458300 2467
1458310 2465
1458320 2466
1458330 2466
1458340 2466
1458350 2466
1458360 2466
1458370 2468
1458380 2471
1458390 2471
1458400 2472
1458410 2475
1458420 2478
1458430 2478
1458440 2480
1458450 2481
1458460 2481
1458470 2482
1458480 2484
1458490 2484
1458500 2485
1458510 2486
1458520 2486
1458530 2485
1458540 2485
1458550 2485
1458560 2486
1458570 2487
1458580 2487
1458590 2488
1458600 2490
1458610 2490
1458620 2489
1458630 2490
1458640 2490
1458650 2490
1458660 2491
1458670 2492
1458680 2492
1458690 2493
1458700 2496
1458710 2496
1458720 2498
1458730 2501
1458740 2501
1458750 2504
1458760 2507
1458770 2507
1458780 2510
1458790 2513
1458800 2513
1458810 2516
1458820 2519
1458830 2519
1458840 2523
1458850 2527
1458860 2532
1458870 2532
1458880 2537
1458890 2544
1458900 2544
1458910 2553
1458920 2559
1458930 2559
1458940 2558
1458950 2555
1458960 2555
1458970 2555
1458980 2554
1458990 2554
1459000 2552
1459010 2549
1459020 2549
1459030 2548
1459040 2548
1459050 2548
1459060 2549
1459070 2551
1459080 2553
1459090 2553
1459100 2556
1459110 2557
1459120 2557
1459130 2559
1459140 2565
1459150 2565
1459160 2569
1459170 2571
1459180 2571
1459190 2576
1459200 2581
1459210 2581
1459220 2587
1459230 2596
1459240 2596
1459250 2597
1459260 2592
1459270 2583
1459280 2583
1459290 2574
1459300 2570
1459310 2570
1459320 2565
1459330 2553
1459340 2553
1459350 2542
1459360 2530
1459370 2530
1459380 2522
1459390 2515
1459400 2515
1459410 2508
1459420 2500
1459430 2500
1459440 2489
1459450 2484
1459460 2484
1459470 2479
1459480 2473
1459490 2467
1459500 2467
1459510 2461
1459520 2453
1459530 2453
1459540 2445
1459550 2436
1459560 2436
1459570 2426
1459580 2418
1459590 2418
1459600 2409
1459610 2395
1459620 2395
1459630 2387
1459640 2377
1459650 2377
1459660 2360
1459670 2357
1459680 2357
1459690 2349
1459700 2342
1459710 2339
1459720 2339
1459730 2333
1459740 2327
1459750 2327
1459760 2317
1459770 2294
1459780 2294
1459790 2287
1459800 2281
1459810 2281
1459820 2265
1459830 2242
1459840 2242
1459850 2225
1459860 2215
1459870 2215
1459880 2206
1459890 2200
1459900 2200
1459910 2193
1459920 2194
1459930 2194
1459940 2194
1459950 2191
1459960 2182
1459970 2182
1459980 2172
1459990 2157
