1440000 3121
1440010 3122
1440020 3123
1440030 3123
1440040 3124
1440050 3125
1440060 3125
1440070 3127
1440080 3128
1440090 3128
1440100 3130
1440110 3133
1440120 3133
1440130 3134
1440140 3136
1440150 3136
1440160 3138
1440170 3139
1440180 3139
1440190 3141
1440200 3143
1440210 3143
1440220 3145
1440230 3147
1440240 3149
1440250 3149
1440260 3150
1440270 3152
1440280 3152
1440290 3154
1440300 3156
1440310 3156
1440320 3158
1440330 3160
1440340 3160
1440350 3162
1440360 3165
1440370 3165
1440380 3168
1440390 3171
1440400 3171
1440410 3174
1440420 3178
1440430 3178
1440440 3184
1440450 3188
1440460 3191
1440470 3191
1440480 3194
1440490 3198
1440500 3198
1440510 3203
1440520 3212
1440530 3212
1440540 3219
1440550 3223
1440560 3223
1440570 3224
1440580 3224
1440590 3224
1440600 3223
1440610 3222
1440620 3222
1440630 3221
1440640 3218
1440650 3218
1440660 3215
1440670 3211
1440680 3205
1440690 3205
1440700 3199
1440710 3191
1440720 3191
1440730 3182
1440740 3173
1440750 3173
1440760 3164
1440770 3155
1440780 3155
1440790 3146
1440800 3137
1440810 3137
1440820 3129
1440830 3121
1440840 3121
1440850 3113
1440860 3105
1440870 3105
1440880 3098
1440890 3091
1440900 3085
1440910 3085
1440920 3080
1440930 3074
1440940 3074
1440950 3070
1440960 3066
1440970 3066
1440980 3062
1440990 3059
1441000 3059
1441010 3057
1441020 3055
1441030 3055
1441040 3053
1441050 3052
1441060 3052
1441070 3050
1441080 3049
1441090 3049
1441100 3048
1441110 3047
1441120 3046
1441130 3046
1441140 3044
1441150 3043
1441160 3043
1441170 3041
1441180 3040
1441190 3040
1441200 3038
1441210 3036
1441220 3036
1441230 3034
1441240 3032
1441250 3032
1441260 3030
1441270 3028
1441280 3028
1441290 3026
1441300 3023
1441310 3023
1441320 3021
1441330 3019
1441340 3017
1441350 3017
1441360 3016
1441370 3013
1441380 3013
1441390 3010
1441400 3007
1441410 3007
1441420 3002
1441430 2997
1441440 2997
1441450 2992
1441460 2987
1441470 2987
1441480 2983
1441490 2978
1441500 2978
1441510 2974
1441520 2969
1441530 2969
1441540 2964
1441550 2960
1441560 2956
1441570 2956
1441580 2952
1441590 2949
1441600 2949
1441610 2945
1441620 2941
1441630 2941
1441640 2938
1441650 2935
1441660 2935
1441670 2934
1441680 2933
1441690 2933
1441700 2931
1441710 2929
1441720 2929
1441730 2928
1441740 2925
1441750 2925
1441760 2915
1441770 2895
1441780 2880
1441790 2880
1441800 2871
1441810 2865
1441820 2865
1441830 2859
1441840 2853
1441850 2853
1441860 2847
1441870 2841
1441880 2841
1441890 2834
1441900 2828
1441910 2828
1441920 2823
1441930 2817
1441940 2817
1441950 2811
1441960 2806
1441970 2802
1441980 2802
1441990 2797
1442000 2792
1442010 2792
1442020 2786
1442030 2783
1442040 2783
1442050 2780
1442060 2771
1442070 2771
1442080 2758
1442090 2751
1442100 2751
1442110 2747
1442120 2742
1442130 2742
1442140 2737
1442150 2727
1442160 2727
1442170 2717
1442180 2706
1442190 2682
1442200 2682
1442210 2674
1442220 2656
1442230 2656
1442240 2640
1442250 2627
1442260 2627
1442270 2614
1442280 2599
1442290 2599
1442300 2579
1442310 2568
1442320 2568
1442330 2556
1442340 2537
1442350 2537
1442360 2525
1442370 2518
1442380 2518
1442390 2511
1442400 2496
1442410 2463
1442420 2463
1442430 2447
1442440 2432
1442450 2432
1442460 2421
1442470 2410
1442480 2410
1442490 2400
1442500 2390
1442510 2390
1442520 2383
1442530 2375
1442540 2375
1442550 2367
1442560 2359
1442570 2359
1442580 2351
1442590 2339
1442600 2339
1442610 2330
1442620 2321
1442630 2313
1442640 2313
1442650 2308
1442660 2301
1442670 2301
1442680 2293
1442690 2284
1442700 2284
1442710 2271
1442720 2259
1442730 2259
1442740 2253
1442750 2246
1442760 2246
1442770 2241
1442780 2237
1442790 2237
1442800 2233
1442810 2225
1442820 2225
1442830 2217
1442840 2211
1442850 2205
1442860 2205
1442870 2198
1442880 2186
1442890 2186
1442900 2174
1442910 2172
1442920 2172
1442930 2172
1442940 2165
1442950 2165
1442960 2160
1442970 2155
1442980 2155
1442990 2150
1443000 2145
1443010 2145
1443020 2141
1443030 2138
1443040 2138
1443050 2135
1443060 2129
1443070 2117
1443080 2117
1443090 2104
1443100 2091
1443110 2091
1443120 2077
1443130 2066
1443140 2066
1443150 2058
1443160 2048
1443170 2048
1443180 2039
1443190 2028
1443200 2028
1443210 2014
1443220 2004
1443230 2004
1443240 2003
1443250 1999
1443260 1999
1443270 1994
1443280 1989
1443290 1983
1443300 1983
1443310 1976
1443320 1970
1443330 1970
1443340 1964
1443350 1957
1443360 1957
1443370 1949
1443380 1943
1443390 1943
1443400 1937
1443410 1930
1443420 1930
1443430 1925
1443440 1919
1443450 1919
1443460 1914
1443470 1910
1443480 1910
1443490 1905
1443500 1901
1443510 1898
1443520 1898
1443530 1895
1443540 1892
1443550 1892
1443560 1888
1443570 1883
1443580 1883
1443590 1878
1443600 1873
1443610 1873
1443620 1869
1443630 1863
1443640 1863
1443650 1858
1443660 1852
1443670 1852
1443680 1847
1443690 1843
1443700 1843
1443710 1839
1443720 1834
1443730 1828
1443740 1828
1443750 1824
1443760 1820
1443770 1820
1443780 1816
1443790 1813
1443800 1813
1443810 1808
1443820 1803
1443830 1803
1443840 1797
1443850 1791
1443860 1791
1443870 1784
1443880 1775
1443890 1775
1443900 1767
1443910 1760
1443920 1760
1443930 1754
1443940 1745
1443950 1737
1443960 1737
1443970 1732
1443980 1728
1443990 1728
1444000 1724
1444010 1718
1444020 1718
1444030 1712
1444040 1705
1444050 1705
1444060 1702
1444070 1699
1444080 1699
1444090 1695
1444100 1690
1444110 1690
1444120 1684
1444130 1681
1444140 1681
1444150 1678
1444160 1675
1444170 1672
1444180 1672
1444190 1669
1444200 1665
1444210 1665
1444220 1663
1444230 1660
1444240 1660
1444250 1657
1444260 1655
1444270 1655
1444280 1653
1444290 1651
1444300 1651
1444310 1649
1444320 1647
1444330 1647
1444340 1645
1444350 1643
1444360 1640
1444370 1640
1444380 1636
1444390 1632
1444400 1632
1444410 1628
1444420 1624
1444430 1624
1444440 1621
1444450 1619
1444460 1619
1444470 1618
1444480 1616
1444490 1616
1444500 1614
1444510 1612
1444520 1612
1444530 1611
1444540 1609
1444550 1609
1444560 1608
1444570 1606
1444580 1605
1444590 1605
1444600 1603
1444610 1602
1444620 1602
1444630 1600
1444640 1598
1444650 1598
1444660 1597
1444670 1595
1444680 1595
1444690 1593
1444700 1591
1444710 1591
1444720 1590
1444730 1588
1444740 1588
1444750 1587
1444760 1586
1444770 1586
1444780 1584
1444790 1583
1444800 1582
1444810 1582
1444820 1581
1444830 1578
1444840 1578
1444850 1573
1444860 1569
1444870 1569
1444880 1566
1444890 1572
1444900 1572
1444910 1579
1444920 1580
1444930 1580
1444940 1581
1444950 1582
1444960 1582
1444970 1583
1444980 1586
1444990 1586
1445000 1589
1445010 1590
1445020 1592
1445030 1592
1445040 1595
1445050 1596
1445060 1596
1445070 1596
1445080 1595
1445090 1595
1445100 1595
1445110 1596
1445120 1596
1445130 1598
1445140 1600
1445150 1600
1445160 1602
1445170 1605
1445180 1605
1445190 1609
1445200 1613
1445210 1613
1445220 1618
1445230 1622
1445240 1625
1445250 1625
1445260 1627
1445270 1629
1445280 1629
1445290 1631
1445300 1633
1445310 1633
1445320 1636
1445330 1637
1445340 1637
1445350 1638
1445360 1640
1445370 1640
1445380 1643
1445390 1645
1445400 1645
1445410 1647
1445420 1646
1445430 1646
1445440 1647
1445450 1647
1445460 1647
1445470 1647
1445480 1649
1445490 1651
1445500 1651
1445510 1654
1445520 1657
1445530 1657
1445540 1658
1445550 1657
1445560 1657
1445570 1656
1445580 1658
1445590 1658
1445600 1661
1445610 1663
1445620 1663
1445630 1664
1445640 1666
1445650 1666
1445660 1669
1445670 1669
1445680 1666
1445690 1666
1445700 1666
1445710 1668
1445720 1668
1445730 1668
1445740 1670
1445750 1670
1445760 1671
1445770 1672
1445780 1672
1445790 1674
1445800 1675
1445810 1675
1445820 1675
1445830 1675
1445840 1675
1445850 1673
1445860 1672
1445870 1672
1445880 1674
1445890 1675
1445900 1676
1445910 1676
1445920 1677
1445930 1678
1445940 1678
1445950 1680
1445960 1682
1445970 1682
1445980 1685
1445990 1687
1446000 1687
1446010 1686
1446020 1686
1446030 1686
1446040 1687
1446050 1689
1446060 1689
1446070 1692
1446080 1694
1446090 1694
1446100 1695
1446110 1699
1446120 1701
1446130 1701
1446140 1701
1446150 1702
1446160 1702
1446170 1704
1446180 1705
1446190 1705
1446200 1705
1446210 1704
1446220 1704
1446230 1705
1446240 1708
1446250 1708
1446260 1711
1446270 1716
1446280 1716
1446290 1721
1446300 1725
1446310 1725
1446320 1728
1446330 1728
1446340 1728
1446350 1728
1446360 1729
1446370 1730
1446380 1730
1446390 1732
1446400 1733
1446410 1733
1446420 1733
1446430 1732
1446440 1732
1446450 1731
1446460 1734
1446470 1734
1446480 1735
1446490 1734
1446500 1734
1446510 1735
1446520 1736
1446530 1737
1446540 1737
1446550 1736
1446560 1735
1446570 1735
1446580 1732
1446590 1732
1446600 1732
1446610 1733
1446620 1733
1446630 1733
1446640 1731
1446650 1727
1446660 1727
1446670 1725
1446680 1727
1446690 1727
1446700 1729
1446710 1731
1446720 1731
1446730 1732
1446740 1731
1446750 1731
1446760 1731
1446770 1733
1446780 1738
1446790 1738
1446800 1743
1446810 1749
1446820 1749
1446830 1751
1446840 1754
1446850 1754
1446860 1757
1446870 1759
1446880 1759
1446890 1759
1446900 1762
1446910 1762
1446920 1764
1446930 1767
1446940 1767
1446950 1766
1446960 1765
1446970 1765
1446980 1765
1446990 1765
1447000 1766
1447010 1766
1447020 1769
1447030 1770
1447040 1770
1447050 1770
1447060 1770
1447070 1770
1447080 1773
1447090 1775
1447100 1775
1447110 1777
1447120 1779
1447130 1779
1447140 1780
1447150 1781
1447160 1781
1447170 1780
1447180 1780
1447190 1781
1447200 1781
1447210 1780
1447220 1780
1447230 1780
1447240 1779
1447250 1778
1447260 1778
1447270 1777
1447280 1777
1447290 1777
1447300 1776
1447310 1774
1447320 1774
1447330 1772
1447340 1770
1447350 1770
1447360 1770
1447370 1770
1447380 1770
1447390 1769
1447400 1770
1447410 1770
1447420 1770
1447430 1770
1447440 1770
1447450 1770
1447460 1770
1447470 1770
1447480 1770
1447490 1770
1447500 1770
1447510 1770
1447520 1771
1447530 1771
1447540 1771
1447550 1771
1447560 1772
1447570 1772
1447580 1772
1447590 1773
1447600 1773
1447610 1773
1447620 1774
1447630 1775
1447640 1775
1447650 1775
1447660 1776
1447670 1776
1447680 1777
1447690 1778
1447700 1778
1447710 1778
1447720 1779
1447730 1779
1447740 1780
1447750 1781
1447760 1781
1447770 1782
1447780 1784
1447790 1784
1447800 1785
1447810 1787
1447820 1787
1447830 1790
1447840 1792
1447850 1794
1447860 1794
1447870 1799
1447880 1802
1447890 1802
1447900 1806
1447910 1811
1447920 1811
1447930 1814
1447940 1817
1447950 1817
1447960 1820
1447970 1823
1447980 1823
1447990 1827
1448000 1830
1448010 1830
1448020 1833
1448030 1836
1448040 1836
1448050 1839
1448060 1842
1448070 1845
1448080 1845
1448090 1848
1448100 1850
1448110 1850
1448120 1852
1448130 1855
1448140 1855
1448150 1858
1448160 1861
1448170 1861
1448180 1864
1448190 1866
1448200 1866
1448210 1869
1448220 1873
1448230 1873
1448240 1876
1448250 1879
1448260 1879
1448270 1882
1448280 1885
1448290 1889
1448300 1889
1448310 1892
1448320 1895
1448330 1895
1448340 1897
1448350 1899
1448360 1899
1448370 1902
1448380 1905
1448390 1905
1448400 1907
1448410 1910
1448420 1910
1448430 1912
1448440 1915
1448450 1915
1448460 1918
1448470 1922
1448480 1922
1448490 1927
1448500 1930
1448510 1934
1448520 1934
1448530 1937
1448540 1939
1448550 1939
1448560 1940
1448570 1942
1448580 1942
1448590 1944
1448600 1947
1448610 1947
1448620 1949
1448630 1951
1448640 1951
1448650 1953
1448660 1956
1448670 1955
1448680 1958
1448690 1961
1448700 1961
1448710 1964
1448720 1968
1448730 1971
1448740 1971
1448750 1974
1448760 1978
1448770 1978
1448780 1983
1448790 1987
1448800 1987
1448810 1992
1448820 1997
1448830 1997
1448840 2002
1448850 2006
1448860 2006
1448870 2010
1448880 2014
1448890 2014
1448900 2018
1448910 2022
1448920 2026
1448930 2026
1448940 2030
1448950 2035
1448960 2035
1448970 2039
1448980 2043
1448990 2043
1449000 2047
1449010 2051
1449020 2051
1449030 2055
1449040 2059
1449050 2059
1449060 2063
1449070 2067
1449080 2067
1449090 2071
1449100 2074
1449110 2074
1449120 2078
1449130 2082
1449140 2085
1449150 2085
1449160 2089
1449170 2093
1449180 2093
1449190 2097
1449200 2102
1449210 2102
1449220 2106
1449230 2109
1449240 2109
1449250 2112
1449260 2114
1449270 2114
1449280 2116
1449290 2120
1449300 2120
1449310 2124
1449320 2130
1449330 2130
1449340 2134
1449350 2138
1449360 2141
1449370 2141
1449380 2144
1449390 2147
1449400 2147
1449410 2149
1449420 2150
1449430 2150
1449440 2151
1449450 2152
1449460 2152
1449470 2152
1449480 2153
1449490 2153
1449500 2155
1449510 2159
1449520 2159
1449530 2163
1449540 2167
1449550 2167
1449560 2169
1449570 2170
1449580 2172
1449590 2172
1449600 2168
1449610 2168
1449620 2168
1449630 2170
1449640 2173
1449650 2173
1449660 2174
1449670 2175
1449680 2175
1449690 2178
1449700 2182
1449710 2182
1449720 2183
1449730 2185
1449740 2185
1449750 2183
1449760 2186
1449770 2186
1449780 2191
1449790 2197
1449800 2203
1449810 2203
1449820 2209
1449830 2214
1449840 2214
1449850 2221
1449860 2227
1449870 2227
1449880 2234
1449890 2242
1449900 2242
1449910 2252
1449920 2263
1449930 2263
1449940 2270
1449950 2277
1449960 2277
1449970 2287
1449980 2295
1449990 2295
1450000 2300
1450010 2306
1450020 2315
1450030 2315
1450040 2323
1450050 2328
1450060 2328
1450070 2333
1450080 2337
1450090 2337
1450100 2340
1450110 2345
1450120 2345
1450130 2349
1450140 2352
1450150 2352
1450160 2355
1450170 2357
1450180 2357
1450190 2359
1450200 2359
1450210 2359
1450220 2358
1450230 2359
1450240 2362
1450250 2362
1450260 2363
1450270 2364
1450280 2364
1450290 2363
1450300 2361
1450310 2361
1450320 2358
1450330 2354
1450340 2354
1450350 2346
1450360 2340
1450370 2340
1450380 2334
1450390 2328
1450400 2328
1450410 2323
1450420 2320
1450430 2320
1450440 2319
1450450 2320
1450460 2320
1450470 2320
1450480 2315
1450490 2305
1450500 2305
1450510 2299
1450520 2299
1450530 2299
1450540 2300
1450550 2306
1450560 2306
1450570 2309
1450580 2310
1450590 2310
1450600 2308
1450610 2306
1450620 2306
1450630 2308
1450640 2307
1450650 2307
1450660 2303
1450670 2289
1450680 2266
1450690 2266
1450700 2256
1450710 2260
1450720 2260
1450730 2268
1450740 2273
1450750 2273
1450760 2277
1450770 2283
1450780 2283
1450790 2282
1450800 2283
1450810 2283
1450820 2286
1450830 2287
1450840 2287
1450850 2287
1450860 2289
1450870 2289
1450880 2291
1450890 2292
1450900 2293
1450910 2293
1450920 2294
1450930 2294
1450940 2294
1450950 2291
1450960 2284
1450970 2284
1450980 2266
1450990 2262
1451000 2262
1451010 2264
1451020 2270
1451030 2270
1451040 2276
1451050 2276
1451060 2276
1451070 2272
1451080 2270
1451090 2268
1451100 2268
1451110 2262
1451120 2258
1451130 2258
1451140 2253
1451150 2250
1451160 2250
1451170 2248
1451180 2246
1451190 2246
1451200 2243
1451210 2241
1451220 2241
1451230 2237
1451240 2232
1451250 2232
1451260 2225
1451270 2218
1451280 2218
1451290 2214
1451300 2208
1451310 2200
1451320 2200
1451330 2194
1451340 2190
1451350 2190
1451360 2187
1451370 2186
1451380 2186
1451390 2185
1451400 2183
1451410 2183
1451420 2180
1451430 2176
1451440 2176
1451450 2172
1451460 2166
1451470 2166
1451480 2161
1451490 2156
1451500 2156
1451510 2152
1451520 2148
1451530 2144
1451540 2144
1451550 2139
1451560 2135
1451570 2135
1451580 2130
1451590 2127
1451600 2127
1451610 2126
1451620 2125
1451630 2125
1451640 2122
1451650 2118
1451660 2118
1451670 2114
1451680 2109
1451690 2109
1451700 2104
1451710 2098
1451720 2098
1451730 2093
1451740 2088
1451750 2084
1451760 2084
1451770 2081
1451780 2078
1451790 2078
1451800 2076
1451810 2074
1451820 2074
1451830 2071
1451840 2069
1451850 2069
1451860 2067
1451870 2065
1451880 2065
1451890 2063
1451900 2060
1451910 2060
1451920 2057
1451930 2055
1451940 2055
1451950 2053
1451960 2053
1451970 2051
1451980 2051
1451990 2050
1452000 2050
1452010 2050
1452020 2049
1452030 2049
1452040 2049
1452050 2049
1452060 2045
1452070 2045
1452080 2039
1452090 2038
1452100 2038
1452110 2035
1452120 2032
1452130 2032
1452140 2027
1452150 2021
1452160 2021
1452170 2015
1452180 2011
1452190 2008
1452200 2008
1452210 2006
1452220 2004
1452230 2004
1452240 2002
1452250 2001
1452260 2001
1452270 1999
1452280 1998
1452290 1998
1452300 1995
1452310 1993
1452320 1993
1452330 1991
1452340 1989
1452350 1989
1452360 1986
1452370 1985
1452380 1985
1452390 1984
1452400 1987
1452410 1985
1452420 1985
1452430 1983
1452440 1982
1452450 1982
1452460 1979
1452470 1975
1452480 1975
1452490 1973
1452500 1969
1452510 1969
1452520 1965
1452530 1961
1452540 1961
1452550 1956
1452560 1950
1452570 1950
1452580 1946
1452590 1941
1452600 1941
1452610 1936
1452620 1931
1452630 1928
1452640 1928
1452650 1925
1452660 1921
1452670 1921
1452680 1914
1452690 1909
1452700 1909
1452710 1904
1452720 1899
1452730 1899
1452740 1894
1452750 1889
1452760 1889
1452770 1885
1452780 1881
1452790 1881
1452800 1877
1452810 1874
1452820 1874
1452830 1870
1452840 1867
1452850 1864
1452860 1864
1452870 1860
1452880 1858
1452890 1858
1452900 1858
1452910 1858
1452920 1858
1452930 1858
1452940 1858
1452950 1858
1452960 1858
1452970 1858
1452980 1858
1452990 1858
1453000 1858
1453010 1858
1453020 1858
1453030 1858
1453040 1858
1453050 1858
1453060 1858
1453070 1858
1453080 1858
1453090 1858
1453100 1858
1453110 1858
1453120 1858
1453130 1858
1453140 1858
1453150 1858
1453160 1858
1453170 1858
1453180 1858
1453190 1858
1453200 1858
1453210 1858
1453220 1858
1453230 1858
1453240 1858
1453250 1858
1453260 1858
1453270 1858
1453280 1858
1453290 1858
1453300 1858
1453310 1858
1453320 1858
1453330 1858
1453340 1858
1453350 1858
1453360 1858
1453370 1858
1453380 1858
1453390 1858
1453400 1858
1453410 1858
1453420 1858
1453430 1858
1453440 1858
1453450 1858
1453460 1858
1453470 1858
1453480 1858
1453490 1858
1453500 1858
1453510 1858
1453520 1858
1453530 1858
1453540 1858
1453550 1858
1453560 1858
1453570 1858
1453580 1858
1453590 1858
1453600 1859
1453610 1859
1453620 1864
1453630 1870
1453640 1870
1453650 1875
1453660 1876
1453670 1876
1453680 1879
1453690 1882
1453700 1888
1453710 1888
1453720 1896
1453730 1904
1453740 1904
1453750 1912
1453760 1918
1453770 1918
1453780 1925
1453790 1930
1453800 1930
1453810 1935
1453820 1939
1453830 1939
1453840 1943
1453850 1947
1453860 1947
1453870 1951
1453880 1956
1453890 1956
1453900 1961
1453910 1966
1453920 1972
1453930 1972
1453940 1978
1453950 1985
1453960 1985
1453970 1993
1453980 2002
1453990 2002
1454000 2012
1454010 2020
1454020 2020
1454030 2025
1454040 2030
1454050 2030
1454060 2035
1454070 2040
1454080 2040
1454090 2044
1454100 2049
1454110 2049
1454120 2054
1454130 2060
1454140 2064
1454150 2064
1454160 2068
1454170 2071
1454180 2071
1454190 2075
1454200 2080
1454210 2080
1454220 2086
1454230 2092
1454240 2092
1454250 2098
1454260 2104
1454270 2104
1454280 2107
1454290 2111
1454300 2111
1454310 2115
1454320 2114
1454330 2114
1454340 2113
1454350 2110
1454360 2107
1454370 2107
1454380 2103
1454390 2096
1454400 2096
1454410 2090
1454420 2084
1454430 2084
1454440 2075
1454450 2064
1454460 2064
1454470 2056
1454480 2051
1454490 2051
1454500 2044
1454510 2034
1454520 2034
1454530 2025
1454540 2017
1454550 2017
1454560 2010
1454570 2005
1454580 2001
1454590 2001
1454600 1994
1454610 1988
1454620 1988
1454630 1981
1454640 1975
1454650 1975
1454660 1969
1454670 1964
1454680 1964
1454690 1956
1454700 1948
1454710 1948
1454720 1942
1454730 1934
1454740 1934
1454750 1929
1454760 1920
1454770 1920
1454780 1913
1454790 1905
1454800 1895
1454810 1895
1454820 1887
1454830 1881
1454840 1881
1454850 1875
1454860 1868
1454870 1868
1454880 1861
1454890 1855
1454900 1855
1454910 1850
1454920 1844
1454930 1844
1454940 1837
1454950 1830
1454960 1830
1454970 1825
1454980 1819
1454990 1819
1455000 1812
1455010 1806
1455020 1800
1455030 1800
1455040 1794
1455050 1785
1455060 1785
1455070 1775
1455080 1765
1455090 1765
1455100 1755
1455110 1748
1455120 1748
1455130 1745
1455140 1741
1455150 1741
1455160 1738
1455170 1733
1455180 1733
1455190 1731
1455200 1730
1455210 1730
1455220 1726
1455230 1719
1455240 1710
1455250 1710
1455260 1690
1455270 1664
1455280 1664
1455290 1648
1455300 1635
1455310 1635
1455320 1625
1455330 1620
1455340 1620
1455350 1614
1455360 1608
1455370 1608
1455380 1601
1455390 1594
1455400 1594
1455410 1587
1455420 1582
1455430 1582
1455440 1577
1455450 1570
1455460 1553
1455470 1553
1455480 1532
1455490 1492
1455500 1492
1455510 1452
1455520 1432
1455530 1432
1455540 1417
1455550 1404
1455560 1404
1455570 1399
1455580 1391
1455590 1391
1455600 1387
1455610 1383
1455620 1383
1455630 1377
1455640 1370
1455650 1361
1455660 1361
1455670 1353
1455680 1344
1455690 1344
1455700 1333
1455710 1324
1455720 1324
1455730 1317
1455740 1311
1455750 1311
1455760 1304
1455770 1298
1455780 1298
1455790 1292
1455800 1286
1455810 1286
1455820 1279
1455830 1281
1455840 1281
1455850 1286
1455860 1290
1455870 1295
1455880 1295
1455890 1301
1455900 1305
1455910 1305
1455920 1310
1455930 1313
1455940 1313
1455950 1314
1455960 1315
1455970 1315
1455980 1314
1455990 1313
1456000 1313
1456010 1310
1456020 1305
1456030 1305
1456040 1301
1456050 1297
1456060 1297
1456070 1295
1456080 1292
1456090 1288
1456100 1288
1456110 1284
1456120 1281
1456130 1281
1456140 1281
1456150 1279
1456160 1279
1456170 1276
1456180 1271
1456190 1271
1456200 1268
1456210 1266
1456220 1266
1456230 1266
1456240 1265
1456250 1265
1456260 1264
1456270 1266
1456280 1266
1456290 1270
1456300 1273
1456310 1276
1456320 1276
1456330 1278
1456340 1280
1456350 1280
1456360 1281
1456370 1280
1456380 1280
1456390 1279
1456400 1278
1456410 1278
1456420 1279
1456430 1280
1456440 1280
1456450 1282
1456460 1284
1456470 1284
1456480 1284
1456490 1283
1456500 1283
1456510 1282
1456520 1282
1456530 1283
1456540 1283
1456550 1284
1456560 1282
1456570 1282
1456580 1280
1456590 1276
1456600 1276
1456610 1279
1456620 1274
1456630 1274
1456640 1272
1456650 1271
1456660 1271
1456670 1271
1456680 1271
1456690 1271
1456700 1272
1456710 1275
1456720 1275
1456730 1278
1456740 1279
1456750 1283
1456760 1283
1456770 1284
1456780 1284
1456790 1284
1456800 1285
1456810 1287
1456820 1287
1456830 1289
1456840 1292
1456850 1292
1456860 1294
1456870 1297
1456880 1297
1456890 1299
1456900 1302
1456910 1302
1456920 1305
1456930 1309
1456940 1309
1456950 1315
1456960 1320
1456970 1326
1456980 1326
1456990 1329
1457000 1329
1457010 1329
1457020 1328
1457030 1327
1457040 1327
1457050 1329
1457060 1331
1457070 1331
1457080 1331
1457090 1329
1457100 1329
1457110 1328
1457120 1327
1457130 1327
1457140 1331
1457150 1337
1457160 1337
1457170 1328
1457180 1324
1457190 1328
1457200 1328
1457210 1331
1457220 1340
1457230 1340
1457240 1350
1457250 1343
1457260 1343
1457270 1333
1457280 1327
1457290 1327
1457300 1327
1457310 1329
1457320 1329
1457330 1333
1457340 1345
1457350 1345
1457360 1346
1457370 1344
1457380 1344
1457390 1345
1457400 1347
1457410 1350
1457420 1350
1457430 1361
1457440 1373
1457450 1373
1457460 1367
1457470 1365
1457480 1365
1457490 1369
1457500 1361
1457510 1361
1457520 1359
1457530 1370
1457540 1370
1457550 1379
1457560 1387
1457570 1387
1457580 1393
1457590 1399
1457600 1399
1457610 1405
1457620 1380
1457630 1355
1457640 1355
1457650 1352
1457660 1358
1457670 1358
1457680 1366
1457690 1368
1457700 1368
1457710 1375
1457720 1385
1457730 1385
1457740 1399
1457750 1419
1457760 1419
1457770 1436
1457780 1437
1457790 1437
1457800 1439
1457810 1451
1457820 1454
1457830 1454
1457840 1453
1457850 1461
1457860 1461
1457870 1465
1457880 1465
1457890 1465
1457900 1463
1457910 1464
1457920 1464
1457930 1464
1457940 1467
1457950 1467
1457960 1473
1457970 1478
1457980 1478
1457990 1479
1458000 1480
1458010 1480
1458020 1482
1458030 1485
1458040 1488
1458050 1488
1458060 1493
1458070 1499
1458080 1499
1458090 1501
1458100 1504
1458110 1504
1458120 1508
1458130 1515
1458140 1515
1458150 1522
1458160 1531
1458170 1531
1458180 1536
1458190 1540
1458200 1540
1458210 1545
1458220 1548
1458230 1548
1458240 1552
1458250 1553
1458260 1552
1458270 1552
1458280 1550
1458290 1548
1458300 1548
1458310 1548
1458320 1549
1458330 1549
1458340 1548
1458350 1547
1458360 1547
1458370 1548
1458380 1550
1458390 1550
1458400 1551
1458410 1541
1458420 1541
1458430 1530
1458440 1521
1458450 1521
1458460 1514
1458470 1509
1458480 1504
1458490 1504
1458500 1500
1458510 1502
1458520 1502
1458530 1511
1458540 1519
1458550 1519
1458560 1527
1458570 1536
1458580 1536
1458590 1541
1458600 1544
1458610 1544
1458620 1549
1458630 1553
1458640 1553
1458650 1558
1458660 1562
1458670 1562
1458680 1565
1458690 1568
1458700 1573
1458710 1573
1458720 1577
1458730 1581
1458740 1581
1458750 1587
1458760 1593
1458770 1593
1458780 1600
1458790 1605
1458800 1605
1458810 1611
1458820 1616
1458830 1616
1458840 1618
1458850 1619
1458860 1619
1458870 1622
1458880 1625
1458890 1625
1458900 1629
1458910 1631
1458920 1635
1458930 1635
1458940 1639
1458950 1643
1458960 1643
1458970 1644
1458980 1645
1458990 1645
1459000 1646
1459010 1648
1459020 1648
1459030 1652
1459040 1653
1459050 1653
1459060 1654
1459070 1656
1459080 1656
1459090 1661
1459100 1667
1459110 1667
1459120 1671
1459130 1675
1459140 1683
1459150 1683
1459160 1689
1459170 1693
1459180 1693
1459190 1699
1459200 1702
1459210 1702
1459220 1702
1459230 1703
1459240 1703
1459250 1705
1459260 1706
1459270 1706
1459280 1705
1459290 1703
1459300 1703
1459310 1702
1459320 1698
1459330 1698
1459340 1691
1459350 1686
1459360 1682
1459370 1682
1459380 1680
1459390 1683
1459400 1683
1459410 1687
1459420 1692
1459430 1692
1459440 1700
1459450 1706
1459460 1706
1459470 1710
1459480 1716
1459490 1716
1459500 1724
1459510 1732
1459520 1732
1459530 1740
1459540 1746
1459550 1746
1459560 1750
1459570 1751
1459580 1754
1459590 1754
1459600 1758
1459610 1756
1459620 1756
1459630 1753
1459640 1752
1459650 1752
1459660 1756
1459670 1759
1459680 1759
1459690 1753
1459700 1746
1459710 1746
1459720 1741
1459730 1737
1459740 1737
1459750 1733
1459760 1728
1459770 1728
1459780 1724
1459790 1721
1459800 1720
1459810 1720
1459820 1718
1459830 1716
1459840 1716
1459850 1711
1459860 1704
1459870 1704
1459880 1696
1459890 1691
1459900 1691
1459910 1687
1459920 1686
1459930 1686
1459940 1687
1459950 1684
1459960 1684
1459970 1684
1459980 1686
1459990 1686
