1440000 2459
1440010 2453
1440020 2453
1440030 2448
1440040 2443
1440050 2443
1440060 2439
1440070 2435
1440080 2431
1440090 2431
1440100 2428
1440110 2426
1440120 2426
1440130 2424
1440140 2424
1440150 2424
1440160 2423
1440170 2424
1440180 2424
1440190 2425
1440200 2428
1440210 2428
1440220 2430
1440230 2433
1440240 2433
1440250 2439
1440260 2443
1440270 2443
1440280 2444
1440290 2443
1440300 2443
1440310 2443
1440320 2444
1440330 2446
1440340 2446
1440350 2447
1440360 2449
1440370 2449
1440380 2455
1440390 2463
1440400 2463
1440410 2469
1440420 2475
1440430 2475
1440440 2481
1440450 2487
1440460 2487
1440470 2491
1440480 2494
1440490 2494
1440500 2498
1440510 2500
1440520 2503
1440530 2503
1440540 2505
1440550 2506
1440560 2506
1440570 2508
1440580 2509
1440590 2509
1440600 2511
1440610 2515
1440620 2515
1440630 2518
1440640 2522
1440650 2522
1440660 2525
1440670 2528
1440680 2528
1440690 2531
1440700 2535
1440710 2535
1440720 2537
1440730 2540
1440740 2542
1440750 2542
1440760 2544
1440770 2549
1440780 2549
1440790 2555
1440800 2560
1440810 2560
1440820 2565
1440830 2571
1440840 2571
1440850 2578
1440860 2585
1440870 2585
1440880 2596
1440890 2604
1440900 2604
1440910 2611
1440920 2618
1440930 2618
1440940 2625
1440950 2634
1440960 2644
1440970 2644
1440980 2655
1440990 2661
1441000 2661
1441010 2647
1441020 2629
1441030 2629
1441040 2614
1441050 2601
1441060 2601
1441070 2585
1441080 2569
1441090 2569
1441100 2561
1441110 2554
1441120 2554
1441130 2547
1441140 2541
1441150 2541
1441160 2536
1441170 2531
1441180 2526
1441190 2526
1441200 2522
1441210 2518
1441220 2518
1441230 2511
1441240 2501
1441250 2501
1441260 2495
1441270 2491
1441280 2491
1441290 2484
1441300 2476
1441310 2476
1441320 2469
1441330 2459
1441340 2459
1441350 2450
1441360 2443
1441370 2443
1441380 2436
1441390 2432
1441400 2420
1441410 2420
1441420 2414
1441430 2404
1441440 2404
1441450 2389
1441460 2378
1441470 2378
1441480 2370
1441490 2366
1441500 2366
1441510 2361
1441520 2356
1441530 2356
1441540 2351
1441550 2347
1441560 2347
1441570 2342
1441580 2338
1441590 2338
1441600 2334
1441610 2330
1441620 2325
1441630 2325
1441640 2318
1441650 2314
1441660 2314
1441670 2311
1441680 2308
1441690 2308
1441700 2305
1441710 2301
1441720 2301
1441730 2297
1441740 2293
1441750 2293
1441760 2288
1441770 2284
1441780 2284
1441790 2276
1441800 2273
1441810 2273
1441820 2271
1441830 2269
1441840 2266
1441850 2266
1441860 2263
1441870 2261
1441880 2261
1441890 2258
1441900 2256
1441910 2256
1441920 2253
1441930 2251
1441940 2251
1441950 2248
1441960 2246
1441970 2246
1441980 2244
1441990 2242
1442000 2242
1442010 2241
1442020 2239
1442030 2239
1442040 2238
1442050 2237
1442060 2235
1442070 2235
1442080 2234
1442090 2233
1442100 2233
1442110 2233
1442120 2234
1442130 2234
1442140 2233
1442150 2232
1442160 2232
1442170 2234
1442180 2233
1442190 2233
1442200 2233
1442210 2233
1442220 2233
1442230 2232
1442240 2231
1442250 2231
1442260 2229
1442270 2227
1442280 2227
1442290 2227
1442300 2227
1442310 2226
1442320 2226
1442330 2225
1442340 2223
1442350 2223
1442360 2221
1442370 2221
1442380 2221
1442390 2220
1442400 2213
1442410 2213
1442420 2207
1442430 2204
1442440 2204
1442450 2203
1442460 2203
1442470 2203
1442480 2204
1442490 2205
1442500 2206
1442510 2206
1442520 2206
1442530 2206
1442540 2206
1442550 2207
1442560 2209
1442570 2209
1442580 2212
1442590 2214
1442600 2214
1442610 2217
1442620 2218
1442630 2218
1442640 2218
1442650 2219
1442660 2219
1442670 2215
1442680 2210
1442690 2210
1442700 2205
1442710 2201
1442720 2199
1442730 2199
1442740 2198
1442750 2199
1442760 2199
1442770 2200
1442780 2200
1442790 2200
1442800 2200
1442810 2199
1442820 2199
1442830 2199
1442840 2199
1442850 2199
1442860 2198
1442870 2197
1442880 2197
1442890 2195
1442900 2193
1442910 2193
1442920 2190
1442930 2184
1442940 2181
1442950 2181
1442960 2180
1442970 2179
1442980 2179
1442990 2177
1443000 2174
1443010 2174
1443020 2174
1443030 2177
1443040 2177
1443050 2181
1443060 2180
1443070 2180
1443080 2180
1443090 2180
1443100 2180
1443110 2181
1443120 2182
1443130 2182
1443140 2182
1443150 2183
1443160 2183
1443170 2183
1443180 2183
1443190 2182
1443200 2182
1443210 2181
1443220 2178
1443230 2178
1443240 2172
1443250 2166
1443260 2166
1443270 2162
1443280 2157
1443290 2157
1443300 2152
1443310 2148
1443320 2148
1443330 2145
1443340 2143
1443350 2143
1443360 2141
1443370 2140
1443380 2137
1443390 2137
1443400 2134
1443410 2132
1443420 2132
1443430 2127
1443440 2123
1443450 2123
1443460 2118
1443470 2110
1443480 2110
1443490 2099
1443500 2097
1443510 2097
1443520 2101
1443530 2103
1443540 2103
1443550 2108
1443560 2111
1443570 2111
1443580 2116
1443590 2119
1443600 2119
1443610 2119
1443620 2119
1443630 2120
1443640 2120
1443650 2117
1443660 2112
1443670 2112
1443680 2108
1443690 2104
1443700 2104
1443710 2099
1443720 2096
1443730 2096
1443740 2094
1443750 2094
1443760 2094
1443770 2095
1443780 2096
1443790 2096
1443800 2096
1443810 2096
1443820 2097
1443830 2097
1443840 2097
1443850 2096
1443860 2096
1443870 2097
1443880 2097
1443890 2097
1443900 2096
1443910 2094
1443920 2094
1443930 2087
1443940 2083
1443950 2083
1443960 2079
1443970 2075
1443980 2075
1443990 2069
1444000 2063
1444010 2063
1444020 2057
1444030 2033
1444040 2022
1444050 2022
1444060 2015
1444070 2004
1444080 2004
1444090 1997
1444100 1990
1444110 1990
1444120 1983
1444130 1976
1444140 1976
1444150 1971
1444160 1964
1444170 1964
1444180 1958
1444190 1952
1444200 1952
1444210 1947
1444220 1941
1444230 1941
1444240 1936
1444250 1929
1444260 1921
1444270 1921
1444280 1913
1444290 1905
1444300 1905
1444310 1897
1444320 1889
1444330 1889
1444340 1882
1444350 1875
1444360 1875
1444370 1868
1444380 1861
1444390 1861
1444400 1855
1444410 1849
1444420 1849
1444430 1842
1444440 1835
1444450 1835
1444460 1830
1444470 1823
1444480 1817
1444490 1817
1444500 1810
1444510 1804
1444520 1804
1444530 1798
1444540 1790
1444550 1790
1444560 1782
1444570 1775
1444580 1775
1444590 1769
1444600 1765
1444610 1765
1444620 1760
1444630 1754
1444640 1754
1444650 1748
1444660 1742
1444670 1742
1444680 1735
1444690 1727
1444700 1721
1444710 1721
1444720 1714
1444730 1706
1444740 1706
1444750 1700
1444760 1696
1444770 1696
1444780 1689
1444790 1681
1444800 1681
1444810 1674
1444820 1668
1444830 1668
1444840 1662
1444850 1656
1444860 1653
1444870 1646
1444880 1638
1444890 1638
1444900 1630
1444910 1624
1444920 1618
1444930 1618
1444940 1612
1444950 1605
1444960 1605
1444970 1598
1444980 1592
1444990 1592
1445000 1587
1445010 1582
1445020 1582
1445030 1576
1445040 1571
1445050 1571
1445060 1565
1445070 1560
1445080 1560
1445090 1555
1445100 1549
1445110 1549
1445120 1542
1445130 1534
1445140 1526
1445150 1526
1445160 1519
1445170 1513
1445180 1513
1445190 1507
1445200 1503
1445210 1503
1445220 1498
1445230 1494
1445240 1494
1445250 1492
1445260 1488
1445270 1488
1445280 1483
1445290 1478
1445300 1478
1445310 1473
1445320 1465
1445330 1465
1445340 1456
1445350 1437
1445360 1422
1445370 1422
1445380 1414
1445390 1408
1445400 1408
1445410 1401
1445420 1395
1445430 1395
1445440 1391
1445450 1383
1445460 1383
1445470 1372
1445480 1369
1445490 1369
1445500 1366
1445510 1363
1445520 1363
1445530 1360
1445540 1358
1445550 1358
1445560 1356
1445570 1354
1445580 1351
1445590 1351
1445600 1348
1445610 1346
1445620 1346
1445630 1344
1445640 1342
1445650 1342
1445660 1340
1445670 1338
1445680 1338
1445690 1337
1445700 1333
1445710 1333
1445720 1328
1445730 1325
1445740 1325
1445750 1323
1445760 1317
1445770 1317
1445780 1315
1445790 1317
1445800 1326
1445810 1326
1445820 1330
1445830 1329
1445840 1329
1445850 1328
1445860 1326
1445870 1326
1445880 1324
1445890 1325
1445900 1325
1445910 1328
1445920 1332
1445930 1332
1445940 1333
1445950 1332
1445960 1332
1445970 1332
1445980 1332
1445990 1332
1446000 1333
1446010 1335
1446020 1336
1446030 1336
1446040 1337
1446050 1337
1446060 1337
1446070 1337
1446080 1336
1446090 1336
1446100 1335
1446110 1333
1446120 1333
1446130 1332
1446140 1331
1446150 1331
1446160 1329
1446170 1328
1446180 1328
1446190 1327
1446200 1325
1446210 1325
1446220 1324
1446230 1322
1446240 1320
1446250 1320
1446260 1320
1446270 1318
1446280 1318
1446290 1316
1446300 1316
1446310 1316
1446320 1315
1446330 1315
1446340 1315
1446350 1315
1446360 1315
1446370 1315
1446380 1314
1446390 1315
1446400 1315
1446410 1316
1446420 1316
1446430 1316
1446440 1317
1446450 1317
1446460 1317
1446470 1317
1446480 1319
1446490 1322
1446500 1322
1446510 1325
1446520 1328
1446530 1328
1446540 1331
1446550 1334
1446560 1334
1446570 1337
1446580 1339
1446590 1339
1446600 1340
1446610 1341
1446620 1341
1446630 1342
1446640 1342
1446650 1342
1446660 1341
1446670 1341
1446680 1341
1446690 1341
1446700 1343
1446710 1345
1446720 1345
1446730 1349
1446740 1353
1446750 1353
1446760 1356
1446770 1357
1446780 1357
1446790 1360
1446800 1365
1446810 1365
1446820 1369
1446830 1374
1446840 1374
1446850 1378
1446860 1380
1446870 1380
1446880 1381
1446890 1384
1446900 1389
1446910 1389
1446920 1395
1446930 1402
1446940 1402
1446950 1410
1446960 1418
1446970 1418
1446980 1425
1446990 1432
1447000 1432
1447010 1437
1447020 1444
1447030 1444
1447040 1452
1447050 1459
1447060 1459
1447070 1465
1447080 1470
1447090 1470
1447100 1474
1447110 1480
1447120 1485
1447130 1485
1447140 1491
1447150 1496
1447160 1496
1447170 1500
1447180 1504
1447190 1504
1447200 1506
1447210 1509
1447220 1509
1447230 1511
1447240 1515
1447250 1515
1447260 1520
1447270 1526
1447280 1526
1447290 1530
1447300 1533
1447310 1533
1447320 1535
1447330 1536
1447340 1539
1447350 1539
1447360 1541
1447370 1542
1447380 1542
1447390 1545
1447400 1549
1447410 1549
1447420 1552
1447430 1555
1447440 1555
1447450 1559
1447460 1564
1447470 1564
1447480 1569
1447490 1574
1447500 1574
1447510 1578
1447520 1583
1447530 1583
1447540 1589
1447550 1594
1447560 1597
1447570 1597
1447580 1601
1447590 1604
1447600 1604
1447610 1606
1447620 1610
1447630 1610
1447640 1615
1447650 1620
1447660 1620
1447670 1626
1447680 1632
1447690 1632
1447700 1637
1447710 1643
1447720 1643
1447730 1645
1447740 1645
1447750 1645
1447760 1645
1447770 1650
1447780 1656
1447790 1656
1447800 1660
1447810 1664
1447820 1664
1447830 1666
1447840 1668
1447850 1668
1447860 1671
1447870 1674
1447880 1674
1447890 1677
1447900 1679
1447910 1679
1447920 1682
1447930 1687
1447940 1687
1447950 1691
1447960 1695
1447970 1695
1447980 1698
1447990 1701
1448000 1703
1448010 1703
1448020 1706
1448030 1709
1448040 1709
1448050 1712
1448060 1714
1448070 1714
1448080 1715
1448090 1715
1448100 1715
1448110 1720
1448120 1726
1448130 1726
1448140 1730
1448150 1735
1448160 1735
1448170 1740
1448180 1745
1448190 1746
1448200 1750
1448210 1755
1448220 1761
1448230 1761
1448240 1767
1448250 1772
1448260 1772
1448270 1775
1448280 1779
1448290 1779
1448300 1784
1448310 1788
1448320 1788
1448330 1793
1448340 1795
1448350 1795
1448360 1796
1448370 1798
1448380 1798
1448390 1798
1448400 1798
1448410 1798
1448420 1800
1448430 1803
1448440 1806
1448450 1806
1448460 1810
1448470 1815
1448480 1815
1448490 1821
1448500 1826
1448510 1826
1448520 1829
1448530 1832
1448540 1832
1448550 1833
1448560 1834
1448570 1834
1448580 1835
1448590 1838
1448600 1838
1448610 1843
1448620 1847
1448630 1847
1448640 1850
1448650 1855
1448660 1859
1448670 1859
1448680 1862
1448690 1862
1448700 1862
1448710 1861
1448720 1860
1448730 1860
1448740 1858
1448750 1857
1448760 1857
1448770 1858
1448780 1859
1448790 1859
1448800 1859
1448810 1860
1448820 1860
1448830 1860
1448840 1861
1448850 1861
1448860 1862
1448870 1864
1448880 1866
1448890 1866
1448900 1868
1448910 1871
1448920 1871
1448930 1873
1448940 1876
1448950 1876
1448960 1880
1448970 1883
1448980 1883
1448990 1887
1449000 1891
1449010 1891
1449020 1895
1449030 1898
1449040 1898
1449050 1903
1449060 1910
1449070 1910
1449080 1915
1449090 1921
1449100 1928
1449110 1928
1449120 1939
1449130 1947
1449140 1947
1449150 1952
1449160 1957
1449170 1957
1449180 1961
1449190 1963
1449200 1963
1449210 1963
1449220 1964
1449230 1964
1449240 1963
1449250 1962
1449260 1962
1449270 1961
1449280 1961
1449290 1961
1449300 1960
1449310 1960
1449320 1959
1449330 1959
1449340 1960
1449350 1963
1449360 1963
1449370 1964
1449380 1964
1449390 1964
1449400 1963
1449410 1964
1449420 1964
1449430 1965
1449440 1966
1449450 1966
1449460 1968
1449470 1968
1449480 1968
1449490 1968
1449500 1970
1449510 1970
1449520 1974
1449530 1977
1449540 1979
1449550 1979
1449560 1981
1449570 1983
1449580 1983
1449590 1985
1449600 1987
1449610 1987
1449620 1989
1449630 1991
1449640 1991
1449650 1995
1449660 1999
1449670 1999
1449680 2003
1449690 2007
1449700 2007
1449710 2010
1449720 2014
1449730 2014
1449740 2018
1449750 2022
1449760 2027
1449770 2027
1449780 2032
1449790 2039
1449800 2039
1449810 2045
1449820 2053
1449830 2053
1449840 2061
1449850 2069
1449860 2069
1449870 2077
1449880 2084
1449890 2084
1449900 2093
1449910 2103
1449920 2103
1449930 2119
1449940 2132
1449950 2132
1449960 2139
1449970 2154
1449980 2166
1449990 2166
1450000 2168
1450010 2171
1450020 2171
1450030 2174
1450040 2176
1450050 2176
1450060 2181
1450070 2187
1450080 2187
1450090 2188
1450100 2188
1450110 2188
1450120 2187
1450130 2188
1450140 2188
1450150 2186
1450160 2186
1450170 2186
1450180 2188
1450190 2187
1450200 2188
1450210 2188
1450220 2190
1450230 2191
1450240 2191
1450250 2193
1450260 2196
1450270 2196
1450280 2198
1450290 2200
1450300 2200
1450310 2203
1450320 2205
1450330 2205
1450340 2206
1450350 2209
1450360 2209
1450370 2213
1450380 2216
1450390 2216
1450400 2220
1450410 2226
1450420 2230
1450430 2230
1450440 2235
1450450 2240
1450460 2240
1450470 2243
1450480 2246
1450490 2246
1450500 2247
1450510 2249
1450520 2249
1450530 2251
1450540 2254
1450550 2254
1450560 2257
1450570 2259
1450580 2259
1450590 2260
1450600 2261
1450610 2261
1450620 2263
1450630 2266
1450640 2270
1450650 2270
1450660 2273
1450670 2275
1450680 2275
1450690 2279
1450700 2284
1450710 2284
1450720 2288
1450730 2294
1450740 2294
1450750 2299
1450760 2302
1450770 2302
1450780 2306
1450790 2310
1450800 2310
1450810 2313
1450820 2314
1450830 2314
1450840 2316
1450850 2316
1450860 2318
1450870 2318
1450880 2321
1450890 2325
1450900 2325
1450910 2329
1450920 2332
1450930 2332
1450940 2335
1450950 2339
1450960 2339
1450970 2343
1450980 2346
1450990 2346
1451000 2350
1451010 2355
1451020 2355
1451030 2360
1451040 2365
1451050 2365
1451060 2370
1451070 2375
1451080 2380
1451090 2380
1451100 2386
1451110 2391
1451120 2391
1451130 2398
1451140 2407
1451150 2407
1451160 2417
1451170 2427
1451180 2427
1451190 2433
1451200 2438
1451210 2438
1451220 2436
1451230 2436
1451240 2436
1451250 2432
1451260 2427
1451270 2427
1451280 2425
1451290 2424
1451300 2418
1451310 2418
1451320 2415
1451330 2416
1451340 2416
1451350 2416
1451360 2415
1451370 2415
1451380 2413
1451390 2408
1451400 2408
1451410 2401
1451420 2403
1451430 2403
1451440 2399
1451450 2397
1451460 2397
1451470 2397
1451480 2399
1451490 2399
1451500 2400
1451510 2400
1451520 2399
1451530 2399
1451540 2399
1451550 2399
1451560 2399
1451570 2400
1451580 2399
1451590 2399
1451600 2399
1451610 2398
1451620 2398
1451630 2395
1451640 2394
1451650 2394
1451660 2394
1451670 2394
1451680 2394
1451690 2395
1451700 2396
1451710 2396
1451720 2396
1451730 2397
1451740 2397
1451750 2397
1451760 2397
1451770 2398
1451780 2398
1451790 2397
1451800 2398
1451810 2398
1451820 2398
1451830 2399
1451840 2399
1451850 2400
1451860 2403
1451870 2403
1451880 2404
1451890 2405
1451900 2405
1451910 2405
1451920 2405
1451930 2405
1451940 2405
1451950 2407
1451960 2408
1451970 2408
1451980 2409
1451990 2409
1452000 2409
1452010 2408
1452020 2408
1452030 2408
1452040 2408
1452050 2408
1452060 2408
1452070 2406
1452080 2406
1452090 2406
1452100 2407
1452110 2407
1452120 2407
1452130 2408
1452140 2409
1452150 2409
1452160 2409
1452170 2406
1452180 2406
1452190 2406
1452200 2407
1452210 2409
1452220 2409
1452230 2412
1452240 2414
1452250 2414
1452260 2415
1452270 2416
1452280 2416
1452290 2418
1452300 2419
1452310 2419
1452320 2419
1452330 2417
1452340 2417
1452350 2415
1452360 2414
1452370 2414
1452380 2412
1452390 2412
1452400 2411
1452410 2411
1452420 2412
1452430 2412
1452440 2412
1452450 2410
1452460 2408
1452470 2408
1452480 2407
1452490 2407
1452500 2407
1452510 2406
1452520 2406
1452530 2406
1452540 2407
1452550 2406
1452560 2406
1452570 2405
1452580 2403
1452590 2403
1452600 2402
1452610 2401
1452620 2401
1452630 2401
1452640 2399
1452650 2397
1452660 2397
1452670 2396
1452680 2394
1452690 2394
1452700 2391
1452710 2391
1452720 2391
1452730 2389
1452740 2387
1452750 2387
1452760 2387
1452770 2388
1452780 2388
1452790 2389
1452800 2388
1452810 2388
1452820 2387
1452830 2384
1452840 2380
1452850 2380
1452860 2373
1452870 2367
1452880 2367
1452890 2362
1452900 2358
1452910 2358
1452920 2355
1452930 2352
1452940 2352
1452950 2351
1452960 2353
1452970 2353
1452980 2356
1452990 2357
1453000 2357
1453010 2357
1453020 2355
1453030 2355
1453040 2351
1453050 2345
1453060 2341
1453070 2341
1453080 2342
1453090 2341
1453100 2341
1453110 2341
1453120 2340
1453130 2340
1453140 2334
1453150 2327
1453160 2327
1453170 2325
1453180 2322
1453190 2322
1453200 2322
1453210 2319
1453220 2319
1453230 2310
1453240 2303
1453250 2303
1453260 2301
1453270 2299
1453280 2296
1453290 2296
1453300 2292
1453310 2289
1453320 2289
1453330 2286
1453340 2283
1453350 2283
1453360 2276
1453370 2274
1453380 2274
1453390 2272
1453400 2259
1453410 2259
1453420 2253
1453430 2252
1453440 2252
1453450 2249
1453460 2241
1453470 2241
1453480 2234
1453490 2230
1453500 2228
1453510 2228
1453520 2224
1453530 2221
1453540 2221
1453550 2219
1453560 2219
1453570 2219
1453580 2220
1453590 2221
1453600 2221
1453610 2220
1453620 2217
1453630 2217
1453640 2209
1453650 2199
1453660 2199
1453670 2190
1453680 2181
1453690 2181
1453700 2176
1453710 2173
1453720 2173
1453730 2173
1453740 2173
1453750 2173
1453760 2173
1453770 2173
1453780 2173
1453790 2173
1453800 2173
1453810 2173
1453820 2173
1453830 2173
1453840 2173
1453850 2173
1453860 2173
1453870 2175
1453880 2175
1453890 2178
1453900 2178
1453910 2178
1453920 2177
1453930 2177
1453940 2173
1453950 2173
1453960 2166
1453970 2159
1453980 2159
1453990 2153
1454000 2150
1454010 2150
1454020 2146
1454030 2140
1454040 2140
1454050 2136
1454060 2130
1454070 2130
1454080 2120
1454090 2111
1454100 2111
1454110 2108
1454120 2100
1454130 2100
1454140 2093
1454150 2086
1454160 2081
1454170 2081
1454180 2074
1454190 2068
1454200 2068
1454210 2061
1454220 2051
1454230 2051
1454240 2048
1454250 2045
1454260 2045
1454270 2038
1454280 2030
1454290 2030
1454300 2022
1454310 2011
1454320 2011
1454330 2002
1454340 1995
1454350 1995
1454360 1989
1454370 1984
1454380 1978
1454390 1978
1454400 1972
1454410 1968
1454420 1968
1454430 1964
1454440 1961
1454450 1961
1454460 1958
1454470 1954
1454480 1954
1454490 1950
1454500 1946
1454510 1946
1454520 1942
1454530 1938
1454540 1938
1454550 1934
1454560 1932
1454570 1932
1454580 1931
1454590 1933
1454600 1938
1454610 1938
1454620 1943
1454630 1950
1454640 1950
1454650 1958
1454660 1963
1454670 1963
1454680 1969
1454690 1975
1454700 1975
1454710 1982
1454720 1987
1454730 1987
1454740 1993
1454750 1996
1454760 1996
1454770 1997
1454780 1999
1454790 1999
1454800 2002
1454810 2005
1454820 2009
1454830 2009
1454840 2012
1454850 2014
1454860 2014
1454870 2017
1454880 2019
1454890 2019
1454900 2021
1454910 2024
1454920 2024
1454930 2025
1454940 2028
1454950 2028
1454960 2030
1454970 2033
1454980 2033
1454990 2035
1455000 2039
1455010 2039
1455020 2042
1455030 2045
1455040 2048
1455050 2048
1455060 2050
1455070 2053
1455080 2053
1455090 2055
1455100 2058
1455110 2058
1455120 2061
1455130 2065
1455140 2065
1455150 2068
1455160 2069
1455170 2069
1455180 2071
1455190 2072
1455200 2072
1455210 2074
1455220 2075
1455230 2075
1455240 2078
1455250 2078
1455260 2079
1455270 2079
1455280 2080
1455290 2082
1455300 2082
1455310 2083
1455320 2084
1455330 2084
1455340 2084
1455350 2086
1455360 2086
1455370 2088
1455380 2091
1455390 2091
1455400 2093
1455410 2096
1455420 2096
1455430 2097
1455440 2100
1455450 2100
1455460 2103
1455470 2108
1455480 2112
1455490 2112
1455500 2116
1455510 2119
1455520 2119
1455530 2123
1455540 2126
1455550 2126
1455560 2128
1455570 2129
1455580 2129
1455590 2131
1455600 2131
1455610 2131
1455620 2133
1455630 2136
1455640 2136
1455650 2138
1455660 2142
1455670 2142
1455680 2143
1455690 2145
1455700 2148
1455710 2148
1455720 2150
1455730 2151
1455740 2151
1455750 2154
1455760 2157
1455770 2157
1455780 2159
1455790 2162
1455800 2162
1455810 2168
1455820 2174
1455830 2174
1455840 2177
1455850 2178
1455860 2178
1455870 2180
1455880 2181
1455890 2181
1455900 2185
1455910 2189
1455920 2192
1455930 2192
1455940 2196
1455950 2199
1455960 2199
1455970 2204
1455980 2209
1455990 2214
1456000 2219
1456010 2225
1456020 2225
1456030 2231
1456040 2237
1456050 2237
1456060 2243
1456070 2249
1456080 2249
1456090 2256
1456100 2263
1456110 2263
1456120 2269
1456130 2274
1456140 2280
1456150 2280
1456160 2284
1456170 2290
1456180 2290
1456190 2297
1456200 2303
1456210 2303
1456220 2308
1456230 2313
1456240 2313
1456250 2319
1456260 2324
1456270 2324
1456280 2331
1456290 2339
1456300 2339
1456310 2345
1456320 2347
1456330 2347
1456340 2345
1456350 2342
1456360 2342
1456370 2342
1456380 2343
1456390 2342
1456400 2342
1456410 2341
1456420 2340
1456430 2340
1456440 2337
1456450 2334
1456460 2334
1456470 2329
1456480 2324
1456490 2324
1456500 2319
1456510 2314
1456520 2314
1456530 2311
1456540 2308
1456550 2308
1456560 2301
1456570 2291
1456580 2281
1456590 2281
1456600 2273
1456610 2263
1456620 2263
1456630 2253
1456640 2243
1456650 2243
1456660 2235
1456670 2225
1456680 2225
1456690 2218
1456700 2213
1456710 2213
1456720 2208
1456730 2202
1456740 2202
1456750 2198
1456760 2193
1456770 2193
1456780 2183
1456790 2175
1456800 2167
1456810 2167
1456820 2158
1456830 2149
1456840 2149
1456850 2142
1456860 2138
1456870 2138
1456880 2134
1456890 2128
1456900 2128
1456910 2119
1456920 2110
1456930 2110
1456940 2104
1456950 2100
1456960 2100
1456970 2093
1456980 2089
1456990 2089
1457000 2085
1457010 2080
1457020 2075
1457030 2075
1457040 2069
1457050 2064
1457060 2064
1457070 2059
1457080 2055
1457090 2055
1457100 2051
1457110 2046
1457120 2046
1457130 2041
1457140 2036
1457150 2036
1457160 2034
1457170 2030
1457180 2030
1457190 2027
1457200 2023
1457210 2023
1457220 2019
1457230 2015
1457240 2010
1457250 2010
1457260 2006
1457270 2000
1457280 2000
1457290 1994
1457300 1988
1457310 1988
1457320 1984
1457330 1978
1457340 1978
1457350 1974
1457360 1971
1457370 1971
1457380 1965
1457390 1961
1457400 1961
1457410 1955
1457420 1948
1457430 1948
1457440 1946
1457450 1948
1457460 1949
1457470 1949
1457480 1947
1457490 1944
1457500 1944
1457510 1938
1457520 1935
1457530 1935
1457540 1931
1457550 1928
1457560 1928
1457570 1925
1457580 1922
1457590 1922
1457600 1918
1457610 1915
1457620 1915
1457630 1912
1457640 1909
1457650 1909
1457660 1907
1457670 1904
1457680 1903
1457690 1903
1457700 1901
1457710 1900
1457720 1900
1457730 1898
1457740 1896
1457750 1896
1457760 1894
1457770 1892
1457780 1892
1457790 1890
1457800 1888
1457810 1888
1457820 1885
1457830 1882
1457840 1882
1457850 1878
1457860 1874
1457870 1874
1457880 1872
1457890 1869
1457900 1867
1457910 1867
1457920 1863
1457930 1858
1457940 1858
1457950 1854
1457960 1849
1457970 1849
1457980 1845
1457990 1843
1458000 1843
1458010 1841
1458020 1839
1458030 1839
1458040 1836
1458050 1833
1458060 1833
1458070 1828
1458080 1826
1458090 1826
1458100 1824
1458110 1820
1458120 1820
1458130 1820
1458140 1816
1458150 1811
1458160 1811
1458170 1805
1458180 1798
1458190 1798
1458200 1792
1458210 1786
1458220 1786
1458230 1780
1458240 1775
1458250 1775
1458260 1770
1458270 1763
1458280 1763
1458290 1757
1458300 1752
1458310 1752
1458320 1747
1458330 1742
1458340 1735
1458350 1735
1458360 1728
1458370 1722
1458380 1722
1458390 1716
1458400 1713
1458410 1713
1458420 1712
1458430 1711
1458440 1711
1458450 1712
1458460 1713
1458470 1713
1458480 1713
1458490 1711
1458500 1711
1458510 1710
1458520 1708
1458530 1708
1458540 1706
1458550 1704
1458560 1701
1458570 1701
1458580 1699
1458590 1696
1458600 1696
1458610 1693
1458620 1690
1458630 1690
1458640 1686
1458650 1681
1458660 1681
1458670 1678
1458680 1675
1458690 1675
1458700 1672
1458710 1669
1458720 1669
1458730 1667
1458740 1665
1458750 1665
1458760 1664
1458770 1661
1458780 1658
1458790 1658
1458800 1655
1458810 1652
1458820 1652
1458830 1648
1458840 1643
1458850 1643
1458860 1639
1458870 1636
1458880 1636
1458890 1633
1458900 1631
1458910 1631
1458920 1627
1458930 1622
1458940 1622
1458950 1617
1458960 1611
1458970 1611
1458980 1603
1458990 1597
1459000 1591
1459010 1591
1459020 1586
1459030 1581
1459040 1581
1459050 1576
1459060 1569
1459070 1569
1459080 1559
1459090 1548
1459100 1548
1459110 1540
1459120 1533
1459130 1533
1459140 1526
1459150 1519
1459160 1519
1459170 1512
1459180 1506
1459190 1506
1459200 1499
1459210 1491
1459220 1484
1459230 1484
1459240 1479
1459250 1473
1459260 1473
1459270 1466
1459280 1462
1459290 1462
1459300 1457
1459310 1452
1459320 1452
1459330 1446
1459340 1437
1459350 1437
1459360 1427
1459370 1417
1459380 1417
1459390 1409
1459400 1406
1459410 1406
1459420 1402
1459430 1397
1459440 1392
1459450 1392
1459460 1388
1459470 1384
1459480 1384
1459490 1381
1459500 1377
1459510 1377
1459520 1369
1459530 1349
1459540 1349
1459550 1337
1459560 1330
1459570 1330
1459580 1324
1459590 1320
1459600 1320
1459610 1318
1459620 1317
1459630 1317
1459640 1315
1459650 1314
1459660 1310
1459670 1310
1459680 1294
1459690 1280
1459700 1280
1459710 1273
1459720 1266
1459730 1266
1459740 1260
1459750 1254
1459760 1254
1459770 1249
1459780 1242
1459790 1242
1459800 1230
1459810 1218
1459820 1218
1459830 1210
1459840 1204
1459850 1204
1459860 1196
1459870 1188
1459880 1179
1459890 1179
1459900 1167
1459910 1151
1459920 1151
1459930 1134
1459940 1128
1459950 1128
1459960 1127
1459970 1126
1459980 1126
1459990 1124
