1440000 2451
1440010 2464
1440020 2464
1440030 2475
1440040 2483
1440050 2483
1440060 2491
1440070 2496
1440080 2496
1440090 2503
1440100 2511
1440110 2513
1440120 2513
1440130 2512
1440140 2510
1440150 2510
1440160 2509
1440170 2508
1440180 2508
1440190 2506
1440200 2504
1440210 2504
1440220 2503
1440230 2502
1440240 2502
1440250 2502
1440260 2501
1440270 2501
1440280 2501
1440290 2501
1440300 2501
1440310 2500
1440320 2500
1440330 2503
1440340 2503
1440350 2509
1440360 2514
1440370 2514
1440380 2518
1440390 2520
1440400 2520
1440410 2523
1440420 2527
1440430 2527
1440440 2534
1440450 2539
1440460 2539
1440470 2544
1440480 2547
1440490 2547
1440500 2552
1440510 2555
1440520 2555
1440530 2558
1440540 2561
1440550 2564
1440560 2564
1440570 2565
1440580 2566
1440590 2566
1440600 2566
1440610 2568
1440620 2568
1440630 2570
1440640 2571
1440650 2571
1440660 2573
1440670 2575
1440680 2575
1440690 2578
1440700 2582
1440710 2582
1440720 2586
1440730 2589
1440740 2589
1440750 2593
1440760 2597
1440770 2601
1440780 2601
1440790 2604
1440800 2608
1440810 2608
1440820 2613
1440830 2616
1440840 2616
1440850 2619
1440860 2622
1440870 2622
1440880 2626
1440890 2631
1440900 2631
1440910 2637
1440920 2644
1440930 2644
1440940 2652
1440950 2660
1440960 2660
1440970 2657
1440980 2648
1440990 2642
1441000 2642
1441010 2637
1441020 2630
1441030 2630
1441040 2622
1441050 2612
1441060 2612
1441070 2593
1441080 2576
1441090 2580
1441100 2566
1441110 2551
1441120 2551
1441130 2537
1441140 2525
1441150 2525
1441160 2513
1441170 2501
1441180 2501
1441190 2493
1441200 2485
1441210 2475
1441220 2475
1441230 2463
1441240 2448
1441250 2448
1441260 2436
1441270 2425
1441280 2425
1441290 2415
1441300 2405
1441310 2405
1441320 2396
1441330 2389
1441340 2389
1441350 2383
1441360 2377
1441370 2377
1441380 2369
1441390 2361
1441400 2361
1441410 2354
1441420 2347
1441430 2341
1441440 2341
1441450 2334
1441460 2328
1441470 2328
1441480 2322
1441490 2317
1441500 2317
1441510 2312
1441520 2307
1441530 2307
1441540 2302
1441550 2297
1441560 2297
1441570 2292
1441580 2286
1441590 2286
1441600 2281
1441610 2277
1441620 2277
1441630 2272
1441640 2268
1441650 2263
1441660 2263
1441670 2259
1441680 2254
1441690 2254
1441700 2250
1441710 2246
1441720 2246
1441730 2243
1441740 2241
1441750 2241
1441760 2239
1441770 2238
1441780 2238
1441790 2237
1441800 2236
1441810 2236
1441820 2235
1441830 2234
1441840 2234
1441850 2233
1441860 2232
1441870 2231
1441880 2231
1441890 2230
1441900 2228
1441910 2228
1441920 2227
1441930 2225
1441940 2225
1441950 2224
1441960 2223
1441970 2223
1441980 2222
1441990 2221
1442000 2221
1442010 2220
1442020 2219
1442030 2219
1442040 2217
1442050 2216
1442060 2216
1442070 2216
1442080 2215
1442090 2214
1442100 2214
1442110 2214
1442120 2213
1442130 2213
1442140 2212
1442150 2211
1442160 2211
1442170 2210
1442180 2210
1442190 2210
1442200 2209
1442210 2208
1442220 2208
1442230 2207
1442240 2206
1442250 2206
1442260 2206
1442270 2205
1442280 2205
1442290 2204
1442300 2203
1442310 2203
1442320 2203
1442330 2202
1442340 2201
1442350 2201
1442360 2201
1442370 2201
1442380 2201
1442390 2200
1442400 2199
1442410 2199
1442420 2199
1442430 2199
1442440 2199
1442450 2198
1442460 2198
1442470 2198
1442480 2197
1442490 2197
1442500 2197
1442510 2196
1442520 2196
1442530 2196
1442540 2196
1442550 2195
1442560 2195
1442570 2195
1442580 2194
1442590 2194
1442600 2194
1442610 2194
1442620 2193
1442630 2193
1442640 2193
1442650 2192
1442660 2192
1442670 2192
1442680 2192
1442690 2192
1442700 2192
1442710 2192
1442720 2192
1442730 2192
1442740 2192
1442750 2192
1442760 2192
1442770 2191
1442780 2191
1442790 2191
1442800 2192
1442810 2194
1442820 2194
1442830 2196
1442840 2198
1442850 2198
1442860 2199
1442870 2199
1442880 2199
1442890 2200
1442900 2202
1442910 2202
1442920 2204
1442930 2206
1442940 2206
1442950 2207
1442960 2207
1442970 2208
1442980 2208
1442990 2208
1443000 2209
1443010 2209
1443020 2211
1443030 2212
1443040 2212
1443050 2213
1443060 2214
1443070 2214
1443080 2214
1443090 2215
1443100 2215
1443110 2215
1443120 2216
1443130 2216
1443140 2217
1443150 2217
1443160 2217
1443170 2217
1443180 2215
1443190 2217
1443200 2217
1443210 2221
1443220 2223
1443230 2223
1443240 2222
1443250 2219
1443260 2219
1443270 2217
1443280 2215
1443290 2215
1443300 2214
1443310 2211
1443320 2211
1443330 2208
1443340 2205
1443350 2205
1443360 2203
1443370 2200
1443380 2200
1443390 2198
1443400 2198
1443410 2198
1443420 2198
1443430 2196
1443440 2194
1443450 2194
1443460 2192
1443470 2190
1443480 2190
1443490 2188
1443500 2186
1443510 2186
1443520 2184
1443530 2180
1443540 2180
1443550 2176
1443560 2172
1443570 2172
1443580 2168
1443590 2165
1443600 2165
1443610 2163
1443620 2160
1443630 2160
1443640 2160
1443650 2160
1443660 2162
1443670 2162
1443680 2167
1443690 2170
1443700 2170
1443710 2172
1443720 2172
1443730 2172
1443740 2173
1443750 2175
1443760 2175
1443770 2174
1443780 2174
1443790 2174
1443800 2173
1443810 2174
1443820 2174
1443830 2177
1443840 2177
1443850 2167
1443860 2167
1443870 2156
1443880 2146
1443890 2146
1443900 2135
1443910 2120
1443920 2120
1443930 2103
1443940 2090
1443950 2090
1443960 2080
1443970 2070
1443980 2070
1443990 2061
1444000 2053
1444010 2053
1444020 2045
1444030 2035
1444040 2035
1444050 2025
1444060 2016
1444070 2006
1444080 2006
1444090 1996
1444100 1989
1444110 1989
1444120 1987
1444130 1984
1444140 1984
1444150 1978
1444160 1972
1444170 1972
1444180 1966
1444190 1961
1444200 1961
1444210 1957
1444220 1954
1444230 1954
1444240 1949
1444250 1944
1444260 1944
1444270 1939
1444280 1933
1444290 1927
1444300 1927
1444310 1920
1444320 1913
1444330 1913
1444340 1907
1444350 1901
1444360 1901
1444370 1894
1444380 1886
1444390 1886
1444400 1876
1444410 1869
1444420 1869
1444430 1863
1444440 1856
1444450 1856
1444460 1849
1444470 1841
1444480 1841
1444490 1834
1444500 1827
1444510 1821
1444520 1821
1444530 1813
1444540 1806
1444550 1806
1444560 1798
1444570 1792
1444580 1792
1444590 1786
1444600 1780
1444610 1780
1444620 1774
1444630 1767
1444640 1767
1444650 1758
1444660 1749
1444670 1749
1444680 1741
1444690 1733
1444700 1733
1444710 1726
1444720 1718
1444730 1707
1444740 1707
1444750 1697
1444760 1689
1444770 1689
1444780 1680
1444790 1670
1444800 1670
1444810 1662
1444820 1641
1444830 1641
1444840 1618
1444850 1605
1444860 1605
1444870 1597
1444880 1593
1444890 1593
1444900 1590
1444910 1585
1444920 1585
1444930 1581
1444940 1579
1444950 1575
1444960 1575
1444970 1572
1444980 1568
1444990 1568
1445000 1564
1445010 1560
1445020 1560
1445030 1557
1445040 1553
1445050 1553
1445060 1548
1445070 1541
1445080 1541
1445090 1534
1445100 1526
1445110 1526
1445120 1519
1445130 1513
1445140 1513
1445150 1508
1445160 1503
1445170 1499
1445180 1499
1445190 1492
1445200 1485
1445210 1485
1445220 1480
1445230 1474
1445240 1474
1445250 1469
1445260 1464
1445270 1464
1445280 1459
1445290 1454
1445300 1454
1445310 1450
1445320 1444
1445330 1444
1445340 1437
1445350 1431
1445360 1431
1445370 1424
1445380 1418
1445390 1411
1445400 1411
1445410 1405
1445420 1398
1445430 1398
1445440 1392
1445450 1385
1445460 1385
1445470 1380
1445480 1374
1445490 1374
1445500 1370
1445510 1366
1445520 1366
1445530 1361
1445540 1355
1445550 1355
1445560 1348
1445570 1344
1445580 1344
1445590 1340
1445600 1337
1445610 1334
1445620 1334
1445630 1335
1445640 1335
1445650 1335
1445660 1333
1445670 1332
1445680 1332
1445690 1335
1445700 1342
1445710 1342
1445720 1344
1445730 1343
1445740 1343
1445750 1341
1445760 1342
1445770 1342
1445780 1346
1445790 1348
1445800 1348
1445810 1346
1445820 1345
1445830 1345
1445840 1345
1445850 1345
1445860 1344
1445870 1344
1445880 1343
1445890 1341
1445900 1341
1445910 1342
1445920 1343
1445930 1343
1445940 1343
1445950 1344
1445960 1344
1445970 1343
1445980 1342
1445990 1342
1446000 1343
1446010 1343
1446020 1343
1446030 1343
1446040 1342
1446050 1341
1446060 1341
1446070 1342
1446080 1341
1446090 1341
1446100 1338
1446110 1338
1446120 1338
1446130 1338
1446140 1337
1446150 1337
1446160 1335
1446170 1334
1446180 1334
1446190 1332
1446200 1330
1446210 1330
1446220 1328
1446230 1326
1446240 1326
1446250 1327
1446260 1327
1446270 1327
1446280 1327
1446290 1327
1446300 1330
1446310 1330
1446320 1333
1446330 1335
1446340 1335
1446350 1335
1446360 1335
1446370 1335
1446380 1334
1446390 1332
1446400 1332
1446410 1332
1446420 1332
1446430 1332
1446440 1332
1446450 1332
1446460 1332
1446470 1334
1446480 1335
1446490 1337
1446500 1337
1446510 1341
1446520 1345
1446530 1345
1446540 1348
1446550 1350
1446560 1350
1446570 1352
1446580 1353
1446590 1353
1446600 1353
1446610 1354
1446620 1354
1446630 1354
1446640 1355
1446650 1355
1446660 1356
1446670 1358
1446680 1358
1446690 1360
1446700 1363
1446710 1367
1446720 1367
1446730 1370
1446740 1374
1446750 1374
1446760 1379
1446770 1385
1446780 1385
1446790 1391
1446800 1398
1446810 1398
1446820 1404
1446830 1408
1446840 1408
1446850 1412
1446860 1415
1446870 1415
1446880 1419
1446890 1425
1446900 1425
1446910 1430
1446920 1437
1446930 1441
1446940 1441
1446950 1444
1446960 1446
1446970 1446
1446980 1452
1446990 1460
1447000 1460
1447010 1465
1447020 1472
1447030 1472
1447040 1478
1447050 1484
1447060 1484
1447070 1490
1447080 1495
1447090 1495
1447100 1500
1447110 1505
1447120 1505
1447130 1509
1447140 1514
1447150 1518
1447160 1518
1447170 1522
1447180 1525
1447190 1525
1447200 1529
1447210 1532
1447220 1532
1447230 1537
1447240 1541
1447250 1541
1447260 1546
1447270 1550
1447280 1550
1447290 1554
1447300 1557
1447310 1557
1447320 1560
1447330 1562
1447340 1562
1447350 1564
1447360 1567
1447370 1571
1447380 1571
1447390 1582
1447400 1586
1447410 1586
1447420 1590
1447430 1593
1447440 1593
1447450 1597
1447460 1600
1447470 1600
1447480 1605
1447490 1611
1447500 1611
1447510 1617
1447520 1621
1447530 1621
1447540 1625
1447550 1630
1447560 1630
1447570 1634
1447580 1637
1447590 1639
1447600 1639
1447610 1641
1447620 1645
1447630 1645
1447640 1649
1447650 1653
1447660 1653
1447670 1656
1447680 1660
1447690 1660
1447700 1664
1447710 1668
1447720 1668
1447730 1672
1447740 1678
1447750 1678
1447760 1679
1447770 1684
1447780 1684
1447790 1688
1447800 1695
1447810 1698
1447820 1698
1447830 1698
1447840 1699
1447850 1699
1447860 1700
1447870 1700
1447880 1700
1447890 1697
1447900 1699
1447910 1699
1447920 1701
1447930 1702
1447940 1702
1447950 1707
1447960 1711
1447970 1711
1447980 1714
1447990 1719
1448000 1719
1448010 1724
1448020 1729
1448030 1734
1448040 1734
1448050 1738
1448060 1742
1448070 1742
1448080 1746
1448090 1749
1448100 1749
1448110 1753
1448120 1757
1448130 1757
1448140 1761
1448150 1764
1448160 1764
1448170 1766
1448180 1766
1448190 1766
1448200 1767
1448210 1769
1448220 1769
1448230 1771
1448240 1772
1448250 1773
1448260 1773
1448270 1774
1448280 1778
1448290 1778
1448300 1781
1448310 1784
1448320 1784
1448330 1787
1448340 1791
1448350 1791
1448360 1797
1448370 1804
1448380 1804
1448390 1810
1448400 1815
1448410 1815
1448420 1818
1448430 1820
1448440 1820
1448450 1821
1448460 1824
1448470 1826
1448480 1826
1448490 1829
1448500 1833
1448510 1833
1448520 1837
1448530 1841
1448540 1841
1448550 1845
1448560 1850
1448570 1850
1448580 1855
1448590 1858
1448600 1858
1448610 1861
1448620 1864
1448630 1864
1448640 1866
1448650 1867
1448660 1867
1448670 1867
1448680 1869
1448690 1870
1448700 1870
1448710 1870
1448720 1871
1448730 1871
1448740 1871
1448750 1871
1448760 1871
1448770 1870
1448780 1870
1448790 1870
1448800 1870
1448810 1869
1448820 1869
1448830 1870
1448840 1869
1448850 1869
1448860 1870
1448870 1871
1448880 1871
1448890 1872
1448900 1874
1448910 1877
1448920 1877
1448930 1880
1448940 1883
1448950 1883
1448960 1888
1448970 1893
1448980 1893
1448990 1898
1449000 1902
1449010 1902
1449020 1907
1449030 1912
1449040 1912
1449050 1917
1449060 1921
1449070 1921
1449080 1925
1449090 1929
1449100 1929
1449110 1932
1449120 1934
1449130 1936
1449140 1936
1449150 1937
1449160 1937
1449170 1937
1449180 1937
1449190 1937
1449200 1937
1449210 1938
1449220 1940
1449230 1940
1449240 1943
1449250 1946
1449260 1946
1449270 1947
1449280 1947
1449290 1947
1449300 1949
1449310 1951
1449320 1951
1449330 1951
1449340 1951
1449350 1952
1449360 1952
1449370 1954
1449380 1956
1449390 1956
1449400 1958
1449410 1961
1449420 1961
1449430 1964
1449440 1968
1449450 1968
1449460 1973
1449470 1977
1449480 1977
1449490 1981
1449500 1985
1449510 1985
1449520 1991
1449530 1995
1449540 1995
1449550 2001
1449560 2005
1449570 2009
1449580 2009
1449590 2012
1449600 2015
1449610 2015
1449620 2019
1449630 2023
1449640 2023
1449650 2027
1449660 2031
1449670 2031
1449680 2036
1449690 2042
1449700 2042
1449710 2046
1449720 2052
1449730 2052
1449740 2058
1449750 2063
1449760 2063
1449770 2069
1449780 2074
1449790 2079
1449800 2079
1449810 2084
1449820 2091
1449830 2091
1449840 2098
1449850 2106
1449860 2106
1449870 2112
1449880 2118
1449890 2118
1449900 2124
1449910 2130
1449920 2130
1449930 2138
1449940 2149
1449950 2149
1449960 2170
1449970 2186
1449980 2186
1449990 2192
1450000 2196
1450010 2201
1450020 2201
1450030 2205
1450040 2208
1450050 2208
1450060 2209
1450070 2209
1450080 2209
1450090 2211
1450100 2213
1450110 2213
1450120 2215
1450130 2217
1450140 2217
1450150 2219
1450160 2220
1450170 2220
1450180 2219
1450190 2221
1450200 2221
1450210 2220
1450220 2220
1450230 2221
1450240 2221
1450250 2221
1450260 2221
1450270 2221
1450280 2222
1450290 2225
1450300 2225
1450310 2226
1450320 2230
1450330 2230
1450340 2234
1450350 2237
1450360 2237
1450370 2240
1450380 2242
1450390 2242
1450400 2242
1450410 2242
1450420 2242
1450430 2243
1450440 2245
1450450 2244
1450460 2244
1450470 2244
1450480 2249
1450490 2249
1450500 2254
1450510 2257
1450520 2257
1450530 2259
1450540 2261
1450550 2261
1450560 2264
1450570 2267
1450580 2267
1450590 2269
1450600 2271
1450610 2271
1450620 2274
1450630 2280
1450640 2280
1450650 2287
1450660 2294
1450670 2300
1450680 2300
1450690 2304
1450700 2306
1450710 2306
1450720 2307
1450730 2309
1450740 2309
1450750 2310
1450760 2311
1450770 2311
1450780 2313
1450790 2314
1450800 2314
1450810 2315
1450820 2316
1450830 2316
1450840 2318
1450850 2320
1450860 2320
1450870 2322
1450880 2324
1450890 2326
1450900 2326
1450910 2327
1450920 2330
1450930 2330
1450940 2333
1450950 2335
1450960 2339
1450970 2341
1450980 2344
1450990 2344
1451000 2345
1451010 2348
1451020 2348
1451030 2353
1451040 2358
1451050 2358
1451060 2361
1451070 2364
1451080 2364
1451090 2370
1451100 2377
1451110 2383
1451120 2383
1451130 2389
1451140 2395
1451150 2395
1451160 2400
1451170 2403
1451180 2403
1451190 2407
1451200 2412
1451210 2412
1451220 2417
1451230 2422
1451240 2422
1451250 2427
1451260 2432
1451270 2432
1451280 2438
1451290 2439
1451300 2439
1451310 2436
1451320 2436
1451330 2434
1451340 2434
1451350 2430
1451360 2429
1451370 2429
1451380 2427
1451390 2423
1451400 2423
1451410 2420
1451420 2421
1451430 2421
1451440 2424
1451450 2427
1451460 2427
1451470 2429
1451480 2429
1451490 2429
1451500 2426
1451510 2423
1451520 2423
1451530 2423
1451540 2425
1451550 2427
1451560 2427
1451570 2430
1451580 2431
1451590 2431
1451600 2431
1451610 2431
1451620 2431
1451630 2431
1451640 2429
1451650 2429
1451660 2428
1451670 2428
1451680 2428
1451690 2427
1451700 2426
1451710 2426
1451720 2428
1451730 2430
1451740 2430
1451750 2431
1451760 2432
1451770 2433
1451780 2433
1451790 2433
1451800 2433
1451810 2433
1451820 2431
1451830 2428
1451840 2428
1451850 2427
1451860 2426
1451870 2426
1451880 2425
1451890 2425
1451900 2425
1451910 2425
1451920 2425
1451930 2425
1451940 2425
1451950 2427
1451960 2427
1451970 2427
1451980 2428
1451990 2428
1452000 2428
1452010 2428
1452020 2428
1452030 2428
1452040 2429
1452050 2430
1452060 2430
1452070 2430
1452080 2429
1452090 2429
1452100 2427
1452110 2427
1452120 2427
1452130 2431
1452140 2434
1452150 2434
1452160 2435
1452170 2434
1452180 2434
1452190 2434
1452200 2432
1452210 2430
1452220 2430
1452230 2433
1452240 2433
1452250 2433
1452260 2431
1452270 2430
1452280 2430
1452290 2431
1452300 2431
1452310 2431
1452320 2431
1452330 2430
1452340 2430
1452350 2430
1452360 2430
1452370 2430
1452380 2430
1452390 2430
1452400 2430
1452410 2429
1452420 2428
1452430 2427
1452440 2427
1452450 2428
1452460 2429
1452470 2429
1452480 2429
1452490 2429
1452500 2429
1452510 2429
1452520 2429
1452530 2429
1452540 2429
1452550 2430
1452560 2430
1452570 2428
1452580 2426
1452590 2426
1452600 2425
1452610 2424
1452620 2424
1452630 2424
1452640 2423
1452650 2422
1452660 2422
1452670 2420
1452680 2419
1452690 2419
1452700 2417
1452710 2415
1452720 2415
1452730 2414
1452740 2410
1452750 2410
1452760 2408
1452770 2407
1452780 2407
1452790 2406
1452800 2404
1452810 2404
1452820 2404
1452830 2402
1452840 2402
1452850 2403
1452860 2402
1452870 2401
1452880 2401
1452890 2399
1452900 2397
1452910 2397
1452920 2397
1452930 2394
1452940 2394
1452950 2391
1452960 2390
1452970 2390
1452980 2388
1452990 2381
1453000 2381
1453010 2374
1453020 2370
1453030 2370
1453040 2369
1453050 2366
1453060 2366
1453070 2365
1453080 2364
1453090 2362
1453100 2362
1453110 2361
1453120 2358
1453130 2358
1453140 2354
1453150 2352
1453160 2352
1453170 2354
1453180 2355
1453190 2355
1453200 2355
1453210 2354
1453220 2354
1453230 2350
1453240 2346
1453250 2346
1453260 2340
1453270 2335
1453280 2335
1453290 2327
1453300 2320
1453310 2317
1453320 2317
1453330 2314
1453340 2316
1453350 2316
1453360 2318
1453370 2319
1453380 2319
1453390 2319
1453400 2318
1453410 2318
1453420 2315
1453430 2314
1453440 2314
1453450 2315
1453460 2312
1453470 2312
1453480 2309
1453490 2307
1453500 2307
1453510 2303
1453520 2303
1453530 2297
1453540 2297
1453550 2292
1453560 2285
1453570 2285
1453580 2274
1453590 2267
1453600 2267
1453610 2262
1453620 2260
1453630 2260
1453640 2260
1453650 2261
1453660 2261
1453670 2260
1453680 2253
1453690 2253
1453700 2243
1453710 2233
1453720 2233
1453730 2220
1453740 2208
1453750 2201
1453760 2201
1453770 2198
1453780 2194
1453790 2194
1453800 2188
1453810 2182
1453820 2182
1453830 2177
1453840 2174
1453850 2174
1453860 2173
1453870 2173
1453880 2173
1453890 2173
1453900 2173
1453910 2173
1453920 2173
1453930 2173
1453940 2173
1453950 2173
1453960 2173
1453970 2173
1453980 2173
1453990 2174
1454000 2176
1454010 2176
1454020 2173
1454030 2168
1454040 2168
1454050 2163
1454060 2154
1454070 2154
1454080 2146
1454090 2141
1454100 2141
1454110 2137
1454120 2137
1454130 2137
1454140 2138
1454150 2137
1454160 2137
1454170 2135
1454180 2130
1454190 2117
1454200 2117
1454210 2109
1454220 2103
1454230 2103
1454240 2097
1454250 2090
1454260 2090
1454270 2084
1454280 2078
1454290 2078
1454300 2065
1454310 2055
1454320 2055
1454330 2048
1454340 2042
1454350 2042
1454360 2039
1454370 2035
1454380 2035
1454390 2034
1454400 2034
1454410 2034
1454420 2034
1454430 2031
1454440 2029
1454450 2029
1454460 2026
1454470 2021
1454480 2021
1454490 2016
1454500 2010
1454510 2010
1454520 2003
1454530 1996
1454540 1996
1454550 1991
1454560 1989
1454570 1989
1454580 1990
1454590 1995
1454600 1995
1454610 2000
1454620 2006
1454630 2012
1454640 2012
1454650 2017
1454660 2023
1454670 2023
1454680 2030
1454690 2035
1454700 2035
1454710 2039
1454720 2042
1454730 2042
1454740 2045
1454750 2049
1454760 2049
1454770 2051
1454780 2054
1454790 2054
1454800 2057
1454810 2060
1454820 2060
1454830 2063
1454840 2066
1454850 2068
1454860 2068
1454870 2069
1454880 2072
1454890 2072
1454900 2074
1454910 2078
1454920 2078
1454930 2081
1454940 2085
1454950 2085
1454960 2087
1454970 2093
1454980 2093
1454990 2095
1455000 2097
1455010 2097
1455020 2101
1455030 2106
1455040 2106
1455050 2112
1455060 2114
1455070 2115
1455080 2115
1455090 2116
1455100 2118
1455110 2118
1455120 2118
1455130 2119
1455140 2119
1455150 2120
1455160 2121
1455170 2121
1455180 2122
1455190 2124
1455200 2124
1455210 2125
1455220 2127
1455230 2127
1455240 2129
1455250 2131
1455260 2131
1455270 2133
1455280 2134
1455290 2135
1455300 2135
1455310 2137
1455320 2139
1455330 2139
1455340 2142
1455350 2145
1455360 2145
1455370 2148
1455380 2150
1455390 2150
1455400 2152
1455410 2153
1455420 2153
1455430 2154
1455440 2157
1455450 2157
1455460 2159
1455470 2162
1455480 2162
1455490 2166
1455500 2169
1455510 2170
1455520 2170
1455530 2170
1455540 2171
1455550 2171
1455560 2172
1455570 2174
1455580 2174
1455590 2177
1455600 2179
1455610 2179
1455620 2183
1455630 2188
1455640 2188
1455650 2195
1455660 2200
1455670 2200
1455680 2205
1455690 2207
1455700 2207
1455710 2210
1455720 2211
1455730 2211
1455740 2211
1455750 2211
1455760 2213
1455770 2213
1455780 2214
1455790 2216
1455800 2216
1455810 2219
1455820 2221
1455830 2221
1455840 2222
1455850 2225
1455860 2225
1455870 2227
1455880 2231
1455890 2231
1455900 2234
1455910 2237
1455920 2237
1455930 2242
1455940 2248
1455950 2253
1455960 2253
1455970 2258
1455980 2264
1455990 2264
1456000 2271
1456010 2277
1456020 2277
1456030 2283
1456040 2289
1456050 2289
1456060 2298
1456070 2307
1456080 2307
1456090 2316
1456100 2318
1456110 2318
1456120 2315
1456130 2311
1456140 2311
1456150 2305
1456160 2300
1456170 2295
1456180 2295
1456190 2290
1456200 2288
1456210 2288
1456220 2285
1456230 2280
1456240 2280
1456250 2273
1456260 2269
1456270 2269
1456280 2269
1456290 2266
1456300 2266
1456310 2259
1456320 2254
1456330 2254
1456340 2255
1456350 2257
1456360 2257
1456370 2253
1456380 2246
1456390 2240
1456400 2240
1456410 2236
1456420 2239
1456430 2239
1456440 2240
1456450 2241
1456460 2241
1456470 2240
1456480 2238
1456490 2238
1456500 2237
1456510 2234
1456520 2234
1456530 2231
1456540 2229
1456550 2229
1456560 2226
1456570 2223
1456580 2223
1456590 2220
1456600 2220
1456610 2213
1456620 2213
1456630 2205
1456640 2195
1456650 2195
1456660 2185
1456670 2178
1456680 2178
1456690 2172
1456700 2164
1456710 2164
1456720 2155
1456730 2147
1456740 2147
1456750 2138
1456760 2130
1456770 2130
1456780 2123
1456790 2117
1456800 2117
1456810 2110
1456820 2104
1456830 2097
1456840 2097
1456850 2090
1456860 2081
1456870 2081
1456880 2073
1456890 2067
1456900 2067
1456910 2062
1456920 2058
1456930 2058
1456940 2054
1456950 2048
1456960 2048
1456970 2042
1456980 2036
1456990 2036
1457000 2030
1457010 2026
1457020 2026
1457030 2023
1457040 2019
1457050 2014
1457060 2014
1457070 2008
1457080 2004
1457090 2004
1457100 1999
1457110 1995
1457120 1995
1457130 1988
1457140 1984
1457150 1984
1457160 1982
1457170 1979
1457180 1979
1457190 1974
1457200 1968
1457210 1968
1457220 1964
1457230 1959
1457240 1959
1457250 1952
1457260 1944
1457270 1941
1457280 1941
1457290 1942
1457300 1942
1457310 1942
1457320 1940
1457330 1934
1457340 1934
1457350 1928
1457360 1923
1457370 1923
1457380 1922
1457390 1924
1457400 1924
1457410 1921
1457420 1917
1457430 1917
1457440 1913
1457450 1908
1457460 1908
1457470 1904
1457480 1901
1457490 1896
1457500 1896
1457510 1891
1457520 1886
1457530 1886
1457540 1880
1457550 1872
1457560 1872
1457570 1861
1457580 1854
1457590 1854
1457600 1855
1457610 1856
1457620 1856
1457630 1858
1457640 1859
1457650 1859
1457660 1859
1457670 1857
1457680 1857
1457690 1855
1457700 1852
1457710 1849
1457720 1849
1457730 1847
1457740 1845
1457750 1845
1457760 1843
1457770 1839
1457780 1839
1457790 1839
1457800 1836
1457810 1836
1457820 1834
1457830 1833
1457840 1833
1457850 1831
1457860 1829
1457870 1829
1457880 1827
1457890 1824
1457900 1824
1457910 1822
1457920 1818
1457930 1811
1457940 1811
1457950 1806
1457960 1799
1457970 1799
1457980 1793
1457990 1788
1458000 1788
1458010 1785
1458020 1782
1458030 1782
1458040 1780
1458050 1779
1458060 1779
1458070 1778
1458080 1774
1458090 1774
1458100 1767
1458110 1761
1458120 1761
1458130 1759
1458140 1757
1458150 1756
1458160 1756
1458170 1752
1458180 1747
1458190 1747
1458200 1744
1458210 1739
1458220 1739
1458230 1732
1458240 1726
1458250 1726
1458260 1721
1458270 1715
1458280 1715
1458290 1711
1458300 1709
1458310 1709
1458320 1707
1458330 1704
1458340 1704
1458350 1700
1458360 1697
1458370 1694
1458380 1694
1458390 1693
1458400 1690
1458410 1690
1458420 1687
1458430 1684
1458440 1684
1458450 1679
1458460 1673
1458470 1673
1458480 1667
1458490 1662
1458500 1662
1458510 1656
1458520 1651
1458530 1651
1458540 1644
1458550 1641
1458560 1641
1458570 1640
1458580 1641
1458590 1645
1458600 1645
1458610 1647
1458620 1647
1458630 1647
1458640 1645
1458650 1643
1458660 1643
1458670 1640
1458680 1637
1458690 1637
1458700 1634
1458710 1631
1458720 1631
1458730 1628
1458740 1626
1458750 1626
1458760 1625
1458770 1623
1458780 1623
1458790 1620
1458800 1618
1458810 1616
1458820 1616
1458830 1613
1458840 1609
1458850 1609
1458860 1605
1458870 1603
1458880 1603
1458890 1601
1458900 1596
1458910 1596
1458920 1589
1458930 1583
1458940 1583
1458950 1578
1458960 1570
1458970 1570
1458980 1564
1458990 1558
1459000 1558
1459010 1552
1459020 1547
1459030 1539
1459040 1539
1459050 1532
1459060 1524
1459070 1524
1459080 1518
1459090 1512
1459100 1512
1459110 1507
1459120 1502
1459130 1502
1459140 1495
1459150 1487
1459160 1487
1459170 1478
1459180 1470
1459190 1470
1459200 1464
1459210 1459
1459220 1459
1459230 1454
1459240 1447
1459250 1440
1459260 1440
1459270 1431
1459280 1421
1459290 1421
1459300 1413
1459310 1409
1459320 1409
1459330 1405
1459340 1401
1459350 1401
1459360 1393
1459370 1387
1459380 1387
1459390 1382
1459400 1380
1459410 1380
1459420 1373
1459430 1363
1459440 1363
1459450 1344
1459460 1326
1459470 1315
1459480 1315
1459490 1310
1459500 1305
1459510 1305
1459520 1303
1459530 1305
1459540 1305
1459550 1304
1459560 1298
1459570 1298
1459580 1292
1459590 1285
1459600 1285
1459610 1278
1459620 1272
1459630 1272
1459640 1268
1459650 1263
1459660 1263
1459670 1258
1459680 1254
1459690 1250
1459700 1250
1459710 1243
1459720 1229
1459730 1229
1459740 1214
1459750 1205
1459760 1205
1459770 1197
1459780 1190
1459790 1190
1459800 1183
1459810 1173
1459820 1173
1459830 1157
1459840 1144
1459850 1144
1459860 1132
1459870 1122
1459880 1122
1459890 1117
1459900 1111
1459910 1107
1459920 1107
1459930 1106
1459940 1106
1459950 1106
1459960 1106
1459970 1106
1459980 1106
1459990 1105
