1440000 2197
1440010 2200
1440020 2203
1440030 2203
1440040 2207
1440050 2210
1440060 2210
1440070 2213
1440080 2216
1440090 2219
1440100 2219
1440110 2221
1440120 2225
1440130 2225
1440140 2230
1440150 2236
1440160 2236
1440170 2242
1440180 2249
1440190 2249
1440200 2257
1440210 2267
1440220 2267
1440230 2278
1440240 2285
1440250 2285
1440260 2292
1440270 2299
1440280 2299
1440290 2307
1440300 2313
1440310 2319
1440320 2319
1440330 2326
1440340 2332
1440350 2332
1440360 2340
1440370 2347
1440380 2347
1440390 2354
1440400 2361
1440410 2361
1440420 2367
1440430 2374
1440440 2374
1440450 2380
1440460 2388
1440470 2388
1440480 2395
1440490 2403
1440500 2403
1440510 2413
1440520 2420
1440530 2427
1440540 2427
1440550 2436
1440560 2445
1440570 2445
1440580 2455
1440590 2463
1440600 2463
1440610 2470
1440620 2478
1440630 2478
1440640 2489
1440650 2501
1440660 2501
1440670 2514
1440680 2528
1440690 2528
1440700 2540
1440710 2549
1440720 2549
1440730 2559
1440740 2568
1440750 2577
1440760 2577
1440770 2585
1440780 2593
1440790 2593
1440800 2603
1440810 2613
1440820 2613
1440830 2623
1440840 2635
1440850 2635
1440860 2644
1440870 2651
1440880 2651
1440890 2660
1440900 2670
1440910 2670
1440920 2679
1440930 2687
1440940 2687
1440950 2695
1440960 2703
1440970 2709
1440980 2709
1440990 2717
1441000 2723
1441010 2723
1441020 2731
1441030 2738
1441040 2738
1441050 2745
1441060 2753
1441070 2753
1441080 2763
1441090 2773
1441100 2773
1441110 2784
1441120 2796
1441130 2796
1441140 2805
1441150 2818
1441160 2818
1441170 2829
1441180 2839
1441190 2852
1441200 2852
1441210 2864
1441220 2868
1441230 2868
1441240 2865
1441250 2859
1441260 2859
1441270 2853
1441280 2849
1441290 2849
1441300 2847
1441310 2843
1441320 2843
1441330 2837
1441340 2831
1441350 2831
1441360 2826
1441370 2818
1441380 2818
1441390 2810
1441400 2803
1441410 2793
1441420 2793
1441430 2784
1441440 2775
1441450 2775
1441460 2769
1441470 2766
1441480 2766
1441490 2761
1441500 2755
1441510 2755
1441520 2751
1441530 2747
1441540 2747
1441550 2742
1441560 2735
1441570 2735
1441580 2732
1441590 2729
1441600 2729
1441610 2724
1441620 2716
1441630 2709
1441640 2709
1441650 2701
1441660 2695
1441670 2695
1441680 2688
1441690 2681
1441700 2681
1441710 2679
1441720 2678
1441730 2678
1441740 2675
1441750 2672
1441760 2672
1441770 2671
1441780 2668
1441790 2668
1441800 2663
1441810 2656
1441820 2656
1441830 2649
1441840 2644
1441850 2638
1441860 2638
1441870 2632
1441880 2626
1441890 2626
1441900 2620
1441910 2615
1441920 2615
1441930 2610
1441940 2605
1441950 2605
1441960 2599
1441970 2593
1441980 2593
1441990 2584
1442000 2573
1442010 2573
1442020 2566
1442030 2561
1442040 2561
1442050 2556
1442060 2550
1442070 2544
1442080 2544
1442090 2541
1442100 2541
1442110 2541
1442120 2539
1442130 2534
1442140 2534
1442150 2530
1442160 2527
1442170 2527
1442180 2528
1442190 2524
1442200 2524
1442210 2524
1442220 2523
1442230 2523
1442240 2521
1442250 2519
1442260 2519
1442270 2516
1442280 2517
1442290 2517
1442300 2517
1442310 2517
1442320 2516
1442330 2516
1442340 2515
1442350 2514
1442360 2514
1442370 2513
1442380 2512
1442390 2512
1442400 2511
1442410 2509
1442420 2509
1442430 2508
1442440 2507
1442450 2507
1442460 2505
1442470 2503
1442480 2503
1442490 2502
1442500 2501
1442510 2499
1442520 2499
1442530 2498
1442540 2496
1442550 2496
1442560 2493
1442570 2490
1442580 2490
1442590 2487
1442600 2484
1442610 2484
1442620 2481
1442630 2478
1442640 2478
1442650 2475
1442660 2472
1442670 2472
1442680 2469
1442690 2467
1442700 2467
1442710 2464
1442720 2461
1442730 2458
1442740 2458
1442750 2455
1442760 2451
1442770 2451
1442780 2446
1442790 2443
1442800 2443
1442810 2438
1442820 2435
1442830 2435
1442840 2431
1442850 2426
1442860 2426
1442870 2421
1442880 2416
1442890 2416
1442900 2413
1442910 2410
1442920 2410
1442930 2408
1442940 2406
1442950 2402
1442960 2402
1442970 2399
1442980 2395
1442990 2395
1443000 2391
1443010 2388
1443020 2388
1443030 2386
1443040 2382
1443050 2382
1443060 2379
1443070 2375
1443080 2375
1443090 2370
1443100 2368
1443110 2368
1443120 2365
1443130 2363
1443140 2363
1443150 2359
1443160 2352
1443170 2340
1443180 2340
1443190 2331
1443200 2324
1443210 2324
1443220 2319
1443230 2314
1443240 2314
1443250 2312
1443260 2310
1443270 2311
1443280 2309
1443290 2305
1443300 2305
1443310 2300
1443320 2294
1443330 2294
1443340 2289
1443350 2283
1443360 2283
1443370 2277
1443380 2275
1443390 2272
1443400 2272
1443410 2269
1443420 2267
1443430 2267
1443440 2265
1443450 2260
1443460 2260
1443470 2255
1443480 2250
1443490 2250
1443500 2245
1443510 2241
1443520 2241
1443530 2237
1443540 2232
1443550 2232
1443560 2228
1443570 2223
1443580 2223
1443590 2218
1443600 2213
1443610 2208
1443620 2208
1443630 2203
1443640 2199
1443650 2199
1443660 2196
1443670 2194
1443680 2194
1443690 2191
1443700 2187
1443710 2187
1443720 2183
1443730 2179
1443740 2179
1443750 2175
1443760 2171
1443770 2171
1443780 2165
1443790 2159
1443800 2159
1443810 2149
1443820 2140
1443830 2132
1443840 2132
1443850 2126
1443860 2120
1443870 2120
1443880 2113
1443890 2110
1443900 2110
1443910 2111
1443920 2107
1443930 2107
1443940 2098
1443950 2086
1443960 2086
1443970 2071
1443980 2056
1443990 2056
1444000 2033
1444010 2010
1444020 2010
1444030 2003
1444040 1998
1444050 1994
1444060 1994
1444070 1993
1444080 1992
1444090 1992
1444100 1990
1444110 1987
1444120 1987
1444130 1984
1444140 1979
1444150 1979
1444160 1974
1444170 1971
1444180 1971
1444190 1968
1444200 1964
1444210 1964
1444220 1960
1444230 1955
1444240 1955
1444250 1949
1444260 1944
1444270 1939
1444280 1939
1444290 1933
1444300 1927
1444310 1927
1444320 1921
1444330 1915
1444340 1915
1444350 1909
1444360 1904
1444370 1904
1444380 1898
1444390 1892
1444400 1892
1444410 1883
1444420 1873
1444430 1873
1444440 1865
1444450 1858
1444460 1858
1444470 1852
1444480 1843
1444490 1834
1444500 1834
1444510 1822
1444520 1812
1444530 1812
1444540 1805
1444550 1800
1444560 1800
1444570 1794
1444580 1787
1444590 1787
1444600 1780
1444610 1773
1444620 1773
1444630 1764
1444640 1757
1444650 1757
1444660 1750
1444670 1741
1444680 1741
1444690 1735
1444700 1729
1444710 1729
1444720 1723
1444730 1717
1444740 1711
1444750 1711
1444760 1705
1444770 1698
1444780 1698
1444790 1690
1444800 1680
1444810 1680
1444820 1673
1444830 1668
1444840 1668
1444850 1663
1444860 1659
1444870 1659
1444880 1657
1444890 1652
1444900 1652
1444910 1646
1444920 1639
1444930 1639
1444940 1633
1444950 1628
1444960 1624
1444970 1624
1444980 1621
1444990 1618
1445000 1618
1445010 1613
1445020 1601
1445030 1601
1445040 1593
1445050 1586
1445060 1586
1445070 1579
1445080 1575
1445090 1575
1445100 1570
1445110 1566
1445120 1566
1445130 1564
1445140 1564
1445150 1564
1445160 1559
1445170 1551
1445180 1544
1445190 1544
1445200 1536
1445210 1532
1445220 1532
1445230 1528
1445240 1522
1445250 1522
1445260 1518
1445270 1512
1445280 1512
1445290 1506
1445300 1501
1445310 1501
1445320 1497
1445330 1492
1445340 1492
1445350 1486
1445360 1480
1445370 1480
1445380 1475
1445390 1471
1445400 1465
1445410 1465
1445420 1460
1445430 1454
1445440 1454
1445450 1449
1445460 1443
1445470 1443
1445480 1438
1445490 1432
1445500 1432
1445510 1426
1445520 1420
1445530 1420
1445540 1414
1445550 1407
1445560 1407
1445570 1401
1445580 1394
1445590 1394
1445600 1389
1445610 1384
1445620 1380
1445630 1380
1445640 1376
1445650 1370
1445660 1370
1445670 1363
1445680 1356
1445690 1356
1445700 1353
1445710 1349
1445720 1349
1445730 1347
1445740 1343
1445750 1343
1445760 1338
1445770 1333
1445780 1333
1445790 1328
1445800 1324
1445810 1324
1445820 1320
1445830 1316
1445840 1311
1445850 1311
1445860 1303
1445870 1297
1445880 1297
1445890 1293
1445900 1292
1445910 1292
1445920 1292
1445930 1291
1445940 1291
1445950 1290
1445960 1289
1445970 1289
1445980 1288
1445990 1288
1446000 1288
1446010 1288
1446020 1287
1446030 1287
1446040 1288
1446050 1290
1446060 1293
1446070 1293
1446080 1294
1446090 1293
1446100 1293
1446110 1293
1446120 1293
1446130 1293
1446140 1291
1446150 1288
1446160 1288
1446170 1285
1446180 1283
1446190 1283
1446200 1279
1446210 1277
1446220 1277
1446230 1275
1446240 1276
1446250 1276
1446260 1277
1446270 1278
1446280 1279
1446290 1279
1446300 1277
1446310 1274
1446320 1274
1446330 1267
1446340 1257
1446350 1257
1446360 1252
1446370 1251
1446380 1251
1446390 1252
1446400 1253
1446410 1253
1446420 1254
1446430 1254
1446440 1254
1446450 1255
1446460 1258
1446470 1258
1446480 1262
1446490 1266
1446500 1267
1446510 1267
1446520 1268
1446530 1269
1446540 1269
1446550 1272
1446560 1274
1446570 1274
1446580 1277
1446590 1278
1446600 1278
1446610 1281
1446620 1285
1446630 1285
1446640 1287
1446650 1289
1446660 1289
1446670 1291
1446680 1292
1446690 1292
1446700 1293
1446710 1293
1446720 1293
1446730 1293
1446740 1294
1446750 1296
1446760 1296
1446770 1297
1446780 1298
1446790 1298
1446800 1299
1446810 1300
1446820 1300
1446830 1300
1446840 1301
1446850 1301
1446860 1302
1446870 1303
1446880 1303
1446890 1304
1446900 1304
1446910 1304
1446920 1304
1446930 1306
1446940 1308
1446950 1308
1446960 1309
1446970 1309
1446980 1309
1446990 1310
1447000 1310
1447010 1310
1447020 1314
1447030 1318
1447040 1318
1447050 1321
1447060 1324
1447070 1324
1447080 1329
1447090 1334
1447100 1334
1447110 1341
1447120 1348
1447130 1348
1447140 1356
1447150 1365
1447160 1373
1447170 1373
1447180 1381
1447190 1389
1447200 1389
1447210 1397
1447220 1404
1447230 1404
1447240 1412
1447250 1419
1447260 1419
1447270 1424
1447280 1432
1447290 1432
1447300 1440
1447310 1447
1447320 1447
1447330 1453
1447340 1459
1447350 1459
1447360 1464
1447370 1470
1447380 1476
1447390 1476
1447400 1481
1447410 1484
1447420 1484
1447430 1487
1447440 1491
1447450 1491
1447460 1495
1447470 1501
1447480 1501
1447490 1507
1447500 1514
1447510 1514
1447520 1521
1447530 1527
1447540 1527
1447550 1534
1447560 1540
1447570 1540
1447580 1546
1447590 1551
1447600 1556
1447610 1556
1447620 1560
1447630 1566
1447640 1566
1447650 1571
1447660 1576
1447670 1576
1447680 1580
1447690 1584
1447700 1584
1447710 1587
1447720 1591
1447730 1591
1447740 1595
1447750 1599
1447760 1599
1447770 1603
1447780 1606
1447790 1606
1447800 1612
1447810 1618
1447820 1623
1447830 1623
1447840 1628
1447850 1632
1447860 1632
1447870 1636
1447880 1640
1447890 1640
1447900 1647
1447910 1652
1447920 1652
1447930 1658
1447940 1665
1447950 1665
1447960 1671
1447970 1676
1447980 1676
1447990 1678
1448000 1679
1448010 1679
1448020 1682
1448030 1688
1448040 1694
1448050 1694
1448060 1698
1448070 1700
1448080 1700
1448090 1703
1448100 1706
1448110 1706
1448120 1711
1448130 1716
1448140 1716
1448150 1721
1448160 1726
1448170 1726
1448180 1730
1448190 1736
1448200 1736
1448210 1741
1448220 1746
1448230 1746
1448240 1749
1448250 1752
1448260 1753
1448270 1753
1448280 1755
1448290 1757
1448300 1757
1448310 1762
1448320 1766
1448330 1766
1448340 1772
1448350 1779
1448360 1779
1448370 1785
1448380 1790
1448390 1790
1448400 1795
1448410 1801
1448420 1801
1448430 1805
1448440 1810
1448450 1810
1448460 1815
1448470 1819
1448480 1822
1448490 1822
1448500 1826
1448510 1830
1448520 1830
1448530 1835
1448540 1839
1448550 1839
1448560 1844
1448570 1849
1448580 1849
1448590 1854
1448600 1859
1448610 1859
1448620 1864
1448630 1869
1448640 1869
1448650 1873
1448660 1877
1448670 1877
1448680 1881
1448690 1886
1448700 1891
1448710 1891
1448720 1896
1448730 1900
1448740 1900
1448750 1905
1448760 1910
1448770 1910
1448780 1915
1448790 1920
1448800 1920
1448810 1925
1448820 1929
1448830 1929
1448840 1934
1448850 1939
1448860 1939
1448870 1943
1448880 1947
1448890 1947
1448900 1952
1448910 1956
1448920 1959
1448930 1959
1448940 1962
1448950 1966
1448960 1966
1448970 1971
1448980 1975
1448990 1975
1449000 1978
1449010 1983
1449020 1983
1449030 1988
1449040 1992
1449050 1992
1449060 1997
1449070 2003
1449080 2003
1449090 2007
1449100 2011
1449110 2011
1449120 2015
1449130 2018
1449140 2022
1449150 2022
1449160 2025
1449170 2028
1449180 2028
1449190 2030
1449200 2034
1449210 2034
1449220 2038
1449230 2042
1449240 2042
1449250 2046
1449260 2051
1449270 2051
1449280 2055
1449290 2060
1449300 2060
1449310 2064
1449320 2070
1449330 2070
1449340 2075
1449350 2078
1449360 2080
1449370 2080
1449380 2082
1449390 2088
1449400 2088
1449410 2093
1449420 2097
1449430 2097
1449440 2101
1449450 2105
1449460 2105
1449470 2109
1449480 2115
1449490 2115
1449500 2119
1449510 2122
1449520 2122
1449530 2123
1449540 2123
1449550 2123
1449560 2122
1449570 2121
1449580 2120
1449590 2120
1449600 2121
1449610 2125
1449620 2125
1449630 2125
1449640 2124
1449650 2124
1449660 2123
1449670 2123
1449680 2123
1449690 2123
1449700 2124
1449710 2124
1449720 2125
1449730 2126
1449740 2126
1449750 2127
1449760 2128
1449770 2128
1449780 2130
1449790 2132
1449800 2135
1449810 2135
1449820 2136
1449830 2139
1449840 2139
1449850 2142
1449860 2145
1449870 2145
1449880 2147
1449890 2152
1449900 2152
1449910 2158
1449920 2160
1449930 2163
1449940 2165
1449950 2171
1449960 2171
1449970 2176
1449980 2181
1449990 2181
1450000 2186
1450010 2192
1450020 2192
1450030 2197
1450040 2201
1450050 2205
1450060 2205
1450070 2210
1450080 2214
1450090 2214
1450100 2220
1450110 2225
1450120 2225
1450130 2228
1450140 2232
1450150 2232
1450160 2236
1450170 2240
1450180 2240
1450190 2244
1450200 2248
1450210 2248
1450220 2253
1450230 2258
1450240 2258
1450250 2262
1450260 2266
1450270 2271
1450280 2271
1450290 2275
1450300 2279
1450310 2279
1450320 2283
1450330 2284
1450340 2284
1450350 2287
1450360 2288
1450370 2288
1450380 2291
1450390 2293
1450400 2293
1450410 2293
1450420 2293
1450430 2293
1450440 2295
1450450 2299
1450460 2299
1450470 2304
1450480 2309
1450490 2314
1450500 2314
1450510 2317
1450520 2321
1450530 2321
1450540 2331
1450550 2329
1450560 2329
1450570 2322
1450580 2316
1450590 2316
1450600 2308
1450610 2302
1450620 2302
1450630 2298
1450640 2294
1450650 2294
1450660 2289
1450670 2291
1450680 2291
1450690 2292
1450700 2287
1450710 2286
1450720 2286
1450730 2288
1450740 2291
1450750 2291
1450760 2292
1450770 2289
1450780 2289
1450790 2287
1450800 2287
1450810 2287
1450820 2288
1450830 2290
1450840 2290
1450850 2291
1450860 2291
1450870 2291
1450880 2291
1450890 2294
1450900 2294
1450910 2297
1450920 2299
1450930 2301
1450940 2301
1450950 2306
1450960 2309
1450970 2309
1450980 2313
1450990 2316
1451000 2316
1451010 2319
1451020 2318
1451030 2318
1451040 2318
1451050 2317
1451060 2317
1451070 2315
1451080 2314
1451090 2314
1451100 2315
1451110 2315
1451120 2315
1451130 2314
1451140 2314
1451150 2308
1451160 2308
1451170 2307
1451180 2310
1451190 2310
1451200 2312
1451210 2312
1451220 2312
1451230 2311
1451240 2310
1451250 2310
1451260 2313
1451270 2313
1451280 2313
1451290 2314
1451300 2313
1451310 2313
1451320 2309
1451330 2307
1451340 2307
1451350 2304
1451360 2303
1451370 2302
1451380 2302
1451390 2302
1451400 2301
1451410 2301
1451420 2297
1451430 2289
1451440 2289
1451450 2283
1451460 2282
1451470 2282
1451480 2283
1451490 2284
1451500 2284
1451510 2283
1451520 2283
1451530 2283
1451540 2278
1451550 2273
1451560 2273
1451570 2272
1451580 2271
1451590 2270
1451600 2270
1451610 2266
1451620 2260
1451630 2260
1451640 2255
1451650 2257
1451660 2257
1451670 2255
1451680 2248
1451690 2248
1451700 2247
1451710 2247
1451720 2247
1451730 2248
1451740 2248
1451750 2248
1451760 2246
1451770 2247
1451780 2247
1451790 2247
1451800 2249
1451810 2253
1451820 2253
1451830 2258
1451840 2262
1451850 2262
1451860 2266
1451870 2267
1451880 2267
1451890 2268
1451900 2270
1451910 2270
1451920 2274
1451930 2278
1451940 2278
1451950 2282
1451960 2287
1451970 2287
1451980 2289
1451990 2290
1452000 2290
1452010 2290
1452020 2290
1452030 2290
1452040 2290
1452050 2289
1452060 2284
1452070 2284
1452080 2281
1452090 2279
1452100 2279
1452110 2277
1452120 2278
1452130 2278
1452140 2277
1452150 2276
1452160 2276
1452170 2275
1452180 2270
1452190 2270
1452200 2261
1452210 2251
1452220 2251
1452230 2243
1452240 2237
1452250 2232
1452260 2232
1452270 2228
1452280 2225
1452290 2225
1452300 2222
1452310 2221
1452320 2221
1452330 2221
1452340 2221
1452350 2221
1452360 2221
1452370 2218
1452380 2218
1452390 2216
1452400 2213
1452410 2213
1452420 2210
1452430 2207
1452440 2207
1452450 2205
1452460 2205
1452470 2205
1452480 2205
1452490 2204
1452500 2203
1452510 2203
1452520 2201
1452530 2201
1452540 2201
1452550 2201
1452560 2201
1452570 2201
1452580 2199
1452590 2198
1452600 2198
1452610 2197
1452620 2196
1452630 2196
1452640 2195
1452650 2193
1452660 2193
1452670 2192
1452680 2189
1452690 2189
1452700 2189
1452710 2191
1452720 2190
1452730 2190
1452740 2188
1452750 2186
1452760 2186
1452770 2183
1452780 2183
1452790 2183
1452800 2183
1452810 2180
1452820 2180
1452830 2178
1452840 2175
1452850 2175
1452860 2176
1452870 2176
1452880 2176
1452890 2172
1452900 2171
1452910 2166
1452920 2166
1452930 2165
1452940 2163
1452950 2163
1452960 2159
1452970 2156
1452980 2156
1452990 2153
1453000 2148
1453010 2148
1453020 2142
1453030 2137
1453040 2137
1453050 2134
1453060 2130
1453070 2130
1453080 2127
1453090 2123
1453100 2123
1453110 2121
1453120 2119
1453130 2117
1453140 2117
1453150 2114
1453160 2112
1453170 2112
1453180 2110
1453190 2108
1453200 2108
1453210 2106
1453220 2104
1453230 2104
1453240 2102
1453250 2100
1453260 2100
1453270 2097
1453280 2097
1453290 2097
1453300 2100
1453310 2103
1453320 2103
1453330 2102
1453340 2104
1453350 2101
1453360 2101
1453370 2098
1453380 2096
1453390 2096
1453400 2092
1453410 2087
1453420 2087
1453430 2082
1453440 2080
1453450 2080
1453460 2076
1453470 2073
1453480 2073
1453490 2071
1453500 2072
1453510 2072
1453520 2072
1453530 2073
1453540 2073
1453550 2072
1453560 2068
1453570 2064
1453580 2064
1453590 2062
1453600 2059
1453610 2059
1453620 2056
1453630 2052
1453640 2052
1453650 2048
1453660 2044
1453670 2044
1453680 2038
1453690 2034
1453700 2034
1453710 2032
1453720 2030
1453730 2030
1453740 2028
1453750 2026
1453760 2026
1453770 2021
1453780 2018
1453790 2019
1453800 2023
1453810 2022
1453820 2020
1453830 2020
1453840 2015
1453850 2011
1453860 2011
1453870 2009
1453880 2007
1453890 2007
1453900 2006
1453910 2005
1453920 2005
1453930 2001
1453940 2003
1453950 2003
1453960 2002
1453970 1994
1453980 1994
1453990 1986
1454000 1980
1454010 1976
1454020 1976
1454030 1972
1454040 1967
1454050 1967
1454060 1968
1454070 1965
1454080 1965
1454090 1958
1454100 1954
1454110 1954
1454120 1951
1454130 1947
1454140 1947
1454150 1942
1454160 1936
1454170 1936
1454180 1930
1454190 1926
1454200 1926
1454210 1923
1454220 1920
1454230 1918
1454240 1918
1454250 1917
1454260 1916
1454270 1916
1454280 1914
1454290 1910
1454300 1910
1454310 1907
1454320 1903
1454330 1903
1454340 1897
1454350 1887
1454360 1887
1454370 1877
1454380 1869
1454390 1869
1454400 1861
1454410 1853
1454420 1853
1454430 1844
1454440 1835
1454450 1826
1454460 1826
1454470 1818
1454480 1810
1454490 1810
1454500 1803
1454510 1795
1454520 1795
1454530 1789
1454540 1782
1454550 1782
1454560 1776
1454570 1772
1454580 1772
1454590 1769
1454600 1767
1454610 1767
1454620 1768
1454630 1771
1454640 1771
1454650 1774
1454660 1774
1454670 1772
1454680 1772
1454690 1770
1454700 1766
1454710 1766
1454720 1758
1454730 1750
1454740 1750
1454750 1744
1454760 1744
1454770 1744
1454780 1746
1454790 1752
1454800 1752
1454810 1758
1454820 1763
1454830 1763
1454840 1768
1454850 1771
1454860 1771
1454870 1774
1454880 1778
1454890 1780
1454900 1780
1454910 1784
1454920 1788
1454930 1788
1454940 1791
1454950 1795
1454960 1795
1454970 1798
1454980 1801
1454990 1801
1455000 1804
1455010 1806
1455020 1806
1455030 1808
1455040 1810
1455050 1810
1455060 1812
1455070 1814
1455080 1814
1455090 1817
1455100 1819
1455110 1821
1455120 1821
1455130 1823
1455140 1827
1455150 1827
1455160 1831
1455170 1835
1455180 1835
1455190 1839
1455200 1844
1455210 1844
1455220 1848
1455230 1850
1455240 1850
1455250 1854
1455260 1858
1455270 1858
1455280 1865
1455290 1870
1455300 1870
1455310 1873
1455320 1877
1455330 1883
1455340 1883
1455350 1890
1455360 1896
1455370 1896
1455380 1900
1455390 1903
1455400 1903
1455410 1906
1455420 1909
1455430 1909
1455440 1911
1455450 1914
1455460 1914
1455470 1918
1455480 1921
1455490 1921
1455500 1924
1455510 1931
1455520 1931
1455530 1937
1455540 1943
1455550 1948
1455560 1948
1455570 1956
1455580 1962
1455590 1962
1455600 1969
1455610 1976
1455620 1976
1455630 1983
1455640 1990
1455650 1990
1455660 1996
1455670 2002
1455680 2002
1455690 2008
1455700 2014
1455710 2014
1455720 2020
1455730 2026
1455740 2026
1455750 2033
1455760 2040
1455770 2040
1455780 2046
1455790 2053
1455800 2059
1455810 2059
1455820 2065
1455830 2071
1455840 2071
1455850 2075
1455860 2080
1455870 2080
1455880 2084
1455890 2088
1455900 2088
1455910 2093
1455920 2098
1455930 2098
1455940 2104
1455950 2108
1455960 2108
1455970 2113
1455980 2118
1455990 2118
1456000 2121
1456010 2124
1456020 2127
1456030 2127
1456040 2130
1456050 2133
1456060 2133
1456070 2139
1456080 2148
1456090 2148
1456100 2156
1456110 2161
1456120 2161
1456130 2168
1456140 2176
1456150 2176
1456160 2182
1456170 2188
1456180 2188
1456190 2195
1456200 2202
1456210 2202
1456220 2208
1456230 2215
1456240 2220
1456250 2220
1456260 2225
1456270 2230
1456280 2230
1456290 2238
1456300 2244
1456310 2244
1456320 2251
1456330 2257
1456340 2257
1456350 2263
1456360 2270
1456370 2270
1456380 2276
1456390 2283
1456400 2283
1456410 2288
1456420 2293
1456430 2293
1456440 2299
1456450 2305
1456460 2311
1456470 2311
1456480 2316
1456490 2320
1456500 2320
1456510 2326
1456520 2331
1456530 2331
1456540 2338
1456550 2346
1456560 2346
1456570 2350
1456580 2349
1456590 2349
1456600 2346
1456610 2346
1456620 2346
1456630 2347
1456640 2348
1456650 2348
1456660 2349
1456670 2352
1456680 2354
1456690 2354
1456700 2356
1456710 2360
1456720 2360
1456730 2364
1456740 2371
1456750 2371
1456760 2379
1456770 2385
1456780 2385
1456790 2388
1456800 2389
1456810 2389
1456820 2390
1456830 2392
1456840 2392
1456850 2393
1456860 2394
1456870 2394
1456880 2395
1456890 2395
1456900 2397
1456910 2397
1456920 2398
1456930 2399
1456940 2399
1456950 2399
1456960 2400
1456970 2400
1456980 2402
1456990 2403
1457000 2403
1457010 2405
1457020 2407
1457030 2407
1457040 2409
1457050 2409
1457060 2409
1457070 2408
1457080 2404
1457090 2404
1457100 2400
1457110 2397
1457120 2394
1457130 2394
1457140 2392
1457150 2389
1457160 2389
1457170 2385
1457180 2380
1457190 2380
1457200 2374
1457210 2367
1457220 2367
1457230 2362
1457240 2357
1457250 2357
1457260 2353
1457270 2351
1457280 2351
1457290 2349
1457300 2346
1457310 2346
1457320 2343
1457330 2340
1457340 2336
1457350 2336
1457360 2331
1457370 2326
1457380 2326
1457390 2321
1457400 2316
1457410 2316
1457420 2310
1457430 2304
1457440 2304
1457450 2298
1457460 2293
1457470 2293
1457480 2288
1457490 2283
1457500 2283
1457510 2277
1457520 2272
1457530 2272
1457540 2266
1457550 2260
1457560 2253
1457570 2253
1457580 2246
1457590 2239
1457600 2239
1457610 2232
1457620 2224
1457630 2224
1457640 2219
1457650 2213
1457660 2213
1457670 2208
1457680 2205
1457690 2205
1457700 2202
1457710 2199
1457720 2199
1457730 2197
1457740 2194
1457750 2194
1457760 2191
1457770 2187
1457780 2183
1457790 2183
1457800 2181
1457810 2180
1457820 2180
1457830 2178
1457840 2175
1457850 2175
1457860 2173
1457870 2170
1457880 2170
1457890 2167
1457900 2163
1457910 2163
1457920 2158
1457930 2155
1457940 2155
1457950 2153
1457960 2150
1457970 2150
1457980 2147
1457990 2146
1458000 2145
1458010 2145
1458020 2142
1458030 2139
1458040 2139
1458050 2136
1458060 2133
1458070 2133
1458080 2130
1458090 2126
1458100 2126
1458110 2121
1458120 2117
1458130 2117
1458140 2116
1458150 2113
1458160 2113
1458170 2111
1458180 2110
1458190 2110
1458200 2108
1458210 2106
1458220 2104
1458230 2104
1458240 2100
1458250 2100
1458260 2100
1458270 2096
1458280 2091
1458290 2091
1458300 2088
1458310 2085
1458320 2085
1458330 2081
1458340 2079
1458350 2079
1458360 2077
1458370 2072
1458380 2072
1458390 2067
1458400 2063
1458410 2063
1458420 2061
1458430 2058
1458440 2055
1458450 2055
1458460 2052
1458470 2050
1458480 2050
1458490 2047
1458500 2043
1458510 2043
1458520 2039
1458530 2035
1458540 2035
1458550 2033
1458560 2031
1458570 2031
1458580 2028
1458590 2025
1458600 2025
1458610 2022
1458620 2017
1458630 2017
1458640 2012
1458650 2006
1458660 2000
1458670 2000
1458680 1994
1458690 1991
1458700 1991
1458710 1988
1458720 1984
1458730 1984
1458740 1981
1458750 1979
1458760 1979
1458770 1977
1458780 1976
1458790 1976
1458800 1975
1458810 1975
1458820 1975
1458830 1973
1458840 1971
1458850 1971
1458860 1969
1458870 1966
1458880 1963
1458890 1963
1458900 1956
1458910 1948
1458920 1948
1458930 1942
1458940 1936
1458950 1936
1458960 1931
1458970 1926
1458980 1926
1458990 1920
1459000 1914
1459010 1914
1459020 1907
1459030 1899
1459040 1899
1459050 1891
1459060 1883
1459070 1883
1459080 1875
1459090 1868
1459100 1862
1459110 1862
1459120 1856
1459130 1848
1459140 1848
1459150 1842
1459160 1836
1459170 1836
1459180 1823
1459190 1812
1459200 1812
1459210 1799
1459220 1787
1459230 1787
1459240 1775
1459250 1767
1459260 1767
1459270 1756
1459280 1742
1459290 1742
1459300 1734
1459310 1728
1459320 1720
1459330 1720
1459340 1709
1459350 1699
1459360 1699
1459370 1692
1459380 1685
1459390 1685
1459400 1677
1459410 1670
1459420 1670
1459430 1663
1459440 1656
1459450 1656
1459460 1649
1459470 1639
1459480 1639
1459490 1632
1459500 1632
1459510 1632
1459520 1633
1459530 1635
1459540 1631
1459550 1631
1459560 1619
1459570 1607
1459580 1607
1459590 1592
1459600 1570
1459610 1570
1459620 1557
1459630 1547
1459640 1547
1459650 1542
1459660 1534
1459670 1534
1459680 1526
1459690 1522
1459700 1522
1459710 1520
1459720 1514
1459730 1514
1459740 1512
1459750 1509
1459760 1504
1459770 1504
1459780 1499
1459790 1497
1459800 1497
1459810 1495
1459820 1491
1459830 1491
1459840 1487
1459850 1483
1459860 1483
1459870 1480
1459880 1476
1459890 1476
1459900 1476
1459910 1475
1459920 1475
1459930 1472
1459940 1470
1459950 1470
1459960 1467
1459970 1464
1459980 1458
1459990 1458
