1440000 2013
1440010 2006
1440020 2006
1440030 1999
1440040 1992
1440050 1992
1440060 1986
1440070 1977
1440080 1977
1440090 1971
1440100 1966
1440110 1966
1440120 1952
1440130 1942
1440140 1939
1440150 1939
1440160 1944
1440170 1950
1440180 1950
1440190 1952
1440200 1957
1440210 1957
1440220 1960
1440230 1962
1440240 1962
1440250 1964
1440260 1966
1440270 1966
1440280 1968
1440290 1969
1440300 1969
1440310 1972
1440320 1976
1440330 1976
1440340 1978
1440350 1975
1440360 1971
1440370 1971
1440380 1967
1440390 1964
1440400 1964
1440410 1961
1440420 1958
1440430 1958
1440440 1955
1440450 1949
1440460 1949
1440470 1946
1440480 1942
1440490 1942
1440500 1938
1440510 1936
1440520 1936
1440530 1934
1440540 1932
1440550 1932
1440560 1928
1440570 1924
1440580 1920
1440590 1920
1440600 1913
1440610 1894
1440620 1894
1440630 1891
1440640 1889
1440650 1889
1440660 1884
1440670 1881
1440680 1881
1440690 1877
1440700 1876
1440710 1876
1440720 1874
1440730 1871
1440740 1871
1440750 1869
1440760 1865
1440770 1865
1440780 1860
1440790 1854
1440800 1854
1440810 1848
1440820 1840
1440830 1837
1440840 1837
1440850 1835
1440860 1836
1440870 1836
1440880 1836
1440890 1831
1440900 1831
1440910 1823
1440920 1814
1440930 1814
1440940 1806
1440950 1808
1440960 1808
1440970 1813
1440980 1812
1440990 1812
1441000 1811
1441010 1813
1441020 1813
1441030 1815
1441040 1812
1441050 1803
1441060 1803
1441070 1791
1441080 1781
1441090 1781
1441100 1771
1441110 1762
1441120 1762
1441130 1749
1441140 1738
1441150 1738
1441160 1730
1441170 1730
1441180 1730
1441190 1732
1441200 1729
1441210 1729
1441220 1729
1441230 1727
1441240 1727
1441250 1723
1441260 1717
1441270 1709
1441280 1709
1441290 1698
1441300 1691
1441310 1691
1441320 1687
1441330 1687
1441340 1687
1441350 1693
1441360 1694
1441370 1694
1441380 1696
1441390 1692
1441400 1692
1441410 1684
1441420 1675
1441430 1675
1441440 1666
1441450 1659
1441460 1659
1441470 1655
1441480 1651
1441490 1641
1441500 1641
1441510 1637
1441520 1637
1441530 1637
1441540 1631
1441550 1625
1441560 1625
1441570 1620
1441580 1620
1441590 1620
1441600 1619
1441610 1616
1441620 1616
1441630 1612
1441640 1592
1441650 1592
1441660 1580
1441670 1573
1441680 1573
1441690 1559
1441700 1545
1441710 1530
1441720 1530
1441730 1528
1441740 1531
1441750 1531
1441760 1535
1441770 1537
1441780 1537
1441790 1536
1441800 1531
1441810 1531
1441820 1526
1441830 1521
1441840 1521
1441850 1517
1441860 1511
1441870 1511
1441880 1506
1441890 1502
1441900 1502
1441910 1497
1441920 1493
1441930 1493
1441940 1489
1441950 1484
1441960 1478
1441970 1478
1441980 1474
1441990 1469
1442000 1469
1442010 1464
1442020 1462
1442030 1462
1442040 1460
1442050 1457
1442060 1457
1442070 1455
1442080 1454
1442090 1454
1442100 1450
1442110 1446
1442120 1446
1442130 1447
1442140 1445
1442150 1445
1442160 1442
1442170 1439
1442180 1437
1442190 1437
1442200 1433
1442210 1427
1442220 1427
1442230 1424
1442240 1423
1442250 1423
1442260 1421
1442270 1417
1442280 1417
1442290 1413
1442300 1414
1442310 1414
1442320 1415
1442330 1414
1442340 1414
1442350 1413
1442360 1409
1442370 1409
1442380 1405
1442390 1402
1442400 1401
1442410 1401
1442420 1402
1442430 1405
1442440 1405
1442450 1405
1442460 1403
1442470 1403
1442480 1402
1442490 1402
1442500 1402
1442510 1400
1442520 1391
1442530 1391
1442540 1389
1442550 1390
1442560 1390
1442570 1390
1442580 1389
1442590 1389
1442600 1389
1442610 1389
1442620 1389
1442630 1389
1442640 1390
1442650 1393
1442660 1393
1442670 1394
1442680 1394
1442690 1394
1442700 1394
1442710 1396
1442720 1396
1442730 1394
1442740 1393
1442750 1393
1442760 1393
1442770 1394
1442780 1394
1442790 1395
1442800 1396
1442810 1396
1442820 1394
1442830 1391
1442840 1391
1442850 1390
1442860 1388
1442870 1386
1442880 1386
1442890 1384
1442900 1382
1442910 1382
1442920 1380
1442930 1379
1442940 1379
1442950 1377
1442960 1376
1442970 1376
1442980 1376
1442990 1377
1443000 1377
1443010 1377
1443020 1377
1443030 1377
1443040 1380
1443050 1382
1443060 1382
1443070 1381
1443080 1381
1443090 1382
1443100 1382
1443110 1384
1443120 1385
1443130 1385
1443140 1387
1443150 1389
1443160 1389
1443170 1391
1443180 1395
1443190 1395
1443200 1394
1443210 1392
1443220 1392
1443230 1390
1443240 1389
1443250 1389
1443260 1388
1443270 1388
1443280 1388
1443290 1390
1443300 1390
1443310 1392
1443320 1392
1443330 1393
1443340 1393
1443350 1393
1443360 1392
1443370 1393
1443380 1393
1443390 1395
1443400 1398
1443410 1398
1443420 1399
1443430 1401
1443440 1401
1443450 1400
1443460 1398
1443470 1398
1443480 1397
1443490 1396
1443500 1396
1443510 1399
1443520 1414
1443530 1426
1443540 1426
1443550 1425
1443560 1419
1443570 1419
1443580 1417
1443590 1416
1443600 1427
1443610 1428
1443620 1427
1443630 1427
1443640 1421
1443650 1417
1443660 1417
1443670 1415
1443680 1411
1443690 1411
1443700 1409
1443710 1410
1443720 1410
1443730 1402
1443740 1392
1443750 1386
1443760 1386
1443770 1381
1443780 1377
1443790 1377
1443800 1371
1443810 1365
1443820 1365
1443830 1359
1443840 1356
1443850 1356
1443860 1355
1443870 1353
1443880 1353
1443890 1349
1443900 1346
1443910 1346
1443920 1344
1443930 1340
1443940 1340
1443950 1335
1443960 1330
1443970 1330
1443980 1327
1443990 1323
1444000 1317
1444010 1317
1444020 1311
1444030 1309
1444040 1309
1444050 1306
1444060 1304
1444070 1304
1444080 1301
1444090 1298
1444100 1298
1444110 1294
1444120 1290
1444130 1290
1444140 1288
1444150 1285
1444160 1285
1444170 1281
1444180 1278
1444190 1278
1444200 1275
1444210 1269
1444220 1263
1444230 1263
1444240 1259
1444250 1255
1444260 1255
1444270 1252
1444280 1248
1444290 1248
1444300 1244
1444310 1238
1444320 1238
1444330 1233
1444340 1227
1444350 1227
1444360 1224
1444370 1222
1444380 1222
1444390 1220
1444400 1218
1444410 1218
1444420 1217
1444430 1214
1444440 1212
1444450 1212
1444460 1207
1444470 1205
1444480 1205
1444490 1204
1444500 1202
1444510 1202
1444520 1199
1444530 1194
1444540 1194
1444550 1192
1444560 1192
1444570 1192
1444580 1192
1444590 1192
1444600 1192
1444610 1193
1444620 1193
1444630 1193
1444640 1193
1444650 1192
1444660 1189
1444670 1189
1444680 1187
1444690 1187
1444700 1187
1444710 1187
1444720 1188
1444730 1188
1444740 1188
1444750 1188
1444760 1188
1444770 1188
1444780 1188
1444790 1188
1444800 1187
1444810 1186
1444820 1186
1444830 1185
1444840 1185
1444850 1185
1444860 1185
1444870 1186
1444880 1187
1444890 1187
1444900 1187
1444910 1187
1444920 1187
1444930 1187
1444940 1187
1444950 1187
1444960 1187
1444970 1186
1444980 1186
1444990 1187
1445000 1185
1445010 1185
1445020 1184
1445030 1183
1445040 1183
1445050 1183
1445060 1182
1445070 1182
1445080 1180
1445090 1179
1445100 1179
1445110 1178
1445120 1176
1445130 1175
1445140 1175
1445150 1174
1445160 1173
1445170 1173
1445180 1171
1445190 1170
1445200 1170
1445210 1171
1445220 1172
1445230 1172
1445240 1174
1445250 1174
1445260 1174
1445270 1174
1445280 1174
1445290 1174
1445300 1176
1445310 1178
1445320 1178
1445330 1180
1445340 1183
1445350 1186
1445360 1186
1445370 1188
1445380 1191
1445390 1191
1445400 1193
1445410 1196
1445420 1196
1445430 1197
1445440 1199
1445450 1199
1445460 1202
1445470 1204
1445480 1204
1445490 1205
1445500 1209
1445510 1209
1445520 1210
1445530 1211
1445540 1211
1445550 1212
1445560 1212
1445570 1214
1445580 1214
1445590 1216
1445600 1218
1445610 1218
1445620 1220
1445630 1222
1445640 1222
1445650 1224
1445660 1224
1445670 1224
1445680 1225
1445690 1228
1445700 1228
1445710 1230
1445720 1232
1445730 1232
1445740 1234
1445750 1237
1445760 1237
1445770 1239
1445780 1241
1445790 1242
1445800 1242
1445810 1243
1445820 1243
1445830 1243
1445840 1243
1445850 1243
1445860 1243
1445870 1245
1445880 1250
1445890 1250
1445900 1256
1445910 1261
1445920 1261
1445930 1266
1445940 1269
1445950 1269
1445960 1273
1445970 1277
1445980 1277
1445990 1281
1446000 1285
1446010 1285
1446020 1290
1446030 1294
1446040 1298
1446050 1298
1446060 1301
1446070 1304
1446080 1304
1446090 1309
1446100 1312
1446110 1312
1446120 1317
1446130 1323
1446140 1323
1446150 1328
1446160 1332
1446170 1332
1446180 1337
1446190 1343
1446200 1343
1446210 1348
1446220 1354
1446230 1354
1446240 1361
1446250 1368
1446260 1371
1446270 1371
1446280 1374
1446290 1377
1446300 1377
1446310 1381
1446320 1386
1446330 1386
1446340 1391
1446350 1395
1446360 1395
1446370 1398
1446380 1401
1446390 1401
1446400 1404
1446410 1407
1446420 1407
1446430 1409
1446440 1411
1446450 1411
1446460 1414
1446470 1416
1446480 1419
1446490 1419
1446500 1421
1446510 1420
1446520 1420
1446530 1420
1446540 1422
1446550 1422
1446560 1424
1446570 1426
1446580 1426
1446590 1428
1446600 1430
1446610 1430
1446620 1431
1446630 1432
1446640 1432
1446650 1434
1446660 1437
1446670 1437
1446680 1440
1446690 1443
1446700 1446
1446710 1446
1446720 1451
1446730 1454
1446740 1454
1446750 1452
1446760 1444
1446770 1444
1446780 1443
1446790 1447
1446800 1447
1446810 1458
1446820 1463
1446830 1463
1446840 1466
1446850 1468
1446860 1468
1446870 1467
1446880 1465
1446890 1465
1446900 1468
1446910 1471
1446920 1472
1446930 1472
1446940 1474
1446950 1475
1446960 1475
1446970 1477
1446980 1482
1446990 1482
1447000 1485
1447010 1486
1447020 1486
1447030 1489
1447040 1494
1447050 1494
1447060 1500
1447070 1506
1447080 1506
1447090 1511
1447100 1514
1447110 1514
1447120 1517
1447130 1519
1447140 1519
1447150 1520
1447160 1522
1447170 1525
1447180 1525
1447190 1527
1447200 1530
1447210 1530
1447220 1534
1447230 1538
1447240 1538
1447250 1542
1447260 1546
1447270 1546
1447280 1551
1447290 1556
1447300 1556
1447310 1561
1447320 1565
1447330 1565
1447340 1570
1447350 1574
1447360 1574
1447370 1577
1447380 1579
1447390 1580
1447400 1580
1447410 1582
1447420 1585
1447430 1585
1447440 1587
1447450 1591
1447460 1591
1447470 1594
1447480 1599
1447490 1599
1447500 1603
1447510 1606
1447520 1606
1447530 1609
1447540 1613
1447550 1613
1447560 1616
1447570 1618
1447580 1618
1447590 1621
1447600 1623
1447610 1626
1447620 1626
1447630 1628
1447640 1631
1447650 1631
1447660 1634
1447670 1638
1447680 1638
1447690 1642
1447700 1646
1447710 1646
1447720 1649
1447730 1651
1447740 1651
1447750 1654
1447760 1658
1447770 1658
1447780 1660
1447790 1662
1447800 1662
1447810 1664
1447820 1667
1447830 1671
1447840 1671
1447850 1673
1447860 1674
1447870 1674
1447880 1677
1447890 1680
1447900 1680
1447910 1683
1447920 1685
1447930 1685
1447940 1687
1447950 1689
1447960 1689
1447970 1691
1447980 1694
1447990 1694
1448000 1697
1448010 1700
1448020 1700
1448030 1705
1448040 1707
1448050 1707
1448060 1711
1448070 1714
1448080 1718
1448090 1718
1448100 1720
1448110 1723
1448120 1723
1448130 1726
1448140 1728
1448150 1728
1448160 1731
1448170 1733
1448180 1733
1448190 1737
1448200 1740
1448210 1740
1448220 1747
1448230 1754
1448240 1754
1448250 1763
1448260 1770
1448270 1770
1448280 1776
1448290 1777
1448300 1783
1448310 1783
1448320 1788
1448330 1793
1448340 1793
1448350 1797
1448360 1802
1448370 1802
1448380 1807
1448390 1812
1448400 1812
1448410 1817
1448420 1821
1448430 1821
1448440 1826
1448450 1832
1448460 1832
1448470 1838
1448480 1844
1448490 1844
1448500 1848
1448510 1852
1448520 1856
1448530 1856
1448540 1860
1448550 1863
1448560 1863
1448570 1867
1448580 1871
1448590 1871
1448600 1875
1448610 1878
1448620 1878
1448630 1877
1448640 1880
1448650 1880
1448660 1882
1448670 1886
1448680 1886
1448690 1891
1448700 1896
1448710 1896
1448720 1903
1448730 1907
1448740 1912
1448750 1912
1448760 1917
1448770 1921
1448780 1921
1448790 1926
1448800 1929
1448810 1929
1448820 1935
1448830 1940
1448840 1940
1448850 1946
1448860 1948
1448870 1948
1448880 1950
1448890 1953
1448900 1953
1448910 1959
1448920 1965
1448930 1965
1448940 1971
1448950 1979
1448960 1984
1448970 1984
1448980 1988
1448990 1992
1449000 1992
1449010 1992
1449020 1995
1449030 1995
1449040 2002
1449050 2012
1449060 2012
1449070 2019
1449080 2021
1449090 2021
1449100 2023
1449110 2026
1449120 2026
1449130 2026
1449140 2029
1449150 2029
1449160 2033
1449170 2035
1449180 2035
1449190 2039
1449200 2043
1449210 2049
1449220 2049
1449230 2052
1449240 2056
1449250 2056
1449260 2061
1449270 2065
1449280 2065
1449290 2068
1449300 2073
1449310 2073
1449320 2077
1449330 2082
1449340 2082
1449350 2085
1449360 2088
1449370 2088
1449380 2092
1449390 2095
1449400 2095
1449410 2100
1449420 2103
1449430 2107
1449440 2107
1449450 2111
1449460 2118
1449470 2118
1449480 2125
1449490 2131
1449500 2131
1449510 2135
1449520 2140
1449530 2140
1449540 2143
1449550 2143
1449560 2143
1449570 2141
1449580 2140
1449590 2140
1449600 2142
1449610 2146
1449620 2146
1449630 2151
1449640 2157
1449650 2162
1449660 2162
1449670 2167
1449680 2172
1449690 2172
1449700 2176
1449710 2179
1449720 2179
1449730 2183
1449740 2186
1449750 2186
1449760 2188
1449770 2189
1449780 2189
1449790 2190
1449800 2193
1449810 2193
1449820 2196
1449830 2200
1449840 2200
1449850 2204
1449860 2209
1449870 2215
1449880 2215
1449890 2220
1449900 2226
1449910 2226
1449920 2230
1449930 2233
1449940 2233
1449950 2234
1449960 2237
1449970 2237
1449980 2241
1449990 2244
1450000 2244
1450010 2246
1450020 2248
1450030 2248
1450040 2250
1450050 2250
1450060 2250
1450070 2250
1450080 2243
1450090 2243
1450100 2230
1450110 2220
1450120 2210
1450130 2210
1450140 2202
1450150 2193
1450160 2193
1450170 2185
1450180 2178
1450190 2178
1450200 2173
1450210 2170
1450220 2170
1450230 2166
1450240 2162
1450250 2162
1450260 2158
1450270 2154
1450280 2154
1450290 2149
1450300 2145
1450310 2145
1450320 2145
1450330 2142
1450340 2138
1450350 2138
1450360 2134
1450370 2130
1450380 2130
1450390 2127
1450400 2124
1450410 2124
1450420 2120
1450430 2116
1450440 2116
1450450 2110
1450460 2105
1450470 2105
1450480 2101
1450490 2097
1450500 2097
1450510 2093
1450520 2089
1450530 2089
1450540 2084
1450550 2080
1450560 2077
1450570 2077
1450580 2072
1450590 2068
1450600 2068
1450610 2062
1450620 2057
1450630 2057
1450640 2052
1450650 2047
1450660 2047
1450670 2044
1450680 2041
1450690 2041
1450700 2038
1450710 2036
1450720 2036
1450730 2033
1450740 2030
1450750 2030
1450760 2028
1450770 2024
1450780 2021
1450790 2021
1450800 2018
1450810 2015
1450820 2015
1450830 2009
1450840 2007
1450850 2007
1450860 2008
1450870 2008
1450880 2008
1450890 2006
1450900 2003
1450910 2003
1450920 2002
1450930 2000
1450940 2000
1450950 1998
1450960 1993
1450970 1993
1450980 1992
1450990 1992
1451000 1990
1451010 1990
1451020 1989
1451030 1987
1451040 1987
1451050 1985
1451060 1983
1451070 1983
1451080 1982
1451090 1981
1451100 1981
1451110 1980
1451120 1979
1451130 1979
1451140 1980
1451150 1979
1451160 1979
1451170 1978
1451180 1975
1451190 1975
1451200 1971
1451210 1969
1451220 1969
1451230 1963
1451240 1963
1451250 1966
1451260 1966
1451270 1967
1451280 1970
1451290 1970
1451300 1975
1451310 1980
1451320 1980
1451330 1986
1451340 1991
1451350 1991
1451360 1996
1451370 2000
1451380 2000
1451390 2002
1451400 2003
1451410 2003
1451420 2003
1451430 2002
1451440 2002
1451450 2002
1451460 2000
1451470 1998
1451480 1998
1451490 1995
1451500 1993
1451510 1993
1451520 1988
1451530 1985
1451540 1985
1451550 1981
1451560 1976
1451570 1976
1451580 1969
1451590 1963
1451600 1963
1451610 1958
1451620 1952
1451630 1952
1451640 1946
1451650 1940
1451660 1940
1451670 1935
1451680 1932
1451690 1928
1451700 1928
1451710 1926
1451720 1926
1451730 1926
1451740 1927
1451750 1926
1451760 1926
1451770 1925
1451780 1923
1451790 1923
1451800 1922
1451810 1920
1451820 1920
1451830 1919
1451840 1917
1451850 1917
1451860 1914
1451870 1910
1451880 1910
1451890 1907
1451900 1903
1451910 1897
1451920 1897
1451930 1893
1451940 1890
1451950 1890
1451960 1885
1451970 1880
1451980 1880
1451990 1878
1452000 1875
1452010 1875
1452020 1874
1452030 1872
1452040 1872
1452050 1869
1452060 1868
1452070 1868
1452080 1867
1452090 1864
1452100 1864
1452110 1860
1452120 1859
1452130 1859
1452140 1858
1452150 1858
1452160 1859
1452170 1859
1452180 1859
1452190 1859
1452200 1859
1452210 1857
1452220 1855
1452230 1855
1452240 1853
1452250 1851
1452260 1851
1452270 1850
1452280 1849
1452290 1849
1452300 1848
1452310 1849
1452320 1849
1452330 1850
1452340 1851
1452350 1851
1452360 1852
1452370 1854
1452380 1856
1452390 1856
1452400 1858
1452410 1859
1452420 1859
1452430 1858
1452440 1857
1452450 1857
1452460 1857
1452470 1857
1452480 1857
1452490 1857
1452500 1857
1452510 1857
1452520 1856
1452530 1857
1452540 1857
1452550 1857
1452560 1856
1452570 1856
1452580 1856
1452590 1855
1452600 1855
1452610 1855
1452620 1854
1452630 1853
1452640 1853
1452650 1851
1452660 1850
1452670 1850
1452680 1849
1452690 1848
1452700 1848
1452710 1847
1452720 1845
1452730 1845
1452740 1844
1452750 1844
1452760 1844
1452770 1843
1452780 1841
1452790 1841
1452800 1840
1452810 1838
1452820 1836
1452830 1836
1452840 1833
1452850 1829
1452860 1829
1452870 1826
1452880 1823
1452890 1823
1452900 1821
1452910 1819
1452920 1819
1452930 1815
1452940 1811
1452950 1811
1452960 1807
1452970 1803
1452980 1803
1452990 1800
1453000 1798
1453010 1798
1453020 1794
1453030 1791
1453040 1786
1453050 1786
1453060 1781
1453070 1782
1453080 1782
1453090 1781
1453100 1778
1453110 1778
1453120 1775
1453130 1772
1453140 1772
1453150 1768
1453160 1766
1453170 1766
1453180 1764
1453190 1762
1453200 1762
1453210 1760
1453220 1759
1453230 1759
1453240 1756
1453250 1753
1453260 1753
1453270 1750
1453280 1745
1453290 1741
1453300 1741
1453310 1746
1453320 1747
1453330 1747
1453340 1746
1453350 1745
1453360 1745
1453370 1745
1453380 1745
1453390 1745
1453400 1745
1453410 1745
1453420 1745
1453430 1745
1453440 1745
1453450 1745
1453460 1745
1453470 1745
1453480 1745
1453490 1744
1453500 1740
1453510 1736
1453520 1736
1453530 1736
1453540 1735
1453550 1735
1453560 1734
1453570 1733
1453580 1733
1453590 1731
1453600 1730
1453610 1730
1453620 1730
1453630 1728
1453640 1728
1453650 1726
1453660 1724
1453670 1724
1453680 1723
1453690 1724
1453700 1724
1453710 1724
1453720 1723
1453730 1722
1453740 1722
1453750 1721
1453760 1720
1453770 1720
1453780 1719
1453790 1717
1453800 1717
1453810 1715
1453820 1712
1453830 1712
1453840 1710
1453850 1707
1453860 1707
1453870 1703
1453880 1699
1453890 1699
1453900 1696
1453910 1692
1453920 1692
1453930 1690
1453940 1691
1453950 1694
1453960 1694
1453970 1694
1453980 1691
1453990 1691
1454000 1688
1454010 1686
1454020 1686
1454030 1683
1454040 1681
1454050 1681
1454060 1679
1454070 1677
1454080 1677
1454090 1674
1454100 1669
1454110 1669
1454120 1664
1454130 1660
1454140 1660
1454150 1656
1454160 1651
1454170 1644
1454180 1644
1454190 1638
1454200 1634
1454210 1634
1454220 1626
1454230 1621
1454240 1610
1454250 1605
1454260 1600
1454270 1600
1454280 1595
1454290 1593
1454300 1593
1454310 1590
1454320 1586
1454330 1586
1454340 1582
1454350 1576
1454360 1576
1454370 1570
1454380 1564
1454390 1564
1454400 1558
1454410 1554
1454420 1549
1454430 1549
1454440 1545
1454450 1539
1454460 1539
1454470 1535
1454480 1533
1454490 1533
1454500 1531
1454510 1527
1454520 1527
1454530 1522
1454540 1516
1454550 1516
1454560 1511
1454570 1505
1454580 1505
1454590 1498
1454600 1491
1454610 1491
1454620 1485
1454630 1480
1454640 1473
1454650 1473
1454660 1464
1454670 1457
1454680 1457
1454690 1452
1454700 1445
1454710 1445
1454720 1440
1454730 1433
1454740 1433
1454750 1426
1454760 1420
1454770 1420
1454780 1415
1454790 1410
1454800 1410
1454810 1404
1454820 1399
1454830 1399
1454840 1393
1454850 1387
1454860 1380
1454870 1380
1454880 1374
1454890 1369
1454900 1369
1454910 1364
1454920 1360
1454930 1360
1454940 1356
1454950 1352
1454960 1352
1454970 1348
1454980 1343
1454990 1343
1455000 1337
1455010 1329
1455020 1329
1455030 1323
1455040 1318
1455050 1318
1455060 1312
1455070 1307
1455080 1302
1455090 1302
1455100 1297
1455110 1293
1455120 1293
1455130 1289
1455140 1285
1455150 1285
1455160 1279
1455170 1273
1455180 1273
1455190 1269
1455200 1265
1455210 1265
1455220 1260
1455230 1255
1455240 1255
1455250 1251
1455260 1246
1455270 1246
1455280 1242
1455290 1238
1455300 1238
1455310 1235
1455320 1232
1455330 1229
1455340 1229
1455350 1227
1455360 1225
1455370 1225
1455380 1224
1455390 1223
1455400 1223
1455410 1222
1455420 1221
1455430 1221
1455440 1218
1455450 1212
1455460 1212
1455470 1209
1455480 1208
1455490 1208
1455500 1207
1455510 1206
1455520 1206
1455530 1206
1455540 1206
1455550 1206
1455560 1206
1455570 1206
1455580 1207
1455590 1207
1455600 1208
1455610 1212
1455620 1212
1455630 1218
1455640 1221
1455650 1221
1455660 1223
1455670 1224
1455680 1224
1455690 1226
1455700 1227
1455710 1227
1455720 1229
1455730 1232
1455740 1232
1455750 1233
1455760 1235
1455770 1236
1455780 1236
1455790 1237
1455800 1238
1455810 1238
1455820 1239
1455830 1241
1455840 1241
1455850 1247
1455860 1252
1455870 1252
1455880 1256
1455890 1258
1455900 1258
1455910 1258
1455920 1258
1455930 1258
1455940 1258
1455950 1258
1455960 1258
1455970 1258
1455980 1260
1455990 1263
1456000 1263
1456010 1266
1456020 1268
1456030 1268
1456040 1270
1456050 1272
1456060 1272
1456070 1272
1456080 1273
1456090 1273
1456100 1274
1456110 1278
1456120 1278
1456130 1282
1456140 1287
1456150 1287
1456160 1292
1456170 1296
1456180 1296
1456190 1298
1456200 1300
1456210 1301
1456220 1301
1456230 1302
1456240 1305
1456250 1305
1456260 1307
1456270 1310
1456280 1310
1456290 1311
1456300 1314
1456310 1314
1456320 1317
1456330 1319
1456340 1319
1456350 1321
1456360 1322
1456370 1322
1456380 1323
1456390 1324
1456400 1324
1456410 1324
1456420 1326
1456430 1326
1456440 1328
1456450 1329
1456460 1331
1456470 1331
1456480 1333
1456490 1334
1456500 1334
1456510 1335
1456520 1336
1456530 1336
1456540 1337
1456550 1339
1456560 1339
1456570 1340
1456580 1345
1456590 1345
1456600 1349
1456610 1353
1456620 1353
1456630 1357
1456640 1360
1456650 1360
1456660 1363
1456670 1369
1456680 1376
1456690 1376
1456700 1381
1456710 1387
1456720 1387
1456730 1394
1456740 1400
1456750 1400
1456760 1407
1456770 1415
1456780 1415
1456790 1423
1456800 1431
1456810 1431
1456820 1439
1456830 1446
1456840 1446
1456850 1453
1456860 1461
1456870 1461
1456880 1467
1456890 1472
1456900 1478
1456910 1478
1456920 1485
1456930 1492
1456940 1492
1456950 1499
1456960 1506
1456970 1506
1456980 1511
1456990 1518
1457000 1518
1457010 1525
1457020 1532
1457030 1532
1457040 1539
1457050 1546
1457060 1546
1457070 1551
1457080 1557
1457090 1557
1457100 1562
1457110 1567
1457120 1574
1457130 1574
1457140 1579
1457150 1583
1457160 1583
1457170 1587
1457180 1591
1457190 1591
1457200 1597
1457210 1603
1457220 1603
1457230 1607
1457240 1612
1457250 1612
1457260 1616
1457270 1622
1457280 1622
1457290 1627
1457300 1633
1457310 1633
1457320 1639
1457330 1645
1457340 1652
1457350 1652
1457360 1658
1457370 1662
1457380 1662
1457390 1664
1457400 1667
1457410 1667
1457420 1669
1457430 1671
1457440 1671
1457450 1673
1457460 1675
1457470 1675
1457480 1677
1457490 1678
1457500 1678
1457510 1679
1457520 1681
1457530 1681
1457540 1682
1457550 1684
1457560 1684
1457570 1685
1457580 1688
1457590 1690
1457600 1690
1457610 1692
1457620 1694
1457630 1694
1457640 1695
1457650 1696
1457660 1696
1457670 1697
1457680 1698
1457690 1698
1457700 1698
1457710 1699
1457720 1699
1457730 1702
1457740 1703
1457750 1703
1457760 1705
1457770 1705
1457780 1705
1457790 1706
1457800 1709
1457810 1710
1457820 1710
1457830 1712
1457840 1714
1457850 1714
1457860 1715
1457870 1716
1457880 1716
1457890 1717
1457900 1718
1457910 1718
1457920 1719
1457930 1720
1457940 1720
1457950 1721
1457960 1722
1457970 1722
1457980 1723
1457990 1722
1458000 1722
1458010 1718
1458020 1715
1458030 1716
1458040 1716
1458050 1718
1458060 1720
1458070 1720
1458080 1722
1458090 1723
1458100 1723
1458110 1725
1458120 1726
1458130 1726
1458140 1727
1458150 1727
1458160 1727
1458170 1727
1458180 1727
1458190 1727
1458200 1728
1458210 1729
1458220 1729
1458230 1729
1458240 1730
1458250 1732
1458260 1732
1458270 1732
1458280 1732
1458290 1732
1458300 1731
1458310 1731
1458320 1731
1458330 1730
1458340 1730
1458350 1730
1458360 1730
1458370 1730
1458380 1730
1458390 1728
1458400 1726
1458410 1726
1458420 1725
1458430 1724
1458440 1724
1458450 1720
1458460 1715
1458470 1715
1458480 1714
1458490 1713
1458500 1709
1458510 1709
1458520 1706
1458530 1702
1458540 1702
1458550 1702
1458560 1700
1458570 1700
1458580 1698
1458590 1697
1458600 1697
1458610 1695
1458620 1694
1458630 1694
1458640 1693
1458650 1691
1458660 1691
1458670 1690
1458680 1689
1458690 1689
1458700 1688
1458710 1687
1458720 1684
1458730 1684
1458740 1678
1458750 1674
1458760 1674
1458770 1670
1458780 1664
1458790 1665
1458800 1658
1458810 1653
1458820 1653
1458830 1651
1458840 1647
1458850 1647
1458860 1641
1458870 1635
1458880 1635
1458890 1629
1458900 1627
1458910 1627
1458920 1626
1458930 1624
1458940 1621
1458950 1621
1458960 1617
1458970 1613
1458980 1613
1458990 1610
1459000 1608
1459010 1608
1459020 1605
1459030 1605
1459040 1605
1459050 1603
1459060 1602
1459070 1602
1459080 1602
1459090 1602
1459100 1602
1459110 1601
1459120 1600
1459130 1600
1459140 1599
1459150 1599
1459160 1597
1459170 1597
1459180 1595
1459190 1593
1459200 1593
1459210 1591
1459220 1588
1459230 1588
1459240 1585
1459250 1582
1459260 1582
1459270 1579
1459280 1576
1459290 1576
1459300 1574
1459310 1573
1459320 1573
1459330 1572
1459340 1570
1459350 1570
1459360 1569
1459370 1567
1459380 1566
1459390 1566
1459400 1563
1459410 1559
1459420 1559
1459430 1557
1459440 1555
1459450 1555
1459460 1553
1459470 1550
1459480 1550
1459490 1547
1459500 1543
1459510 1543
1459520 1539
1459530 1534
1459540 1534
1459550 1527
1459560 1523
1459570 1523
1459580 1520
1459590 1518
1459600 1518
1459610 1515
1459620 1513
1459630 1511
1459640 1511
1459650 1508
1459660 1503
1459670 1503
1459680 1498
1459690 1495
1459700 1495
1459710 1493
1459720 1491
1459730 1491
1459740 1487
1459750 1484
1459760 1484
1459770 1480
1459780 1476
1459790 1476
1459800 1471
1459810 1468
1459820 1468
1459830 1465
1459840 1462
1459850 1460
1459860 1460
1459870 1456
1459880 1455
1459890 1455
1459900 1455
1459910 1453
1459920 1453
1459930 1450
1459940 1447
1459950 1447
1459960 1446
1459970 1447
1459980 1447
1459990 1447
