1440000 2643
1440010 2645
1440020 2648
1440030 2649
1440040 2649
1440050 2652
1440060 2655
1440070 2655
1440080 2660
1440090 2664
1440100 2664
1440110 2669
1440120 2667
1440130 2667
1440140 2660
1440150 2653
1440160 2653
1440170 2648
1440180 2643
1440190 2643
1440200 2638
1440210 2637
1440220 2637
1440230 2630
1440240 2629
1440250 2635
1440260 2635
1440270 2636
1440280 2638
1440290 2638
1440300 2636
1440310 2626
1440320 2626
1440330 2617
1440340 2612
1440350 2612
1440360 2609
1440370 2606
1440380 2606
1440390 2600
1440400 2591
1440410 2591
1440420 2581
1440430 2575
1440440 2575
1440450 2575
1440460 2572
1440470 2572
1440480 2562
1440490 2553
1440500 2547
1440510 2547
1440520 2548
1440530 2552
1440540 2552
1440550 2560
1440560 2563
1440570 2563
1440580 2570
1440590 2572
1440600 2572
1440610 2565
1440620 2564
1440630 2564
1440640 2563
1440650 2556
1440660 2556
1440670 2546
1440680 2537
1440690 2537
1440700 2529
1440710 2525
1440720 2526
1440730 2526
1440740 2527
1440750 2528
1440760 2528
1440770 2532
1440780 2534
1440790 2534
1440800 2529
1440810 2523
1440820 2523
1440830 2519
1440840 2516
1440850 2516
1440860 2509
1440870 2500
1440880 2500
1440890 2493
1440900 2486
1440910 2486
1440920 2478
1440930 2477
1440940 2479
1440950 2479
1440960 2481
1440970 2484
1440980 2484
1440990 2478
1441000 2469
1441010 2469
1441020 2458
1441030 2448
1441040 2448
1441050 2438
1441060 2435
1441070 2435
1441080 2441
1441090 2437
1441100 2437
1441110 2432
1441120 2433
1441130 2433
1441140 2427
1441150 2419
1441160 2419
1441170 2413
1441180 2411
1441190 2408
1441200 2408
1441210 2403
1441220 2399
1441230 2399
1441240 2413
1441250 2417
1441260 2417
1441270 2412
1441280 2403
1441290 2403
1441300 2394
1441310 2387
1441320 2387
1441330 2378
1441340 2370
1441350 2370
1441360 2363
1441370 2358
1441380 2358
1441390 2351
1441400 2348
1441410 2350
1441420 2350
1441430 2354
1441440 2356
1441450 2356
1441460 2358
1441470 2360
1441480 2360
1441490 2361
1441500 2360
1441510 2360
1441520 2361
1441530 2355
1441540 2355
1441550 2347
1441560 2340
1441570 2340
1441580 2334
1441590 2328
1441600 2328
1441610 2322
1441620 2319
1441630 2314
1441640 2314
1441650 2310
1441660 2306
1441670 2306
1441680 2304
1441690 2301
1441700 2301
1441710 2300
1441720 2301
1441730 2301
1441740 2297
1441750 2294
1441760 2294
1441770 2297
1441780 2305
1441790 2305
1441800 2301
1441810 2294
1441820 2294
1441830 2289
1441840 2283
1441850 2275
1441860 2275
1441870 2267
1441880 2259
1441890 2259
1441900 2252
1441910 2247
1441920 2247
1441930 2243
1441940 2238
1441950 2238
1441960 2233
1441970 2227
1441980 2227
1441990 2222
1442000 2217
1442010 2217
1442020 2214
1442030 2210
1442040 2210
1442050 2207
1442060 2202
1442070 2202
1442080 2195
1442090 2187
1442100 2181
1442110 2181
1442120 2173
1442130 2166
1442140 2166
1442150 2159
1442160 2151
1442170 2151
1442180 2145
1442190 2140
1442200 2140
1442210 2133
1442220 2125
1442230 2125
1442240 2122
1442250 2121
1442260 2121
1442270 2117
1442280 2114
1442290 2114
1442300 2109
1442310 2104
1442320 2102
1442330 2102
1442340 2100
1442350 2097
1442360 2097
1442370 2096
1442380 2092
1442390 2092
1442400 2082
1442410 2074
1442420 2074
1442430 2067
1442440 2062
1442450 2062
1442460 2058
1442470 2055
1442480 2055
1442490 2051
1442500 2046
1442510 2046
1442520 2039
1442530 2034
1442540 2029
1442550 2029
1442560 2024
1442570 2019
1442580 2019
1442590 2015
1442600 2012
1442610 2012
1442620 2008
1442630 2005
1442640 2005
1442650 2001
1442660 1998
1442670 1998
1442680 1997
1442690 1997
1442700 1997
1442710 1995
1442720 1995
1442730 1995
1442740 1994
1442750 1988
1442760 1980
1442770 1987
1442780 1980
1442790 1973
1442800 1973
1442810 1965
1442820 1953
1442830 1953
1442840 1929
1442850 1912
1442860 1912
1442870 1895
1442880 1883
1442890 1883
1442900 1876
1442910 1871
1442920 1871
1442930 1867
1442940 1863
1442950 1863
1442960 1861
1442970 1858
1442980 1858
1442990 1851
1443000 1841
1443010 1820
1443020 1820
1443030 1802
1443040 1781
1443050 1781
1443060 1761
1443070 1743
1443080 1743
1443090 1731
1443100 1735
1443110 1735
1443120 1728
1443130 1717
1443140 1717
1443150 1705
1443160 1683
1443170 1683
1443180 1673
1443190 1674
1443200 1674
1443210 1664
1443220 1638
1443230 1601
1443240 1601
1443250 1573
1443260 1558
1443270 1558
1443280 1541
1443290 1525
1443300 1525
1443310 1517
1443320 1511
1443330 1511
1443340 1502
1443350 1491
1443360 1491
1443370 1483
1443380 1473
1443390 1473
1443400 1461
1443410 1449
1443420 1449
1443430 1439
1443440 1430
1443450 1422
1443460 1422
1443470 1412
1443480 1404
1443490 1404
1443500 1396
1443510 1389
1443520 1389
1443530 1383
1443540 1377
1443550 1377
1443560 1372
1443570 1369
1443580 1369
1443590 1364
1443600 1357
1443610 1357
1443620 1353
1443630 1348
1443640 1348
1443650 1342
1443660 1337
1443670 1337
1443680 1332
1443690 1326
1443700 1321
1443710 1321
1443720 1315
1443730 1309
1443740 1309
1443750 1303
1443760 1297
1443770 1297
1443780 1292
1443790 1286
1443800 1286
1443810 1280
1443820 1275
1443830 1275
1443840 1270
1443850 1265
1443860 1265
1443870 1261
1443880 1256
1443890 1256
1443900 1249
1443910 1244
1443920 1238
1443930 1238
1443940 1230
1443950 1222
1443960 1222
1443970 1215
1443980 1208
1443990 1208
1444000 1201
1444010 1195
1444020 1195
1444030 1190
1444040 1186
1444050 1186
1444060 1181
1444070 1176
1444080 1176
1444090 1171
1444100 1167
1444110 1167
1444120 1162
1444130 1158
1444140 1153
1444150 1153
1444160 1148
1444170 1142
1444180 1142
1444190 1137
1444200 1130
1444210 1130
1444220 1123
1444230 1117
1444240 1117
1444250 1112
1444260 1106
1444270 1106
1444280 1104
1444290 1106
1444300 1106
1444310 1110
1444320 1109
1444330 1109
1444340 1104
1444350 1101
1444360 1101
1444370 1101
1444380 1101
1444390 1104
1444400 1104
1444410 1108
1444420 1115
1444430 1115
1444440 1121
1444450 1124
1444460 1124
1444470 1125
1444480 1126
1444490 1126
1444500 1124
1444510 1122
1444520 1122
1444530 1121
1444540 1121
1444550 1121
1444560 1121
1444570 1121
1444580 1121
1444590 1120
1444600 1119
1444610 1119
1444620 1119
1444630 1120
1444640 1120
1444650 1120
1444660 1121
1444670 1121
1444680 1121
1444690 1122
1444700 1124
1444710 1124
1444720 1125
1444730 1128
1444740 1128
1444750 1128
1444760 1130
1444770 1130
1444780 1131
1444790 1132
1444800 1132
1444810 1133
1444820 1135
1444830 1136
1444840 1136
1444850 1137
1444860 1139
1444870 1139
1444880 1140
1444890 1140
1444900 1140
1444910 1142
1444920 1145
1444930 1145
1444940 1146
1444950 1146
1444960 1146
1444970 1146
1444980 1147
1444990 1147
1445000 1149
1445010 1150
1445020 1150
1445030 1151
1445040 1153
1445050 1154
1445060 1154
1445070 1155
1445080 1156
1445090 1156
1445100 1158
1445110 1159
1445120 1159
1445130 1161
1445140 1162
1445150 1162
1445160 1165
1445170 1169
1445180 1169
1445190 1171
1445200 1172
1445210 1172
1445220 1172
1445230 1172
1445240 1172
1445250 1172
1445260 1173
1445270 1176
1445280 1176
1445290 1180
1445300 1184
1445310 1184
1445320 1185
1445330 1187
1445340 1187
1445350 1189
1445360 1192
1445370 1192
1445380 1194
1445390 1197
1445400 1197
1445410 1200
1445420 1202
1445430 1202
1445440 1202
1445450 1207
1445460 1207
1445470 1213
1445480 1211
1445490 1211
1445500 1212
1445510 1214
1445520 1217
1445530 1217
1445540 1220
1445550 1225
1445560 1225
1445570 1231
1445580 1238
1445590 1238
1445600 1243
1445610 1246
1445620 1246
1445630 1249
1445640 1253
1445650 1253
1445660 1251
1445670 1249
1445680 1249
1445690 1250
1445700 1254
1445710 1254
1445720 1259
1445730 1262
1445740 1266
1445750 1266
1445760 1271
1445770 1276
1445780 1276
1445790 1281
1445800 1294
1445810 1294
1445820 1305
1445830 1310
1445840 1310
1445850 1311
1445860 1312
1445870 1312
1445880 1314
1445890 1315
1445900 1315
1445910 1319
1445920 1322
1445930 1325
1445940 1328
1445950 1331
1445960 1335
1445970 1335
1445980 1340
1445990 1347
1446000 1347
1446010 1356
1446020 1360
1446030 1360
1446040 1362
1446050 1364
1446060 1364
1446070 1365
1446080 1368
1446090 1368
1446100 1370
1446110 1372
1446120 1372
1446130 1377
1446140 1383
1446150 1383
1446160 1388
1446170 1392
1446180 1392
1446190 1396
1446200 1401
1446210 1405
1446220 1405
1446230 1408
1446240 1412
1446250 1412
1446260 1416
1446270 1421
1446280 1421
1446290 1425
1446300 1430
1446310 1430
1446320 1435
1446330 1437
1446340 1437
1446350 1440
1446360 1444
1446370 1444
1446380 1449
1446390 1450
1446400 1450
1446410 1452
1446420 1455
1446430 1458
1446440 1458
1446450 1459
1446460 1459
1446470 1459
1446480 1462
1446490 1466
1446500 1466
1446510 1471
1446520 1477
1446530 1477
1446540 1479
1446550 1479
1446560 1479
1446570 1481
1446580 1484
1446590 1484
1446600 1486
1446610 1489
1446620 1489
1446630 1491
1446640 1493
1446650 1495
1446660 1495
1446670 1497
1446680 1501
1446690 1501
1446700 1503
1446710 1506
1446720 1506
1446730 1507
1446740 1510
1446750 1510
1446760 1514
1446770 1517
1446780 1517
1446790 1520
1446800 1520
1446810 1520
1446820 1523
1446830 1524
1446840 1524
1446850 1524
1446860 1527
1446870 1530
1446880 1530
1446890 1537
1446900 1543
1446910 1543
1446920 1546
1446930 1550
1446940 1550
1446950 1554
1446960 1558
1446970 1558
1446980 1562
1446990 1567
1447000 1567
1447010 1570
1447020 1575
1447030 1575
1447040 1581
1447050 1586
1447060 1586
1447070 1592
1447080 1598
1447090 1598
1447100 1604
1447110 1607
1447120 1609
1447130 1609
1447140 1613
1447150 1616
1447160 1616
1447170 1618
1447180 1620
1447190 1620
1447200 1622
1447210 1625
1447220 1625
1447230 1627
1447240 1631
1447250 1631
1447260 1635
1447270 1636
1447280 1636
1447290 1637
1447300 1639
1447310 1639
1447320 1642
1447330 1644
1447340 1647
1447350 1647
1447360 1651
1447370 1657
1447380 1657
1447390 1662
1447400 1666
1447410 1666
1447420 1671
1447430 1676
1447440 1676
1447450 1682
1447460 1687
1447470 1687
1447480 1693
1447490 1699
1447500 1699
1447510 1703
1447520 1706
1447530 1706
1447540 1710
1447550 1714
1447560 1718
1447570 1718
1447580 1723
1447590 1728
1447600 1728
1447610 1732
1447620 1737
1447630 1737
1447640 1741
1447650 1745
1447660 1745
1447670 1749
1447680 1752
1447690 1752
1447700 1756
1447710 1761
1447720 1761
1447730 1764
1447740 1767
1447750 1767
1447760 1769
1447770 1771
1447780 1771
1447790 1773
1447800 1775
1447810 1778
1447820 1778
1447830 1781
1447840 1783
1447850 1783
1447860 1786
1447870 1789
1447880 1789
1447890 1791
1447900 1795
1447910 1795
1447920 1798
1447930 1801
1447940 1801
1447950 1805
1447960 1808
1447970 1808
1447980 1812
1447990 1816
1448000 1816
1448010 1819
1448020 1824
1448030 1829
1448040 1829
1448050 1833
1448060 1836
1448070 1836
1448080 1840
1448090 1843
1448100 1843
1448110 1846
1448120 1850
1448130 1850
1448140 1854
1448150 1858
1448160 1858
1448170 1861
1448180 1865
1448190 1865
1448200 1869
1448210 1872
1448220 1872
1448230 1876
1448240 1881
1448250 1884
1448260 1884
1448270 1887
1448280 1889
1448290 1889
1448300 1891
1448310 1893
1448320 1893
1448330 1895
1448340 1895
1448350 1895
1448360 1896
1448370 1899
1448380 1899
1448390 1904
1448400 1907
1448410 1907
1448420 1910
1448430 1914
1448440 1914
1448450 1918
1448460 1923
1448470 1927
1448480 1927
1448490 1930
1448500 1932
1448510 1932
1448520 1934
1448530 1938
1448540 1938
1448550 1943
1448560 1947
1448570 1947
1448580 1951
1448590 1955
1448600 1955
1448610 1959
1448620 1964
1448630 1964
1448640 1966
1448650 1968
1448660 1968
1448670 1972
1448680 1977
1448690 1977
1448700 1979
1448710 1983
1448720 1986
1448730 1986
1448740 1988
1448750 1991
1448760 1991
1448770 1995
1448780 2000
1448790 2000
1448800 2005
1448810 2009
1448820 2009
1448830 2014
1448840 2019
1448850 2019
1448860 2024
1448870 2028
1448880 2028
1448890 2031
1448900 2034
1448910 2034
1448920 2037
1448930 2040
1448940 2043
1448950 2043
1448960 2046
1448970 2049
1448980 2049
1448990 2052
1449000 2056
1449010 2056
1449020 2060
1449030 2065
1449040 2065
1449050 2070
1449060 2076
1449070 2076
1449080 2082
1449090 2086
1449100 2086
1449110 2091
1449120 2096
1449130 2096
1449140 2102
1449150 2107
1449160 2110
1449170 2110
1449180 2111
1449190 2111
1449200 2111
1449210 2111
1449220 2114
1449230 2114
1449240 2120
1449250 2117
1449260 2117
1449270 2120
1449280 2130
1449290 2130
1449300 2129
1449310 2127
1449320 2127
1449330 2130
1449340 2125
1449350 2125
1449360 2130
1449370 2129
1449380 2129
1449390 2129
1449400 2135
1449410 2139
1449420 2139
1449430 2146
1449440 2153
1449450 2153
1449460 2156
1449470 2155
1449480 2155
1449490 2156
1449500 2157
1449510 2157
1449520 2156
1449530 2154
1449540 2154
1449550 2152
1449560 2149
1449570 2149
1449580 2148
1449590 2147
1449600 2147
1449610 2147
1449620 2147
1449630 2146
1449640 2146
1449650 2146
1449660 2146
1449670 2146
1449680 2146
1449690 2146
1449700 2146
1449710 2146
1449720 2146
1449730 2146
1449740 2146
1449750 2146
1449760 2146
1449770 2147
1449780 2147
1449790 2147
1449800 2147
1449810 2147
1449820 2147
1449830 2147
1449840 2147
1449850 2147
1449860 2147
1449870 2147
1449880 2146
1449890 2146
1449900 2145
1449910 2144
1449920 2144
1449930 2143
1449940 2142
1449950 2142
1449960 2141
1449970 2140
1449980 2140
1449990 2138
1450000 2134
1450010 2134
1450020 2128
1450030 2122
1450040 2122
1450050 2116
1450060 2111
1450070 2104
1450080 2104
1450090 2095
1450100 2087
1450110 2087
1450120 2079
1450130 2068
1450140 2068
1450150 2058
1450160 2051
1450170 2051
1450180 2045
1450190 2039
1450200 2039
1450210 2034
1450220 2029
1450230 2029
1450240 2024
1450250 2019
1450260 2019
1450270 2013
1450280 2007
1450290 2007
1450300 2001
1450310 1994
1450320 1987
1450330 1987
1450340 1982
1450350 1975
1450360 1975
1450370 1969
1450380 1964
1450390 1964
1450400 1959
1450410 1953
1450420 1953
1450430 1948
1450440 1942
1450450 1942
1450460 1936
1450470 1931
1450480 1931
1450490 1926
1450500 1920
1450510 1920
1450520 1915
1450530 1910
1450540 1905
1450550 1905
1450560 1899
1450570 1892
1450580 1892
1450590 1886
1450600 1879
1450610 1879
1450620 1871
1450630 1868
1450640 1868
1450650 1863
1450660 1856
1450670 1856
1450680 1858
1450690 1857
1450700 1857
1450710 1854
1450720 1850
1450730 1850
1450740 1847
1450750 1842
1450760 1837
1450770 1837
1450780 1833
1450790 1829
1450800 1829
1450810 1825
1450820 1821
1450830 1821
1450840 1817
1450850 1813
1450860 1813
1450870 1808
1450880 1802
1450890 1802
1450900 1795
1450910 1788
1450920 1788
1450930 1786
1450940 1783
1450950 1783
1450960 1781
1450970 1777
1450980 1774
1450990 1774
1451000 1771
1451010 1768
1451020 1768
1451030 1764
1451040 1761
1451050 1761
1451060 1758
1451070 1755
1451080 1755
1451090 1752
1451100 1749
1451110 1749
1451120 1747
1451130 1744
1451140 1744
1451150 1741
1451160 1738
1451170 1738
1451180 1735
1451190 1732
1451200 1732
1451210 1729
1451220 1726
1451230 1724
1451240 1724
1451250 1721
1451260 1718
1451270 1718
1451280 1716
1451290 1713
1451300 1713
1451310 1711
1451320 1708
1451330 1708
1451340 1706
1451350 1703
1451360 1703
1451370 1701
1451380 1699
1451390 1699
1451400 1698
1451410 1696
1451420 1696
1451430 1695
1451440 1693
1451450 1691
1451460 1691
1451470 1691
1451480 1690
1451490 1690
1451500 1688
1451510 1686
1451520 1686
1451530 1684
1451540 1684
1451550 1684
1451560 1683
1451570 1681
1451580 1681
1451590 1675
1451600 1667
1451610 1667
1451620 1659
1451630 1652
1451640 1652
1451650 1650
1451660 1646
1451670 1644
1451680 1644
1451690 1641
1451700 1640
1451710 1640
1451720 1639
1451730 1639
1451740 1639
1451750 1640
1451760 1639
1451770 1639
1451780 1639
1451790 1640
1451800 1640
1451810 1643
1451820 1648
1451830 1648
1451840 1650
1451850 1653
1451860 1653
1451870 1647
1451880 1640
1451890 1632
1451900 1632
1451910 1626
1451920 1622
1451930 1622
1451940 1619
1451950 1618
1451960 1618
1451970 1616
1451980 1615
1451990 1615
1452000 1615
1452010 1617
1452020 1617
1452030 1620
1452040 1623
1452050 1623
1452060 1626
1452070 1626
1452080 1626
1452090 1627
1452100 1628
1452110 1628
1452120 1628
1452130 1628
1452140 1628
1452150 1628
1452160 1627
1452170 1626
1452180 1626
1452190 1623
1452200 1622
1452210 1622
1452220 1620
1452230 1618
1452240 1618
1452250 1616
1452260 1614
1452270 1614
1452280 1612
1452290 1610
1452300 1610
1452310 1610
1452320 1608
1452330 1608
1452340 1607
1452350 1606
1452360 1605
1452370 1605
1452380 1604
1452390 1602
1452400 1602
1452410 1601
1452420 1600
1452430 1600
1452440 1597
1452450 1595
1452460 1595
1452470 1596
1452480 1595
1452490 1595
1452500 1593
1452510 1592
1452520 1592
1452530 1590
1452540 1589
1452550 1589
1452560 1587
1452570 1587
1452580 1586
1452590 1586
1452600 1585
1452610 1584
1452620 1584
1452630 1584
1452640 1583
1452650 1583
1452660 1582
1452670 1581
1452680 1581
1452690 1580
1452700 1577
1452710 1577
1452720 1575
1452730 1574
1452740 1574
1452750 1574
1452760 1572
1452770 1572
1452780 1570
1452790 1568
1452800 1568
1452810 1566
1452820 1564
1452830 1561
1452840 1561
1452850 1558
1452860 1556
1452870 1556
1452880 1553
1452890 1551
1452900 1551
1452910 1548
1452920 1546
1452930 1546
1452940 1545
1452950 1544
1452960 1544
1452970 1544
1452980 1544
1452990 1544
1453000 1543
1453010 1541
1453020 1541
1453030 1539
1453040 1538
1453050 1537
1453060 1537
1453070 1536
1453080 1535
1453090 1535
1453100 1534
1453110 1533
1453120 1533
1453130 1532
1453140 1527
1453150 1527
1453160 1526
1453170 1524
1453180 1524
1453190 1522
1453200 1521
1453210 1521
1453220 1520
1453230 1518
1453240 1518
1453250 1517
1453260 1515
1453270 1514
1453280 1514
1453290 1513
1453300 1512
1453310 1512
1453320 1511
1453330 1511
1453340 1511
1453350 1512
1453360 1512
1453370 1512
1453380 1512
1453390 1512
1453400 1512
1453410 1511
1453420 1511
1453430 1511
1453440 1510
1453450 1504
1453460 1504
1453470 1499
1453480 1498
1453490 1500
1453500 1500
1453510 1502
1453520 1503
1453530 1503
1453540 1502
1453550 1502
1453560 1502
1453570 1503
1453580 1503
1453590 1503
1453600 1503
1453610 1504
1453620 1504
1453630 1505
1453640 1505
1453650 1505
1453660 1505
1453670 1507
1453680 1507
1453690 1509
1453700 1512
1453710 1512
1453720 1513
1453730 1514
1453740 1515
1453750 1515
1453760 1514
1453770 1508
1453780 1508
1453790 1500
1453800 1493
1453810 1493
1453820 1497
1453830 1501
1453840 1501
1453850 1504
1453860 1505
1453870 1505
1453880 1506
1453890 1505
1453900 1505
1453910 1507
1453920 1507
1453930 1507
1453940 1507
1453950 1508
1453960 1512
1453970 1512
1453980 1513
1453990 1514
1454000 1514
1454010 1514
1454020 1514
1454030 1514
1454040 1515
1454050 1514
1454060 1514
1454070 1513
1454080 1511
1454090 1511
1454100 1513
1454110 1516
1454120 1516
1454130 1516
1454140 1515
1454150 1515
1454160 1514
1454170 1514
1454180 1517
1454190 1517
1454200 1517
1454210 1515
1454220 1515
1454230 1513
1454240 1508
1454250 1508
1454260 1501
1454270 1493
1454280 1493
1454290 1491
1454300 1491
1454310 1491
1454320 1491
1454330 1491
1454340 1491
1454350 1495
1454360 1497
1454370 1497
1454380 1499
1454390 1502
1454400 1508
1454410 1508
1454420 1510
1454430 1511
1454440 1511
1454450 1515
1454460 1518
1454470 1518
1454480 1518
1454490 1518
1454500 1518
1454510 1520
1454520 1523
1454530 1523
1454540 1523
1454550 1523
1454560 1523
1454570 1523
1454580 1522
1454590 1522
1454600 1520
1454610 1517
1454620 1517
1454630 1513
1454640 1511
1454650 1511
1454660 1511
1454670 1511
1454680 1516
1454690 1516
1454700 1522
1454710 1525
1454720 1525
1454730 1526
1454740 1522
1454750 1522
1454760 1517
1454770 1513
1454780 1513
1454790 1516
1454800 1520
1454810 1520
1454820 1525
1454830 1528
1454840 1528
1454850 1530
1454860 1531
1454870 1531
1454880 1531
1454890 1528
1454900 1522
1454910 1522
1454920 1515
1454930 1508
1454940 1508
1454950 1502
1454960 1500
1454970 1500
1454980 1499
1454990 1499
1455000 1499
1455010 1503
1455020 1507
1455030 1507
1455040 1510
1455050 1513
1455060 1513
1455070 1514
1455080 1514
1455090 1513
1455100 1513
1455110 1512
1455120 1511
1455130 1511
1455140 1509
1455150 1507
1455160 1507
1455170 1505
1455180 1503
1455190 1503
1455200 1500
1455210 1497
1455220 1497
1455230 1495
1455240 1492
1455250 1492
1455260 1489
1455270 1486
1455280 1486
1455290 1482
1455300 1479
1455310 1479
1455320 1476
1455330 1472
1455340 1468
1455350 1468
1455360 1463
1455370 1459
1455380 1459
1455390 1453
1455400 1447
1455410 1447
1455420 1441
1455430 1436
1455440 1436
1455450 1430
1455460 1425
1455470 1425
1455480 1420
1455490 1416
1455500 1416
1455510 1412
1455520 1407
1455530 1407
1455540 1403
1455550 1399
1455560 1395
1455570 1395
1455580 1391
1455590 1388
1455600 1388
1455610 1386
1455620 1383
1455630 1383
1455640 1380
1455650 1377
1455660 1377
1455670 1374
1455680 1370
1455690 1370
1455700 1367
1455710 1363
1455720 1363
1455730 1359
1455740 1354
1455750 1354
1455760 1349
1455770 1344
1455780 1337
1455790 1337
1455800 1333
1455810 1326
1455820 1326
1455830 1322
1455840 1320
1455850 1320
1455860 1319
1455870 1322
1455880 1322
1455890 1319
1455900 1317
1455910 1317
1455920 1315
1455930 1311
1455940 1311
1455950 1306
1455960 1300
1455970 1300
1455980 1296
1455990 1293
1456000 1291
1456010 1291
1456020 1289
1456030 1286
1456040 1286
1456050 1282
1456060 1277
1456070 1277
1456080 1272
1456090 1268
1456100 1268
1456110 1263
1456120 1260
1456130 1260
1456140 1257
1456150 1255
1456160 1255
1456170 1252
1456180 1247
1456190 1247
1456200 1243
1456210 1240
1456220 1240
1456230 1234
1456240 1229
1456250 1225
1456260 1225
1456270 1221
1456280 1218
1456290 1218
1456300 1214
1456310 1210
1456320 1210
1456330 1206
1456340 1204
1456350 1204
1456360 1203
1456370 1202
1456380 1202
1456390 1200
1456400 1197
1456410 1197
1456420 1190
1456430 1187
1456440 1187
1456450 1186
1456460 1181
1456470 1180
1456480 1180
1456490 1178
1456500 1174
1456510 1174
1456520 1170
1456530 1168
1456540 1168
1456550 1165
1456560 1162
1456570 1162
1456580 1161
1456590 1160
1456600 1160
1456610 1158
1456620 1157
1456630 1157
1456640 1154
1456650 1148
1456660 1148
1456670 1149
1456680 1156
1456690 1162
1456700 1162
1456710 1166
1456720 1170
1456730 1170
1456740 1172
1456750 1173
1456760 1173
1456770 1175
1456780 1178
1456790 1178
1456800 1181
1456810 1184
1456820 1184
1456830 1186
1456840 1189
1456850 1189
1456860 1192
1456870 1194
1456880 1194
1456890 1197
1456900 1201
1456910 1204
1456920 1204
1456930 1208
1456940 1212
1456950 1212
1456960 1216
1456970 1218
1456980 1218
1456990 1221
1457000 1224
1457010 1224
1457020 1229
1457030 1234
1457040 1234
1457050 1241
1457060 1246
1457070 1246
1457080 1250
1457090 1252
1457100 1252
1457110 1255
1457120 1258
1457130 1258
1457140 1261
1457150 1265
1457160 1268
1457170 1268
1457180 1271
1457190 1273
1457200 1273
1457210 1276
1457220 1277
1457230 1277
1457240 1277
1457250 1277
1457260 1277
1457270 1280
1457280 1283
1457290 1283
1457300 1287
1457310 1293
1457320 1293
1457330 1298
1457340 1306
1457350 1306
1457360 1312
1457370 1314
1457380 1317
1457390 1317
1457400 1320
1457410 1323
1457420 1323
1457430 1327
1457440 1329
1457450 1329
1457460 1331
1457470 1333
1457480 1333
1457490 1341
1457500 1343
1457510 1343
1457520 1345
1457530 1348
1457540 1348
1457550 1349
1457560 1350
1457570 1350
1457580 1351
1457590 1353
1457600 1358
1457610 1358
1457620 1364
1457630 1370
1457640 1370
1457650 1374
1457660 1374
1457670 1374
1457680 1373
1457690 1372
1457700 1372
1457710 1373
1457720 1373
1457730 1373
1457740 1374
1457750 1374
1457760 1374
1457770 1373
1457780 1372
1457790 1372
1457800 1373
1457810 1375
1457820 1375
1457830 1379
1457840 1381
1457850 1382
1457860 1382
1457870 1384
1457880 1385
1457890 1385
1457900 1386
1457910 1386
1457920 1386
1457930 1388
1457940 1389
1457950 1389
1457960 1390
1457970 1390
1457980 1390
1457990 1390
1458000 1391
1458010 1391
1458020 1392
1458030 1392
1458040 1392
1458050 1393
1458060 1393
1458070 1394
1458080 1394
1458090 1395
1458100 1396
1458110 1396
1458120 1397
1458130 1397
1458140 1397
1458150 1397
1458160 1398
1458170 1398
1458180 1399
1458190 1399
1458200 1399
1458210 1398
1458220 1399
1458230 1399
1458240 1399
1458250 1399
1458260 1399
1458270 1400
1458280 1399
1458290 1399
1458300 1399
1458310 1400
1458320 1402
1458330 1402
1458340 1404
1458350 1405
1458360 1405
1458370 1405
1458380 1405
1458390 1405
1458400 1405
1458410 1405
1458420 1405
1458430 1405
1458440 1404
1458450 1404
1458460 1402
1458470 1401
1458480 1401
1458490 1401
1458500 1401
1458510 1401
1458520 1401
1458530 1402
1458540 1402
1458550 1402
1458560 1403
1458570 1404
1458580 1404
1458590 1406
1458600 1407
1458610 1407
1458620 1407
1458630 1405
1458640 1405
1458650 1400
1458660 1395
1458670 1395
1458680 1391
1458690 1389
1458700 1389
1458710 1387
1458720 1386
1458730 1386
1458740 1384
1458750 1381
1458760 1379
1458770 1379
1458780 1378
1458790 1377
1458800 1377
1458810 1376
1458820 1374
1458830 1374
1458840 1372
1458850 1370
1458860 1370
1458870 1368
1458880 1365
1458890 1365
1458900 1362
1458910 1359
1458920 1359
1458930 1356
1458940 1352
1458950 1352
1458960 1346
1458970 1343
1458980 1340
1458990 1340
1459000 1337
1459010 1333
1459020 1333
1459030 1331
1459040 1329
1459050 1329
1459060 1327
1459070 1326
1459080 1326
1459090 1322
1459100 1316
1459110 1316
1459120 1311
1459130 1307
1459140 1307
1459150 1305
1459160 1302
1459170 1302
1459180 1300
1459190 1298
1459200 1296
1459210 1296
1459220 1294
1459230 1292
1459240 1292
1459250 1289
1459260 1287
1459270 1287
1459280 1285
1459290 1283
1459300 1283
1459310 1280
1459320 1277
1459330 1277
1459340 1274
1459350 1270
1459360 1270
1459370 1266
1459380 1262
1459390 1262
1459400 1258
1459410 1256
1459420 1255
1459430 1255
1459440 1255
1459450 1255
1459460 1255
1459470 1255
1459480 1255
1459490 1255
1459500 1254
1459510 1253
1459520 1253
1459530 1252
1459540 1247
1459550 1247
1459560 1241
1459570 1234
1459580 1234
1459590 1229
1459600 1222
1459610 1222
1459620 1215
1459630 1211
1459640 1211
1459650 1211
1459660 1210
1459670 1210
1459680 1210
1459690 1209
1459700 1207
1459710 1207
1459720 1206
1459730 1202
1459740 1202
1459750 1199
1459760 1195
1459770 1195
1459780 1192
1459790 1191
1459800 1191
1459810 1190
1459820 1189
1459830 1189
1459840 1188
1459850 1187
1459860 1187
1459870 1186
1459880 1184
1459890 1182
1459900 1182
1459910 1179
1459920 1176
1459930 1176
1459940 1173
1459950 1171
1459960 1171
1459970 1169
1459980 1168
1459990 1168
