1440000 2521
1440010 2521
1440020 2528
1440030 2529
1440040 2529
1440050 2531
1440060 2539
1440070 2539
1440080 2548
1440090 2545
1440100 2545
1440110 2536
1440120 2533
1440130 2533
1440140 2528
1440150 2530
1440160 2530
1440170 2530
1440180 2523
1440190 2523
1440200 2512
1440210 2500
1440220 2485
1440230 2485
1440240 2473
1440250 2466
1440260 2466
1440270 2467
1440280 2460
1440290 2460
1440300 2451
1440310 2442
1440320 2442
1440330 2436
1440340 2428
1440350 2428
1440360 2416
1440370 2404
1440380 2404
1440390 2392
1440400 2376
1440410 2376
1440420 2363
1440430 2351
1440440 2342
1440450 2342
1440460 2341
1440470 2350
1440480 2350
1440490 2343
1440500 2332
1440510 2332
1440520 2323
1440530 2313
1440540 2313
1440550 2301
1440560 2281
1440570 2281
1440580 2270
1440590 2265
1440600 2265
1440610 2259
1440620 2252
1440630 2252
1440640 2251
1440650 2255
1440660 2259
1440670 2259
1440680 2253
1440690 2250
1440700 2250
1440710 2244
1440720 2237
1440730 2237
1440740 2231
1440750 2223
1440760 2223
1440770 2217
1440780 2209
1440790 2209
1440800 2199
1440810 2187
1440820 2187
1440830 2176
1440840 2168
1440850 2168
1440860 2161
1440870 2153
1440880 2153
1440890 2145
1440900 2137
1440910 2129
1440920 2129
1440930 2122
1440940 2114
1440950 2114
1440960 2106
1440970 2095
1440980 2095
1440990 2079
1441000 2057
1441010 2057
1441020 2038
1441030 2017
1441040 2017
1441050 1999
1441060 1973
1441070 1973
1441080 1949
1441090 1937
1441100 1937
1441110 1928
1441120 1919
1441130 1910
1441140 1910
1441150 1901
1441160 1891
1441170 1891
1441180 1880
1441190 1868
1441200 1868
1441210 1857
1441220 1847
1441230 1847
1441240 1837
1441250 1825
1441260 1825
1441270 1819
1441280 1812
1441290 1812
1441300 1804
1441310 1795
1441320 1795
1441330 1787
1441340 1778
1441350 1778
1441360 1768
1441370 1756
1441380 1747
1441390 1747
1441400 1736
1441410 1726
1441420 1726
1441430 1721
1441440 1718
1441450 1718
1441460 1714
1441470 1710
1441480 1710
1441490 1706
1441500 1701
1441510 1701
1441520 1698
1441530 1694
1441540 1694
1441550 1690
1441560 1685
1441570 1685
1441580 1679
1441590 1674
1441600 1667
1441610 1667
1441620 1661
1441630 1655
1441640 1655
1441650 1648
1441660 1643
1441670 1643
1441680 1638
1441690 1634
1441700 1634
1441710 1630
1441720 1628
1441730 1628
1441740 1625
1441750 1622
1441760 1622
1441770 1620
1441780 1617
1441790 1617
1441800 1613
1441810 1608
1441820 1608
1441830 1603
1441840 1598
1441850 1594
1441860 1594
1441870 1590
1441880 1587
1441890 1587
1441900 1584
1441910 1581
1441920 1581
1441930 1577
1441940 1575
1441950 1575
1441960 1574
1441970 1573
1441980 1573
1441990 1572
1442000 1568
1442010 1568
1442020 1568
1442030 1571
1442040 1571
1442050 1575
1442060 1574
1442070 1570
1442080 1570
1442090 1567
1442100 1567
1442110 1567
1442120 1568
1442130 1571
1442140 1571
1442150 1571
1442160 1569
1442170 1569
1442180 1568
1442190 1569
1442200 1569
1442210 1568
1442220 1567
1442230 1567
1442240 1566
1442250 1566
1442260 1566
1442270 1564
1442280 1561
1442290 1559
1442300 1559
1442310 1559
1442320 1558
1442330 1558
1442340 1555
1442350 1552
1442360 1552
1442370 1548
1442380 1546
1442390 1546
1442400 1546
1442410 1547
1442420 1547
1442430 1547
1442440 1546
1442450 1546
1442460 1546
1442470 1545
1442480 1545
1442490 1545
1442500 1546
1442510 1546
1442520 1547
1442530 1546
1442540 1542
1442550 1542
1442560 1536
1442570 1531
1442580 1531
1442590 1525
1442600 1519
1442610 1519
1442620 1513
1442630 1507
1442640 1507
1442650 1502
1442660 1496
1442670 1496
1442680 1492
1442690 1486
1442700 1486
1442710 1481
1442720 1477
1442730 1477
1442740 1473
1442750 1467
1442760 1459
1442770 1459
1442780 1450
1442790 1441
1442800 1441
1442810 1433
1442820 1425
1442830 1425
1442840 1417
1442850 1410
1442860 1410
1442870 1404
1442880 1395
1442890 1395
1442900 1385
1442910 1378
1442920 1378
1442930 1366
1442940 1354
1442950 1354
1442960 1329
1442970 1313
1442980 1313
1442990 1293
1443000 1281
1443010 1274
1443020 1274
1443030 1251
1443040 1230
1443050 1230
1443060 1224
1443070 1221
1443080 1221
1443090 1218
1443100 1213
1443110 1213
1443120 1208
1443130 1203
1443140 1203
1443150 1198
1443160 1192
1443170 1192
1443180 1186
1443190 1180
1443200 1180
1443210 1179
1443220 1174
1443230 1167
1443240 1167
1443250 1161
1443260 1156
1443270 1156
1443280 1150
1443290 1145
1443300 1145
1443310 1139
1443320 1136
1443330 1136
1443340 1132
1443350 1126
1443360 1126
1443370 1122
1443380 1118
1443390 1118
1443400 1113
1443410 1110
1443420 1110
1443430 1106
1443440 1103
1443450 1100
1443460 1100
1443470 1098
1443480 1096
1443490 1096
1443500 1095
1443510 1093
1443520 1093
1443530 1091
1443540 1089
1443550 1089
1443560 1087
1443570 1085
1443580 1085
1443590 1084
1443600 1082
1443610 1082
1443620 1081
1443630 1080
1443640 1080
1443650 1078
1443660 1076
1443670 1076
1443680 1075
1443690 1074
1443700 1074
1443710 1074
1443720 1074
1443730 1074
1443740 1074
1443750 1074
1443760 1074
1443770 1074
1443780 1073
1443790 1071
1443800 1071
1443810 1069
1443820 1069
1443830 1069
1443840 1070
1443850 1070
1443860 1070
1443870 1070
1443880 1069
1443890 1069
1443900 1068
1443910 1068
1443920 1069
1443930 1069
1443940 1069
1443950 1067
1443960 1067
1443970 1068
1443980 1071
1443990 1071
1444000 1071
1444010 1072
1444020 1072
1444030 1073
1444040 1075
1444050 1075
1444060 1075
1444070 1077
1444080 1077
1444090 1082
1444100 1084
1444110 1084
1444120 1088
1444130 1092
1444140 1092
1444150 1097
1444160 1102
1444170 1106
1444180 1106
1444190 1109
1444200 1111
1444210 1111
1444220 1114
1444230 1118
1444240 1118
1444250 1121
1444260 1124
1444270 1124
1444280 1127
1444290 1129
1444300 1129
1444310 1132
1444320 1133
1444330 1133
1444340 1135
1444350 1139
1444360 1139
1444370 1143
1444380 1147
1444390 1150
1444400 1150
1444410 1155
1444420 1160
1444430 1160
1444440 1162
1444450 1166
1444460 1166
1444470 1169
1444480 1172
1444490 1172
1444500 1175
1444510 1176
1444520 1176
1444530 1180
1444540 1184
1444550 1184
1444560 1187
1444570 1192
1444580 1192
1444590 1195
1444600 1199
1444610 1203
1444620 1203
1444630 1206
1444640 1209
1444650 1209
1444660 1212
1444670 1214
1444680 1214
1444690 1218
1444700 1222
1444710 1222
1444720 1227
1444730 1232
1444740 1232
1444750 1238
1444760 1244
1444770 1244
1444780 1250
1444790 1257
1444800 1257
1444810 1262
1444820 1267
1444830 1267
1444840 1272
1444850 1278
1444860 1283
1444870 1283
1444880 1288
1444890 1293
1444900 1293
1444910 1297
1444920 1299
1444930 1299
1444940 1301
1444950 1302
1444960 1302
1444970 1303
1444980 1306
1444990 1306
1445000 1307
1445010 1310
1445020 1310
1445030 1313
1445040 1318
1445050 1318
1445060 1320
1445070 1323
1445080 1326
1445090 1326
1445100 1330
1445110 1334
1445120 1334
1445130 1338
1445140 1340
1445150 1340
1445160 1343
1445170 1346
1445180 1346
1445190 1349
1445200 1352
1445210 1352
1445220 1355
1445230 1357
1445240 1357
1445250 1358
1445260 1361
1445270 1361
1445280 1363
1445290 1365
1445300 1365
1445310 1369
1445320 1374
1445330 1377
1445340 1377
1445350 1382
1445360 1385
1445370 1385
1445380 1389
1445390 1392
1445400 1392
1445410 1397
1445420 1402
1445430 1402
1445440 1405
1445450 1407
1445460 1407
1445470 1409
1445480 1412
1445490 1412
1445500 1415
1445510 1419
1445520 1419
1445530 1422
1445540 1425
1445550 1427
1445560 1427
1445570 1429
1445580 1431
1445590 1431
1445600 1434
1445610 1437
1445620 1437
1445630 1440
1445640 1442
1445650 1442
1445660 1445
1445670 1449
1445680 1449
1445690 1452
1445700 1456
1445710 1456
1445720 1459
1445730 1462
1445740 1462
1445750 1466
1445760 1470
1445770 1473
1445780 1473
1445790 1476
1445800 1479
1445810 1479
1445820 1482
1445830 1484
1445840 1484
1445850 1488
1445860 1491
1445870 1491
1445880 1495
1445890 1500
1445900 1500
1445910 1503
1445920 1507
1445930 1507
1445940 1510
1445950 1513
1445960 1513
1445970 1516
1445980 1520
1445990 1520
1446000 1526
1446010 1533
1446020 1540
1446030 1540
1446040 1544
1446050 1547
1446060 1547
1446070 1550
1446080 1553
1446090 1553
1446100 1559
1446110 1566
1446120 1566
1446130 1572
1446140 1577
1446150 1577
1446160 1583
1446170 1587
1446180 1587
1446190 1590
1446200 1596
1446210 1596
1446220 1602
1446230 1607
1446240 1609
1446250 1609
1446260 1613
1446270 1618
1446280 1618
1446290 1623
1446300 1629
1446310 1629
1446320 1637
1446330 1641
1446340 1641
1446350 1644
1446360 1646
1446370 1646
1446380 1649
1446390 1650
1446400 1649
1446410 1651
1446420 1655
1446430 1655
1446440 1659
1446450 1662
1446460 1662
1446470 1665
1446480 1669
1446490 1675
1446500 1675
1446510 1679
1446520 1681
1446530 1681
1446540 1681
1446550 1685
1446560 1685
1446570 1688
1446580 1690
1446590 1690
1446600 1692
1446610 1693
1446620 1693
1446630 1695
1446640 1699
1446650 1699
1446660 1702
1446670 1706
1446680 1706
1446690 1710
1446700 1715
1446710 1720
1446720 1720
1446730 1725
1446740 1731
1446750 1731
1446760 1734
1446770 1738
1446780 1738
1446790 1744
1446800 1749
1446810 1749
1446820 1754
1446830 1759
1446840 1759
1446850 1764
1446860 1769
1446870 1769
1446880 1776
1446890 1782
1446900 1782
1446910 1787
1446920 1792
1446930 1796
1446940 1796
1446950 1800
1446960 1805
1446970 1805
1446980 1809
1446990 1814
1447000 1814
1447010 1817
1447020 1818
1447030 1818
1447040 1819
1447050 1820
1447060 1820
1447070 1822
1447080 1823
1447090 1823
1447100 1823
1447110 1824
1447120 1824
1447130 1826
1447140 1829
1447150 1829
1447160 1831
1447170 1834
1447180 1835
1447190 1835
1447200 1836
1447210 1838
1447220 1838
1447230 1839
1447240 1843
1447250 1843
1447260 1846
1447270 1849
1447280 1849
1447290 1851
1447300 1854
1447310 1854
1447320 1858
1447330 1860
1447340 1860
1447350 1862
1447360 1864
1447370 1864
1447380 1866
1447390 1868
1447400 1871
1447410 1871
1447420 1873
1447430 1875
1447440 1875
1447450 1877
1447460 1880
1447470 1880
1447480 1885
1447490 1891
1447500 1891
1447510 1897
1447520 1902
1447530 1902
1447540 1907
1447550 1911
1447560 1911
1447570 1914
1447580 1918
1447590 1918
1447600 1922
1447610 1924
1447620 1924
1447630 1926
1447640 1928
1447650 1931
1447660 1931
1447670 1935
1447680 1938
1447690 1938
1447700 1939
1447710 1942
1447720 1942
1447730 1944
1447740 1945
1447750 1945
1447760 1947
1447770 1950
1447780 1950
1447790 1954
1447800 1957
1447810 1957
1447820 1958
1447830 1961
1447840 1961
1447850 1965
1447860 1969
1447870 1975
1447880 1975
1447890 1978
1447900 1978
1447910 1978
1447920 1977
1447930 1976
1447940 1976
1447950 1974
1447960 1973
1447970 1973
1447980 1973
1447990 1971
1448000 1971
1448010 1968
1448020 1966
1448030 1966
1448040 1966
1448050 1968
1448060 1968
1448070 1969
1448080 1973
1448090 1979
1448100 1979
1448110 1981
1448120 1982
1448130 1982
1448140 1984
1448150 1987
1448160 1987
1448170 1990
1448180 1993
1448190 1993
1448200 1997
1448210 1997
1448220 1997
1448230 1997
1448240 2001
1448250 2001
1448260 2006
1448270 2011
1448280 2011
1448290 2014
1448300 2015
1448310 2015
1448320 2016
1448330 2016
1448340 2016
1448350 2016
1448360 2018
1448370 2018
1448380 2018
1448390 2020
1448400 2024
1448410 2024
1448420 2028
1448430 2033
1448440 2033
1448450 2035
1448460 2038
1448470 2038
1448480 2040
1448490 2043
1448500 2043
1448510 2047
1448520 2048
1448530 2048
1448540 2045
1448550 2043
1448560 2039
1448570 2039
1448580 2036
1448590 2039
1448600 2039
1448610 2043
1448620 2046
1448630 2046
1448640 2048
1448650 2050
1448660 2050
1448670 2053
1448680 2058
1448690 2058
1448700 2063
1448710 2069
1448720 2069
1448730 2074
1448740 2077
1448750 2077
1448760 2079
1448770 2079
1448780 2079
1448790 2079
1448800 2080
1448810 2079
1448820 2079
1448830 2079
1448840 2081
1448850 2081
1448860 2085
1448870 2087
1448880 2087
1448890 2088
1448900 2088
1448910 2088
1448920 2089
1448930 2091
1448940 2091
1448950 2093
1448960 2098
1448970 2098
1448980 2103
1448990 2108
1449000 2108
1449010 2114
1449020 2117
1449030 2116
1449040 2116
1449050 2116
1449060 2115
1449070 2115
1449080 2113
1449090 2106
1449100 2106
1449110 2096
1449120 2088
1449130 2088
1449140 2089
1449150 2094
1449160 2094
1449170 2094
1449180 2094
1449190 2094
1449200 2093
1449210 2091
1449220 2091
1449230 2088
1449240 2083
1449250 2083
1449260 2083
1449270 2083
1449280 2079
1449290 2079
1449300 2075
1449310 2073
1449320 2073
1449330 2074
1449340 2074
1449350 2074
1449360 2075
1449370 2074
1449380 2074
1449390 2076
1449400 2079
1449410 2079
1449420 2078
1449430 2078
1449440 2078
1449450 2076
1449460 2073
1449470 2073
1449480 2073
1449490 2073
1449500 2078
1449510 2078
1449520 2083
1449530 2084
1449540 2084
1449550 2084
1449560 2086
1449570 2086
1449580 2081
1449590 2086
1449600 2086
1449610 2091
1449620 2096
1449630 2096
1449640 2100
1449650 2102
1449660 2102
1449670 2104
1449680 2108
1449690 2108
1449700 2109
1449710 2110
1449720 2112
1449730 2112
1449740 2116
1449750 2121
1449760 2121
1449770 2125
1449780 2128
1449790 2128
1449800 2130
1449810 2132
1449820 2132
1449830 2134
1449840 2139
1449850 2139
1449860 2148
1449870 2152
1449880 2152
1449890 2155
1449900 2157
1449910 2157
1449920 2160
1449930 2164
1449940 2164
1449950 2171
1449960 2173
1449970 2175
1449980 2175
1449990 2178
1450000 2180
1450010 2180
1450020 2181
1450030 2181
1450040 2181
1450050 2180
1450060 2181
1450070 2181
1450080 2182
1450090 2183
1450100 2183
1450110 2185
1450120 2189
1450130 2189
1450140 2192
1450150 2195
1450160 2195
1450170 2199
1450180 2203
1450190 2204
1450200 2204
1450210 2204
1450220 2206
1450230 2206
1450240 2207
1450250 2207
1450260 2207
1450270 2207
1450280 2207
1450290 2207
1450300 2207
1450310 2209
1450320 2209
1450330 2212
1450340 2216
1450350 2216
1450360 2219
1450370 2224
1450380 2224
1450390 2229
1450400 2234
1450410 2240
1450420 2240
1450430 2244
1450440 2249
1450450 2249
1450460 2255
1450470 2261
1450480 2261
1450490 2267
1450500 2274
1450510 2274
1450520 2280
1450530 2286
1450540 2286
1450550 2293
1450560 2300
1450570 2300
1450580 2309
1450590 2318
1450600 2318
1450610 2325
1450620 2337
1450630 2337
1450640 2347
1450650 2354
1450660 2363
1450670 2363
1450680 2371
1450690 2377
1450700 2377
1450710 2384
1450720 2394
1450730 2394
1450740 2401
1450750 2409
1450760 2409
1450770 2416
1450780 2423
1450790 2423
1450800 2431
1450810 2440
1450820 2440
1450830 2448
1450840 2457
1450850 2457
1450860 2466
1450870 2475
1450880 2480
1450890 2480
1450900 2472
1450910 2463
1450920 2463
1450930 2455
1450940 2448
1450950 2448
1450960 2441
1450970 2435
1450980 2435
1450990 2428
1451000 2421
1451010 2421
1451020 2414
1451030 2410
1451040 2410
1451050 2404
1451060 2399
1451070 2399
1451080 2395
1451090 2390
1451100 2390
1451110 2386
1451120 2382
1451130 2376
1451140 2376
1451150 2371
1451160 2367
1451170 2367
1451180 2361
1451190 2356
1451200 2356
1451210 2352
1451220 2349
1451230 2349
1451240 2347
1451250 2345
1451260 2345
1451270 2342
1451280 2339
1451290 2339
1451300 2335
1451310 2331
1451320 2331
1451330 2328
1451340 2324
1451350 2321
1451360 2321
1451370 2318
1451380 2315
1451390 2315
1451400 2312
1451410 2311
1451420 2311
1451430 2308
1451440 2306
1451450 2306
1451460 2304
1451470 2303
1451480 2303
1451490 2302
1451500 2301
1451510 2301
1451520 2300
1451530 2298
1451540 2298
1451550 2296
1451560 2292
1451570 2292
1451580 2289
1451590 2286
1451600 2284
1451610 2284
1451620 2281
1451630 2278
1451640 2278
1451650 2276
1451660 2273
1451670 2273
1451680 2270
1451690 2268
1451700 2268
1451710 2266
1451720 2265
1451730 2265
1451740 2263
1451750 2262
1451760 2262
1451770 2261
1451780 2260
1451790 2260
1451800 2258
1451810 2256
1451820 2256
1451830 2256
1451840 2256
1451850 2255
1451860 2255
1451870 2253
1451880 2250
1451890 2250
1451900 2250
1451910 2249
1451920 2249
1451930 2246
1451940 2248
1451950 2248
1451960 2249
1451970 2248
1451980 2248
1451990 2247
1452000 2247
1452010 2247
1452020 2246
1452030 2248
1452040 2249
1452050 2249
1452060 2249
1452070 2250
1452080 2250
1452090 2258
1452100 2270
1452110 2270
1452120 2278
1452130 2285
1452140 2285
1452150 2296
1452160 2306
1452170 2306
1452180 2311
1452190 2313
1452200 2313
1452210 2317
1452220 2326
1452230 2326
1452240 2331
1452250 2333
1452260 2333
1452270 2336
1452280 2340
1452290 2340
1452300 2340
1452310 2337
1452320 2336
1452330 2336
1452340 2341
1452350 2350
1452360 2350
1452370 2355
1452380 2357
1452390 2357
1452400 2358
1452410 2359
1452420 2359
1452430 2360
1452440 2360
1452450 2360
1452460 2358
1452470 2355
1452480 2355
1452490 2350
1452500 2346
1452510 2342
1452520 2342
1452530 2338
1452540 2334
1452550 2334
1452560 2328
1452570 2319
1452580 2319
1452590 2311
1452600 2303
1452610 2303
1452620 2296
1452630 2288
1452640 2288
1452650 2279
1452660 2272
1452670 2272
1452680 2265
1452690 2259
1452700 2259
1452710 2251
1452720 2244
1452730 2237
1452740 2237
1452750 2229
1452760 2219
1452770 2219
1452780 2206
1452790 2196
1452800 2196
1452810 2187
1452820 2179
1452830 2179
1452840 2174
1452850 2171
1452860 2171
1452870 2170
1452880 2167
1452890 2167
1452900 2165
1452910 2162
1452920 2162
1452930 2160
1452940 2160
1452950 2160
1452960 2159
1452970 2159
1452980 2161
1452990 2161
1453000 2159
1453010 2154
1453020 2154
1453030 2152
1453040 2152
1453050 2152
1453060 2152
1453070 2154
1453080 2154
1453090 2154
1453100 2159
1453110 2159
1453120 2163
1453130 2169
1453140 2169
1453150 2172
1453160 2171
1453170 2171
1453180 2168
1453190 2161
1453200 2155
1453210 2155
1453220 2148
1453230 2139
1453240 2139
1453250 2133
1453260 2128
1453270 2128
1453280 2123
1453290 2116
1453300 2116
1453310 2111
1453320 2105
1453330 2105
1453340 2099
1453350 2095
1453360 2095
1453370 2091
1453380 2088
1453390 2088
1453400 2085
1453410 2084
1453420 2084
1453430 2083
1453440 2083
1453450 2082
1453460 2082
1453470 2082
1453480 2081
1453490 2081
1453500 2081
1453510 2081
1453520 2081
1453530 2081
1453540 2079
1453550 2079
1453560 2077
1453570 2074
1453580 2074
1453590 2071
1453600 2068
1453610 2068
1453620 2068
1453630 2071
1453640 2071
1453650 2075
1453660 2074
1453670 2068
1453680 2068
1453690 2062
1453700 2058
1453710 2058
1453720 2049
1453730 2046
1453740 2046
1453750 2043
1453760 2042
1453770 2042
1453780 2043
1453790 2043
1453800 2043
1453810 2045
1453820 2046
1453830 2046
1453840 2048
1453850 2049
1453860 2049
1453870 2049
1453880 2050
1453890 2050
1453900 2050
1453910 2050
1453920 2050
1453930 2050
1453940 2048
1453950 2041
1453960 2041
1453970 2035
1453980 2029
1453990 2029
1454000 2023
1454010 2016
1454020 2016
1454030 2013
1454040 2012
1454050 2012
1454060 2011
1454070 2010
1454080 2010
1454090 2009
1454100 2006
1454110 2006
1454120 2003
1454130 2000
1454140 1994
1454150 1994
1454160 1987
1454170 1980
1454180 1980
1454190 1973
1454200 1968
1454210 1968
1454220 1963
1454230 1959
1454240 1959
1454250 1955
1454260 1952
1454270 1952
1454280 1950
1454290 1949
1454300 1949
1454310 1950
1454320 1950
1454330 1950
1454340 1948
1454350 1945
1454360 1940
1454370 1940
1454380 1932
1454390 1925
1454400 1925
1454410 1919
1454420 1915
1454430 1915
1454440 1912
1454450 1910
1454460 1910
1454470 1907
1454480 1905
1454490 1905
1454500 1902
1454510 1901
1454520 1901
1454530 1902
1454540 1904
1454550 1904
1454560 1903
1454570 1900
1454580 1900
1454590 1896
1454600 1892
1454610 1888
1454620 1888
1454630 1884
1454640 1878
1454650 1878
1454660 1873
1454670 1869
1454680 1869
1454690 1865
1454700 1862
1454710 1862
1454720 1861
1454730 1859
1454740 1859
1454750 1857
1454760 1855
1454770 1855
1454780 1853
1454790 1852
1454800 1852
1454810 1850
1454820 1849
1454830 1847
1454840 1847
1454850 1842
1454860 1839
1454870 1839
1454880 1837
1454890 1835
1454900 1835
1454910 1832
1454920 1829
1454930 1829
1454940 1825
1454950 1822
1454960 1822
1454970 1819
1454980 1816
1454990 1816
1455000 1814
1455010 1811
1455020 1811
1455030 1809
1455040 1807
1455050 1804
1455060 1804
1455070 1802
1455080 1799
1455090 1799
1455100 1795
1455110 1791
1455120 1791
1455130 1786
1455140 1783
1455150 1783
1455160 1779
1455170 1777
1455180 1777
1455190 1773
1455200 1769
1455210 1769
1455220 1766
1455230 1762
1455240 1762
1455250 1757
1455260 1752
1455270 1752
1455280 1747
1455290 1743
1455300 1739
1455310 1739
1455320 1734
1455330 1729
1455340 1729
1455350 1725
1455360 1720
1455370 1720
1455380 1714
1455390 1709
1455400 1709
1455410 1704
1455420 1700
1455430 1700
1455440 1696
1455450 1691
1455460 1691
1455470 1686
1455480 1680
1455490 1680
1455500 1673
1455510 1668
1455520 1661
1455530 1661
1455540 1654
1455550 1648
1455560 1648
1455570 1641
1455580 1636
1455590 1636
1455600 1630
1455610 1623
1455620 1623
1455630 1617
1455640 1610
1455650 1610
1455660 1606
1455670 1600
1455680 1600
1455690 1594
1455700 1589
1455710 1589
1455720 1583
1455730 1579
1455740 1579
1455750 1576
1455760 1574
1455770 1573
1455780 1573
1455790 1569
1455800 1565
1455810 1565
1455820 1561
1455830 1558
1455840 1558
1455850 1555
1455860 1552
1455870 1552
1455880 1552
1455890 1547
1455900 1547
1455910 1541
1455920 1537
1455930 1537
1455940 1535
1455950 1531
1455960 1531
1455970 1525
1455980 1523
1455990 1517
1456000 1517
1456010 1512
1456020 1508
1456030 1508
1456040 1504
1456050 1500
1456060 1500
1456070 1495
1456080 1490
1456090 1490
1456100 1484
1456110 1478
1456120 1478
1456130 1472
1456140 1466
1456150 1466
1456160 1459
1456170 1455
1456180 1455
1456190 1450
1456200 1446
1456210 1442
1456220 1442
1456230 1437
1456240 1432
1456250 1432
1456260 1428
1456270 1423
1456280 1423
1456290 1419
1456300 1416
1456310 1416
1456320 1413
1456330 1411
1456340 1411
1456350 1408
1456360 1406
1456370 1406
1456380 1404
1456390 1402
1456400 1402
1456410 1401
1456420 1399
1456430 1399
1456440 1398
1456450 1395
1456460 1393
1456470 1393
1456480 1390
1456490 1386
1456500 1386
1456510 1381
1456520 1378
1456530 1378
1456540 1375
1456550 1371
1456560 1371
1456570 1367
1456580 1365
1456590 1365
1456600 1363
1456610 1360
1456620 1360
1456630 1356
1456640 1354
1456650 1354
1456660 1351
1456670 1348
1456680 1346
1456690 1346
1456700 1343
1456710 1340
1456720 1340
1456730 1337
1456740 1334
1456750 1334
1456760 1330
1456770 1325
1456780 1325
1456790 1321
1456800 1315
1456810 1315
1456820 1309
1456830 1302
1456840 1302
1456850 1293
1456860 1283
1456870 1283
1456880 1274
1456890 1266
1456900 1266
1456910 1260
1456920 1254
1456930 1256
1456940 1256
1456950 1264
1456960 1269
1456970 1269
1456980 1268
1456990 1264
1457000 1264
1457010 1261
1457020 1261
1457030 1261
1457040 1256
1457050 1247
1457060 1247
1457070 1239
1457080 1234
1457090 1234
1457100 1231
1457110 1228
1457120 1228
1457130 1223
1457140 1217
1457150 1212
1457160 1212
1457170 1209
1457180 1207
1457190 1207
1457200 1205
1457210 1200
1457220 1200
1457230 1196
1457240 1192
1457250 1192
1457260 1190
1457270 1188
1457280 1188
1457290 1183
1457300 1178
1457310 1178
1457320 1176
1457330 1173
1457340 1173
1457350 1169
1457360 1167
1457370 1163
1457380 1163
1457390 1161
1457400 1158
1457410 1158
1457420 1156
1457430 1155
1457440 1155
1457450 1153
1457460 1150
1457470 1150
1457480 1146
1457490 1141
1457500 1141
1457510 1139
1457520 1139
1457530 1139
1457540 1138
1457550 1137
1457560 1137
1457570 1135
1457580 1132
1457590 1132
1457600 1126
1457610 1118
1457620 1111
1457630 1111
1457640 1106
1457650 1101
1457660 1101
1457670 1098
1457680 1096
1457690 1096
1457700 1093
1457710 1091
1457720 1091
1457730 1088
1457740 1085
1457750 1085
1457760 1082
1457770 1078
1457780 1078
1457790 1076
1457800 1072
1457810 1072
1457820 1066
1457830 1063
1457840 1060
1457850 1060
1457860 1057
1457870 1055
1457880 1055
1457890 1053
1457900 1050
1457910 1050
1457920 1048
1457930 1045
1457940 1045
1457950 1041
1457960 1037
1457970 1037
1457980 1033
1457990 1031
1458000 1031
1458010 1029
1458020 1027
1458030 1027
1458040 1025
1458050 1023
1458060 1023
1458070 1020
1458080 1017
1458090 1014
1458100 1014
1458110 1012
1458120 1009
1458130 1009
1458140 1006
1458150 1002
1458160 1002
1458170 999
1458180 997
1458190 999
1458200 996
1458210 994
1458220 994
1458230 993
1458240 990
1458250 990
1458260 988
1458270 985
1458280 985
1458290 983
1458300 980
1458310 978
1458320 978
1458330 977
1458340 975
1458350 975
1458360 972
1458370 971
1458380 971
1458390 970
1458400 969
1458410 969
1458420 967
1458430 966
1458440 966
1458450 964
1458460 961
1458470 961
1458480 960
1458490 956
1458500 956
1458510 951
1458520 945
1458530 942
1458540 942
1458550 937
1458560 932
1458570 932
1458580 928
1458590 924
1458600 924
1458610 919
1458620 915
1458630 915
1458640 911
1458650 906
1458660 906
1458670 901
1458680 896
1458690 896
1458700 892
1458710 889
1458720 889
1458730 885
1458740 882
1458750 882
1458760 878
1458770 874
1458780 868
1458790 868
1458800 862
1458810 857
1458820 857
1458830 854
1458840 851
1458850 851
1458860 848
1458870 847
1458880 847
1458890 846
1458900 846
1458910 846
1458920 846
1458930 846
1458940 846
1458950 846
1458960 846
1458970 846
1458980 846
1458990 846
1459000 846
1459010 846
1459020 846
1459030 846
1459040 846
1459050 846
1459060 846
1459070 846
1459080 846
1459090 846
1459100 846
1459110 846
1459120 846
1459130 846
1459140 846
1459150 846
1459160 846
1459170 845
1459180 845
1459190 845
1459200 845
1459210 845
1459220 845
1459230 845
1459240 844
1459250 844
1459260 844
1459270 844
1459280 844
1459290 844
1459300 844
1459310 844
1459320 844
1459330 844
1459340 843
1459350 843
1459360 843
1459370 843
1459380 843
1459390 843
1459400 843
1459410 843
1459420 843
1459430 843
1459440 843
1459450 843
1459460 843
1459470 844
1459480 844
1459490 844
1459500 844
1459510 844
1459520 844
1459530 844
1459540 844
1459550 844
1459560 843
1459570 843
1459580 842
1459590 842
1459600 842
1459610 842
1459620 842
1459630 842
1459640 842
1459650 842
1459660 842
1459670 842
1459680 842
1459690 842
1459700 842
1459710 842
1459720 842
1459730 842
1459740 842
1459750 842
1459760 842
1459770 842
1459780 842
1459790 842
1459800 842
1459810 842
1459820 842
1459830 842
1459840 842
1459850 842
1459860 842
1459870 842
1459880 842
1459890 843
1459900 844
1459910 844
1459920 842
1459930 841
1459940 842
1459950 842
1459960 843
1459970 843
1459980 843
1459990 842
