1440000 2453
1440010 2453
1440020 2456
1440030 2461
1440040 2461
1440050 2466
1440060 2471
1440070 2471
1440080 2472
1440090 2472
1440100 2472
1440110 2473
1440120 2482
1440130 2482
1440140 2493
1440150 2494
1440160 2494
1440170 2500
1440180 2512
1440190 2527
1440200 2527
1440210 2538
1440220 2544
1440230 2544
1440240 2536
1440250 2536
1440260 2536
1440270 2541
1440280 2532
1440290 2532
1440300 2521
1440310 2520
1440320 2520
1440330 2517
1440340 2509
1440350 2509
1440360 2496
1440370 2484
1440380 2484
1440390 2483
1440400 2476
1440410 2471
1440420 2471
1440430 2462
1440440 2451
1440450 2451
1440460 2447
1440470 2455
1440480 2455
1440490 2453
1440500 2443
1440510 2443
1440520 2435
1440530 2427
1440540 2427
1440550 2417
1440560 2407
1440570 2407
1440580 2401
1440590 2392
1440600 2392
1440610 2374
1440620 2361
1440630 2352
1440640 2352
1440650 2341
1440660 2323
1440670 2323
1440680 2311
1440690 2299
1440700 2299
1440710 2289
1440720 2279
1440730 2279
1440740 2270
1440750 2261
1440760 2261
1440770 2252
1440780 2243
1440790 2243
1440800 2234
1440810 2225
1440820 2225
1440830 2214
1440840 2202
1440850 2202
1440860 2193
1440870 2185
1440880 2177
1440890 2177
1440900 2168
1440910 2158
1440920 2158
1440930 2146
1440940 2137
1440950 2137
1440960 2129
1440970 2117
1440980 2117
1440990 2099
1441000 2081
1441010 2081
1441020 2069
1441030 2060
1441040 2060
1441050 2053
1441060 2045
1441070 2045
1441080 2038
1441090 2032
1441100 2021
1441110 2021
1441120 2000
1441130 1982
1441140 1982
1441150 1962
1441160 1942
1441170 1942
1441180 1923
1441190 1909
1441200 1909
1441210 1896
1441220 1886
1441230 1886
1441240 1876
1441250 1868
1441260 1868
1441270 1854
1441280 1840
1441290 1840
1441300 1826
1441310 1820
1441320 1820
1441330 1817
1441340 1816
1441350 1816
1441360 1816
1441370 1811
1441380 1800
1441390 1800
1441400 1783
1441410 1771
1441420 1771
1441430 1767
1441440 1765
1441450 1765
1441460 1762
1441470 1758
1441480 1758
1441490 1748
1441500 1737
1441510 1737
1441520 1729
1441530 1725
1441540 1725
1441550 1722
1441560 1715
1441570 1704
1441580 1704
1441590 1693
1441600 1683
1441610 1683
1441620 1675
1441630 1668
1441640 1668
1441650 1662
1441660 1656
1441670 1656
1441680 1649
1441690 1641
1441700 1641
1441710 1633
1441720 1626
1441730 1626
1441740 1618
1441750 1612
1441760 1612
1441770 1607
1441780 1602
1441790 1597
1441800 1597
1441810 1593
1441820 1588
1441830 1588
1441840 1584
1441850 1580
1441860 1580
1441870 1576
1441880 1572
1441890 1572
1441900 1569
1441910 1566
1441920 1566
1441930 1563
1441940 1560
1441950 1560
1441960 1558
1441970 1555
1441980 1555
1441990 1553
1442000 1551
1442010 1551
1442020 1548
1442030 1544
1442040 1544
1442050 1544
1442060 1543
1442070 1543
1442080 1543
1442090 1541
1442100 1545
1442110 1545
1442120 1548
1442130 1546
1442140 1546
1442150 1544
1442160 1548
1442170 1548
1442180 1550
1442190 1550
1442200 1550
1442210 1550
1442220 1550
1442230 1550
1442240 1547
1442250 1544
1442260 1541
1442270 1541
1442280 1537
1442290 1533
1442300 1533
1442310 1531
1442320 1529
1442330 1529
1442340 1526
1442350 1521
1442360 1521
1442370 1515
1442380 1510
1442390 1510
1442400 1507
1442410 1508
1442420 1508
1442430 1509
1442440 1509
1442450 1509
1442460 1511
1442470 1514
1442480 1514
1442490 1517
1442500 1519
1442510 1521
1442520 1521
1442530 1523
1442540 1524
1442550 1524
1442560 1522
1442570 1519
1442580 1519
1442590 1515
1442600 1510
1442610 1510
1442620 1504
1442630 1498
1442640 1498
1442650 1492
1442660 1485
1442670 1485
1442680 1478
1442690 1466
1442700 1466
1442710 1452
1442720 1440
1442730 1427
1442740 1427
1442750 1415
1442760 1404
1442770 1404
1442780 1395
1442790 1387
1442800 1387
1442810 1379
1442820 1371
1442830 1371
1442840 1364
1442850 1359
1442860 1359
1442870 1355
1442880 1351
1442890 1351
1442900 1346
1442910 1341
1442920 1341
1442930 1333
1442940 1326
1442950 1326
1442960 1318
1442970 1307
1442980 1303
1442990 1303
1443000 1276
1443010 1245
1443020 1245
1443030 1229
1443040 1214
1443050 1214
1443060 1202
1443070 1192
1443080 1192
1443090 1187
1443100 1180
1443110 1180
1443120 1174
1443130 1167
1443140 1167
1443150 1162
1443160 1157
1443170 1157
1443180 1153
1443190 1149
1443200 1144
1443210 1144
1443220 1139
1443230 1135
1443240 1135
1443250 1130
1443260 1126
1443270 1126
1443280 1121
1443290 1116
1443300 1116
1443310 1112
1443320 1106
1443330 1106
1443340 1102
1443350 1097
1443360 1097
1443370 1094
1443380 1092
1443390 1092
1443400 1091
1443410 1091
1443420 1090
1443430 1090
1443440 1087
1443450 1085
1443460 1085
1443470 1084
1443480 1083
1443490 1083
1443500 1082
1443510 1082
1443520 1082
1443530 1082
1443540 1080
1443550 1080
1443560 1079
1443570 1079
1443580 1079
1443590 1078
1443600 1078
1443610 1078
1443620 1078
1443630 1079
1443640 1079
1443650 1078
1443660 1076
1443670 1075
1443680 1075
1443690 1075
1443700 1076
1443710 1076
1443720 1075
1443730 1074
1443740 1074
1443750 1074
1443760 1073
1443770 1073
1443780 1073
1443790 1073
1443800 1073
1443810 1073
1443820 1073
1443830 1073
1443840 1073
1443850 1073
1443860 1073
1443870 1073
1443880 1069
1443890 1067
1443900 1067
1443910 1067
1443920 1067
1443930 1067
1443940 1066
1443950 1067
1443960 1067
1443970 1067
1443980 1067
1443990 1067
1444000 1068
1444010 1069
1444020 1069
1444030 1071
1444040 1072
1444050 1072
1444060 1074
1444070 1076
1444080 1076
1444090 1078
1444100 1080
1444110 1080
1444120 1084
1444130 1089
1444140 1094
1444150 1094
1444160 1098
1444170 1102
1444180 1102
1444190 1108
1444200 1113
1444210 1113
1444220 1118
1444230 1122
1444240 1122
1444250 1126
1444260 1129
1444270 1129
1444280 1132
1444290 1133
1444300 1133
1444310 1135
1444320 1137
1444330 1137
1444340 1139
1444350 1141
1444360 1144
1444370 1144
1444380 1147
1444390 1151
1444400 1151
1444410 1156
1444420 1162
1444430 1162
1444440 1167
1444450 1170
1444460 1170
1444470 1173
1444480 1177
1444490 1177
1444500 1181
1444510 1186
1444520 1186
1444530 1191
1444540 1194
1444550 1194
1444560 1197
1444570 1201
1444580 1205
1444590 1205
1444600 1210
1444610 1213
1444620 1213
1444630 1215
1444640 1217
1444650 1217
1444660 1219
1444670 1221
1444680 1221
1444690 1224
1444700 1228
1444710 1228
1444720 1232
1444730 1236
1444740 1236
1444750 1239
1444760 1243
1444770 1243
1444780 1247
1444790 1250
1444800 1250
1444810 1254
1444820 1259
1444830 1265
1444840 1265
1444850 1270
1444860 1274
1444870 1274
1444880 1279
1444890 1284
1444900 1284
1444910 1289
1444920 1294
1444930 1294
1444940 1298
1444950 1302
1444960 1302
1444970 1306
1444980 1310
1444990 1310
1445000 1313
1445010 1316
1445020 1316
1445030 1319
1445040 1322
1445050 1324
1445060 1324
1445070 1327
1445080 1330
1445090 1330
1445100 1334
1445110 1338
1445120 1338
1445130 1341
1445140 1345
1445150 1345
1445160 1348
1445170 1351
1445180 1351
1445190 1354
1445200 1358
1445210 1358
1445220 1363
1445230 1367
1445240 1367
1445250 1373
1445260 1378
1445270 1378
1445280 1382
1445290 1386
1445300 1388
1445310 1388
1445320 1392
1445330 1396
1445340 1396
1445350 1398
1445360 1401
1445370 1401
1445380 1404
1445390 1407
1445400 1407
1445410 1410
1445420 1411
1445430 1411
1445440 1413
1445450 1416
1445460 1416
1445470 1418
1445480 1421
1445490 1421
1445500 1423
1445510 1425
1445520 1428
1445530 1428
1445540 1429
1445550 1431
1445560 1431
1445570 1434
1445580 1437
1445590 1437
1445600 1442
1445610 1445
1445620 1445
1445630 1447
1445640 1451
1445650 1451
1445660 1455
1445670 1460
1445680 1460
1445690 1463
1445700 1466
1445710 1466
1445720 1470
1445730 1473
1445740 1476
1445750 1476
1445760 1479
1445770 1482
1445780 1482
1445790 1485
1445800 1489
1445810 1489
1445820 1491
1445830 1494
1445840 1494
1445850 1498
1445860 1501
1445870 1501
1445880 1505
1445890 1509
1445900 1509
1445910 1514
1445920 1517
1445930 1517
1445940 1524
1445950 1528
1445960 1528
1445970 1532
1445980 1534
1445990 1536
1446000 1536
1446010 1540
1446020 1545
1446030 1545
1446040 1549
1446050 1553
1446060 1553
1446070 1557
1446080 1563
1446090 1563
1446100 1568
1446110 1575
1446120 1575
1446130 1583
1446140 1588
1446150 1588
1446160 1593
1446170 1602
1446180 1602
1446190 1612
1446200 1617
1446210 1618
1446220 1618
1446230 1617
1446240 1616
1446250 1616
1446260 1618
1446270 1626
1446280 1626
1446290 1631
1446300 1636
1446310 1636
1446320 1639
1446330 1642
1446340 1642
1446350 1645
1446360 1648
1446370 1648
1446380 1652
1446390 1656
1446400 1656
1446410 1659
1446420 1661
1446430 1661
1446440 1663
1446450 1665
1446460 1668
1446470 1668
1446480 1672
1446490 1674
1446500 1674
1446510 1678
1446520 1680
1446530 1680
1446540 1682
1446550 1683
1446560 1683
1446570 1686
1446580 1688
1446590 1688
1446600 1692
1446610 1697
1446620 1697
1446630 1703
1446640 1710
1446650 1710
1446660 1715
1446670 1721
1446680 1726
1446690 1726
1446700 1732
1446710 1738
1446720 1738
1446730 1744
1446740 1749
1446750 1749
1446760 1755
1446770 1758
1446780 1758
1446790 1761
1446800 1765
1446810 1765
1446820 1770
1446830 1773
1446840 1773
1446850 1776
1446860 1780
1446870 1780
1446880 1783
1446890 1785
1446900 1785
1446910 1787
1446920 1790
1446930 1792
1446940 1792
1446950 1796
1446960 1799
1446970 1799
1446980 1802
1446990 1805
1447000 1805
1447010 1809
1447020 1811
1447030 1811
1447040 1812
1447050 1814
1447060 1814
1447070 1816
1447080 1817
1447090 1817
1447100 1818
1447110 1818
1447120 1818
1447130 1818
1447140 1820
1447150 1824
1447160 1824
1447170 1829
1447180 1833
1447190 1833
1447200 1836
1447210 1838
1447220 1838
1447230 1840
1447240 1844
1447250 1844
1447260 1847
1447270 1851
1447280 1851
1447290 1855
1447300 1859
1447310 1859
1447320 1861
1447330 1863
1447340 1863
1447350 1864
1447360 1865
1447370 1868
1447380 1868
1447390 1871
1447400 1874
1447410 1874
1447420 1877
1447430 1880
1447440 1880
1447450 1882
1447460 1885
1447470 1885
1447480 1890
1447490 1891
1447500 1891
1447510 1893
1447520 1897
1447530 1897
1447540 1899
1447550 1900
1447560 1900
1447570 1900
1447580 1901
1447590 1901
1447600 1901
1447610 1902
1447620 1905
1447630 1905
1447640 1911
1447650 1916
1447660 1916
1447670 1921
1447680 1924
1447690 1924
1447700 1927
1447710 1930
1447720 1930
1447730 1935
1447740 1936
1447750 1936
1447760 1938
1447770 1941
1447780 1941
1447790 1942
1447800 1944
1447810 1944
1447820 1947
1447830 1951
1447840 1953
1447850 1953
1447860 1954
1447870 1954
1447880 1954
1447890 1953
1447900 1955
1447910 1955
1447920 1957
1447930 1957
1447940 1957
1447950 1958
1447960 1957
1447970 1957
1447980 1957
1447990 1957
1448000 1957
1448010 1957
1448020 1961
1448030 1961
1448040 1964
1448050 1967
1448060 1967
1448070 1970
1448080 1972
1448090 1974
1448100 1974
1448110 1977
1448120 1979
1448130 1979
1448140 1981
1448150 1983
1448160 1983
1448170 1985
1448180 1986
1448190 1986
1448200 1988
1448210 1990
1448220 1990
1448230 1990
1448240 1991
1448250 1991
1448260 1993
1448270 1996
1448280 1996
1448290 2000
1448300 2002
1448310 2006
1448320 2006
1448330 2011
1448340 2015
1448350 2015
1448360 2020
1448370 2023
1448380 2023
1448390 2025
1448400 2023
1448410 2023
1448420 2022
1448430 2020
1448440 2020
1448450 2016
1448460 2019
1448470 2019
1448480 2021
1448490 2023
1448500 2023
1448510 2025
1448520 2027
1448530 2030
1448540 2030
1448550 2034
1448560 2039
1448570 2039
1448580 2043
1448590 2045
1448600 2045
1448610 2046
1448620 2046
1448630 2046
1448640 2045
1448650 2047
1448660 2047
1448670 2051
1448680 2056
1448690 2056
1448700 2060
1448710 2063
1448720 2063
1448730 2065
1448740 2067
1448750 2067
1448760 2069
1448770 2071
1448780 2071
1448790 2071
1448800 2066
1448810 2060
1448820 2060
1448830 2054
1448840 2048
1448850 2048
1448860 2048
1448870 2047
1448880 2047
1448890 2047
1448900 2048
1448910 2048
1448920 2049
1448930 2044
1448940 2044
1448950 2035
1448960 2033
1448970 2033
1448980 2029
1448990 2022
1449000 2021
1449010 2021
1449020 2023
1449030 2029
1449040 2029
1449050 2032
1449060 2027
1449070 2027
1449080 2023
1449090 2021
1449100 2021
1449110 2021
1449120 2024
1449130 2024
1449140 2020
1449150 2018
1449160 2018
1449170 2015
1449180 2014
1449190 2014
1449200 2012
1449210 2010
1449220 2010
1449230 2018
1449240 2017
1449250 2017
1449260 2017
1449270 2017
1449280 2016
1449290 2016
1449300 2016
1449310 2017
1449320 2017
1449330 2016
1449340 2017
1449350 2017
1449360 2016
1449370 2016
1449380 2016
1449390 2017
1449400 2017
1449410 2017
1449420 2021
1449430 2025
1449440 2025
1449450 2031
1449460 2037
1449470 2044
1449480 2044
1449490 2048
1449500 2046
1449510 2046
1449520 2044
1449530 2052
1449540 2052
1449550 2058
1449560 2062
1449570 2062
1449580 2064
1449590 2065
1449600 2065
1449610 2068
1449620 2071
1449630 2071
1449640 2074
1449650 2074
1449660 2074
1449670 2076
1449680 2077
1449690 2080
1449700 2080
1449710 2082
1449720 2085
1449730 2085
1449740 2088
1449750 2090
1449760 2090
1449770 2093
1449780 2096
1449790 2096
1449800 2098
1449810 2099
1449820 2099
1449830 2104
1449840 2109
1449850 2109
1449860 2112
1449870 2116
1449880 2116
1449890 2120
1449900 2123
1449910 2123
1449920 2127
1449930 2130
1449940 2133
1449950 2133
1449960 2135
1449970 2136
1449980 2136
1449990 2139
1450000 2141
1450010 2141
1450020 2143
1450030 2145
1450040 2145
1450050 2148
1450060 2151
1450070 2151
1450080 2153
1450090 2154
1450100 2154
1450110 2154
1450120 2156
1450130 2156
1450140 2158
1450150 2161
1450160 2166
1450170 2166
1450180 2170
1450190 2173
1450200 2173
1450210 2175
1450220 2178
1450230 2178
1450240 2180
1450250 2182
1450260 2182
1450270 2183
1450280 2185
1450290 2185
1450300 2187
1450310 2188
1450320 2188
1450330 2190
1450340 2193
1450350 2193
1450360 2195
1450370 2199
1450380 2199
1450390 2205
1450400 2211
1450410 2218
1450420 2218
1450430 2223
1450440 2228
1450450 2228
1450460 2235
1450470 2241
1450480 2241
1450490 2247
1450500 2255
1450510 2255
1450520 2263
1450530 2270
1450540 2270
1450550 2278
1450560 2286
1450570 2286
1450580 2294
1450590 2304
1450600 2304
1450610 2313
1450620 2320
1450630 2326
1450640 2326
1450650 2334
1450660 2342
1450670 2342
1450680 2349
1450690 2354
1450700 2354
1450710 2367
1450720 2376
1450730 2376
1450740 2383
1450750 2391
1450760 2391
1450770 2399
1450780 2408
1450790 2408
1450800 2417
1450810 2424
1450820 2424
1450830 2434
1450840 2443
1450850 2450
1450860 2450
1450870 2457
1450880 2454
1450890 2454
1450900 2444
1450910 2436
1450920 2436
1450930 2429
1450940 2423
1450950 2423
1450960 2417
1450970 2411
1450980 2411
1450990 2406
1451000 2401
1451010 2401
1451020 2395
1451030 2389
1451040 2389
1451050 2382
1451060 2374
1451070 2374
1451080 2368
1451090 2363
1451100 2357
1451110 2357
1451120 2351
1451130 2346
1451140 2346
1451150 2342
1451160 2336
1451170 2336
1451180 2331
1451190 2324
1451200 2324
1451210 2318
1451220 2313
1451230 2313
1451240 2308
1451250 2307
1451260 2307
1451270 2306
1451280 2304
1451290 2304
1451300 2301
1451310 2299
1451320 2297
1451330 2297
1451340 2294
1451350 2291
1451360 2291
1451370 2288
1451380 2285
1451390 2285
1451400 2282
1451410 2280
1451420 2280
1451430 2277
1451440 2274
1451450 2274
1451460 2273
1451470 2272
1451480 2272
1451490 2270
1451500 2268
1451510 2268
1451520 2265
1451530 2263
1451540 2263
1451550 2260
1451560 2258
1451570 2255
1451580 2255
1451590 2252
1451600 2248
1451610 2248
1451620 2247
1451630 2246
1451640 2246
1451650 2245
1451660 2244
1451670 2244
1451680 2241
1451690 2237
1451700 2237
1451710 2231
1451720 2226
1451730 2226
1451740 2223
1451750 2220
1451760 2220
1451770 2217
1451780 2215
1451790 2213
1451800 2213
1451810 2213
1451820 2214
1451830 2214
1451840 2212
1451850 2210
1451860 2210
1451870 2208
1451880 2207
1451890 2207
1451900 2206
1451910 2206
1451920 2206
1451930 2207
1451940 2208
1451950 2208
1451960 2210
1451970 2213
1451980 2213
1451990 2216
1452000 2219
1452010 2219
1452020 2221
1452030 2223
1452040 2226
1452050 2226
1452060 2225
1452070 2223
1452080 2223
1452090 2222
1452100 2225
1452110 2225
1452120 2229
1452130 2235
1452140 2235
1452150 2242
1452160 2248
1452170 2248
1452180 2252
1452190 2251
1452200 2251
1452210 2254
1452220 2262
1452230 2262
1452240 2271
1452250 2278
1452260 2282
1452270 2282
1452280 2287
1452290 2295
1452300 2295
1452310 2293
1452320 2289
1452330 2289
1452340 2286
1452350 2287
1452360 2287
1452370 2288
1452380 2288
1452390 2288
1452400 2287
1452410 2286
1452420 2286
1452430 2283
1452440 2286
1452450 2286
1452460 2290
1452470 2282
1452480 2275
1452490 2275
1452500 2272
1452510 2273
1452520 2273
1452530 2275
1452540 2269
1452550 2269
1452560 2268
1452570 2274
1452580 2274
1452590 2269
1452600 2262
1452610 2262
1452620 2265
1452630 2272
1452640 2272
1452650 2267
1452660 2259
1452670 2259
1452680 2253
1452690 2248
1452700 2248
1452710 2243
1452720 2239
1452730 2233
1452740 2233
1452750 2228
1452760 2223
1452770 2223
1452780 2219
1452790 2214
1452800 2214
1452810 2212
1452820 2210
1452830 2210
1452840 2208
1452850 2209
1452860 2209
1452870 2209
1452880 2207
1452890 2207
1452900 2205
1452910 2203
1452920 2203
1452930 2199
1452940 2198
1452950 2199
1452960 2199
1452970 2197
1452980 2196
1452990 2196
1453000 2194
1453010 2191
1453020 2191
1453030 2189
1453040 2191
1453050 2191
1453060 2193
1453070 2193
1453080 2193
1453090 2193
1453100 2195
1453110 2195
1453120 2196
1453130 2197
1453140 2197
1453150 2198
1453160 2194
1453170 2194
1453180 2192
1453190 2190
1453200 2189
1453210 2189
1453220 2186
1453230 2184
1453240 2184
1453250 2180
1453260 2177
1453270 2177
1453280 2174
1453290 2172
1453300 2172
1453310 2169
1453320 2165
1453330 2165
1453340 2157
1453350 2150
1453360 2150
1453370 2142
1453380 2139
1453390 2139
1453400 2141
1453410 2144
1453420 2148
1453430 2148
1453440 2148
1453450 2146
1453460 2146
1453470 2140
1453480 2132
1453490 2132
1453500 2125
1453510 2120
1453520 2120
1453530 2114
1453540 2109
1453550 2109
1453560 2103
1453570 2095
1453580 2095
1453590 2090
1453600 2085
1453610 2085
1453620 2081
1453630 2078
1453640 2076
1453650 2076
1453660 2075
1453670 2072
1453680 2072
1453690 2069
1453700 2065
1453710 2065
1453720 2061
1453730 2058
1453740 2058
1453750 2059
1453760 2060
1453770 2060
1453780 2062
1453790 2063
1453800 2063
1453810 2063
1453820 2063
1453830 2063
1453840 2062
1453850 2062
1453860 2062
1453870 2061
1453880 2057
1453890 2054
1453900 2054
1453910 2053
1453920 2051
1453930 2051
1453940 2045
1453950 2038
1453960 2038
1453970 2030
1453980 2023
1453990 2023
1454000 2017
1454010 2013
1454020 2013
1454030 2010
1454040 2008
1454050 2008
1454060 2006
1454070 2004
1454080 2004
1454090 2003
1454100 2003
1454110 2002
1454120 2002
1454130 2001
1454140 1999
1454150 1999
1454160 1997
1454170 1994
1454180 1994
1454190 1991
1454200 1987
1454210 1987
1454220 1983
1454230 1978
1454240 1978
1454250 1974
1454260 1969
1454270 1969
1454280 1963
1454290 1959
1454300 1959
1454310 1955
1454320 1949
1454330 1949
1454340 1945
1454350 1941
1454360 1938
1454370 1938
1454380 1934
1454390 1929
1454400 1929
1454410 1924
1454420 1920
1454430 1920
1454440 1915
1454450 1911
1454460 1911
1454470 1907
1454480 1904
1454490 1904
1454500 1901
1454510 1898
1454520 1898
1454530 1895
1454540 1894
1454550 1894
1454560 1893
1454570 1893
1454580 1892
1454590 1892
1454600 1890
1454610 1887
1454620 1887
1454630 1882
1454640 1877
1454650 1877
1454660 1870
1454670 1862
1454680 1862
1454690 1856
1454700 1853
1454710 1853
1454720 1849
1454730 1846
1454740 1846
1454750 1842
1454760 1838
1454770 1838
1454780 1836
1454790 1835
1454800 1833
1454810 1833
1454820 1832
1454830 1830
1454840 1830
1454850 1828
1454860 1826
1454870 1826
1454880 1822
1454890 1820
1454900 1820
1454910 1817
1454920 1815
1454930 1815
1454940 1814
1454950 1810
1454960 1810
1454970 1807
1454980 1804
1454990 1804
1455000 1801
1455010 1798
1455020 1798
1455030 1795
1455040 1791
1455050 1787
1455060 1787
1455070 1784
1455080 1782
1455090 1782
1455100 1780
1455110 1778
1455120 1778
1455130 1775
1455140 1773
1455150 1773
1455160 1771
1455170 1768
1455180 1768
1455190 1765
1455200 1761
1455210 1761
1455220 1758
1455230 1756
1455240 1756
1455250 1752
1455260 1749
1455270 1746
1455280 1746
1455290 1745
1455300 1745
1455310 1745
1455320 1744
1455330 1739
1455340 1739
1455350 1733
1455360 1728
1455370 1728
1455380 1722
1455390 1716
1455400 1716
1455410 1711
1455420 1708
1455430 1708
1455440 1702
1455450 1695
1455460 1695
1455470 1686
1455480 1677
1455490 1677
1455500 1668
1455510 1660
1455520 1654
1455530 1654
1455540 1647
1455550 1641
1455560 1641
1455570 1636
1455580 1632
1455590 1632
1455600 1627
1455610 1623
1455620 1623
1455630 1619
1455640 1615
1455650 1615
1455660 1612
1455670 1609
1455680 1609
1455690 1605
1455700 1601
1455710 1601
1455720 1599
1455730 1597
1455740 1593
1455750 1593
1455760 1590
1455770 1586
1455780 1586
1455790 1582
1455800 1579
1455810 1579
1455820 1575
1455830 1571
1455840 1571
1455850 1567
1455860 1564
1455870 1564
1455880 1559
1455890 1553
1455900 1553
1455910 1548
1455920 1543
1455930 1543
1455940 1537
1455950 1530
1455960 1526
1455970 1526
1455980 1521
1455990 1514
1456000 1514
1456010 1511
1456020 1506
1456030 1506
1456040 1500
1456050 1495
1456060 1495
1456070 1490
1456080 1487
1456090 1487
1456100 1482
1456110 1477
1456120 1477
1456130 1472
1456140 1467
1456150 1467
1456160 1464
1456170 1460
1456180 1460
1456190 1455
1456200 1452
1456210 1449
1456220 1449
1456230 1444
1456240 1441
1456250 1441
1456260 1438
1456270 1436
1456280 1436
1456290 1434
1456300 1431
1456310 1431
1456320 1427
1456330 1424
1456340 1424
1456350 1422
1456360 1419
1456370 1419
1456380 1416
1456390 1414
1456400 1414
1456410 1411
1456420 1407
1456430 1404
1456440 1404
1456450 1401
1456460 1398
1456470 1398
1456480 1394
1456490 1390
1456500 1390
1456510 1387
1456520 1383
1456530 1383
1456540 1380
1456550 1377
1456560 1377
1456570 1373
1456580 1369
1456590 1369
1456600 1366
1456610 1361
1456620 1361
1456630 1357
1456640 1353
1456650 1353
1456660 1349
1456670 1347
1456680 1344
1456690 1344
1456700 1341
1456710 1340
1456720 1340
1456730 1338
1456740 1334
1456750 1334
1456760 1330
1456770 1324
1456780 1324
1456790 1318
1456800 1313
1456810 1313
1456820 1308
1456830 1303
1456840 1303
1456850 1298
1456860 1295
1456870 1295
1456880 1293
1456890 1289
1456900 1283
1456910 1283
1456920 1274
1456930 1265
1456940 1265
1456950 1257
1456960 1250
1456970 1250
1456980 1244
1456990 1236
1457000 1236
1457010 1229
1457020 1221
1457030 1221
1457040 1214
1457050 1207
1457060 1207
1457070 1203
1457080 1201
1457090 1201
1457100 1201
1457110 1201
1457120 1202
1457130 1202
1457140 1202
1457150 1200
1457160 1200
1457170 1197
1457180 1193
1457190 1193
1457200 1188
1457210 1183
1457220 1183
1457230 1179
1457240 1175
1457250 1175
1457260 1172
1457270 1171
1457280 1171
1457290 1168
1457300 1165
1457310 1165
1457320 1160
1457330 1155
1457340 1155
1457350 1151
1457360 1147
1457370 1144
1457380 1144
1457390 1139
1457400 1134
1457410 1134
1457420 1130
1457430 1126
1457440 1126
1457450 1123
1457460 1120
1457470 1120
1457480 1115
1457490 1110
1457500 1110
1457510 1107
1457520 1105
1457530 1105
1457540 1103
1457550 1100
1457560 1100
1457570 1096
1457580 1093
1457590 1090
1457600 1090
1457610 1086
1457620 1083
1457630 1083
1457640 1081
1457650 1081
1457660 1081
1457670 1082
1457680 1084
1457690 1084
1457700 1082
1457710 1079
1457720 1079
1457730 1076
1457740 1071
1457750 1071
1457760 1066
1457770 1060
1457780 1060
1457790 1056
1457800 1052
1457810 1052
1457820 1049
1457830 1046
1457840 1044
1457850 1044
1457860 1041
1457870 1038
1457880 1038
1457890 1035
1457900 1033
1457910 1033
1457920 1031
1457930 1028
1457940 1028
1457950 1026
1457960 1024
1457970 1024
1457980 1022
1457990 1019
1458000 1019
1458010 1016
1458020 1014
1458030 1014
1458040 1011
1458050 1009
1458060 1006
1458070 1006
1458080 1004
1458090 1001
1458100 1001
1458110 999
1458120 998
1458130 998
1458140 995
1458150 994
1458160 994
1458170 993
1458180 991
1458190 991
1458200 989
1458210 986
1458220 986
1458230 980
1458240 977
1458250 977
1458260 977
1458270 976
1458280 973
1458290 973
1458300 970
1458310 968
1458320 968
1458330 966
1458340 962
1458350 962
1458360 960
1458370 958
1458380 958
1458390 958
1458400 957
1458410 957
1458420 953
1458430 948
1458440 948
1458450 943
1458460 937
1458470 937
1458480 936
1458490 934
1458500 934
1458510 930
1458520 925
1458530 923
1458540 923
1458550 921
1458560 918
1458570 918
1458580 914
1458590 909
1458600 909
1458610 904
1458620 899
1458630 899
1458640 894
1458650 889
1458660 889
1458670 885
1458680 880
1458690 880
1458700 876
1458710 873
1458720 873
1458730 871
1458740 866
1458750 861
1458760 861
1458770 855
1458780 849
1458790 849
1458800 845
1458810 844
1458820 844
1458830 844
1458840 844
1458850 844
1458860 844
1458870 844
1458880 844
1458890 844
1458900 844
1458910 844
1458920 844
1458930 844
1458940 844
1458950 844
1458960 843
1458970 843
1458980 843
1458990 844
1459000 844
1459010 844
1459020 844
1459030 844
1459040 844
1459050 844
1459060 844
1459070 844
1459080 844
1459090 844
1459100 844
1459110 843
1459120 843
1459130 843
1459140 843
1459150 843
1459160 843
1459170 843
1459180 843
1459190 843
1459200 843
1459210 843
1459220 844
1459230 844
1459240 844
1459250 843
1459260 843
1459270 843
1459280 842
1459290 842
1459300 842
1459310 842
1459320 842
1459330 842
1459340 842
1459350 842
1459360 842
1459370 842
1459380 842
1459390 842
1459400 842
1459410 842
1459420 842
1459430 843
1459440 843
1459450 843
1459460 843
1459470 842
1459480 842
1459490 842
1459500 842
1459510 842
1459520 842
1459530 842
1459540 842
1459550 842
1459560 841
1459570 841
1459580 841
1459590 841
1459600 841
1459610 841
1459620 841
1459630 841
1459640 841
1459650 841
1459660 841
1459670 841
1459680 841
1459690 841
1459700 841
1459710 841
1459720 841
1459730 841
1459740 841
1459750 841
1459760 841
1459770 841
1459780 841
1459790 841
1459800 841
1459810 841
1459820 841
1459830 842
1459840 842
1459850 842
1459860 842
1459870 842
1459880 842
1459890 842
1459900 843
1459910 842
1459920 842
1459930 841
1459940 842
1459950 842
1459960 843
1459970 844
1459980 844
1459990 844
