1440000 2001
1440010 2008
1440020 2017
1440030 2017
1440040 2027
1440050 2038
1440060 2038
1440070 2048
1440080 2057
1440090 2057
1440100 2067
1440110 2076
1440120 2076
1440130 2084
1440140 2094
1440150 2104
1440160 2104
1440170 2113
1440180 2122
1440190 2122
1440200 2129
1440210 2135
1440220 2135
1440230 2141
1440240 2146
1440250 2146
1440260 2150
1440270 2153
1440280 2153
1440290 2154
1440300 2154
1440310 2154
1440320 2153
1440330 2153
1440340 2153
1440350 2153
1440360 2155
1440370 2157
1440380 2157
1440390 2160
1440400 2161
1440410 2161
1440420 2163
1440430 2166
1440440 2166
1440450 2171
1440460 2175
1440470 2175
1440480 2178
1440490 2182
1440500 2182
1440510 2186
1440520 2189
1440530 2189
1440540 2192
1440550 2196
1440560 2196
1440570 2200
1440580 2202
1440590 2202
1440600 2207
1440610 2212
1440620 2216
1440630 2216
1440640 2218
1440650 2215
1440660 2215
1440670 2209
1440680 2204
1440690 2204
1440700 2197
1440710 2193
1440720 2193
1440730 2190
1440740 2187
1440750 2187
1440760 2183
1440770 2180
1440780 2180
1440790 2178
1440800 2177
1440810 2177
1440820 2175
1440830 2171
1440840 2170
1440850 2170
1440860 2170
1440870 2167
1440880 2167
1440890 2161
1440900 2156
1440910 2156
1440920 2149
1440930 2138
1440940 2138
1440950 2130
1440960 2125
1440970 2125
1440980 2118
1440990 2107
1441000 2107
1441010 2097
1441020 2088
1441030 2088
1441040 2083
1441050 2076
1441060 2076
1441070 2068
1441080 2057
1441090 2048
1441100 2048
1441110 2044
1441120 2039
1441130 2039
1441140 2031
1441150 2024
1441160 2024
1441170 2017
1441180 2013
1441190 2013
1441200 2003
1441210 1997
1441220 1997
1441230 1992
1441240 1987
1441250 1987
1441260 1984
1441270 1983
1441280 1983
1441290 1980
1441300 1977
1441310 1972
1441320 1972
1441330 1968
1441340 1964
1441350 1964
1441360 1959
1441370 1955
1441380 1955
1441390 1950
1441400 1945
1441410 1945
1441420 1939
1441430 1934
1441440 1934
1441450 1925
1441460 1914
1441470 1914
1441480 1896
1441490 1881
1441500 1881
1441510 1868
1441520 1857
1441530 1857
1441540 1847
1441550 1837
1441560 1830
1441570 1830
1441580 1823
1441590 1814
1441600 1814
1441610 1806
1441620 1800
1441630 1800
1441640 1793
1441650 1782
1441660 1782
1441670 1775
1441680 1770
1441690 1770
1441700 1763
1441710 1756
1441720 1756
1441730 1750
1441740 1743
1441750 1743
1441760 1735
1441770 1726
1441780 1719
1441790 1719
1441800 1713
1441810 1706
1441820 1706
1441830 1699
1441840 1692
1441850 1692
1441860 1685
1441870 1678
1441880 1678
1441890 1669
1441900 1661
1441910 1661
1441920 1650
1441930 1638
1441940 1638
1441950 1625
1441960 1613
1441970 1613
1441980 1605
1441990 1598
1442000 1598
1442010 1591
1442020 1588
1442030 1584
1442040 1584
1442050 1578
1442060 1572
1442070 1572
1442080 1572
1442090 1566
1442100 1566
1442110 1562
1442120 1561
1442130 1561
1442140 1559
1442150 1556
1442160 1556
1442170 1553
1442180 1550
1442190 1550
1442200 1546
1442210 1542
1442220 1542
1442230 1537
1442240 1532
1442250 1526
1442260 1526
1442270 1520
1442280 1513
1442290 1513
1442300 1506
1442310 1500
1442320 1500
1442330 1496
1442340 1492
1442350 1492
1442360 1489
1442370 1485
1442380 1485
1442390 1479
1442400 1472
1442410 1472
1442420 1465
1442430 1457
1442440 1457
1442450 1450
1442460 1440
1442470 1440
1442480 1432
1442490 1425
1442500 1418
1442510 1418
1442520 1412
1442530 1406
1442540 1406
1442550 1404
1442560 1400
1442570 1400
1442580 1396
1442590 1391
1442600 1391
1442610 1385
1442620 1379
1442630 1379
1442640 1374
1442650 1368
1442660 1368
1442670 1364
1442680 1359
1442690 1359
1442700 1354
1442710 1348
1442720 1342
1442730 1342
1442740 1335
1442750 1328
1442760 1328
1442770 1320
1442780 1311
1442790 1311
1442800 1299
1442810 1283
1442820 1283
1442830 1263
1442840 1255
1442850 1255
1442860 1249
1442870 1243
1442880 1243
1442890 1238
1442900 1228
1442910 1228
1442920 1217
1442930 1207
1442940 1207
1442950 1199
1442960 1191
1442970 1183
1442980 1183
1442990 1175
1443000 1167
1443010 1167
1443020 1158
1443030 1151
1443040 1151
1443050 1145
1443060 1140
1443070 1140
1443080 1135
1443090 1131
1443100 1131
1443110 1125
1443120 1119
1443130 1119
1443140 1117
1443150 1115
1443160 1115
1443170 1113
1443180 1111
1443190 1109
1443200 1109
1443210 1108
1443220 1105
1443230 1105
1443240 1098
1443250 1093
1443260 1093
1443270 1087
1443280 1083
1443290 1083
1443300 1081
1443310 1078
1443320 1078
1443330 1077
1443340 1076
1443350 1076
1443360 1074
1443370 1071
1443380 1071
1443390 1069
1443400 1068
1443410 1068
1443420 1067
1443430 1066
1443440 1066
1443450 1066
1443460 1066
1443470 1066
1443480 1066
1443490 1066
1443500 1066
1443510 1066
1443520 1067
1443530 1068
1443540 1068
1443550 1071
1443560 1066
1443570 1066
1443580 1064
1443590 1063
1443600 1063
1443610 1060
1443620 1057
1443630 1057
1443640 1056
1443650 1055
1443660 1052
1443670 1052
1443680 1050
1443690 1049
1443700 1049
1443710 1045
1443720 1044
1443730 1044
1443740 1049
1443750 1051
1443760 1051
1443770 1053
1443780 1054
1443790 1054
1443800 1055
1443810 1055
1443820 1055
1443830 1055
1443840 1053
1443850 1053
1443860 1051
1443870 1053
1443880 1053
1443890 1055
1443900 1055
1443910 1057
1443920 1057
1443930 1058
1443940 1061
1443950 1061
1443960 1062
1443970 1064
1443980 1064
1443990 1066
1444000 1067
1444010 1067
1444020 1068
1444030 1069
1444040 1069
1444050 1070
1444060 1071
1444070 1071
1444080 1075
1444090 1078
1444100 1078
1444110 1080
1444120 1081
1444130 1080
1444140 1080
1444150 1080
1444160 1080
1444170 1080
1444180 1080
1444190 1081
1444200 1081
1444210 1082
1444220 1082
1444230 1082
1444240 1083
1444250 1083
1444260 1083
1444270 1084
1444280 1087
1444290 1087
1444300 1091
1444310 1094
1444320 1094
1444330 1098
1444340 1102
1444350 1102
1444360 1106
1444370 1111
1444380 1116
1444390 1116
1444400 1121
1444410 1127
1444420 1127
1444430 1132
1444440 1137
1444450 1137
1444460 1141
1444470 1145
1444480 1145
1444490 1149
1444500 1153
1444510 1153
1444520 1157
1444530 1164
1444540 1164
1444550 1171
1444560 1178
1444570 1178
1444580 1184
1444590 1187
1444600 1189
1444610 1189
1444620 1193
1444630 1196
1444640 1196
1444650 1201
1444660 1207
1444670 1207
1444680 1211
1444690 1214
1444700 1214
1444710 1218
1444720 1222
1444730 1222
1444740 1226
1444750 1229
1444760 1229
1444770 1233
1444780 1237
1444790 1237
1444800 1240
1444810 1242
1444820 1242
1444830 1244
1444840 1246
1444850 1248
1444860 1248
1444870 1250
1444880 1250
1444890 1250
1444900 1251
1444910 1252
1444920 1252
1444930 1252
1444940 1253
1444950 1253
1444960 1255
1444970 1260
1444980 1260
1444990 1264
1445000 1269
1445010 1269
1445020 1273
1445030 1276
1445040 1276
1445050 1278
1445060 1279
1445070 1280
1445080 1280
1445090 1281
1445100 1283
1445110 1283
1445120 1287
1445130 1292
1445140 1292
1445150 1298
1445160 1304
1445170 1304
1445180 1307
1445190 1313
1445200 1313
1445210 1318
1445220 1324
1445230 1324
1445240 1330
1445250 1335
1445260 1335
1445270 1339
1445280 1344
1445290 1344
1445300 1348
1445310 1352
1445320 1355
1445330 1355
1445340 1357
1445350 1359
1445360 1359
1445370 1361
1445380 1363
1445390 1363
1445400 1365
1445410 1367
1445420 1367
1445430 1370
1445440 1373
1445450 1373
1445460 1378
1445470 1382
1445480 1382
1445490 1385
1445500 1388
1445510 1388
1445520 1391
1445530 1393
1445540 1397
1445550 1397
1445560 1401
1445570 1404
1445580 1404
1445590 1406
1445600 1408
1445610 1408
1445620 1409
1445630 1411
1445640 1411
1445650 1414
1445660 1416
1445670 1416
1445680 1418
1445690 1421
1445700 1421
1445710 1424
1445720 1427
1445730 1427
1445740 1430
1445750 1433
1445760 1433
1445770 1436
1445780 1439
1445790 1442
1445800 1442
1445810 1446
1445820 1450
1445830 1450
1445840 1455
1445850 1460
1445860 1460
1445870 1464
1445880 1469
1445890 1469
1445900 1472
1445910 1474
1445920 1474
1445930 1477
1445940 1479
1445950 1479
1445960 1483
1445970 1486
1445980 1486
1445990 1490
1446000 1493
1446010 1497
1446020 1497
1446030 1500
1446040 1504
1446050 1504
1446060 1508
1446070 1512
1446080 1512
1446090 1517
1446100 1521
1446110 1521
1446120 1526
1446130 1529
1446140 1529
1446150 1533
1446160 1538
1446170 1538
1446180 1543
1446190 1548
1446200 1548
1446210 1552
1446220 1557
1446230 1557
1446240 1563
1446250 1569
1446260 1574
1446270 1574
1446280 1580
1446290 1585
1446300 1585
1446310 1590
1446320 1596
1446330 1596
1446340 1600
1446350 1604
1446360 1604
1446370 1606
1446380 1609
1446390 1609
1446400 1611
1446410 1612
1446420 1612
1446430 1615
1446440 1618
1446450 1618
1446460 1622
1446470 1626
1446480 1629
1446490 1629
1446500 1633
1446510 1636
1446520 1636
1446530 1639
1446540 1641
1446550 1641
1446560 1644
1446570 1649
1446580 1649
1446590 1652
1446600 1655
1446610 1655
1446620 1656
1446630 1659
1446640 1659
1446650 1662
1446660 1665
1446670 1665
1446680 1667
1446690 1670
1446700 1670
1446710 1674
1446720 1678
1446730 1682
1446740 1682
1446750 1683
1446760 1683
1446770 1683
1446780 1684
1446790 1687
1446800 1687
1446810 1690
1446820 1691
1446830 1691
1446840 1690
1446850 1692
1446860 1692
1446870 1695
1446880 1698
1446890 1698
1446900 1701
1446910 1706
1446920 1706
1446930 1711
1446940 1717
1446950 1723
1446960 1723
1446970 1729
1446980 1734
1446990 1734
1447000 1739
1447010 1743
1447020 1743
1447030 1747
1447040 1751
1447050 1751
1447060 1755
1447070 1757
1447080 1757
1447090 1755
1447100 1756
1447110 1756
1447120 1760
1447130 1763
1447140 1763
1447150 1765
1447160 1767
1447170 1767
1447180 1768
1447190 1768
1447200 1768
1447210 1768
1447220 1771
1447230 1774
1447240 1774
1447250 1777
1447260 1778
1447270 1778
1447280 1779
1447290 1782
1447300 1782
1447310 1786
1447320 1792
1447330 1792
1447340 1797
1447350 1800
1447360 1800
1447370 1801
1447380 1801
1447390 1801
1447400 1801
1447410 1801
1447420 1801
1447430 1801
1447440 1801
1447450 1802
1447460 1802
1447470 1802
1447480 1804
1447490 1804
1447500 1805
1447510 1808
1447520 1808
1447530 1810
1447540 1814
1447550 1814
1447560 1817
1447570 1820
1447580 1820
1447590 1824
1447600 1828
1447610 1828
1447620 1833
1447630 1841
1447640 1841
1447650 1847
1447660 1841
1447670 1833
1447680 1833
1447690 1826
1447700 1817
1447710 1817
1447720 1810
1447730 1802
1447740 1802
1447750 1793
1447760 1783
1447770 1783
1447780 1772
1447790 1746
1447800 1746
1447810 1731
1447820 1725
1447830 1725
1447840 1713
1447850 1697
1447860 1697
1447870 1685
1447880 1678
1447890 1671
1447900 1671
1447910 1666
1447920 1661
1447930 1661
1447940 1658
1447950 1653
1447960 1653
1447970 1641
1447980 1623
1447990 1623
1448000 1612
1448010 1604
1448020 1604
1448030 1597
1448040 1591
1448050 1591
1448060 1586
1448070 1580
1448080 1580
1448090 1574
1448100 1568
1448110 1568
1448120 1569
1448130 1571
1448140 1568
1448150 1568
1448160 1564
1448170 1560
1448180 1560
1448190 1556
1448200 1552
1448210 1552
1448220 1550
1448230 1548
1448240 1548
1448250 1545
1448260 1541
1448270 1541
1448280 1537
1448290 1533
1448300 1533
1448310 1531
1448320 1531
1448330 1531
1448340 1531
1448350 1530
1448360 1529
1448370 1529
1448380 1530
1448390 1531
1448400 1531
1448410 1531
1448420 1532
1448430 1532
1448440 1534
1448450 1534
1448460 1534
1448470 1536
1448480 1542
1448490 1542
1448500 1547
1448510 1553
1448520 1553
1448530 1556
1448540 1561
1448550 1561
1448560 1566
1448570 1572
1448580 1572
1448590 1577
1448600 1582
1448610 1585
1448620 1585
1448630 1587
1448640 1592
1448650 1592
1448660 1597
1448670 1601
1448680 1601
1448690 1606
1448700 1610
1448710 1610
1448720 1613
1448730 1616
1448740 1616
1448750 1619
1448760 1623
1448770 1623
1448780 1625
1448790 1628
1448800 1628
1448810 1632
1448820 1637
1448830 1641
1448840 1641
1448850 1646
1448860 1651
1448870 1651
1448880 1655
1448890 1660
1448900 1660
1448910 1665
1448920 1670
1448930 1670
1448940 1675
1448950 1680
1448960 1680
1448970 1685
1448980 1690
1448990 1690
1449000 1694
1449010 1697
1449020 1697
1449030 1699
1449040 1702
1449050 1702
1449060 1707
1449070 1711
1449080 1714
1449090 1714
1449100 1716
1449110 1720
1449120 1720
1449130 1725
1449140 1732
1449150 1732
1449160 1737
1449170 1743
1449180 1743
1449190 1750
1449200 1756
1449210 1756
1449220 1764
1449230 1771
1449240 1771
1449250 1778
1449260 1785
1449270 1785
1449280 1791
1449290 1797
1449300 1802
1449310 1802
1449320 1807
1449330 1811
1449340 1811
1449350 1814
1449360 1817
1449370 1817
1449380 1820
1449390 1823
1449400 1823
1449410 1826
1449420 1828
1449430 1828
1449440 1830
1449450 1831
1449460 1831
1449470 1832
1449480 1835
1449490 1835
1449500 1839
1449510 1842
1449520 1842
1449530 1844
1449540 1845
1449550 1845
1449560 1845
1449570 1846
1449580 1849
1449590 1849
1449600 1852
1449610 1855
1449620 1855
1449630 1858
1449640 1861
1449650 1861
1449660 1864
1449670 1868
1449680 1868
1449690 1870
1449700 1873
1449710 1873
1449720 1876
1449730 1880
1449740 1880
1449750 1884
1449760 1887
1449770 1891
1449780 1891
1449790 1895
1449800 1902
1449810 1902
1449820 1909
1449830 1914
1449840 1914
1449850 1919
1449860 1923
1449870 1923
1449880 1928
1449890 1933
1449900 1933
1449910 1938
1449920 1941
1449930 1941
1449940 1945
1449950 1948
1449960 1948
1449970 1954
1449980 1958
1449990 1958
1450000 1961
1450010 1964
1450020 1966
1450030 1966
1450040 1969
1450050 1972
1450060 1972
1450070 1974
1450080 1977
1450090 1977
1450100 1982
1450110 1987
1450120 1987
1450130 1991
1450140 1994
1450150 1994
1450160 1999
1450170 2005
1450180 2005
1450190 2013
1450200 2019
1450210 2019
1450220 2025
1450230 2030
1450240 2035
1450250 2035
1450260 2039
1450270 2042
1450280 2042
1450290 2046
1450300 2051
1450310 2051
1450320 2057
1450330 2062
1450340 2062
1450350 2067
1450360 2073
1450370 2073
1450380 2080
1450390 2087
1450400 2087
1450410 2095
1450420 2104
1450430 2104
1450440 2114
1450450 2123
1450460 2123
1450470 2132
1450480 2141
1450490 2153
1450500 2153
1450510 2163
1450520 2176
1450530 2176
1450540 2192
1450550 2200
1450560 2200
1450570 2208
1450580 2216
1450590 2216
1450600 2223
1450610 2231
1450620 2231
1450630 2238
1450640 2246
1450650 2246
1450660 2254
1450670 2262
1450680 2262
1450690 2270
1450700 2273
1450710 2271
1450720 2271
1450730 2273
1450740 2275
1450750 2275
1450760 2269
1450770 2269
1450780 2269
1450790 2271
1450800 2275
1450810 2275
1450820 2269
1450830 2261
1450840 2261
1450850 2256
1450860 2250
1450870 2250
1450880 2243
1450890 2236
1450900 2236
1450910 2231
1450920 2225
1450930 2225
1450940 2219
1450950 2214
1450960 2209
1450970 2209
1450980 2203
1450990 2196
1451000 2196
1451010 2188
1451020 2181
1451030 2181
1451040 2176
1451050 2172
1451060 2172
1451070 2167
1451080 2162
1451090 2162
1451100 2157
1451110 2153
1451120 2153
1451130 2148
1451140 2143
1451150 2143
1451160 2137
1451170 2131
1451180 2125
1451190 2125
1451200 2117
1451210 2109
1451220 2109
1451230 2104
1451240 2100
1451250 2100
1451260 2097
1451270 2094
1451280 2094
1451290 2090
1451300 2086
1451310 2086
1451320 2081
1451330 2080
1451340 2080
1451350 2076
1451360 2072
1451370 2072
1451380 2067
1451390 2061
1451400 2061
1451410 2057
1451420 2055
1451430 2057
1451440 2057
1451450 2062
1451460 2062
1451470 2062
1451480 2066
1451490 2065
1451500 2065
1451510 2059
1451520 2059
1451530 2059
1451540 2052
1451550 2044
1451560 2044
1451570 2037
1451580 2032
1451590 2032
1451600 2029
1451610 2027
1451620 2027
1451630 2024
1451640 2023
1451650 2023
1451660 2023
1451670 2021
1451680 2019
1451690 2019
1451700 2018
1451710 2017
1451720 2017
1451730 2016
1451740 2012
1451750 2012
1451760 2007
1451770 2003
1451780 2003
1451790 1999
1451800 1997
1451810 1997
1451820 1990
1451830 1983
1451840 1983
1451850 1977
1451860 1972
1451870 1972
1451880 1969
1451890 1965
1451900 1962
1451910 1962
1451920 1961
1451930 1959
1451940 1959
1451950 1956
1451960 1953
1451970 1953
1451980 1950
1451990 1945
1452000 1945
1452010 1939
1452020 1934
1452030 1934
1452040 1930
1452050 1927
1452060 1927
1452070 1923
1452080 1919
1452090 1919
1452100 1913
1452110 1907
1452120 1901
1452130 1901
1452140 1897
1452150 1893
1452160 1893
1452170 1889
1452180 1885
1452190 1885
1452200 1881
1452210 1877
1452220 1877
1452230 1873
1452240 1871
1452250 1871
1452260 1870
1452270 1868
1452280 1868
1452290 1865
1452300 1860
1452310 1860
1452320 1854
1452330 1848
1452340 1848
1452350 1845
1452360 1845
1452370 1845
1452380 1845
1452390 1845
1452400 1846
1452410 1846
1452420 1845
1452430 1844
1452440 1844
1452450 1843
1452460 1840
1452470 1840
1452480 1836
1452490 1831
1452500 1831
1452510 1827
1452520 1825
1452530 1825
1452540 1824
1452550 1823
1452560 1823
1452570 1822
1452580 1821
1452590 1818
1452600 1818
1452610 1815
1452620 1809
1452630 1809
1452640 1802
1452650 1795
1452660 1795
1452670 1787
1452680 1778
1452690 1778
1452700 1770
1452710 1763
1452720 1763
1452730 1760
1452740 1764
1452750 1764
1452760 1766
1452770 1769
1452780 1769
1452790 1770
1452800 1772
1452810 1772
1452820 1774
1452830 1778
1452840 1781
1452850 1781
1452860 1786
1452870 1791
1452880 1791
1452890 1796
1452900 1802
1452910 1802
1452920 1805
1452930 1807
1452940 1807
1452950 1807
1452960 1807
1452970 1807
1452980 1807
1452990 1808
1453000 1808
1453010 1808
1453020 1808
1453030 1808
1453040 1807
1453050 1805
1453060 1805
1453070 1805
1453080 1807
1453090 1803
1453100 1803
1453110 1799
1453120 1793
1453130 1793
1453140 1788
1453150 1785
1453160 1785
1453170 1780
1453180 1775
1453190 1775
1453200 1771
1453210 1767
1453220 1767
1453230 1763
1453240 1760
1453250 1760
1453260 1756
1453270 1752
1453280 1752
1453290 1749
1453300 1746
1453310 1739
1453320 1739
1453330 1736
1453340 1734
1453350 1734
1453360 1729
1453370 1726
1453380 1726
1453390 1721
1453400 1712
1453410 1712
1453420 1712
1453430 1712
1453440 1712
1453450 1711
1453460 1712
1453470 1712
1453480 1713
1453490 1710
1453500 1710
1453510 1712
1453520 1711
1453530 1705
1453540 1705
1453550 1698
1453560 1694
1453570 1694
1453580 1689
1453590 1681
1453600 1681
1453610 1679
1453620 1681
1453630 1681
1453640 1681
1453650 1678
1453660 1678
1453670 1675
1453680 1673
1453690 1673
1453700 1670
1453710 1663
1453720 1663
1453730 1654
1453740 1656
1453750 1656
1453760 1661
1453770 1662
1453780 1660
1453790 1660
1453800 1655
1453810 1650
1453820 1650
1453830 1654
1453840 1657
1453850 1657
1453860 1658
1453870 1659
1453880 1659
1453890 1659
1453900 1659
1453910 1659
1453920 1659
1453930 1658
1453940 1658
1453950 1658
1453960 1654
1453970 1654
1453980 1652
1453990 1652
1454000 1655
1454010 1655
1454020 1657
1454030 1654
1454040 1654
1454050 1652
1454060 1649
1454070 1649
1454080 1648
1454090 1647
1454100 1647
1454110 1645
1454120 1644
1454130 1644
1454140 1642
1454150 1640
1454160 1640
1454170 1639
1454180 1638
1454190 1638
1454200 1637
1454210 1636
1454220 1636
1454230 1635
1454240 1634
1454250 1631
1454260 1631
1454270 1630
1454280 1628
1454290 1628
1454300 1626
1454310 1624
1454320 1624
1454330 1623
1454340 1625
1454350 1625
1454360 1628
1454370 1629
1454380 1629
1454390 1624
1454400 1619
1454410 1619
1454420 1614
1454430 1609
1454440 1609
1454450 1607
1454460 1606
1454470 1606
1454480 1606
1454490 1606
1454500 1607
1454510 1607
1454520 1608
1454530 1608
1454540 1608
1454550 1607
1454560 1606
1454570 1606
1454580 1604
1454590 1602
1454600 1602
1454610 1597
1454620 1591
1454630 1591
1454640 1586
1454650 1584
1454660 1584
1454670 1586
1454680 1589
1454690 1589
1454700 1594
1454710 1602
1454720 1605
1454730 1605
1454740 1606
1454750 1608
1454760 1608
1454770 1608
1454780 1603
1454790 1603
1454800 1596
1454810 1597
1454820 1597
1454830 1595
1454840 1591
1454850 1591
1454860 1587
1454870 1582
1454880 1582
1454890 1576
1454900 1570
1454910 1570
1454920 1564
1454930 1557
1454940 1551
1454950 1551
1454960 1541
1454970 1530
1454980 1530
1454990 1521
1455000 1511
1455010 1511
1455020 1505
1455030 1503
1455040 1503
1455050 1500
1455060 1494
1455070 1494
1455080 1490
1455090 1485
1455100 1485
1455110 1480
1455120 1473
1455130 1473
1455140 1466
1455150 1458
1455160 1458
1455170 1451
1455180 1445
1455190 1440
1455200 1440
1455210 1437
1455220 1434
1455230 1434
1455240 1430
1455250 1427
1455260 1427
1455270 1424
1455280 1420
1455290 1420
1455300 1415
1455310 1411
1455320 1411
1455330 1406
1455340 1401
1455350 1401
1455360 1397
1455370 1394
1455380 1394
1455390 1390
1455400 1387
1455410 1385
1455420 1385
1455430 1382
1455440 1380
1455450 1380
1455460 1378
1455470 1376
1455480 1376
1455490 1373
1455500 1368
1455510 1368
1455520 1363
1455530 1359
1455540 1359
1455550 1355
1455560 1352
1455570 1352
1455580 1350
1455590 1348
1455600 1348
1455610 1348
1455620 1348
1455630 1348
1455640 1348
1455650 1349
1455660 1349
1455670 1349
1455680 1350
1455690 1351
1455700 1351
1455710 1351
1455720 1351
1455730 1351
1455740 1352
1455750 1352
1455760 1352
1455770 1352
1455780 1351
1455790 1351
1455800 1350
1455810 1349
1455820 1349
1455830 1346
1455840 1345
1455850 1345
1455860 1346
1455870 1346
1455880 1346
1455890 1346
1455900 1344
1455910 1341
1455920 1341
1455930 1338
1455940 1336
1455950 1336
1455960 1332
1455970 1329
1455980 1329
1455990 1326
1456000 1324
1456010 1324
1456020 1323
1456030 1321
1456040 1321
1456050 1318
1456060 1314
1456070 1314
1456080 1310
1456090 1306
1456100 1306
1456110 1301
1456120 1297
1456130 1294
1456140 1294
1456150 1290
1456160 1285
1456170 1285
1456180 1281
1456190 1277
1456200 1277
1456210 1273
1456220 1269
1456230 1269
1456240 1264
1456250 1259
1456260 1259
1456270 1253
1456280 1249
1456290 1249
1456300 1244
1456310 1240
1456320 1240
1456330 1235
1456340 1232
1456350 1227
1456360 1227
1456370 1223
1456380 1221
1456390 1221
1456400 1219
1456410 1215
1456420 1215
1456430 1210
1456440 1206
1456450 1206
1456460 1204
1456470 1203
1456480 1203
1456490 1202
1456500 1201
1456510 1201
1456520 1199
1456530 1199
1456540 1199
1456550 1198
1456560 1197
1456570 1197
1456580 1197
1456590 1197
1456600 1196
1456610 1196
1456620 1197
1456630 1196
1456640 1196
1456650 1193
1456660 1190
1456670 1190
1456680 1186
1456690 1182
1456700 1182
1456710 1179
1456720 1175
1456730 1175
1456740 1170
1456750 1166
1456760 1166
1456770 1162
1456780 1158
1456790 1158
1456800 1153
1456810 1149
1456820 1144
1456830 1144
1456840 1137
1456850 1132
1456860 1132
1456870 1125
1456880 1119
1456890 1119
1456900 1114
1456910 1109
1456920 1109
1456930 1105
1456940 1102
1456950 1102
1456960 1097
1456970 1091
1456980 1091
1456990 1083
1457000 1074
1457010 1074
1457020 1066
1457030 1058
1457040 1058
1457050 1052
1457060 1046
1457070 1041
1457080 1041
1457090 1036
1457100 1030
1457110 1030
1457120 1026
1457130 1023
1457140 1023
1457150 1023
1457160 1022
1457170 1022
1457180 1018
1457190 1015
1457200 1015
1457210 1012
1457220 1011
1457230 1011
1457240 1009
1457250 1007
1457260 1007
1457270 1004
1457280 1002
1457290 1000
1457300 1000
1457310 998
1457320 997
1457330 997
1457340 996
1457350 995
1457360 995
1457370 994
1457380 993
1457390 993
1457400 992
1457410 991
1457420 991
1457430 988
1457440 984
1457450 984
1457460 980
1457470 976
1457480 976
1457490 971
1457500 967
1457510 967
1457520 962
1457530 958
1457540 954
1457550 954
1457560 949
1457570 944
1457580 944
1457590 941
1457600 938
1457610 938
1457620 934
1457630 930
1457640 930
1457650 926
1457660 921
1457670 921
1457680 916
1457690 912
1457700 912
1457710 909
1457720 906
1457730 906
1457740 903
1457750 899
1457760 895
1457770 895
1457780 892
1457790 889
1457800 889
1457810 887
1457820 885
1457830 885
1457840 883
1457850 880
1457860 880
1457870 878
1457880 875
1457890 875
1457900 871
1457910 868
1457920 868
1457930 863
1457940 858
1457950 858
1457960 853
1457970 850
1457980 850
1457990 847
1458000 846
1458010 844
1458020 844
1458030 843
1458040 842
1458050 842
1458060 842
1458070 841
1458080 841
1458090 841
1458100 840
1458110 840
1458120 840
1458130 839
1458140 839
1458150 839
1458160 838
1458170 838
1458180 838
1458190 838
1458200 838
1458210 838
1458220 838
1458230 838
1458240 838
1458250 838
1458260 838
1458270 838
1458280 838
1458290 838
1458300 838
1458310 838
1458320 838
1458330 838
1458340 838
1458350 838
1458360 838
1458370 838
1458380 838
1458390 838
1458400 838
1458410 838
1458420 838
1458430 839
1458440 838
1458450 838
1458460 838
1458470 838
1458480 838
1458490 838
1458500 838
1458510 838
1458520 838
1458530 838
1458540 838
1458550 838
1458560 838
1458570 838
1458580 838
1458590 838
1458600 838
1458610 838
1458620 838
1458630 838
1458640 838
1458650 838
1458660 838
1458670 838
1458680 839
1458690 839
1458700 838
1458710 838
1458720 837
1458730 837
1458740 837
1458750 838
1458760 838
1458770 838
1458780 838
1458790 838
1458800 838
1458810 838
1458820 838
1458830 838
1458840 838
1458850 837
1458860 837
1458870 837
1458880 837
1458890 837
1458900 837
1458910 837
1458920 837
1458930 837
1458940 837
1458950 837
1458960 837
1458970 837
1458980 837
1458990 837
1459000 837
1459010 838
1459020 838
1459030 838
1459040 839
1459050 839
1459060 839
1459070 840
1459080 840
1459090 840
1459100 840
1459110 840
1459120 840
1459130 840
1459140 840
1459150 840
1459160 841
1459170 841
1459180 841
1459190 841
1459200 841
1459210 841
1459220 841
1459230 841
1459240 841
1459250 841
1459260 841
1459270 841
1459280 842
1459290 842
1459300 842
1459310 842
1459320 841
1459330 841
1459340 841
1459350 841
1459360 841
1459370 841
1459380 842
1459390 841
1459400 841
1459410 841
1459420 841
1459430 841
1459440 841
1459450 841
1459460 841
1459470 841
1459480 842
1459490 842
1459500 843
1459510 844
1459520 844
1459530 845
1459540 846
1459550 846
1459560 848
1459570 851
1459580 851
1459590 855
1459600 858
1459610 858
1459620 862
1459630 865
1459640 868
1459650 868
1459660 870
1459670 874
1459680 874
1459690 877
1459700 882
1459710 882
1459720 887
1459730 891
1459740 891
1459750 894
1459760 898
1459770 898
1459780 902
1459790 906
1459800 906
1459810 911
1459820 916
1459830 916
1459840 922
1459850 929
1459860 935
1459870 935
1459880 941
1459890 947
1459900 947
1459910 954
1459920 960
1459930 960
1459940 964
1459950 967
1459960 967
1459970 968
1459980 971
1459990 971
