1440000 1131
1440010 1127
1440020 1123
1440030 1123
1440040 1118
1440050 1113
1440060 1113
1440070 1110
1440080 1106
1440090 1106
1440100 1102
1440110 1097
1440120 1097
1440130 1094
1440140 1090
1440150 1085
1440160 1085
1440170 1082
1440180 1078
1440190 1078
1440200 1073
1440210 1071
1440220 1071
1440230 1069
1440240 1066
1440250 1066
1440260 1063
1440270 1060
1440280 1060
1440290 1057
1440300 1053
1440310 1053
1440320 1052
1440330 1050
1440340 1050
1440350 1048
1440360 1045
1440370 1045
1440380 1042
1440390 1040
1440400 1038
1440410 1038
1440420 1037
1440430 1037
1440440 1037
1440450 1036
1440460 1036
1440470 1036
1440480 1036
1440490 1036
1440500 1036
1440510 1035
1440520 1035
1440530 1035
1440540 1036
1440550 1036
1440560 1036
1440570 1036
1440580 1036
1440590 1036
1440600 1036
1440610 1036
1440620 1037
1440630 1037
1440640 1039
1440650 1040
1440660 1040
1440670 1041
1440680 1042
1440690 1042
1440700 1042
1440710 1043
1440720 1043
1440730 1044
1440740 1046
1440750 1046
1440760 1048
1440770 1052
1440780 1052
1440790 1054
1440800 1057
1440810 1057
1440820 1062
1440830 1065
1440840 1065
1440850 1071
1440860 1073
1440870 1074
1440880 1074
1440890 1075
1440900 1079
1440910 1079
1440920 1085
1440930 1089
1440940 1089
1440950 1093
1440960 1096
1440970 1096
1440980 1100
1440990 1104
1441000 1104
1441010 1109
1441020 1115
1441030 1115
1441040 1120
1441050 1125
1441060 1125
1441070 1130
1441080 1133
1441090 1133
1441100 1131
1441110 1132
1441120 1139
1441130 1139
1441140 1144
1441150 1145
1441160 1145
1441170 1145
1441180 1146
1441190 1146
1441200 1152
1441210 1156
1441220 1156
1441230 1160
1441240 1166
1441250 1166
1441260 1173
1441270 1181
1441280 1181
1441290 1204
1441300 1216
1441310 1216
1441320 1221
1441330 1220
1441340 1223
1441350 1223
1441360 1238
1441370 1258
1441380 1258
1441390 1268
1441400 1273
1441410 1273
1441420 1277
1441430 1280
1441440 1280
1441450 1285
1441460 1292
1441470 1292
1441480 1300
1441490 1312
1441500 1312
1441510 1325
1441520 1337
1441530 1337
1441540 1348
1441550 1358
1441560 1358
1441570 1367
1441580 1376
1441590 1385
1441600 1385
1441610 1394
1441620 1402
1441630 1402
1441640 1410
1441650 1418
1441660 1418
1441670 1426
1441680 1434
1441690 1434
1441700 1442
1441710 1450
1441720 1450
1441730 1458
1441740 1466
1441750 1466
1441760 1474
1441770 1482
1441780 1482
1441790 1489
1441800 1495
1441810 1495
1441820 1498
1441830 1502
1441840 1505
1441850 1505
1441860 1508
1441870 1510
1441880 1510
1441890 1511
1441900 1512
1441910 1512
1441920 1512
1441930 1517
1441940 1517
1441950 1523
1441960 1527
1441970 1527
1441980 1530
1441990 1534
1442000 1534
1442010 1541
1442020 1547
1442030 1547
1442040 1553
1442050 1559
1442060 1566
1442070 1566
1442080 1574
1442090 1583
1442100 1583
1442110 1592
1442120 1600
1442130 1600
1442140 1608
1442150 1615
1442160 1615
1442170 1619
1442180 1621
1442190 1621
1442200 1624
1442210 1626
1442220 1626
1442230 1628
1442240 1629
1442250 1629
1442260 1630
1442270 1630
1442280 1630
1442290 1630
1442300 1635
1442310 1638
1442320 1638
1442330 1642
1442340 1644
1442350 1644
1442360 1649
1442370 1654
1442380 1654
1442390 1659
1442400 1662
1442410 1662
1442420 1663
1442430 1665
1442440 1665
1442450 1668
1442460 1670
1442470 1670
1442480 1672
1442490 1675
1442500 1675
1442510 1684
1442520 1692
1442530 1700
1442540 1700
1442550 1704
1442560 1706
1442570 1706
1442580 1708
1442590 1709
1442600 1709
1442610 1710
1442620 1711
1442630 1711
1442640 1715
1442650 1720
1442660 1720
1442670 1723
1442680 1720
1442690 1720
1442700 1714
1442710 1706
1442720 1706
1442730 1699
1442740 1693
1442750 1693
1442760 1690
1442770 1683
1442780 1677
1442790 1677
1442800 1675
1442810 1672
1442820 1672
1442830 1671
1442840 1671
1442850 1671
1442860 1671
1442870 1667
1442880 1667
1442890 1660
1442900 1655
1442910 1655
1442920 1651
1442930 1649
1442940 1649
1442950 1646
1442960 1643
1442970 1643
1442980 1640
1442990 1638
1443000 1638
1443010 1636
1443020 1635
1443030 1632
1443040 1632
1443050 1629
1443060 1625
1443070 1625
1443080 1623
1443090 1622
1443100 1622
1443110 1619
1443120 1614
1443130 1614
1443140 1608
1443150 1600
1443160 1600
1443170 1593
1443180 1586
1443190 1586
1443200 1580
1443210 1573
1443220 1573
1443230 1567
1443240 1562
1443250 1556
1443260 1556
1443270 1550
1443280 1544
1443290 1544
1443300 1538
1443310 1530
1443320 1530
1443330 1521
1443340 1511
1443350 1511
1443360 1502
1443370 1495
1443380 1495
1443390 1491
1443400 1488
1443410 1488
1443420 1484
1443430 1478
1443440 1478
1443450 1470
1443460 1463
1443470 1463
1443480 1455
1443490 1448
1443500 1441
1443510 1441
1443520 1437
1443530 1434
1443540 1434
1443550 1430
1443560 1425
1443570 1425
1443580 1417
1443590 1406
1443600 1406
1443610 1393
1443620 1382
1443630 1382
1443640 1372
1443650 1364
1443660 1364
1443670 1356
1443680 1349
1443690 1349
1443700 1341
1443710 1331
1443720 1331
1443730 1321
1443740 1310
1443750 1301
1443760 1301
1443770 1292
1443780 1284
1443790 1284
1443800 1279
1443810 1276
1443820 1276
1443830 1267
1443840 1255
1443850 1255
1443860 1241
1443870 1229
1443880 1229
1443890 1220
1443900 1213
1443910 1213
1443920 1205
1443930 1196
1443940 1196
1443950 1190
1443960 1183
1443970 1176
1443980 1176
1443990 1168
1444000 1159
1444010 1159
1444020 1148
1444030 1137
1444040 1137
1444050 1126
1444060 1113
1444070 1113
1444080 1104
1444090 1094
1444100 1094
1444110 1087
1444120 1081
1444130 1081
1444140 1074
1444150 1069
1444160 1069
1444170 1064
1444180 1058
1444190 1058
1444200 1054
1444210 1051
1444220 1048
1444230 1048
1444240 1038
1444250 1030
1444260 1030
1444270 1024
1444280 1019
1444290 1019
1444300 1015
1444310 1010
1444320 1010
1444330 1006
1444340 1000
1444350 1000
1444360 995
1444370 987
1444380 987
1444390 981
1444400 982
1444410 982
1444420 990
1444430 996
1444440 1002
1444450 1002
1444460 1009
1444470 1017
1444480 1017
1444490 1019
1444500 1019
1444510 1019
1444520 1019
1444530 1020
1444540 1020
1444550 1021
1444560 1021
1444570 1021
1444580 1022
1444590 1024
1444600 1024
1444610 1024
1444620 1025
1444630 1025
1444640 1025
1444650 1026
1444660 1026
1444670 1027
1444680 1028
1444690 1029
1444700 1029
1444710 1031
1444720 1036
1444730 1036
1444740 1040
1444750 1044
1444760 1044
1444770 1049
1444780 1055
1444790 1055
1444800 1061
1444810 1067
1444820 1067
1444830 1071
1444840 1075
1444850 1075
1444860 1079
1444870 1083
1444880 1083
1444890 1088
1444900 1094
1444910 1094
1444920 1099
1444930 1102
1444940 1105
1444950 1105
1444960 1106
1444970 1107
1444980 1107
1444990 1109
1445000 1111
1445010 1111
1445020 1112
1445030 1115
1445040 1115
1445050 1117
1445060 1120
1445070 1120
1445080 1122
1445090 1124
1445100 1124
1445110 1127
1445120 1129
1445130 1129
1445140 1130
1445150 1132
1445160 1134
1445170 1134
1445180 1137
1445190 1140
1445200 1140
1445210 1143
1445220 1146
1445230 1146
1445240 1148
1445250 1150
1445260 1150
1445270 1151
1445280 1154
1445290 1154
1445300 1156
1445310 1159
1445320 1159
1445330 1161
1445340 1164
1445350 1164
1445360 1167
1445370 1168
1445380 1168
1445390 1170
1445400 1173
1445410 1176
1445420 1176
1445430 1178
1445440 1182
1445450 1182
1445460 1185
1445470 1190
1445480 1190
1445490 1195
1445500 1199
1445510 1199
1445520 1202
1445530 1203
1445540 1203
1445550 1204
1445560 1209
1445570 1209
1445580 1214
1445590 1217
1445600 1217
1445610 1220
1445620 1223
1445630 1226
1445640 1226
1445650 1229
1445660 1231
1445670 1231
1445680 1235
1445690 1238
1445700 1238
1445710 1241
1445720 1244
1445730 1244
1445740 1248
1445750 1252
1445760 1252
1445770 1256
1445780 1261
1445790 1261
1445800 1265
1445810 1270
1445820 1270
1445830 1276
1445840 1282
1445850 1282
1445860 1287
1445870 1294
1445880 1300
1445890 1300
1445900 1305
1445910 1309
1445920 1309
1445930 1313
1445940 1316
1445950 1316
1445960 1319
1445970 1321
1445980 1321
1445990 1323
1446000 1325
1446010 1325
1446020 1327
1446030 1329
1446040 1329
1446050 1332
1446060 1335
1446070 1335
1446080 1339
1446090 1345
1446100 1345
1446110 1349
1446120 1352
1446130 1356
1446140 1356
1446150 1361
1446160 1366
1446170 1366
1446180 1370
1446190 1374
1446200 1374
1446210 1380
1446220 1387
1446230 1387
1446240 1394
1446250 1402
1446260 1402
1446270 1411
1446280 1418
1446290 1418
1446300 1426
1446310 1432
1446320 1432
1446330 1439
1446340 1446
1446350 1453
1446360 1453
1446370 1461
1446380 1468
1446390 1468
1446400 1474
1446410 1482
1446420 1482
1446430 1491
1446440 1498
1446450 1498
1446460 1505
1446470 1513
1446480 1513
1446490 1521
1446500 1529
1446510 1529
1446520 1536
1446530 1542
1446540 1542
1446550 1547
1446560 1555
1446570 1555
1446580 1562
1446590 1571
1446600 1580
1446610 1580
1446620 1589
1446630 1599
1446640 1599
1446650 1613
1446660 1625
1446670 1625
1446680 1638
1446690 1649
1446700 1649
1446710 1664
1446720 1682
1446730 1682
1446740 1693
1446750 1702
1446760 1702
1446770 1712
1446780 1725
1446790 1725
1446800 1737
1446810 1747
1446820 1747
1446830 1755
1446840 1762
1446850 1770
1446860 1770
1446870 1778
1446880 1785
1446890 1785
1446900 1793
1446910 1799
1446920 1799
1446930 1805
1446940 1809
1446950 1809
1446960 1813
1446970 1816
1446980 1816
1446990 1817
1447000 1815
1447010 1815
1447020 1814
1447030 1813
1447040 1813
1447050 1812
1447060 1810
1447070 1807
1447080 1807
1447090 1805
1447100 1801
1447110 1801
1447120 1795
1447130 1787
1447140 1787
1447150 1778
1447160 1767
1447170 1767
1447180 1756
1447190 1749
1447200 1749
1447210 1742
1447220 1737
1447230 1737
1447240 1732
1447250 1728
1447260 1728
1447270 1725
1447280 1722
1447290 1722
1447300 1721
1447310 1720
1447320 1716
1447330 1716
1447340 1711
1447350 1706
1447360 1706
1447370 1701
1447380 1697
1447390 1697
1447400 1694
1447410 1692
1447420 1692
1447430 1688
1447440 1683
1447450 1683
1447460 1678
1447470 1674
1447480 1674
1447490 1669
1447500 1664
1447510 1664
1447520 1660
1447530 1655
1447540 1648
1447550 1648
1447560 1643
1447570 1637
1447580 1637
1447590 1634
1447600 1632
1447610 1637
1447620 1638
1447630 1638
1447640 1638
1447650 1637
1447660 1636
1447670 1636
1447680 1634
1447690 1632
1447700 1632
1447710 1629
1447720 1627
1447730 1627
1447740 1625
1447750 1623
1447760 1623
1447770 1623
1447780 1621
1447790 1619
1447800 1619
1447810 1617
1447820 1613
1447830 1613
1447840 1608
1447850 1604
1447860 1604
1447870 1601
1447880 1597
1447890 1597
1447900 1594
1447910 1589
1447920 1589
1447930 1585
1447940 1581
1447950 1581
1447960 1578
1447970 1575
1447980 1575
1447990 1571
1448000 1565
1448010 1565
1448020 1560
1448030 1555
1448040 1549
1448050 1549
1448060 1544
1448070 1538
1448080 1538
1448090 1535
1448100 1531
1448110 1531
1448120 1527
1448130 1521
1448140 1521
1448150 1514
1448160 1509
1448170 1509
1448180 1504
1448190 1498
1448200 1498
1448210 1490
1448220 1482
1448230 1482
1448240 1472
1448250 1463
1448260 1456
1448270 1456
1448280 1450
1448290 1445
1448300 1445
1448310 1440
1448320 1436
1448330 1436
1448340 1433
1448350 1429
1448360 1429
1448370 1425
1448380 1422
1448390 1422
1448400 1418
1448410 1411
1448420 1411
1448430 1405
1448440 1400
1448450 1400
1448460 1398
1448470 1395
1448480 1395
1448490 1389
1448500 1389
1448510 1395
1448520 1395
1448530 1401
1448540 1402
1448550 1402
1448560 1405
1448570 1408
1448580 1408
1448590 1413
1448600 1420
1448610 1420
1448620 1425
1448630 1429
1448640 1429
1448650 1433
1448660 1436
1448670 1436
1448680 1439
1448690 1441
1448700 1441
1448710 1443
1448720 1444
1448730 1444
1448740 1444
1448750 1445
1448760 1448
1448770 1448
1448780 1453
1448790 1457
1448800 1457
1448810 1459
1448820 1464
1448830 1464
1448840 1468
1448850 1472
1448860 1472
1448870 1477
1448880 1485
1448890 1485
1448900 1492
1448910 1498
1448920 1498
1448930 1504
1448940 1509
1448950 1509
1448960 1516
1448970 1523
1448980 1529
1448990 1529
1449000 1533
1449010 1539
1449020 1539
1449030 1543
1449040 1547
1449050 1547
1449060 1552
1449070 1556
1449080 1556
1449090 1562
1449100 1568
1449110 1568
1449120 1571
1449130 1573
1449140 1573
1449150 1577
1449160 1586
1449170 1586
1449180 1592
1449190 1596
1449200 1596
1449210 1599
1449220 1603
1449230 1608
1449240 1608
1449250 1611
1449260 1614
1449270 1614
1449280 1618
1449290 1622
1449300 1622
1449310 1627
1449320 1634
1449330 1634
1449340 1643
1449350 1651
1449360 1651
1449370 1662
1449380 1673
1449390 1673
1449400 1688
1449410 1699
1449420 1699
1449430 1708
1449440 1716
1449450 1723
1449460 1723
1449470 1729
1449480 1734
1449490 1734
1449500 1738
1449510 1742
1449520 1742
1449530 1746
1449540 1751
1449550 1751
1449560 1755
1449570 1760
1449580 1760
1449590 1764
1449600 1769
1449610 1769
1449620 1774
1449630 1777
1449640 1777
1449650 1780
1449660 1784
1449670 1784
1449680 1789
1449690 1792
1449700 1793
1449710 1793
1449720 1800
1449730 1809
1449740 1809
1449750 1815
1449760 1820
1449770 1820
1449780 1825
1449790 1829
1449800 1829
1449810 1834
1449820 1837
1449830 1837
1449840 1840
1449850 1844
1449860 1844
1449870 1848
1449880 1853
1449890 1853
1449900 1857
1449910 1861
1449920 1861
1449930 1866
1449940 1871
1449950 1876
1449960 1876
1449970 1881
1449980 1886
1449990 1886
1450000 1892
1450010 1897
1450020 1897
1450030 1902
1450040 1906
1450050 1906
1450060 1911
1450070 1915
1450080 1915
1450090 1920
1450100 1924
1450110 1924
1450120 1927
1450130 1931
1450140 1931
1450150 1933
1450160 1934
1450170 1936
1450180 1936
1450190 1939
1450200 1943
1450210 1943
1450220 1949
1450230 1956
1450240 1956
1450250 1962
1450260 1967
1450270 1967
1450280 1973
1450290 1979
1450300 1979
1450310 1985
1450320 1990
1450330 1990
1450340 1995
1450350 2000
1450360 2000
1450370 2005
1450380 2011
1450390 2011
1450400 2017
1450410 2023
1450420 2029
1450430 2029
1450440 2036
1450450 2042
1450460 2042
1450470 2049
1450480 2056
1450490 2056
1450500 2063
1450510 2069
1450520 2069
1450530 2075
1450540 2082
1450550 2082
1450560 2088
1450570 2094
1450580 2094
1450590 2101
1450600 2107
1450610 2107
1450620 2114
1450630 2121
1450640 2121
1450650 2128
1450660 2135
1450670 2142
1450680 2142
1450690 2148
1450700 2155
1450710 2155
1450720 2162
1450730 2169
1450740 2169
1450750 2176
1450760 2184
1450770 2184
1450780 2191
1450790 2198
1450800 2198
1450810 2205
1450820 2212
1450830 2212
1450840 2219
1450850 2226
1450860 2226
1450870 2234
1450880 2241
1450890 2249
1450900 2249
1450910 2256
1450920 2263
1450930 2263
1450940 2271
1450950 2278
1450960 2278
1450970 2286
1450980 2293
1450990 2293
1451000 2300
1451010 2307
1451020 2307
1451030 2314
1451040 2322
1451050 2322
1451060 2329
1451070 2336
1451080 2336
1451090 2343
1451100 2350
1451110 2350
1451120 2356
1451130 2363
1451140 2367
1451150 2367
1451160 2363
1451170 2352
1451180 2352
1451190 2342
1451200 2333
1451210 2335
1451220 2327
1451230 2319
1451240 2319
1451250 2305
1451260 2295
1451270 2295
1451280 2287
1451290 2277
1451300 2277
1451310 2268
1451320 2259
1451330 2259
1451340 2251
1451350 2246
1451360 2241
1451370 2241
1451380 2236
1451390 2233
1451400 2233
1451410 2230
1451420 2227
1451430 2227
1451440 2224
1451450 2220
1451460 2220
1451470 2215
1451480 2209
1451490 2209
1451500 2202
1451510 2193
1451520 2193
1451530 2185
1451540 2179
1451550 2179
1451560 2173
1451570 2164
1451580 2164
1451590 2155
1451600 2143
1451610 2134
1451620 2134
1451630 2122
1451640 2117
1451650 2117
1451660 2113
1451670 2108
1451680 2108
1451690 2104
1451700 2101
1451710 2101
1451720 2098
1451730 2095
1451740 2095
1451750 2093
1451760 2091
1451770 2091
1451780 2088
1451790 2087
1451800 2087
1451810 2086
1451820 2085
1451830 2085
1451840 2084
1451850 2082
1451860 2081
1451870 2081
1451880 2080
1451890 2079
1451900 2079
1451910 2077
1451920 2074
1451930 2074
1451940 2070
1451950 2066
1451960 2066
1451970 2061
1451980 2055
1451990 2055
1452000 2051
1452010 2047
1452020 2047
1452030 2042
1452040 2039
1452050 2039
1452060 2036
1452070 2033
1452080 2030
1452090 2030
1452100 2025
1452110 2020
1452120 2020
1452130 2015
1452140 2010
1452150 2010
1452160 2005
1452170 2000
1452180 2000
1452190 1994
1452200 1990
1452210 1990
1452220 1987
1452230 1985
1452240 1985
1452250 1983
1452260 1979
1452270 1979
1452280 1970
1452290 1964
1452300 1964
1452310 1958
1452320 1952
1452330 1946
1452340 1946
1452350 1943
1452360 1939
1452370 1939
1452380 1937
1452390 1934
1452400 1934
1452410 1925
1452420 1917
1452430 1917
1452440 1910
1452450 1903
1452460 1903
1452470 1895
1452480 1885
1452490 1885
1452500 1875
1452510 1866
1452520 1866
1452530 1857
1452540 1850
1452550 1850
1452560 1843
1452570 1835
1452580 1836
1452590 1836
1452600 1840
1452610 1837
1452620 1837
1452630 1833
1452640 1830
1452650 1830
1452660 1827
1452670 1823
1452680 1823
1452690 1819
1452700 1816
1452710 1816
1452720 1814
1452730 1811
1452740 1811
1452750 1808
1452760 1806
1452770 1806
1452780 1805
1452790 1803
1452800 1801
1452810 1801
1452820 1799
1452830 1796
1452840 1796
1452850 1793
1452860 1793
1452870 1793
1452880 1793
1452890 1791
1452900 1791
1452910 1791
1452920 1792
1452930 1792
1452940 1794
1452950 1794
1452960 1794
1452970 1793
1452980 1793
1452990 1793
1453000 1793
1453010 1793
1453020 1793
1453030 1792
1453040 1791
1453050 1790
1453060 1790
1453070 1790
1453080 1789
1453090 1789
1453100 1788
1453110 1787
1453120 1787
1453130 1786
1453140 1784
1453150 1784
1453160 1783
1453170 1781
1453180 1781
1453190 1780
1453200 1778
1453210 1778
1453220 1776
1453230 1775
1453240 1775
1453250 1774
1453260 1772
1453270 1770
1453280 1770
1453290 1767
1453300 1766
1453310 1766
1453320 1765
1453330 1763
1453340 1763
1453350 1761
1453360 1759
1453370 1759
1453380 1757
1453390 1754
1453400 1754
1453410 1751
1453420 1750
1453430 1750
1453440 1750
1453450 1752
1453460 1752
1453470 1752
1453480 1751
1453490 1751
1453500 1749
1453510 1748
1453520 1748
1453530 1748
1453540 1747
1453550 1746
1453560 1746
1453570 1745
1453580 1743
1453590 1743
1453600 1742
1453610 1740
1453620 1740
1453630 1737
1453640 1735
1453650 1735
1453660 1734
1453670 1738
1453680 1738
1453690 1742
1453700 1744
1453710 1744
1453720 1748
1453730 1751
1453740 1751
1453750 1753
1453760 1756
1453770 1756
1453780 1756
1453790 1757
1453800 1757
1453810 1757
1453820 1756
1453830 1757
1453840 1757
1453850 1758
1453860 1758
1453870 1758
1453880 1758
1453890 1758
1453900 1758
1453910 1758
1453920 1758
1453930 1758
1453940 1757
1453950 1756
1453960 1756
1453970 1754
1453980 1753
1453990 1751
1454000 1751
1454010 1750
1454020 1750
1454030 1750
1454040 1749
1454050 1749
1454060 1749
1454070 1747
1454080 1747
1454090 1747
1454100 1745
1454110 1745
1454120 1745
1454130 1743
1454140 1742
1454150 1742
1454160 1740
1454170 1738
1454180 1738
1454190 1735
1454200 1731
1454210 1731
1454220 1727
1454230 1725
1454240 1721
1454250 1721
1454260 1718
1454270 1715
1454280 1715
1454290 1711
1454300 1705
1454310 1705
1454320 1699
1454330 1693
1454340 1693
1454350 1688
1454360 1681
1454370 1681
1454380 1670
1454390 1661
1454400 1661
1454410 1654
1454420 1648
1454430 1648
1454440 1640
1454450 1630
1454460 1623
1454470 1623
1454480 1616
1454490 1606
1454500 1606
1454510 1595
1454520 1586
1454530 1586
1454540 1579
1454550 1575
1454560 1575
1454570 1571
1454580 1567
1454590 1567
1454600 1564
1454610 1559
1454620 1559
1454630 1555
1454640 1549
1454650 1549
1454660 1543
1454670 1537
1454680 1537
1454690 1532
1454700 1526
1454710 1522
1454720 1522
1454730 1519
1454740 1514
1454750 1514
1454760 1507
1454770 1498
1454780 1498
1454790 1488
1454800 1478
1454810 1478
1454820 1470
1454830 1463
1454840 1463
1454850 1458
1454860 1452
1454870 1452
1454880 1444
1454890 1438
1454900 1438
1454910 1433
1454920 1428
1454930 1428
1454940 1423
1454950 1417
1454960 1410
1454970 1410
1454980 1406
1454990 1401
1455000 1401
1455010 1398
1455020 1394
1455030 1394
1455040 1391
1455050 1389
1455060 1389
1455070 1387
1455080 1385
1455090 1385
1455100 1382
1455110 1379
1455120 1379
1455130 1375
1455140 1373
1455150 1373
1455160 1372
1455170 1372
1455180 1372
1455190 1372
1455200 1370
1455210 1369
1455220 1369
1455230 1368
1455240 1366
1455250 1366
1455260 1364
1455270 1365
1455280 1365
1455290 1363
1455300 1360
1455310 1360
1455320 1357
1455330 1354
1455340 1354
1455350 1352
1455360 1350
1455370 1350
1455380 1347
1455390 1344
1455400 1344
1455410 1342
1455420 1340
1455430 1336
1455440 1336
1455450 1331
1455460 1329
1455470 1329
1455480 1326
1455490 1324
1455500 1324
1455510 1322
1455520 1320
1455530 1320
1455540 1318
1455550 1313
1455560 1313
1455570 1308
1455580 1305
1455590 1305
1455600 1302
1455610 1300
1455620 1300
1455630 1300
1455640 1298
1455650 1298
1455660 1295
1455670 1290
1455680 1285
1455690 1285
1455700 1279
1455710 1271
1455720 1271
1455730 1264
1455740 1256
1455750 1256
1455760 1248
1455770 1241
1455780 1241
1455790 1235
1455800 1228
1455810 1228
1455820 1222
1455830 1217
1455840 1217
1455850 1212
1455860 1208
1455870 1208
1455880 1203
1455890 1198
1455900 1193
1455910 1193
1455920 1188
1455930 1185
1455940 1185
1455950 1182
1455960 1178
1455970 1178
1455980 1175
1455990 1171
1456000 1171
1456010 1166
1456020 1160
1456030 1160
1456040 1153
1456050 1148
1456060 1148
1456070 1144
1456080 1140
1456090 1140
1456100 1139
1456110 1136
1456120 1136
1456130 1131
1456140 1126
1456150 1120
1456160 1120
1456170 1113
1456180 1107
1456190 1107
1456200 1099
1456210 1093
1456220 1093
1456230 1089
1456240 1085
1456250 1085
1456260 1082
1456270 1081
1456280 1081
1456290 1078
1456300 1073
1456310 1073
1456320 1067
1456330 1062
1456340 1062
1456350 1058
1456360 1053
1456370 1046
1456380 1046
1456390 1039
1456400 1032
1456410 1032
1456420 1027
1456430 1019
1456440 1019
1456450 1010
1456460 1005
1456470 1005
1456480 1001
1456490 998
1456500 998
1456510 997
1456520 996
1456530 996
1456540 995
1456550 994
1456560 994
1456570 995
1456580 997
1456590 997
1456600 999
1456610 997
1456620 993
1456630 993
1456640 987
1456650 984
1456660 984
1456670 980
1456680 977
1456690 977
1456700 974
1456710 971
1456720 971
1456730 967
1456740 964
1456750 964
1456760 961
1456770 958
1456780 958
1456790 955
1456800 953
1456810 953
1456820 951
1456830 946
1456840 946
1456850 942
1456860 938
1456870 932
1456880 932
1456890 925
1456900 919
1456910 919
1456920 915
1456930 913
1456940 913
1456950 908
1456960 904
1456970 904
1456980 900
1456990 896
1457000 896
1457010 891
1457020 886
1457030 886
1457040 880
1457050 875
1457060 875
1457070 873
1457080 873
1457090 873
1457100 873
1457110 867
1457120 864
1457130 864
1457140 863
1457150 862
1457160 862
1457170 861
1457180 860
1457190 860
1457200 858
1457210 858
1457220 858
1457230 857
1457240 856
1457250 856
1457260 855
1457270 854
1457280 854
1457290 853
1457300 852
1457310 852
1457320 852
1457330 851
1457340 851
1457350 851
1457360 850
1457370 850
1457380 850
1457390 849
1457400 848
1457410 848
1457420 848
1457430 847
1457440 847
1457450 846
1457460 846
1457470 846
1457480 845
1457490 845
1457500 845
1457510 844
1457520 844
1457530 844
1457540 844
1457550 843
1457560 843
1457570 842
1457580 842
1457590 842
1457600 842
1457610 841
1457620 841
1457630 841
1457640 841
1457650 841
1457660 841
1457670 840
1457680 840
1457690 840
1457700 840
1457710 839
1457720 839
1457730 839
1457740 839
1457750 839
1457760 839
1457770 838
1457780 838
1457790 838
1457800 838
1457810 838
1457820 838
1457830 837
1457840 837
1457850 837
1457860 837
1457870 837
1457880 837
1457890 836
1457900 836
1457910 836
1457920 836
1457930 836
1457940 836
1457950 836
1457960 836
1457970 836
1457980 835
1457990 835
1458000 835
1458010 835
1458020 835
1458030 835
1458040 835
1458050 834
1458060 834
1458070 834
1458080 834
1458090 834
1458100 834
1458110 834
1458120 834
1458130 834
1458140 834
1458150 834
1458160 834
1458170 834
1458180 832
1458190 832
1458200 833
1458210 835
1458220 835
1458230 835
1458240 835
1458250 835
1458260 834
1458270 835
1458280 834
1458290 834
1458300 834
1458310 834
1458320 834
1458330 834
1458340 834
1458350 834
1458360 834
1458370 834
1458380 834
1458390 835
1458400 836
1458410 836
1458420 840
1458430 844
1458440 844
1458450 849
1458460 853
1458470 853
1458480 857
1458490 861
1458500 861
1458510 864
1458520 867
1458530 871
1458540 871
1458550 875
1458560 879
1458570 879
1458580 884
1458590 890
1458600 890
1458610 897
1458620 901
1458630 901
1458640 904
1458650 908
1458660 908
1458670 913
1458680 919
1458690 919
1458700 926
1458710 933
1458720 933
1458730 938
1458740 943
1458750 943
1458760 951
1458770 957
1458780 964
1458790 964
1458800 973
1458810 984
1458820 984
1458830 993
1458840 1003
1458850 1003
1458860 1014
1458870 1026
1458880 1026
1458890 1037
1458900 1048
1458910 1048
1458920 1062
1458930 1082
1458940 1082
1458950 1092
1458960 1108
1458970 1108
1458980 1137
1458990 1154
1459000 1161
1459010 1161
1459020 1168
1459030 1175
1459040 1175
1459050 1183
1459060 1195
1459070 1195
1459080 1203
1459090 1207
1459100 1207
1459110 1209
1459120 1214
1459130 1214
1459140 1220
1459150 1227
1459160 1227
1459170 1236
1459180 1245
1459190 1245
1459200 1254
1459210 1261
1459220 1261
1459230 1270
1459240 1281
1459250 1300
1459260 1300
1459270 1310
1459280 1321
1459290 1321
1459300 1332
1459310 1340
1459320 1340
1459330 1347
1459340 1355
1459350 1355
1459360 1365
1459370 1373
1459380 1373
1459390 1381
1459400 1389
1459410 1389
1459420 1397
1459430 1407
1459440 1407
1459450 1419
1459460 1428
1459470 1437
1459480 1437
1459490 1444
1459500 1451
1459510 1451
1459520 1460
1459530 1467
1459540 1467
1459550 1473
1459560 1478
1459570 1478
1459580 1481
1459590 1481
1459600 1481
1459610 1480
1459620 1482
1459630 1482
1459640 1488
1459650 1494
1459660 1494
1459670 1499
1459680 1505
1459690 1505
1459700 1509
1459710 1514
1459720 1517
1459730 1517
1459740 1519
1459750 1522
1459760 1522
1459770 1527
1459780 1532
1459790 1532
1459800 1536
1459810 1538
1459820 1538
1459830 1539
1459840 1541
1459850 1541
1459860 1542
1459870 1547
1459880 1547
1459890 1556
1459900 1566
1459910 1566
1459920 1581
1459930 1593
1459940 1593
1459950 1603
1459960 1612
1459970 1620
1459980 1620
1459990 1628
