1440000 1211
1440010 1211
1440020 1206
1440030 1200
1440040 1200
1440050 1194
1440060 1187
1440070 1187
1440080 1181
1440090 1176
1440100 1174
1440110 1174
1440120 1172
1440130 1172
1440140 1172
1440150 1173
1440160 1176
1440170 1176
1440180 1180
1440190 1186
1440200 1186
1440210 1188
1440220 1188
1440230 1188
1440240 1189
1440250 1191
1440260 1191
1440270 1193
1440280 1193
1440290 1193
1440300 1191
1440310 1188
1440320 1188
1440330 1184
1440340 1179
1440350 1172
1440360 1172
1440370 1163
1440380 1154
1440390 1154
1440400 1142
1440410 1137
1440420 1137
1440430 1127
1440440 1131
1440450 1131
1440460 1136
1440470 1141
1440480 1141
1440490 1147
1440500 1155
1440510 1155
1440520 1165
1440530 1175
1440540 1175
1440550 1182
1440560 1189
1440570 1189
1440580 1193
1440590 1195
1440600 1198
1440610 1198
1440620 1200
1440630 1201
1440640 1201
1440650 1202
1440660 1202
1440670 1202
1440680 1199
1440690 1194
1440700 1194
1440710 1190
1440720 1186
1440730 1186
1440740 1182
1440750 1178
1440760 1178
1440770 1173
1440780 1166
1440790 1166
1440800 1159
1440810 1153
1440820 1147
1440830 1147
1440840 1139
1440850 1132
1440860 1132
1440870 1127
1440880 1122
1440890 1122
1440900 1117
1440910 1114
1440920 1114
1440930 1113
1440940 1108
1440950 1108
1440960 1103
1440970 1098
1440980 1098
1440990 1095
1441000 1093
1441010 1093
1441020 1091
1441030 1089
1441040 1089
1441050 1088
1441060 1086
1441070 1084
1441080 1084
1441090 1081
1441100 1079
1441110 1079
1441120 1076
1441130 1073
1441140 1073
1441150 1070
1441160 1066
1441170 1066
1441180 1062
1441190 1060
1441200 1060
1441210 1057
1441220 1054
1441230 1054
1441240 1051
1441250 1048
1441260 1048
1441270 1045
1441280 1042
1441290 1042
1441300 1040
1441310 1037
1441320 1033
1441330 1033
1441340 1028
1441350 1023
1441360 1023
1441370 1020
1441380 1017
1441390 1017
1441400 1015
1441410 1013
1441420 1013
1441430 1011
1441440 1010
1441450 1010
1441460 1010
1441470 1009
1441480 1009
1441490 1008
1441500 1008
1441510 1008
1441520 1007
1441530 1007
1441540 1007
1441550 1007
1441560 1007
1441570 1007
1441580 1007
1441590 1006
1441600 1006
1441610 1006
1441620 1006
1441630 1006
1441640 1006
1441650 1005
1441660 1005
1441670 1005
1441680 1005
1441690 1004
1441700 1004
1441710 1004
1441720 1003
1441730 1003
1441740 1002
1441750 1002
1441760 1002
1441770 1002
1441780 1002
1441790 999
1441800 999
1441810 1000
1441820 1002
1441830 1002
1441840 1004
1441850 1005
1441860 1005
1441870 1004
1441880 1004
1441890 1004
1441900 1003
1441910 1003
1441920 1003
1441930 1002
1441940 1001
1441950 1001
1441960 1000
1441970 1000
1441980 1000
1441990 999
1442000 999
1442010 999
1442020 1001
1442030 1004
1442040 1007
1442050 1007
1442060 1009
1442070 1010
1442080 1010
1442090 1013
1442100 1014
1442110 1014
1442120 1013
1442130 1013
1442140 1013
1442150 1016
1442160 1019
1442170 1019
1442180 1022
1442190 1025
1442200 1025
1442210 1028
1442220 1030
1442230 1030
1442240 1031
1442250 1032
1442260 1031
1442270 1031
1442280 1030
1442290 1036
1442300 1036
1442310 1041
1442320 1043
1442330 1043
1442340 1047
1442350 1051
1442360 1051
1442370 1054
1442380 1057
1442390 1057
1442400 1056
1442410 1057
1442420 1057
1442430 1061
1442440 1064
1442450 1064
1442460 1067
1442470 1070
1442480 1070
1442490 1072
1442500 1073
1442510 1073
1442520 1073
1442530 1073
1442540 1072
1442550 1072
1442560 1070
1442570 1068
1442580 1068
1442590 1068
1442600 1066
1442610 1066
1442620 1064
1442630 1063
1442640 1063
1442650 1063
1442660 1064
1442670 1064
1442680 1065
1442690 1064
1442700 1064
1442710 1064
1442720 1066
1442730 1066
1442740 1068
1442750 1069
1442760 1069
1442770 1069
1442780 1072
1442790 1077
1442800 1077
1442810 1080
1442820 1082
1442830 1082
1442840 1084
1442850 1082
1442860 1082
1442870 1076
1442880 1070
1442890 1070
1442900 1068
1442910 1071
1442920 1071
1442930 1076
1442940 1080
1442950 1080
1442960 1084
1442970 1086
1442980 1088
1442990 1088
1443000 1090
1443010 1092
1443020 1092
1443030 1096
1443040 1100
1443050 1100
1443060 1103
1443070 1106
1443080 1106
1443090 1108
1443100 1110
1443110 1110
1443120 1111
1443130 1111
1443140 1111
1443150 1111
1443160 1112
1443170 1112
1443180 1111
1443190 1109
1443200 1109
1443210 1111
1443220 1113
1443230 1114
1443240 1114
1443250 1116
1443260 1115
1443270 1115
1443280 1115
1443290 1116
1443300 1116
1443310 1119
1443320 1124
1443330 1124
1443340 1131
1443350 1140
1443360 1140
1443370 1145
1443380 1148
1443390 1148
1443400 1156
1443410 1157
1443420 1157
1443430 1159
1443440 1159
1443450 1159
1443460 1159
1443470 1158
1443480 1157
1443490 1157
1443500 1152
1443510 1145
1443520 1145
1443530 1145
1443540 1148
1443550 1148
1443560 1150
1443570 1148
1443580 1148
1443590 1144
1443600 1141
1443610 1141
1443620 1142
1443630 1139
1443640 1139
1443650 1130
1443660 1127
1443670 1127
1443680 1128
1443690 1130
1443700 1134
1443710 1134
1443720 1140
1443730 1141
1443740 1141
1443750 1144
1443760 1146
1443770 1146
1443780 1142
1443790 1137
1443800 1137
1443810 1136
1443820 1136
1443830 1136
1443840 1133
1443850 1126
1443860 1126
1443870 1121
1443880 1124
1443890 1124
1443900 1125
1443910 1121
1443920 1121
1443930 1116
1443940 1111
1443950 1107
1443960 1107
1443970 1105
1443980 1101
1443990 1101
1444000 1098
1444010 1096
1444020 1096
1444030 1093
1444040 1091
1444050 1091
1444060 1088
1444070 1082
1444080 1082
1444090 1071
1444100 1061
1444110 1061
1444120 1051
1444130 1042
1444140 1042
1444150 1034
1444160 1029
1444170 1029
1444180 1024
1444190 1020
1444200 1016
1444210 1016
1444220 1011
1444230 1007
1444240 1007
1444250 1004
1444260 1002
1444270 1002
1444280 1000
1444290 996
1444300 996
1444310 992
1444320 988
1444330 988
1444340 984
1444350 980
1444360 980
1444370 976
1444380 973
1444390 973
1444400 969
1444410 965
1444420 963
1444430 963
1444440 962
1444450 962
1444460 962
1444470 962
1444480 962
1444490 962
1444500 962
1444510 962
1444520 962
1444530 962
1444540 963
1444550 963
1444560 963
1444570 963
1444580 963
1444590 963
1444600 963
1444610 963
1444620 963
1444630 963
1444640 963
1444650 963
1444660 963
1444670 963
1444680 963
1444690 961
1444700 960
1444710 960
1444720 958
1444730 959
1444740 959
1444750 961
1444760 962
1444770 962
1444780 962
1444790 962
1444800 962
1444810 962
1444820 962
1444830 962
1444840 963
1444850 963
1444860 963
1444870 963
1444880 964
1444890 964
1444900 964
1444910 965
1444920 970
1444930 970
1444940 978
1444950 986
1444960 986
1444970 992
1444980 998
1444990 998
1445000 1005
1445010 1011
1445020 1011
1445030 1015
1445040 1018
1445050 1018
1445060 1020
1445070 1026
1445080 1026
1445090 1033
1445100 1041
1445110 1041
1445120 1048
1445130 1055
1445140 1061
1445150 1061
1445160 1068
1445170 1074
1445180 1074
1445190 1079
1445200 1085
1445210 1085
1445220 1090
1445230 1095
1445240 1095
1445250 1100
1445260 1104
1445270 1104
1445280 1109
1445290 1114
1445300 1114
1445310 1119
1445320 1123
1445330 1123
1445340 1127
1445350 1132
1445360 1132
1445370 1137
1445380 1141
1445390 1145
1445400 1145
1445410 1149
1445420 1153
1445430 1153
1445440 1157
1445450 1162
1445460 1162
1445470 1165
1445480 1168
1445490 1168
1445500 1173
1445510 1179
1445520 1179
1445530 1185
1445540 1190
1445550 1190
1445560 1196
1445570 1201
1445580 1201
1445590 1206
1445600 1210
1445610 1210
1445620 1215
1445630 1221
1445640 1226
1445650 1226
1445660 1232
1445670 1238
1445680 1238
1445690 1242
1445700 1248
1445710 1248
1445720 1252
1445730 1257
1445740 1257
1445750 1261
1445760 1265
1445770 1265
1445780 1271
1445790 1279
1445800 1279
1445810 1287
1445820 1294
1445830 1294
1445840 1300
1445850 1307
1445860 1313
1445870 1313
1445880 1320
1445890 1327
1445900 1327
1445910 1333
1445920 1339
1445930 1339
1445940 1344
1445950 1349
1445960 1349
1445970 1354
1445980 1360
1445990 1360
1446000 1366
1446010 1372
1446020 1372
1446030 1377
1446040 1382
1446050 1382
1446060 1387
1446070 1391
1446080 1391
1446090 1395
1446100 1399
1446110 1404
1446120 1404
1446130 1407
1446140 1411
1446150 1411
1446160 1415
1446170 1421
1446180 1421
1446190 1426
1446200 1432
1446210 1432
1446220 1437
1446230 1442
1446240 1442
1446250 1446
1446260 1449
1446270 1449
1446280 1453
1446290 1456
1446300 1456
1446310 1459
1446320 1464
1446330 1464
1446340 1468
1446350 1473
1446360 1477
1446370 1477
1446380 1481
1446390 1485
1446400 1485
1446410 1488
1446420 1492
1446430 1492
1446440 1497
1446450 1501
1446460 1501
1446470 1505
1446480 1508
1446490 1508
1446500 1511
1446510 1513
1446520 1513
1446530 1515
1446540 1516
1446550 1516
1446560 1517
1446570 1518
1446580 1518
1446590 1518
1446600 1516
1446610 1515
1446620 1515
1446630 1509
1446640 1503
1446650 1503
1446660 1496
1446670 1489
1446680 1489
1446690 1482
1446700 1477
1446710 1477
1446720 1473
1446730 1470
1446740 1470
1446750 1466
1446760 1461
1446770 1461
1446780 1456
1446790 1452
1446800 1452
1446810 1448
1446820 1444
1446830 1440
1446840 1440
1446850 1437
1446860 1432
1446870 1432
1446880 1427
1446890 1425
1446900 1425
1446910 1422
1446920 1419
1446930 1419
1446940 1415
1446950 1414
1446960 1414
1446970 1414
1446980 1414
1446990 1414
1447000 1414
1447010 1415
1447020 1415
1447030 1415
1447040 1414
1447050 1414
1447060 1413
1447070 1412
1447080 1412
1447090 1412
1447100 1412
1447110 1411
1447120 1411
1447130 1410
1447140 1408
1447150 1408
1447160 1407
1447170 1406
1447180 1406
1447190 1404
1447200 1403
1447210 1403
1447220 1400
1447230 1397
1447240 1397
1447250 1394
1447260 1392
1447270 1392
1447280 1391
1447290 1389
1447300 1387
1447310 1387
1447320 1384
1447330 1381
1447340 1381
1447350 1380
1447360 1379
1447370 1379
1447380 1378
1447390 1378
1447400 1378
1447410 1378
1447420 1378
1447430 1378
1447440 1378
1447450 1378
1447460 1378
1447470 1379
1447480 1377
1447490 1377
1447500 1377
1447510 1376
1447520 1376
1447530 1376
1447540 1376
1447550 1375
1447560 1375
1447570 1373
1447580 1371
1447590 1371
1447600 1369
1447610 1367
1447620 1367
1447630 1364
1447640 1364
1447650 1364
1447660 1367
1447670 1369
1447680 1369
1447690 1367
1447700 1366
1447710 1366
1447720 1365
1447730 1365
1447740 1365
1447750 1365
1447760 1365
1447770 1365
1447780 1365
1447790 1364
1447800 1362
1447810 1362
1447820 1360
1447830 1359
1447840 1359
1447850 1357
1447860 1357
1447870 1357
1447880 1357
1447890 1358
1447900 1358
1447910 1355
1447920 1351
1447930 1351
1447940 1348
1447950 1346
1447960 1346
1447970 1345
1447980 1344
1447990 1344
1448000 1343
1448010 1341
1448020 1339
1448030 1339
1448040 1338
1448050 1337
1448060 1337
1448070 1336
1448080 1334
1448090 1334
1448100 1325
1448110 1316
1448120 1316
1448130 1310
1448140 1308
1448150 1308
1448160 1302
1448170 1297
1448180 1297
1448190 1293
1448200 1290
1448210 1290
1448220 1284
1448230 1279
1448240 1279
1448250 1276
1448260 1277
1448270 1281
1448280 1281
1448290 1291
1448300 1298
1448310 1298
1448320 1304
1448330 1309
1448340 1309
1448350 1312
1448360 1315
1448370 1315
1448380 1319
1448390 1325
1448400 1325
1448410 1331
1448420 1337
1448430 1337
1448440 1342
1448450 1349
1448460 1349
1448470 1357
1448480 1364
1448490 1364
1448500 1371
1448510 1379
1448520 1386
1448530 1386
1448540 1393
1448550 1399
1448560 1399
1448570 1406
1448580 1413
1448590 1413
1448600 1420
1448610 1427
1448620 1427
1448630 1435
1448640 1443
1448650 1443
1448660 1451
1448670 1459
1448680 1459
1448690 1466
1448700 1473
1448710 1473
1448720 1481
1448730 1490
1448740 1499
1448750 1499
1448760 1506
1448770 1516
1448780 1516
1448790 1528
1448800 1537
1448810 1537
1448820 1544
1448830 1549
1448840 1549
1448850 1553
1448860 1558
1448870 1558
1448880 1563
1448890 1568
1448900 1568
1448910 1571
1448920 1572
1448930 1572
1448940 1574
1448950 1575
1448960 1575
1448970 1574
1448980 1575
1448990 1576
1449000 1576
1449010 1577
1449020 1577
1449030 1577
1449040 1578
1449050 1578
1449060 1578
1449070 1581
1449080 1583
1449090 1583
1449100 1585
1449110 1588
1449120 1588
1449130 1591
1449140 1592
1449150 1592
1449160 1594
1449170 1596
1449180 1596
1449190 1603
1449200 1607
1449210 1607
1449220 1611
1449230 1614
1449240 1620
1449250 1620
1449260 1623
1449270 1625
1449280 1625
1449290 1624
1449300 1622
1449310 1622
1449320 1624
1449330 1627
1449340 1627
1449350 1632
1449360 1638
1449370 1638
1449380 1643
1449390 1648
1449400 1648
1449410 1652
1449420 1656
1449430 1656
1449440 1662
1449450 1669
1449460 1675
1449470 1675
1449480 1680
1449490 1685
1449500 1685
1449510 1691
1449520 1697
1449530 1697
1449540 1703
1449550 1709
1449560 1709
1449570 1716
1449580 1724
1449590 1724
1449600 1729
1449610 1735
1449620 1735
1449630 1742
1449640 1749
1449650 1749
1449660 1756
1449670 1763
1449680 1763
1449690 1770
1449700 1776
1449710 1782
1449720 1782
1449730 1788
1449740 1793
1449750 1793
1449760 1799
1449770 1804
1449780 1804
1449790 1810
1449800 1815
1449810 1815
1449820 1820
1449830 1825
1449840 1825
1449850 1830
1449860 1835
1449870 1835
1449880 1840
1449890 1846
1449900 1846
1449910 1851
1449920 1855
1449930 1855
1449940 1859
1449950 1864
1449960 1867
1449970 1867
1449980 1869
1449990 1874
1450000 1874
1450010 1877
1450020 1881
1450030 1881
1450040 1886
1450050 1890
1450060 1890
1450070 1898
1450080 1901
1450090 1901
1450100 1902
1450110 1913
1450120 1913
1450130 1918
1450140 1922
1450150 1922
1450160 1924
1450170 1926
1450180 1931
1450190 1931
1450200 1937
1450210 1944
1450220 1944
1450230 1952
1450240 1961
1450250 1961
1450260 1969
1450270 1976
1450280 1976
1450290 1982
1450300 1988
1450310 1988
1450320 1994
1450330 2002
1450340 2002
1450350 2009
1450360 2017
1450370 2017
1450380 2024
1450390 2031
1450400 2031
1450410 2037
1450420 2044
1450430 2052
1450440 2052
1450450 2059
1450460 2067
1450470 2067
1450480 2074
1450490 2081
1450500 2081
1450510 2089
1450520 2096
1450530 2096
1450540 2103
1450550 2110
1450560 2110
1450570 2117
1450580 2125
1450590 2125
1450600 2133
1450610 2140
1450620 2140
1450630 2147
1450640 2155
1450650 2155
1450660 2163
1450670 2171
1450680 2181
1450690 2181
1450700 2189
1450710 2197
1450720 2197
1450730 2206
1450740 2214
1450750 2214
1450760 2222
1450770 2229
1450780 2229
1450790 2237
1450800 2244
1450810 2244
1450820 2250
1450830 2256
1450840 2256
1450850 2260
1450860 2261
1450870 2261
1450880 2262
1450890 2264
1450900 2265
1450910 2265
1450920 2267
1450930 2269
1450940 2269
1450950 2270
1450960 2271
1450970 2271
1450980 2272
1450990 2271
1451000 2271
1451010 2268
1451020 2259
1451030 2259
1451040 2251
1451050 2244
1451060 2244
1451070 2240
1451080 2235
1451090 2235
1451100 2231
1451110 2229
1451120 2229
1451130 2226
1451140 2223
1451150 2221
1451160 2221
1451170 2219
1451180 2217
1451190 2217
1451200 2217
1451210 2217
1451220 2217
1451230 2218
1451240 2218
1451250 2218
1451260 2218
1451270 2218
1451280 2218
1451290 2217
1451300 2217
1451310 2217
1451320 2216
1451330 2214
1451340 2214
1451350 2212
1451360 2211
1451370 2211
1451380 2211
1451390 2207
1451400 2200
1451410 2200
1451420 2193
1451430 2185
1451440 2185
1451450 2177
1451460 2170
1451470 2170
1451480 2168
1451490 2170
1451500 2170
1451510 2170
1451520 2168
1451530 2168
1451540 2167
1451550 2166
1451560 2166
1451570 2165
1451580 2163
1451590 2163
1451600 2161
1451610 2158
1451620 2155
1451630 2155
1451640 2154
1451650 2153
1451660 2153
1451670 2155
1451680 2161
1451690 2161
1451700 2167
1451710 2170
1451720 2170
1451730 2175
1451740 2181
1451750 2181
1451760 2186
1451770 2192
1451780 2192
1451790 2199
1451800 2205
1451810 2205
1451820 2215
1451830 2231
1451840 2231
1451850 2238
1451860 2240
1451870 2241
1451880 2241
1451890 2248
1451900 2254
1451910 2254
1451920 2257
1451930 2264
1451940 2264
1451950 2275
1451960 2275
1451970 2275
1451980 2269
1451990 2262
1452000 2262
1452010 2255
1452020 2248
1452030 2248
1452040 2243
1452050 2238
1452060 2238
1452070 2233
1452080 2229
1452090 2229
1452100 2224
1452110 2218
1452120 2212
1452130 2212
1452140 2208
1452150 2204
1452160 2204
1452170 2198
1452180 2195
1452190 2195
1452200 2192
1452210 2189
1452220 2189
1452230 2186
1452240 2184
1452250 2184
1452260 2181
1452270 2175
1452280 2175
1452290 2171
1452300 2167
1452310 2167
1452320 2165
1452330 2162
1452340 2162
1452350 2159
1452360 2157
1452370 2154
1452380 2154
1452390 2151
1452400 2147
1452410 2147
1452420 2143
1452430 2138
1452440 2138
1452450 2136
1452460 2135
1452470 2135
1452480 2133
1452490 2131
1452500 2131
1452510 2129
1452520 2126
1452530 2126
1452540 2124
1452550 2120
1452560 2120
1452570 2115
1452580 2113
1452590 2112
1452600 2112
1452610 2109
1452620 2103
1452630 2103
1452640 2098
1452650 2092
1452660 2092
1452670 2088
1452680 2084
1452690 2084
1452700 2079
1452710 2075
1452720 2075
1452730 2071
1452740 2068
1452750 2068
1452760 2065
1452770 2061
1452780 2061
1452790 2060
1452800 2059
1452810 2059
1452820 2060
1452830 2062
1452840 2066
1452850 2066
1452860 2070
1452870 2074
1452880 2074
1452890 2079
1452900 2085
1452910 2085
1452920 2090
1452930 2095
1452940 2095
1452950 2099
1452960 2102
1452970 2102
1452980 2104
1452990 2105
1453000 2105
1453010 2105
1453020 2104
1453030 2104
1453040 2104
1453050 2103
1453060 2103
1453070 2102
1453080 2104
1453090 2107
1453100 2107
1453110 2109
1453120 2109
1453130 2109
1453140 2109
1453150 2108
1453160 2108
1453170 2107
1453180 2105
1453190 2105
1453200 2102
1453210 2097
1453220 2097
1453230 2090
1453240 2085
1453250 2085
1453260 2080
1453270 2075
1453280 2075
1453290 2070
1453300 2065
1453310 2061
1453320 2061
1453330 2058
1453340 2056
1453350 2056
1453360 2053
1453370 2050
1453380 2050
1453390 2048
1453400 2045
1453410 2045
1453420 2044
1453430 2042
1453440 2042
1453450 2040
1453460 2039
1453470 2039
1453480 2038
1453490 2038
1453500 2038
1453510 2038
1453520 2038
1453530 2038
1453540 2038
1453550 2037
1453560 2036
1453570 2036
1453580 2036
1453590 2035
1453600 2035
1453610 2032
1453620 2028
1453630 2028
1453640 2024
1453650 2019
1453660 2019
1453670 2013
1453680 2007
1453690 2007
1453700 2001
1453710 1996
1453720 1996
1453730 1989
1453740 1982
1453750 1982
1453760 1974
1453770 1969
1453780 1969
1453790 1965
1453800 1960
1453810 1955
1453820 1955
1453830 1950
1453840 1946
1453850 1946
1453860 1943
1453870 1941
1453880 1941
1453890 1938
1453900 1934
1453910 1934
1453920 1929
1453930 1926
1453940 1926
1453950 1923
1453960 1919
1453970 1919
1453980 1913
1453990 1906
1454000 1906
1454010 1900
1454020 1891
1454030 1887
1454040 1887
1454050 1883
1454060 1878
1454070 1878
1454080 1875
1454090 1872
1454100 1872
1454110 1869
1454120 1866
1454130 1866
1454140 1861
1454150 1855
1454160 1855
1454170 1850
1454180 1846
1454190 1846
1454200 1842
1454210 1838
1454220 1838
1454230 1833
1454240 1828
1454250 1828
1454260 1822
1454270 1816
1454280 1811
1454290 1811
1454300 1805
1454310 1800
1454320 1800
1454330 1794
1454340 1789
1454350 1789
1454360 1786
1454370 1784
1454380 1784
1454390 1782
1454400 1780
1454410 1780
1454420 1777
1454430 1774
1454440 1774
1454450 1770
1454460 1767
1454470 1767
1454480 1764
1454490 1761
1454500 1761
1454510 1757
1454520 1754
1454530 1744
1454540 1744
1454550 1737
1454560 1737
1454570 1737
1454580 1735
1454590 1732
1454600 1732
1454610 1729
1454620 1723
1454630 1723
1454640 1718
1454650 1716
1454660 1716
1454670 1713
1454680 1710
1454690 1710
1454700 1707
1454710 1703
1454720 1703
1454730 1696
1454740 1689
1454750 1685
1454760 1685
1454770 1683
1454780 1680
1454790 1680
1454800 1676
1454810 1672
1454820 1672
1454830 1669
1454840 1665
1454850 1665
1454860 1660
1454870 1656
1454880 1656
1454890 1650
1454900 1646
1454910 1646
1454920 1643
1454930 1640
1454940 1640
1454950 1636
1454960 1633
1454970 1633
1454980 1630
1454990 1627
1455000 1625
1455010 1625
1455020 1622
1455030 1617
1455040 1617
1455050 1609
1455060 1602
1455070 1602
1455080 1595
1455090 1592
1455100 1592
1455110 1592
1455120 1589
1455130 1589
1455140 1586
1455150 1583
1455160 1583
1455170 1580
1455180 1574
1455190 1574
1455200 1566
1455210 1559
1455220 1559
1455230 1557
1455240 1554
1455250 1552
1455260 1552
1455270 1549
1455280 1543
1455290 1543
1455300 1538
1455310 1535
1455320 1535
1455330 1531
1455340 1526
1455350 1526
1455360 1521
1455370 1516
1455380 1516
1455390 1509
1455400 1504
1455410 1504
1455420 1499
1455430 1494
1455440 1494
1455450 1489
1455460 1483
1455470 1478
1455480 1478
1455490 1475
1455500 1470
1455510 1470
1455520 1467
1455530 1464
1455540 1464
1455550 1460
1455560 1456
1455570 1456
1455580 1450
1455590 1446
1455600 1446
1455610 1442
1455620 1438
1455630 1438
1455640 1434
1455650 1431
1455660 1431
1455670 1427
1455680 1424
1455690 1424
1455700 1420
1455710 1415
1455720 1409
1455730 1409
1455740 1403
1455750 1398
1455760 1398
1455770 1393
1455780 1388
1455790 1388
1455800 1384
1455810 1380
1455820 1380
1455830 1375
1455840 1372
1455850 1372
1455860 1372
1455870 1372
1455880 1372
1455890 1370
1455900 1369
1455910 1369
1455920 1367
1455930 1364
1455940 1364
1455950 1361
1455960 1357
1455970 1354
1455980 1354
1455990 1352
1456000 1349
1456010 1349
1456020 1348
1456030 1345
1456040 1345
1456050 1344
1456060 1344
1456070 1344
1456080 1342
1456090 1339
1456100 1339
1456110 1338
1456120 1337
1456130 1337
1456140 1334
1456150 1332
1456160 1332
1456170 1330
1456180 1326
1456190 1322
1456200 1322
1456210 1316
1456220 1310
1456230 1310
1456240 1304
1456250 1299
1456260 1299
1456270 1294
1456280 1289
1456290 1289
1456300 1283
1456310 1277
1456320 1277
1456330 1273
1456340 1267
1456350 1267
1456360 1261
1456370 1255
1456380 1255
1456390 1250
1456400 1244
1456410 1244
1456420 1237
1456430 1231
1456440 1224
1456450 1224
1456460 1217
1456470 1209
1456480 1209
1456490 1202
1456500 1195
1456510 1195
1456520 1188
1456530 1183
1456540 1183
1456550 1177
1456560 1171
1456570 1171
1456580 1164
1456590 1159
1456600 1159
1456610 1153
1456620 1147
1456630 1147
1456640 1141
1456650 1135
1456660 1135
1456670 1130
1456680 1124
1456690 1117
1456700 1117
1456710 1113
1456720 1110
1456730 1110
1456740 1107
1456750 1104
1456760 1104
1456770 1102
1456780 1100
1456790 1100
1456800 1098
1456810 1095
1456820 1095
1456830 1093
1456840 1090
1456850 1090
1456860 1084
1456870 1078
1456880 1078
1456890 1061
1456900 1044
1456910 1036
1456920 1036
1456930 1029
1456940 1021
1456950 1021
1456960 1016
1456970 1011
1456980 1011
1456990 1003
1457000 994
1457010 994
1457020 990
1457030 988
1457040 988
1457050 986
1457060 986
1457070 986
1457080 984
1457090 983
1457100 983
1457110 980
1457120 977
1457130 977
1457140 974
1457150 970
1457160 967
1457170 967
1457180 965
1457190 962
1457200 962
1457210 959
1457220 955
1457230 955
1457240 950
1457250 946
1457260 946
1457270 943
1457280 941
1457290 941
1457300 939
1457310 936
1457320 936
1457330 934
1457340 932
1457350 932
1457360 927
1457370 922
1457380 922
1457390 918
1457400 913
1457410 909
1457420 909
1457430 903
1457440 899
1457450 899
1457460 894
1457470 890
1457480 890
1457490 887
1457500 883
1457510 883
1457520 880
1457530 879
1457540 879
1457550 877
1457560 875
1457570 875
1457580 874
1457590 872
1457600 872
1457610 870
1457620 867
1457630 866
1457640 866
1457650 865
1457660 862
1457670 862
1457680 859
1457690 858
1457700 858
1457710 856
1457720 852
1457730 852
1457740 850
1457750 849
1457760 849
1457770 848
1457780 847
1457790 847
1457800 846
1457810 845
1457820 845
1457830 843
1457840 842
1457850 842
1457860 841
1457870 841
1457880 840
1457890 840
1457900 839
1457910 838
1457920 838
1457930 838
1457940 837
1457950 837
1457960 836
1457970 836
1457980 836
1457990 835
1458000 834
1458010 834
1458020 834
1458030 834
1458040 834
1458050 834
1458060 833
1458070 833
1458080 833
1458090 833
1458100 833
1458110 833
1458120 833
1458130 832
1458140 832
1458150 832
1458160 833
1458170 833
1458180 833
1458190 833
1458200 833
1458210 833
1458220 833
1458230 833
1458240 833
1458250 833
1458260 833
1458270 833
1458280 833
1458290 833
1458300 833
1458310 833
1458320 833
1458330 833
1458340 833
1458350 833
1458360 833
1458370 833
1458380 833
1458390 833
1458400 833
1458410 833
1458420 833
1458430 833
1458440 831
1458450 831
1458460 831
1458470 832
1458480 832
1458490 833
1458500 832
1458510 832
1458520 833
1458530 834
1458540 834
1458550 835
1458560 840
1458570 840
1458580 846
1458590 852
1458600 859
1458610 859
1458620 865
1458630 871
1458640 871
1458650 877
1458660 883
1458670 883
1458680 890
1458690 897
1458700 897
1458710 903
1458720 910
1458730 910
1458740 917
1458750 925
1458760 925
1458770 932
1458780 940
1458790 940
1458800 947
1458810 955
1458820 955
1458830 963
1458840 970
1458850 977
1458860 977
1458870 985
1458880 993
1458890 993
1458900 1000
1458910 1007
1458920 1007
1458930 1015
1458940 1024
1458950 1024
1458960 1032
1458970 1041
1458980 1041
1458990 1058
1459000 1065
1459010 1065
1459020 1076
1459030 1091
1459040 1091
1459050 1102
1459060 1108
1459070 1109
1459080 1109
1459090 1117
1459100 1132
1459110 1132
1459120 1150
1459130 1165
1459140 1165
1459150 1177
1459160 1189
1459170 1189
1459180 1202
1459190 1220
1459200 1220
1459210 1241
1459220 1267
1459230 1267
1459240 1273
1459250 1279
1459260 1279
1459270 1285
1459280 1289
1459290 1289
1459300 1290
1459310 1289
1459320 1289
1459330 1289
1459340 1289
1459350 1289
1459360 1289
1459370 1291
1459380 1292
1459390 1292
1459400 1288
1459410 1287
1459420 1287
1459430 1292
1459440 1303
1459450 1303
1459460 1307
1459470 1308
1459480 1308
1459490 1308
1459500 1305
1459510 1305
1459520 1304
1459530 1307
1459540 1307
1459550 1312
1459560 1319
1459570 1324
1459580 1324
1459590 1327
1459600 1330
1459610 1330
1459620 1331
1459630 1333
1459640 1333
1459650 1338
1459660 1343
1459670 1343
1459680 1349
1459690 1355
1459700 1355
1459710 1362
1459720 1368
1459730 1368
1459740 1372
1459750 1375
1459760 1375
1459770 1377
1459780 1380
1459790 1382
1459800 1382
1459810 1385
1459820 1387
1459830 1387
1459840 1389
1459850 1391
1459860 1391
1459870 1393
1459880 1394
1459890 1394
1459900 1396
1459910 1400
1459920 1400
1459930 1403
1459940 1404
1459950 1404
1459960 1405
1459970 1405
1459980 1405
1459990 1405
