1440000 1348
1440010 1348
1440020 1342
1440030 1337
1440040 1337
1440050 1332
1440060 1327
1440070 1327
1440080 1322
1440090 1317
1440100 1317
1440110 1313
1440120 1309
1440130 1309
1440140 1305
1440150 1301
1440160 1301
1440170 1297
1440180 1295
1440190 1295
1440200 1292
1440210 1289
1440220 1281
1440230 1281
1440240 1271
1440250 1262
1440260 1262
1440270 1255
1440280 1251
1440290 1251
1440300 1248
1440310 1244
1440320 1244
1440330 1237
1440340 1228
1440350 1228
1440360 1220
1440370 1216
1440380 1216
1440390 1212
1440400 1208
1440410 1208
1440420 1199
1440430 1190
1440440 1180
1440450 1180
1440460 1171
1440470 1164
1440480 1164
1440490 1157
1440500 1151
1440510 1151
1440520 1145
1440530 1136
1440540 1136
1440550 1132
1440560 1129
1440570 1129
1440580 1127
1440590 1123
1440600 1123
1440610 1119
1440620 1115
1440630 1115
1440640 1111
1440650 1108
1440660 1108
1440670 1104
1440680 1099
1440690 1094
1440700 1094
1440710 1090
1440720 1085
1440730 1085
1440740 1080
1440750 1077
1440760 1077
1440770 1075
1440780 1073
1440790 1073
1440800 1071
1440810 1070
1440820 1070
1440830 1069
1440840 1067
1440850 1067
1440860 1064
1440870 1063
1440880 1063
1440890 1062
1440900 1061
1440910 1061
1440920 1060
1440930 1059
1440940 1059
1440950 1059
1440960 1057
1440970 1056
1440980 1056
1440990 1054
1441000 1053
1441010 1053
1441020 1052
1441030 1051
1441040 1051
1441050 1050
1441060 1049
1441070 1049
1441080 1048
1441090 1047
1441100 1047
1441110 1046
1441120 1045
1441130 1045
1441140 1043
1441150 1041
1441160 1039
1441170 1039
1441180 1038
1441190 1036
1441200 1036
1441210 1035
1441220 1033
1441230 1033
1441240 1032
1441250 1031
1441260 1031
1441270 1030
1441280 1029
1441290 1029
1441300 1028
1441310 1026
1441320 1026
1441330 1025
1441340 1024
1441350 1024
1441360 1022
1441370 1020
1441380 1020
1441390 1017
1441400 1015
1441410 1017
1441420 1017
1441430 1020
1441440 1023
1441450 1023
1441460 1025
1441470 1028
1441480 1028
1441490 1030
1441500 1031
1441510 1031
1441520 1034
1441530 1039
1441540 1039
1441550 1041
1441560 1044
1441570 1044
1441580 1047
1441590 1051
1441600 1051
1441610 1054
1441620 1058
1441630 1058
1441640 1061
1441650 1063
1441660 1065
1441670 1065
1441680 1068
1441690 1070
1441700 1070
1441710 1073
1441720 1076
1441730 1076
1441740 1080
1441750 1085
1441760 1085
1441770 1091
1441780 1097
1441790 1097
1441800 1102
1441810 1106
1441820 1106
1441830 1110
1441840 1114
1441850 1114
1441860 1116
1441870 1119
1441880 1121
1441890 1121
1441900 1125
1441910 1127
1441920 1127
1441930 1131
1441940 1136
1441950 1136
1441960 1140
1441970 1143
1441980 1143
1441990 1147
1442000 1148
1442010 1148
1442020 1146
1442030 1145
1442040 1145
1442050 1144
1442060 1145
1442070 1145
1442080 1151
1442090 1160
1442100 1160
1442110 1169
1442120 1178
1442130 1185
1442140 1185
1442150 1193
1442160 1196
1442170 1196
1442180 1198
1442190 1202
1442200 1202
1442210 1208
1442220 1213
1442230 1213
1442240 1220
1442250 1227
1442260 1227
1442270 1235
1442280 1237
1442290 1237
1442300 1236
1442310 1241
1442320 1241
1442330 1245
1442340 1242
1442350 1242
1442360 1237
1442370 1230
1442380 1234
1442390 1234
1442400 1243
1442410 1248
1442420 1248
1442430 1250
1442440 1248
1442450 1248
1442460 1242
1442470 1237
1442480 1237
1442490 1236
1442500 1236
1442510 1236
1442520 1237
1442530 1236
1442540 1236
1442550 1236
1442560 1235
1442570 1235
1442580 1237
1442590 1241
1442600 1244
1442610 1244
1442620 1246
1442630 1247
1442640 1247
1442650 1250
1442660 1256
1442670 1256
1442680 1263
1442690 1272
1442700 1272
1442710 1276
1442720 1278
1442730 1278
1442740 1281
1442750 1282
1442760 1282
1442770 1283
1442780 1283
1442790 1283
1442800 1282
1442810 1286
1442820 1286
1442830 1287
1442840 1288
1442850 1289
1442860 1289
1442870 1290
1442880 1291
1442890 1291
1442900 1291
1442910 1292
1442920 1292
1442930 1293
1442940 1294
1442950 1294
1442960 1294
1442970 1294
1442980 1294
1442990 1291
1443000 1281
1443010 1281
1443020 1283
1443030 1291
1443040 1291
1443050 1297
1443060 1300
1443070 1300
1443080 1302
1443090 1304
1443100 1306
1443110 1306
1443120 1308
1443130 1309
1443140 1309
1443150 1309
1443160 1311
1443170 1311
1443180 1314
1443190 1316
1443200 1316
1443210 1318
1443220 1320
1443230 1320
1443240 1322
1443250 1323
1443260 1323
1443270 1325
1443280 1327
1443290 1327
1443300 1329
1443310 1330
1443320 1332
1443330 1332
1443340 1333
1443350 1334
1443360 1334
1443370 1333
1443380 1333
1443390 1333
1443400 1332
1443410 1335
1443420 1335
1443430 1340
1443440 1344
1443450 1344
1443460 1348
1443470 1351
1443480 1351
1443490 1353
1443500 1356
1443510 1356
1443520 1358
1443530 1360
1443540 1360
1443550 1362
1443560 1364
1443570 1365
1443580 1365
1443590 1366
1443600 1368
1443610 1368
1443620 1369
1443630 1370
1443640 1370
1443650 1370
1443660 1370
1443670 1370
1443680 1369
1443690 1368
1443700 1368
1443710 1367
1443720 1366
1443730 1366
1443740 1363
1443750 1361
1443760 1361
1443770 1359
1443780 1355
1443790 1355
1443800 1348
1443810 1339
1443820 1332
1443830 1332
1443840 1324
1443850 1316
1443860 1320
1443870 1300
1443880 1285
1443890 1285
1443900 1274
1443910 1271
1443920 1271
1443930 1265
1443940 1256
1443950 1256
1443960 1248
1443970 1243
1443980 1243
1443990 1236
1444000 1228
1444010 1228
1444020 1221
1444030 1215
1444040 1208
1444050 1208
1444060 1201
1444070 1193
1444080 1193
1444090 1183
1444100 1170
1444110 1170
1444120 1156
1444130 1141
1444140 1141
1444150 1121
1444160 1108
1444170 1108
1444180 1097
1444190 1085
1444200 1085
1444210 1075
1444220 1068
1444230 1068
1444240 1061
1444250 1052
1444260 1052
1444270 1044
1444280 1036
1444290 1029
1444300 1029
1444310 1022
1444320 1015
1444330 1015
1444340 1009
1444350 1003
1444360 1003
1444370 995
1444380 987
1444390 987
1444400 979
1444410 974
1444420 974
1444430 973
1444440 972
1444450 972
1444460 972
1444470 971
1444480 971
1444490 971
1444500 970
1444510 970
1444520 970
1444530 971
1444540 970
1444550 970
1444560 969
1444570 968
1444580 968
1444590 968
1444600 967
1444610 967
1444620 966
1444630 963
1444640 963
1444650 961
1444660 965
1444670 965
1444680 968
1444690 968
1444700 968
1444710 970
1444720 971
1444730 971
1444740 972
1444750 975
1444760 979
1444770 979
1444780 982
1444790 983
1444800 983
1444810 985
1444820 990
1444830 990
1444840 992
1444850 997
1444860 997
1444870 1002
1444880 1004
1444890 1004
1444900 1006
1444910 1009
1444920 1009
1444930 1012
1444940 1016
1444950 1016
1444960 1019
1444970 1022
1444980 1022
1444990 1026
1445000 1031
1445010 1038
1445020 1038
1445030 1045
1445040 1050
1445050 1050
1445060 1056
1445070 1062
1445080 1062
1445090 1069
1445100 1075
1445110 1075
1445120 1082
1445130 1089
1445140 1089
1445150 1097
1445160 1103
1445170 1103
1445180 1110
1445190 1117
1445200 1117
1445210 1122
1445220 1128
1445230 1128
1445240 1135
1445250 1142
1445260 1148
1445270 1148
1445280 1153
1445290 1159
1445300 1159
1445310 1165
1445320 1171
1445330 1171
1445340 1177
1445350 1184
1445360 1184
1445370 1191
1445380 1197
1445390 1197
1445400 1203
1445410 1210
1445420 1210
1445430 1214
1445440 1216
1445450 1216
1445460 1217
1445470 1218
1445480 1220
1445490 1220
1445500 1224
1445510 1230
1445520 1230
1445530 1235
1445540 1240
1445550 1240
1445560 1246
1445570 1250
1445580 1250
1445590 1255
1445600 1260
1445610 1260
1445620 1265
1445630 1269
1445640 1269
1445650 1274
1445660 1278
1445670 1278
1445680 1283
1445690 1289
1445700 1289
1445710 1297
1445720 1302
1445730 1307
1445740 1307
1445750 1311
1445760 1315
1445770 1315
1445780 1318
1445790 1322
1445800 1322
1445810 1326
1445820 1332
1445830 1332
1445840 1337
1445850 1342
1445860 1342
1445870 1346
1445880 1351
1445890 1351
1445900 1356
1445910 1363
1445920 1363
1445930 1370
1445940 1378
1445950 1378
1445960 1386
1445970 1393
1445980 1400
1445990 1400
1446000 1407
1446010 1413
1446020 1413
1446030 1419
1446040 1426
1446050 1426
1446060 1431
1446070 1436
1446080 1436
1446090 1440
1446100 1444
1446110 1444
1446120 1448
1446130 1453
1446140 1453
1446150 1460
1446160 1466
1446170 1466
1446180 1472
1446190 1478
1446200 1484
1446210 1484
1446220 1490
1446230 1496
1446240 1496
1446250 1502
1446260 1508
1446270 1508
1446280 1514
1446290 1521
1446300 1521
1446310 1528
1446320 1535
1446330 1535
1446340 1542
1446350 1549
1446360 1549
1446370 1556
1446380 1562
1446390 1562
1446400 1568
1446410 1573
1446420 1573
1446430 1577
1446440 1583
1446450 1589
1446460 1589
1446470 1595
1446480 1602
1446490 1602
1446500 1607
1446510 1613
1446520 1613
1446530 1619
1446540 1624
1446550 1624
1446560 1626
1446570 1627
1446580 1627
1446590 1623
1446600 1620
1446610 1620
1446620 1618
1446630 1617
1446640 1617
1446650 1615
1446660 1613
1446670 1609
1446680 1609
1446690 1604
1446700 1598
1446710 1598
1446720 1586
1446730 1577
1446740 1577
1446750 1570
1446760 1565
1446770 1565
1446780 1563
1446790 1561
1446800 1561
1446810 1559
1446820 1559
1446830 1559
1446840 1559
1446850 1556
1446860 1556
1446870 1552
1446880 1550
1446890 1550
1446900 1548
1446910 1548
1446920 1547
1446930 1547
1446940 1545
1446950 1543
1446960 1543
1446970 1541
1446980 1540
1446990 1540
1447000 1541
1447010 1540
1447020 1540
1447030 1537
1447040 1534
1447050 1534
1447060 1532
1447070 1529
1447080 1529
1447090 1526
1447100 1525
1447110 1525
1447120 1522
1447130 1521
1447140 1521
1447150 1519
1447160 1516
1447170 1513
1447180 1513
1447190 1512
1447200 1512
1447210 1512
1447220 1511
1447230 1507
1447240 1507
1447250 1504
1447260 1504
1447270 1504
1447280 1502
1447290 1500
1447300 1500
1447310 1498
1447320 1497
1447330 1497
1447340 1496
1447350 1493
1447360 1493
1447370 1492
1447380 1490
1447390 1489
1447400 1489
1447410 1489
1447420 1489
1447430 1489
1447440 1489
1447450 1488
1447460 1488
1447470 1487
1447480 1486
1447490 1486
1447500 1485
1447510 1485
1447520 1485
1447530 1484
1447540 1483
1447550 1483
1447560 1482
1447570 1481
1447580 1481
1447590 1480
1447600 1479
1447610 1479
1447620 1478
1447630 1476
1447640 1473
1447650 1473
1447660 1471
1447670 1470
1447680 1470
1447690 1470
1447700 1468
1447710 1468
1447720 1466
1447730 1463
1447740 1463
1447750 1460
1447760 1457
1447770 1457
1447780 1454
1447790 1452
1447800 1452
1447810 1449
1447820 1447
1447830 1447
1447840 1445
1447850 1444
1447860 1444
1447870 1442
1447880 1439
1447890 1436
1447900 1436
1447910 1434
1447920 1432
1447930 1432
1447940 1431
1447950 1429
1447960 1429
1447970 1428
1447980 1427
1447990 1427
1448000 1425
1448010 1424
1448020 1424
1448030 1423
1448040 1422
1448050 1422
1448060 1421
1448070 1419
1448080 1419
1448090 1418
1448100 1416
1448110 1412
1448120 1412
1448130 1406
1448140 1399
1448150 1399
1448160 1391
1448170 1385
1448180 1385
1448190 1380
1448200 1376
1448210 1376
1448220 1376
1448230 1374
1448240 1374
1448250 1372
1448260 1369
1448270 1369
1448280 1366
1448290 1361
1448300 1361
1448310 1353
1448320 1344
1448330 1344
1448340 1337
1448350 1331
1448360 1324
1448370 1324
1448380 1324
1448390 1333
1448400 1333
1448410 1336
1448420 1338
1448430 1338
1448440 1338
1448450 1343
1448460 1343
1448470 1351
1448480 1357
1448490 1357
1448500 1364
1448510 1370
1448520 1370
1448530 1374
1448540 1379
1448550 1379
1448560 1383
1448570 1387
1448580 1387
1448590 1392
1448600 1396
1448610 1401
1448620 1401
1448630 1406
1448640 1413
1448650 1413
1448660 1419
1448670 1425
1448680 1425
1448690 1431
1448700 1438
1448710 1438
1448720 1444
1448730 1451
1448740 1451
1448750 1458
1448760 1465
1448770 1465
1448780 1472
1448790 1478
1448800 1478
1448810 1486
1448820 1492
1448830 1499
1448840 1499
1448850 1505
1448860 1512
1448870 1512
1448880 1519
1448890 1525
1448900 1525
1448910 1532
1448920 1537
1448930 1537
1448940 1543
1448950 1550
1448960 1550
1448970 1556
1448980 1562
1448990 1562
1449000 1566
1449010 1567
1449020 1567
1449030 1569
1449040 1571
1449050 1571
1449060 1577
1449070 1582
1449080 1587
1449090 1587
1449100 1592
1449110 1596
1449120 1596
1449130 1602
1449140 1608
1449150 1608
1449160 1616
1449170 1626
1449180 1626
1449190 1635
1449200 1645
1449210 1645
1449220 1654
1449230 1662
1449240 1662
1449250 1669
1449260 1676
1449270 1676
1449280 1683
1449290 1690
1449300 1690
1449310 1697
1449320 1704
1449330 1711
1449340 1711
1449350 1718
1449360 1725
1449370 1725
1449380 1733
1449390 1740
1449400 1740
1449410 1748
1449420 1755
1449430 1755
1449440 1763
1449450 1770
1449460 1770
1449470 1777
1449480 1784
1449490 1784
1449500 1792
1449510 1800
1449520 1800
1449530 1807
1449540 1815
1449550 1822
1449560 1822
1449570 1829
1449580 1835
1449590 1835
1449600 1840
1449610 1846
1449620 1846
1449630 1852
1449640 1858
1449650 1858
1449660 1863
1449670 1866
1449680 1866
1449690 1869
1449700 1869
1449710 1869
1449720 1866
1449730 1862
1449740 1862
1449750 1859
1449760 1858
1449770 1858
1449780 1860
1449790 1862
1449800 1865
1449810 1865
1449820 1867
1449830 1870
1449840 1870
1449850 1873
1449860 1878
1449870 1878
1449880 1885
1449890 1890
1449900 1890
1449910 1895
1449920 1904
1449930 1904
1449940 1910
1449950 1915
1449960 1915
1449970 1921
1449980 1928
1449990 1928
1450000 1934
1450010 1942
1450020 1942
1450030 1948
1450040 1954
1450050 1961
1450060 1961
1450070 1967
1450080 1974
1450090 1974
1450100 1980
1450110 1987
1450120 1987
1450130 1994
1450140 2001
1450150 2001
1450160 2009
1450170 2017
1450180 2017
1450190 2024
1450200 2032
1450210 2032
1450220 2039
1450230 2045
1450240 2045
1450250 2053
1450260 2059
1450270 2066
1450280 2066
1450290 2072
1450300 2078
1450310 2078
1450320 2086
1450330 2094
1450340 2094
1450350 2102
1450360 2110
1450370 2110
1450380 2118
1450390 2126
1450400 2126
1450410 2134
1450420 2142
1450430 2142
1450440 2149
1450450 2155
1450460 2155
1450470 2162
1450480 2169
1450490 2169
1450500 2175
1450510 2181
1450520 2188
1450530 2188
1450540 2194
1450550 2199
1450560 2199
1450570 2206
1450580 2213
1450590 2213
1450600 2220
1450610 2227
1450620 2227
1450630 2235
1450640 2242
1450650 2242
1450660 2254
1450670 2261
1450680 2261
1450690 2268
1450700 2275
1450710 2275
1450720 2282
1450730 2289
1450740 2289
1450750 2296
1450760 2302
1450770 2308
1450780 2308
1450790 2311
1450800 2313
1450810 2313
1450820 2316
1450830 2322
1450840 2322
1450850 2329
1450860 2334
1450870 2334
1450880 2338
1450890 2342
1450900 2342
1450910 2349
1450920 2353
1450930 2353
1450940 2356
1450950 2360
1450960 2360
1450970 2368
1450980 2374
1450990 2379
1451000 2379
1451010 2385
1451020 2392
1451030 2392
1451040 2400
1451050 2407
1451060 2407
1451070 2414
1451080 2422
1451090 2422
1451100 2428
1451110 2431
1451120 2431
1451130 2431
1451140 2428
1451150 2428
1451160 2427
1451170 2424
1451180 2424
1451190 2420
1451200 2416
1451210 2416
1451220 2411
1451230 2408
1451240 2406
1451250 2406
1451260 2402
1451270 2400
1451280 2400
1451290 2393
1451300 2385
1451310 2385
1451320 2375
1451330 2364
1451340 2364
1451350 2357
1451360 2355
1451370 2355
1451380 2352
1451390 2349
1451400 2349
1451410 2346
1451420 2344
1451430 2344
1451440 2342
1451450 2341
1451460 2341
1451470 2340
1451480 2340
1451490 2341
1451500 2341
1451510 2341
1451520 2343
1451530 2343
1451540 2345
1451550 2348
1451560 2348
1451570 2356
1451580 2363
1451590 2363
1451600 2359
1451610 2354
1451620 2354
1451630 2348
1451640 2343
1451650 2343
1451660 2338
1451670 2333
1451680 2333
1451690 2328
1451700 2322
1451710 2317
1451720 2317
1451730 2313
1451740 2308
1451750 2308
1451760 2302
1451770 2296
1451780 2296
1451790 2291
1451800 2286
1451810 2286
1451820 2281
1451830 2276
1451840 2276
1451850 2270
1451860 2261
1451870 2261
1451880 2254
1451890 2249
1451900 2249
1451910 2245
1451920 2243
1451930 2243
1451940 2239
1451950 2235
1451960 2223
1451970 2223
1451980 2211
1451990 2203
1452000 2203
1452010 2199
1452020 2197
1452030 2197
1452040 2196
1452050 2195
1452060 2195
1452070 2194
1452080 2195
1452090 2195
1452100 2196
1452110 2195
1452120 2195
1452130 2194
1452140 2192
1452150 2192
1452160 2191
1452170 2189
1452180 2189
1452190 2187
1452200 2184
1452210 2182
1452220 2182
1452230 2178
1452240 2173
1452250 2173
1452260 2168
1452270 2163
1452280 2163
1452290 2159
1452300 2154
1452310 2154
1452320 2149
1452330 2143
1452340 2143
1452350 2137
1452360 2132
1452370 2132
1452380 2128
1452390 2119
1452400 2119
1452410 2111
1452420 2104
1452430 2099
1452440 2099
1452450 2095
1452460 2091
1452470 2091
1452480 2087
1452490 2083
1452500 2083
1452510 2078
1452520 2074
1452530 2074
1452540 2069
1452550 2064
1452560 2064
1452570 2059
1452580 2053
1452590 2053
1452600 2047
1452610 2042
1452620 2042
1452630 2036
1452640 2030
1452650 2030
1452660 2023
1452670 2016
1452680 2011
1452690 2011
1452700 2005
1452710 1997
1452720 1997
1452730 1990
1452740 1984
1452750 1984
1452760 1976
1452770 1969
1452780 1969
1452790 1964
1452800 1967
1452810 1967
1452820 1970
1452830 1971
1452840 1971
1452850 1975
1452860 1979
1452870 1979
1452880 1986
1452890 1994
1452900 2001
1452910 2001
1452920 2007
1452930 2013
1452940 2013
1452950 2017
1452960 2019
1452970 2019
1452980 2020
1452990 2018
1453000 2018
1453010 2014
1453020 2010
1453030 2010
1453040 2005
1453050 2000
1453060 2000
1453070 1995
1453080 1991
1453090 1991
1453100 1986
1453110 1981
1453120 1981
1453130 1977
1453140 1973
1453150 1969
1453160 1969
1453170 1963
1453180 1956
1453190 1956
1453200 1949
1453210 1945
1453220 1945
1453230 1940
1453240 1935
1453250 1935
1453260 1930
1453270 1924
1453280 1924
1453290 1919
1453300 1915
1453310 1915
1453320 1910
1453330 1906
1453340 1906
1453350 1900
1453360 1894
1453370 1894
1453380 1894
1453390 1892
1453400 1891
1453410 1891
1453420 1894
1453430 1898
1453440 1898
1453450 1901
1453460 1904
1453470 1904
1453480 1904
1453490 1902
1453500 1902
1453510 1898
1453520 1892
1453530 1892
1453540 1888
1453550 1883
1453560 1883
1453570 1878
1453580 1873
1453590 1873
1453600 1866
1453610 1861
1453620 1855
1453630 1855
1453640 1849
1453650 1843
1453660 1843
1453670 1837
1453680 1831
1453690 1831
1453700 1831
1453710 1834
1453720 1834
1453730 1834
1453740 1833
1453750 1833
1453760 1831
1453770 1829
1453780 1829
1453790 1825
1453800 1819
1453810 1819
1453820 1813
1453830 1808
1453840 1808
1453850 1804
1453860 1799
1453870 1793
1453880 1793
1453890 1783
1453900 1773
1453910 1773
1453920 1766
1453930 1760
1453940 1760
1453950 1755
1453960 1749
1453970 1749
1453980 1744
1453990 1740
1454000 1740
1454010 1736
1454020 1731
1454030 1731
1454040 1726
1454050 1721
1454060 1721
1454070 1713
1454080 1709
1454090 1709
1454100 1704
1454110 1698
1454120 1695
1454130 1695
1454140 1691
1454150 1687
1454160 1687
1454170 1684
1454180 1680
1454190 1680
1454200 1678
1454210 1676
1454220 1676
1454230 1673
1454240 1669
1454250 1669
1454260 1665
1454270 1661
1454280 1661
1454290 1658
1454300 1655
1454310 1655
1454320 1652
1454330 1651
1454340 1649
1454350 1649
1454360 1646
1454370 1644
1454380 1644
1454390 1642
1454400 1640
1454410 1640
1454420 1635
1454430 1629
1454440 1629
1454450 1623
1454460 1621
1454470 1621
1454480 1619
1454490 1619
1454500 1619
1454510 1619
1454520 1621
1454530 1621
1454540 1621
1454550 1619
1454560 1619
1454570 1615
1454580 1612
1454590 1612
1454600 1612
1454610 1611
1454620 1612
1454630 1612
1454640 1604
1454650 1604
1454660 1604
1454670 1604
1454680 1603
1454690 1603
1454700 1604
1454710 1604
1454720 1604
1454730 1604
1454740 1604
1454750 1604
1454760 1602
1454770 1600
1454780 1600
1454790 1600
1454800 1600
1454810 1600
1454820 1600
1454830 1601
1454840 1600
1454850 1600
1454860 1600
1454870 1599
1454880 1599
1454890 1597
1454900 1596
1454910 1596
1454920 1594
1454930 1592
1454940 1592
1454950 1590
1454960 1588
1454970 1588
1454980 1584
1454990 1581
1455000 1581
1455010 1578
1455020 1576
1455030 1576
1455040 1573
1455050 1570
1455060 1567
1455070 1567
1455080 1563
1455090 1559
1455100 1559
1455110 1554
1455120 1550
1455130 1550
1455140 1546
1455150 1542
1455160 1542
1455170 1537
1455180 1531
1455190 1531
1455200 1526
1455210 1522
1455220 1522
1455230 1517
1455240 1513
1455250 1513
1455260 1510
1455270 1507
1455280 1507
1455290 1504
1455300 1501
1455310 1498
1455320 1498
1455330 1495
1455340 1490
1455350 1490
1455360 1486
1455370 1480
1455380 1480
1455390 1475
1455400 1472
1455410 1472
1455420 1470
1455430 1468
1455440 1468
1455450 1466
1455460 1464
1455470 1464
1455480 1462
1455490 1460
1455500 1460
1455510 1454
1455520 1449
1455530 1449
1455540 1444
1455550 1441
1455560 1440
1455570 1440
1455580 1439
1455590 1440
1455600 1440
1455610 1439
1455620 1435
1455630 1435
1455640 1429
1455650 1424
1455660 1424
1455670 1420
1455680 1416
1455690 1416
1455700 1411
1455710 1406
1455720 1406
1455730 1399
1455740 1387
1455750 1387
1455760 1376
1455770 1367
1455780 1359
1455790 1359
1455800 1352
1455810 1347
1455820 1347
1455830 1343
1455840 1340
1455850 1340
1455860 1335
1455870 1332
1455880 1332
1455890 1329
1455900 1327
1455910 1327
1455920 1324
1455930 1321
1455940 1321
1455950 1317
1455960 1312
1455970 1312
1455980 1308
1455990 1306
1456000 1306
1456010 1304
1456020 1303
1456030 1299
1456040 1299
1456050 1295
1456060 1290
1456070 1290
1456080 1287
1456090 1283
1456100 1283
1456110 1279
1456120 1274
1456130 1274
1456140 1269
1456150 1264
1456160 1264
1456170 1261
1456180 1256
1456190 1256
1456200 1251
1456210 1246
1456220 1246
1456230 1240
1456240 1233
1456250 1233
1456260 1227
1456270 1222
1456280 1219
1456290 1219
1456300 1215
1456310 1210
1456320 1210
1456330 1205
1456340 1199
1456350 1199
1456360 1193
1456370 1188
1456380 1188
1456390 1182
1456400 1177
1456410 1177
1456420 1170
1456430 1164
1456440 1164
1456450 1154
1456460 1144
1456470 1144
1456480 1135
1456490 1128
1456500 1119
1456510 1119
1456520 1108
1456530 1094
1456540 1094
1456550 1085
1456560 1076
1456570 1076
1456580 1068
1456590 1061
1456600 1061
1456610 1052
1456620 1044
1456630 1044
1456640 1037
1456650 1030
1456660 1030
1456670 1024
1456680 1018
1456690 1018
1456700 1012
1456710 1007
1456720 1007
1456730 1001
1456740 996
1456750 989
1456760 989
1456770 981
1456780 970
1456790 970
1456800 960
1456810 951
1456820 951
1456830 942
1456840 935
1456850 935
1456860 928
1456870 921
1456880 921
1456890 913
1456900 905
1456910 905
1456920 902
1456930 900
1456940 900
1456950 898
1456960 896
1456970 896
1456980 893
1456990 891
1457000 889
1457010 889
1457020 887
1457030 885
1457040 885
1457050 884
1457060 883
1457070 883
1457080 884
1457090 884
1457100 884
1457110 884
1457120 883
1457130 883
1457140 882
1457150 881
1457160 881
1457170 880
1457180 878
1457190 878
1457200 876
1457210 874
1457220 871
1457230 871
1457240 871
1457250 869
1457260 869
1457270 867
1457280 866
1457290 866
1457300 864
1457310 862
1457320 862
1457330 860
1457340 859
1457350 859
1457360 858
1457370 857
1457380 857
1457390 855
1457400 853
1457410 853
1457420 852
1457430 850
1457440 850
1457450 849
1457460 848
1457470 847
1457480 847
1457490 846
1457500 845
1457510 845
1457520 844
1457530 844
1457540 844
1457550 844
1457560 843
1457570 843
1457580 843
1457590 843
1457600 843
1457610 842
1457620 842
1457630 842
1457640 842
1457650 841
1457660 841
1457670 841
1457680 841
1457690 841
1457700 841
1457710 841
1457720 841
1457730 841
1457740 841
1457750 840
1457760 840
1457770 840
1457780 840
1457790 840
1457800 840
1457810 839
1457820 839
1457830 839
1457840 839
1457850 839
1457860 838
1457870 838
1457880 838
1457890 838
1457900 837
1457910 837
1457920 837
1457930 837
1457940 838
1457950 838
1457960 837
1457970 836
1457980 836
1457990 836
1458000 835
1458010 835
1458020 835
1458030 835
1458040 835
1458050 835
1458060 835
1458070 835
1458080 834
1458090 834
1458100 834
1458110 834
1458120 834
1458130 834
1458140 834
1458150 834
1458160 834
1458170 833
1458180 833
1458190 833
1458200 833
1458210 833
1458220 833
1458230 833
1458240 833
1458250 833
1458260 833
1458270 833
1458280 833
1458290 833
1458300 833
1458310 831
1458320 831
1458330 832
1458340 834
1458350 834
1458360 834
1458370 834
1458380 834
1458390 833
1458400 833
1458410 834
1458420 834
1458430 834
1458440 835
1458450 835
1458460 835
1458470 840
1458480 840
1458490 845
1458500 846
1458510 846
1458520 850
1458530 855
1458540 855
1458550 859
1458560 863
1458570 863
1458580 868
1458590 874
1458600 874
1458610 879
1458620 884
1458630 884
1458640 890
1458650 895
1458660 901
1458670 901
1458680 907
1458690 914
1458700 914
1458710 920
1458720 925
1458730 925
1458740 930
1458750 936
1458760 936
1458770 941
1458780 949
1458790 949
1458800 957
1458810 965
1458820 965
1458830 974
1458840 982
1458850 982
1458860 989
1458870 998
1458880 998
1458890 1007
1458900 1018
1458910 1032
1458920 1032
1458930 1045
1458940 1057
1458950 1057
1458960 1071
1458970 1086
1458980 1086
1458990 1095
1459000 1103
1459010 1103
1459020 1113
1459030 1123
1459040 1123
1459050 1132
1459060 1141
1459070 1141
1459080 1152
1459090 1162
1459100 1162
1459110 1173
1459120 1182
1459130 1191
1459140 1191
1459150 1199
1459160 1208
1459170 1208
1459180 1218
1459190 1228
1459200 1228
1459210 1238
1459220 1249
1459230 1249
1459240 1260
1459250 1269
1459260 1269
1459270 1280
1459280 1297
1459290 1297
1459300 1306
1459310 1309
1459320 1309
1459330 1312
1459340 1316
1459350 1316
1459360 1322
1459370 1327
1459380 1333
1459390 1333
1459400 1340
1459410 1347
1459420 1347
1459430 1353
1459440 1357
1459450 1357
1459460 1363
1459470 1370
1459480 1370
1459490 1379
1459500 1386
1459510 1386
1459520 1391
1459530 1397
1459540 1397
1459550 1403
1459560 1409
1459570 1409
1459580 1413
1459590 1416
1459600 1416
1459610 1421
1459620 1425
1459630 1430
1459640 1430
1459650 1435
1459660 1441
1459670 1441
1459680 1448
1459690 1454
1459700 1454
1459710 1457
1459720 1459
1459730 1459
1459740 1459
1459750 1459
1459760 1459
1459770 1463
1459780 1468
1459790 1468
1459800 1471
1459810 1471
1459820 1471
1459830 1472
1459840 1475
1459850 1478
1459860 1478
1459870 1481
1459880 1485
1459890 1485
1459900 1490
1459910 1496
1459920 1496
1459930 1503
1459940 1508
1459950 1508
1459960 1509
1459970 1510
1459980 1510
1459990 1509
