1440000 1463
1440010 1471
1440020 1478
1440030 1478
1440040 1484
1440050 1491
1440060 1491
1440070 1498
1440080 1504
1440090 1504
1440100 1509
1440110 1515
1440120 1515
1440130 1520
1440140 1526
1440150 1526
1440160 1531
1440170 1537
1440180 1537
1440190 1542
1440200 1547
1440210 1552
1440220 1552
1440230 1556
1440240 1560
1440250 1560
1440260 1563
1440270 1566
1440280 1566
1440290 1569
1440300 1572
1440310 1572
1440320 1575
1440330 1580
1440340 1580
1440350 1585
1440360 1591
1440370 1591
1440380 1597
1440390 1603
1440400 1603
1440410 1610
1440420 1616
1440430 1616
1440440 1623
1440450 1629
1440460 1634
1440470 1634
1440480 1639
1440490 1640
1440500 1640
1440510 1638
1440520 1632
1440530 1632
1440540 1624
1440550 1615
1440560 1615
1440570 1607
1440580 1601
1440590 1601
1440600 1594
1440610 1586
1440620 1586
1440630 1577
1440640 1570
1440650 1570
1440660 1562
1440670 1554
1440680 1554
1440690 1547
1440700 1539
1440710 1532
1440720 1532
1440730 1524
1440740 1516
1440750 1516
1440760 1509
1440770 1501
1440780 1501
1440790 1494
1440800 1486
1440810 1486
1440820 1479
1440830 1473
1440840 1473
1440850 1466
1440860 1458
1440870 1458
1440880 1452
1440890 1445
1440900 1445
1440910 1438
1440920 1432
1440930 1432
1440940 1428
1440950 1424
1440960 1420
1440970 1420
1440980 1414
1440990 1407
1441000 1407
1441010 1396
1441020 1387
1441030 1387
1441040 1388
1441050 1394
1441060 1394
1441070 1399
1441080 1403
1441090 1403
1441100 1407
1441110 1413
1441120 1413
1441130 1417
1441140 1420
1441150 1420
1441160 1424
1441170 1428
1441180 1433
1441190 1433
1441200 1437
1441210 1442
1441220 1442
1441230 1446
1441240 1451
1441250 1451
1441260 1456
1441270 1461
1441280 1461
1441290 1466
1441300 1471
1441310 1471
1441320 1477
1441330 1482
1441340 1482
1441350 1487
1441360 1491
1441370 1491
1441380 1494
1441390 1494
1441400 1494
1441410 1490
1441420 1484
1441430 1476
1441440 1476
1441450 1468
1441460 1460
1441470 1460
1441480 1453
1441490 1445
1441500 1445
1441510 1437
1441520 1429
1441530 1429
1441540 1422
1441550 1414
1441560 1414
1441570 1405
1441580 1397
1441590 1397
1441600 1390
1441610 1382
1441620 1382
1441630 1374
1441640 1367
1441650 1367
1441660 1360
1441670 1352
1441680 1344
1441690 1344
1441700 1335
1441710 1325
1441720 1325
1441730 1313
1441740 1307
1441750 1307
1441760 1309
1441770 1312
1441780 1312
1441790 1309
1441800 1315
1441810 1315
1441820 1317
1441830 1318
1441840 1318
1441850 1321
1441860 1323
1441870 1323
1441880 1324
1441890 1325
1441900 1325
1441910 1328
1441920 1330
1441930 1330
1441940 1330
1441950 1328
1441960 1322
1441970 1322
1441980 1314
1441990 1312
1442000 1312
1442010 1316
1442020 1320
1442030 1320
1442040 1325
1442050 1331
1442060 1331
1442070 1335
1442080 1335
1442090 1335
1442100 1334
1442110 1330
1442120 1330
1442130 1332
1442140 1337
1442150 1342
1442160 1342
1442170 1347
1442180 1351
1442190 1351
1442200 1354
1442210 1356
1442220 1356
1442230 1354
1442240 1352
1442250 1352
1442260 1352
1442270 1355
1442280 1355
1442290 1357
1442300 1358
1442310 1358
1442320 1358
1442330 1355
1442340 1355
1442350 1352
1442360 1348
1442370 1348
1442380 1345
1442390 1342
1442400 1339
1442410 1339
1442420 1338
1442430 1338
1442440 1330
1442450 1328
1442460 1324
1442470 1324
1442480 1319
1442490 1314
1442500 1314
1442510 1308
1442520 1304
1442530 1304
1442540 1305
1442550 1307
1442560 1307
1442570 1310
1442580 1312
1442590 1312
1442600 1314
1442610 1315
1442620 1315
1442630 1314
1442640 1310
1442650 1306
1442660 1306
1442670 1301
1442680 1297
1442690 1297
1442700 1292
1442710 1287
1442720 1287
1442730 1281
1442740 1274
1442750 1274
1442760 1267
1442770 1260
1442780 1260
1442790 1255
1442800 1251
1442810 1251
1442820 1246
1442830 1241
1442840 1241
1442850 1237
1442860 1234
1442870 1234
1442880 1229
1442890 1223
1442900 1217
1442910 1217
1442920 1212
1442930 1207
1442940 1207
1442950 1202
1442960 1196
1442970 1196
1442980 1189
1442990 1183
1443000 1183
1443010 1177
1443020 1170
1443030 1170
1443040 1163
1443050 1156
1443060 1156
1443070 1149
1443080 1142
1443090 1142
1443100 1134
1443110 1126
1443120 1117
1443130 1117
1443140 1114
1443150 1118
1443160 1118
1443170 1124
1443180 1129
1443190 1129
1443200 1137
1443210 1147
1443220 1147
1443230 1153
1443240 1158
1443250 1158
1443260 1162
1443270 1167
1443280 1167
1443290 1170
1443300 1175
1443310 1175
1443320 1180
1443330 1184
1443340 1184
1443350 1189
1443360 1193
1443370 1198
1443380 1198
1443390 1203
1443400 1208
1443410 1208
1443420 1213
1443430 1218
1443440 1218
1443450 1222
1443460 1225
1443470 1225
1443480 1229
1443490 1231
1443500 1231
1443510 1233
1443520 1233
1443530 1233
1443540 1232
1443550 1231
1443560 1231
1443570 1229
1443580 1227
1443590 1227
1443600 1225
1443610 1221
1443620 1218
1443630 1218
1443640 1215
1443650 1211
1443660 1211
1443670 1207
1443680 1203
1443690 1203
1443700 1199
1443710 1195
1443720 1195
1443730 1191
1443740 1185
1443750 1185
1443760 1182
1443770 1177
1443780 1177
1443790 1172
1443800 1169
1443810 1169
1443820 1167
1443830 1164
1443840 1164
1443850 1162
1443860 1159
1443870 1157
1443880 1157
1443890 1154
1443900 1150
1443910 1150
1443920 1147
1443930 1144
1443940 1144
1443950 1140
1443960 1136
1443970 1136
1443980 1132
1443990 1128
1444000 1128
1444010 1124
1444020 1120
1444030 1120
1444040 1117
1444050 1106
1444060 1106
1444070 1095
1444080 1089
1444090 1080
1444100 1080
1444110 1072
1444120 1064
1444130 1064
1444140 1057
1444150 1049
1444160 1049
1444170 1041
1444180 1036
1444190 1036
1444200 1032
1444210 1026
1444220 1026
1444230 1021
1444240 1016
1444250 1016
1444260 1010
1444270 1005
1444280 1005
1444290 999
1444300 994
1444310 994
1444320 990
1444330 985
1444340 981
1444350 981
1444360 977
1444370 973
1444380 973
1444390 970
1444400 967
1444410 967
1444420 962
1444430 960
1444440 960
1444450 958
1444460 956
1444470 956
1444480 955
1444490 954
1444500 954
1444510 953
1444520 952
1444530 952
1444540 952
1444550 952
1444560 952
1444570 952
1444580 951
1444590 951
1444600 951
1444610 951
1444620 951
1444630 951
1444640 951
1444650 951
1444660 951
1444670 951
1444680 951
1444690 951
1444700 951
1444710 951
1444720 951
1444730 951
1444740 951
1444750 951
1444760 951
1444770 951
1444780 951
1444790 951
1444800 951
1444810 951
1444820 951
1444830 951
1444840 950
1444850 950
1444860 948
1444870 951
1444880 951
1444890 951
1444900 952
1444910 952
1444920 953
1444930 953
1444940 953
1444950 955
1444960 956
1444970 956
1444980 957
1444990 958
1445000 958
1445010 958
1445020 959
1445030 959
1445040 960
1445050 961
1445060 961
1445070 961
1445080 962
1445090 963
1445100 963
1445110 963
1445120 964
1445130 964
1445140 965
1445150 965
1445160 965
1445170 965
1445180 966
1445190 966
1445200 967
1445210 968
1445220 968
1445230 968
1445240 969
1445250 969
1445260 970
1445270 971
1445280 971
1445290 971
1445300 972
1445310 972
1445320 972
1445330 973
1445340 974
1445350 974
1445360 974
1445370 974
1445380 974
1445390 975
1445400 976
1445410 976
1445420 977
1445430 978
1445440 978
1445450 979
1445460 980
1445470 980
1445480 981
1445490 981
1445500 981
1445510 982
1445520 982
1445530 982
1445540 982
1445550 982
1445560 982
1445570 983
1445580 984
1445590 984
1445600 984
1445610 983
1445620 984
1445630 984
1445640 985
1445650 987
1445660 987
1445670 989
1445680 994
1445690 994
1445700 999
1445710 1005
1445720 1005
1445730 1011
1445740 1019
1445750 1019
1445760 1025
1445770 1029
1445780 1033
1445790 1033
1445800 1037
1445810 1040
1445820 1040
1445830 1044
1445840 1048
1445850 1048
1445860 1053
1445870 1059
1445880 1059
1445890 1066
1445900 1073
1445910 1073
1445920 1079
1445930 1085
1445940 1085
1445950 1090
1445960 1095
1445970 1095
1445980 1101
1445990 1107
1446000 1107
1446010 1113
1446020 1116
1446030 1119
1446040 1119
1446050 1123
1446060 1128
1446070 1128
1446080 1132
1446090 1136
1446100 1136
1446110 1139
1446120 1140
1446130 1140
1446140 1140
1446150 1140
1446160 1140
1446170 1139
1446180 1138
1446190 1138
1446200 1138
1446210 1138
1446220 1138
1446230 1137
1446240 1137
1446250 1137
1446260 1137
1446270 1136
1446280 1133
1446290 1133
1446300 1129
1446310 1127
1446320 1127
1446330 1129
1446340 1129
1446350 1129
1446360 1127
1446370 1128
1446380 1128
1446390 1130
1446400 1131
1446410 1131
1446420 1132
1446430 1131
1446440 1131
1446450 1134
1446460 1138
1446470 1138
1446480 1140
1446490 1142
1446500 1142
1446510 1146
1446520 1149
1446530 1152
1446540 1152
1446550 1153
1446560 1155
1446570 1155
1446580 1159
1446590 1163
1446600 1163
1446610 1164
1446620 1166
1446630 1166
1446640 1169
1446650 1171
1446660 1171
1446670 1174
1446680 1178
1446690 1178
1446700 1181
1446710 1183
1446720 1183
1446730 1183
1446740 1180
1446750 1179
1446760 1179
1446770 1180
1446780 1186
1446790 1186
1446800 1195
1446810 1201
1446820 1201
1446830 1207
1446840 1211
1446850 1211
1446860 1217
1446870 1222
1446880 1222
1446890 1224
1446900 1227
1446910 1227
1446920 1229
1446930 1230
1446940 1230
1446950 1231
1446960 1234
1446970 1234
1446980 1235
1446990 1237
1447000 1237
1447010 1237
1447020 1236
1447030 1240
1447040 1240
1447050 1247
1447060 1254
1447070 1254
1447080 1260
1447090 1265
1447100 1265
1447110 1271
1447120 1276
1447130 1276
1447140 1282
1447150 1286
1447160 1286
1447170 1291
1447180 1295
1447190 1295
1447200 1300
1447210 1305
1447220 1305
1447230 1310
1447240 1315
1447250 1320
1447260 1320
1447270 1327
1447280 1333
1447290 1333
1447300 1340
1447310 1347
1447320 1347
1447330 1353
1447340 1360
1447350 1360
1447360 1366
1447370 1372
1447380 1372
1447390 1378
1447400 1384
1447410 1384
1447420 1390
1447430 1396
1447440 1396
1447450 1400
1447460 1404
1447470 1404
1447480 1409
1447490 1414
1447500 1420
1447510 1420
1447520 1422
1447530 1420
1447540 1420
1447550 1414
1447560 1408
1447570 1408
1447580 1404
1447590 1403
1447600 1403
1447610 1403
1447620 1404
1447630 1404
1447640 1404
1447650 1406
1447660 1406
1447670 1408
1447680 1410
1447690 1410
1447700 1411
1447710 1410
1447720 1409
1447730 1409
1447740 1408
1447750 1409
1447760 1409
1447770 1408
1447780 1408
1447790 1408
1447800 1405
1447810 1406
1447820 1406
1447830 1408
1447840 1407
1447850 1407
1447860 1406
1447870 1407
1447880 1407
1447890 1407
1447900 1408
1447910 1408
1447920 1408
1447930 1408
1447940 1408
1447950 1414
1447960 1421
1447970 1428
1447980 1428
1447990 1433
1448000 1438
1448010 1438
1448020 1443
1448030 1449
1448040 1449
1448050 1456
1448060 1465
1448070 1465
1448080 1473
1448090 1480
1448100 1480
1448110 1488
1448120 1496
1448130 1496
1448140 1503
1448150 1509
1448160 1509
1448170 1517
1448180 1524
1448190 1524
1448200 1532
1448210 1539
1448220 1547
1448230 1547
1448240 1556
1448250 1564
1448260 1564
1448270 1573
1448280 1582
1448290 1582
1448300 1591
1448310 1601
1448320 1601
1448330 1610
1448340 1618
1448350 1618
1448360 1626
1448370 1633
1448380 1633
1448390 1640
1448400 1647
1448410 1647
1448420 1654
1448430 1660
1448440 1660
1448450 1666
1448460 1672
1448470 1678
1448480 1678
1448490 1683
1448500 1687
1448510 1687
1448520 1689
1448530 1688
1448540 1688
1448550 1687
1448560 1681
1448570 1681
1448580 1674
1448590 1668
1448600 1668
1448610 1661
1448620 1652
1448630 1652
1448640 1643
1448650 1634
1448660 1634
1448670 1626
1448680 1620
1448690 1614
1448700 1614
1448710 1607
1448720 1600
1448730 1600
1448740 1594
1448750 1588
1448760 1588
1448770 1580
1448780 1572
1448790 1572
1448800 1564
1448810 1556
1448820 1556
1448830 1550
1448840 1542
1448850 1542
1448860 1533
1448870 1539
1448880 1539
1448890 1555
1448900 1565
1448910 1565
1448920 1571
1448930 1577
1448940 1586
1448950 1586
1448960 1591
1448970 1597
1448980 1599
1448990 1605
1449000 1611
1449010 1611
1449020 1616
1449030 1622
1449040 1622
1449050 1628
1449060 1635
1449070 1635
1449080 1641
1449090 1647
1449100 1647
1449110 1653
1449120 1659
1449130 1659
1449140 1665
1449150 1671
1449160 1671
1449170 1677
1449180 1682
1449190 1687
1449200 1687
1449210 1694
1449220 1702
1449230 1702
1449240 1711
1449250 1720
1449260 1720
1449270 1728
1449280 1736
1449290 1736
1449300 1741
1449310 1745
1449320 1745
1449330 1746
1449340 1749
1449350 1749
1449360 1751
1449370 1754
1449380 1754
1449390 1760
1449400 1767
1449410 1767
1449420 1775
1449430 1781
1449440 1788
1449450 1788
1449460 1794
1449470 1800
1449480 1800
1449490 1807
1449500 1815
1449510 1815
1449520 1822
1449530 1830
1449540 1830
1449550 1836
1449560 1842
1449570 1842
1449580 1848
1449590 1854
1449600 1854
1449610 1860
1449620 1867
1449630 1867
1449640 1873
1449650 1880
1449660 1887
1449670 1887
1449680 1892
1449690 1899
1449700 1899
1449710 1905
1449720 1912
1449730 1912
1449740 1918
1449750 1925
1449760 1925
1449770 1931
1449780 1939
1449790 1939
1449800 1945
1449810 1948
1449820 1948
1449830 1952
1449840 1955
1449850 1955
1449860 1958
1449870 1960
1449880 1960
1449890 1963
1449900 1965
1449910 1968
1449920 1968
1449930 1970
1449940 1971
1449950 1971
1449960 1969
1449970 1964
1449980 1964
1449990 1963
1450000 1963
1450010 1963
1450020 1962
1450030 1961
1450040 1961
1450050 1959
1450060 1956
1450070 1956
1450080 1952
1450090 1945
1450100 1945
1450110 1937
1450120 1931
1450130 1931
1450140 1925
1450150 1919
1450160 1914
1450170 1914
1450180 1907
1450190 1901
1450200 1901
1450210 1895
1450220 1890
1450230 1890
1450240 1887
1450250 1882
1450260 1882
1450270 1875
1450280 1869
1450290 1869
1450300 1864
1450310 1858
1450320 1858
1450330 1854
1450340 1852
1450350 1852
1450360 1850
1450370 1849
1450380 1847
1450390 1847
1450400 1844
1450410 1843
1450420 1843
1450430 1842
1450440 1839
1450450 1839
1450460 1837
1450470 1834
1450480 1834
1450490 1831
1450500 1827
1450510 1827
1450520 1823
1450530 1819
1450540 1819
1450550 1815
1450560 1814
1450570 1814
1450580 1813
1450590 1813
1450600 1813
1450610 1811
1450620 1812
1450630 1809
1450640 1809
1450650 1807
1450660 1805
1450670 1805
1450680 1805
1450690 1806
1450700 1806
1450710 1808
1450720 1809
1450730 1809
1450740 1808
1450750 1807
1450760 1807
1450770 1807
1450780 1808
1450790 1808
1450800 1804
1450810 1808
1450820 1808
1450830 1810
1450840 1809
1450850 1809
1450860 1808
1450870 1807
1450880 1806
1450890 1806
1450900 1804
1450910 1802
1450920 1802
1450930 1800
1450940 1798
1450950 1798
1450960 1799
1450970 1802
1450980 1802
1450990 1805
1451000 1808
1451010 1808
1451020 1809
1451030 1814
1451040 1814
1451050 1819
1451060 1827
1451070 1827
1451080 1833
1451090 1839
1451100 1839
1451110 1846
1451120 1856
1451130 1863
1451140 1863
1451150 1871
1451160 1882
1451170 1882
1451180 1894
1451190 1901
1451200 1901
1451210 1907
1451220 1914
1451230 1914
1451240 1922
1451250 1924
1451260 1924
1451270 1926
1451280 1926
1451290 1926
1451300 1926
1451310 1926
1451320 1926
1451330 1925
1451340 1922
1451350 1919
1451360 1919
1451370 1917
1451380 1917
1451390 1917
1451400 1917
1451410 1917
1451420 1917
1451430 1917
1451440 1917
1451450 1917
1451460 1918
1451470 1918
1451480 1918
1451490 1919
1451500 1919
1451510 1919
1451520 1920
1451530 1925
1451540 1925
1451550 1929
1451560 1933
1451570 1933
1451580 1937
1451590 1941
1451600 1947
1451610 1947
1451620 1953
1451630 1958
1451640 1958
1451650 1964
1451660 1969
1451670 1969
1451680 1976
1451690 1983
1451700 1983
1451710 1991
1451720 1999
1451730 1999
1451740 2007
1451750 2016
1451760 2016
1451770 2023
1451780 2027
1451790 2027
1451800 2029
1451810 2033
1451820 2033
1451830 2037
1451840 2041
1451850 2043
1451860 2043
1451870 2044
1451880 2046
1451890 2046
1451900 2048
1451910 2048
1451920 2048
1451930 2049
1451940 2049
1451950 2049
1451960 2050
1451970 2050
1451980 2050
1451990 2049
1452000 2047
1452010 2047
1452020 2046
1452030 2046
1452040 2046
1452050 2045
1452060 2043
1452070 2043
1452080 2041
1452090 2038
1452100 2036
1452110 2036
1452120 2035
1452130 2030
1452140 2030
1452150 2025
1452160 2020
1452170 2020
1452180 2016
1452190 2013
1452200 2013
1452210 2010
1452220 2007
1452230 2007
1452240 2003
1452250 2000
1452260 2000
1452270 1998
1452280 1995
1452290 1995
1452300 1990
1452310 1988
1452320 1985
1452330 1985
1452340 1982
1452350 1979
1452360 1979
1452370 1975
1452380 1971
1452390 1971
1452400 1965
1452410 1960
1452420 1960
1452430 1956
1452440 1955
1452450 1955
1452460 1954
1452470 1954
1452480 1954
1452490 1952
1452500 1951
1452510 1951
1452520 1950
1452530 1949
1452540 1949
1452550 1948
1452560 1947
1452570 1946
1452580 1946
1452590 1946
1452600 1947
1452610 1947
1452620 1947
1452630 1948
1452640 1948
1452650 1947
1452660 1946
1452670 1946
1452680 1945
1452690 1944
1452700 1944
1452710 1943
1452720 1942
1452730 1942
1452740 1939
1452750 1936
1452760 1936
1452770 1931
1452780 1924
1452790 1924
1452800 1919
1452810 1916
1452820 1914
1452830 1914
1452840 1910
1452850 1906
1452860 1906
1452870 1903
1452880 1899
1452890 1899
1452900 1902
1452910 1904
1452920 1904
1452930 1902
1452940 1902
1452950 1902
1452960 1902
1452970 1902
1452980 1902
1452990 1901
1453000 1900
1453010 1900
1453020 1898
1453030 1896
1453040 1896
1453050 1893
1453060 1891
1453070 1887
1453080 1887
1453090 1883
1453100 1878
1453110 1878
1453120 1874
1453130 1870
1453140 1870
1453150 1867
1453160 1865
1453170 1865
1453180 1863
1453190 1861
1453200 1861
1453210 1860
1453220 1860
1453230 1860
1453240 1859
1453250 1858
1453260 1858
1453270 1857
1453280 1857
1453290 1854
1453300 1854
1453310 1850
1453320 1844
1453330 1844
1453340 1838
1453350 1831
1453360 1831
1453370 1823
1453380 1816
1453390 1816
1453400 1808
1453410 1803
1453420 1803
1453430 1797
1453440 1791
1453450 1791
1453460 1785
1453470 1780
1453480 1780
1453490 1775
1453500 1770
1453510 1770
1453520 1764
1453530 1759
1453540 1754
1453550 1754
1453560 1750
1453570 1745
1453580 1745
1453590 1741
1453600 1736
1453610 1736
1453620 1732
1453630 1728
1453640 1728
1453650 1724
1453660 1721
1453670 1721
1453680 1718
1453690 1715
1453700 1715
1453710 1713
1453720 1711
1453730 1711
1453740 1709
1453750 1707
1453760 1707
1453770 1707
1453780 1709
1453790 1709
1453800 1709
1453810 1712
1453820 1715
1453830 1715
1453840 1718
1453850 1719
1453860 1719
1453870 1721
1453880 1724
1453890 1724
1453900 1727
1453910 1730
1453920 1730
1453930 1732
1453940 1734
1453950 1734
1453960 1736
1453970 1737
1453980 1737
1453990 1738
1454000 1741
1454010 1741
1454020 1743
1454030 1746
1454040 1748
1454050 1748
1454060 1751
1454070 1754
1454080 1754
1454090 1755
1454100 1758
1454110 1758
1454120 1761
1454130 1765
1454140 1765
1454150 1768
1454160 1772
1454170 1772
1454180 1776
1454190 1780
1454200 1780
1454210 1784
1454220 1788
1454230 1788
1454240 1794
1454250 1799
1454260 1804
1454270 1804
1454280 1808
1454290 1812
1454300 1812
1454310 1818
1454320 1824
1454330 1824
1454340 1831
1454350 1840
1454360 1840
1454370 1850
1454380 1856
1454390 1856
1454400 1865
1454410 1870
1454420 1870
1454430 1876
1454440 1882
1454450 1882
1454460 1890
1454470 1898
1454480 1898
1454490 1897
1454500 1885
1454510 1874
1454520 1874
1454530 1864
1454540 1857
1454550 1857
1454560 1852
1454570 1848
1454580 1848
1454590 1841
1454600 1837
1454610 1837
1454620 1835
1454630 1833
1454640 1833
1454650 1831
1454660 1829
1454670 1829
1454680 1828
1454690 1826
1454700 1826
1454710 1824
1454720 1822
1454730 1822
1454740 1820
1454750 1817
1454760 1813
1454770 1813
1454780 1809
1454790 1804
1454800 1804
1454810 1800
1454820 1798
1454830 1798
1454840 1796
1454850 1791
1454860 1791
1454870 1788
1454880 1784
1454890 1784
1454900 1780
1454910 1776
1454920 1776
1454930 1770
1454940 1762
1454950 1762
1454960 1756
1454970 1749
1454980 1749
1454990 1744
1455000 1741
1455010 1737
1455020 1737
1455030 1732
1455040 1725
1455050 1725
1455060 1721
1455070 1719
1455080 1719
1455090 1716
1455100 1713
1455110 1713
1455120 1707
1455130 1701
1455140 1701
1455150 1695
1455160 1689
1455170 1689
1455180 1684
1455190 1680
1455200 1680
1455210 1676
1455220 1673
1455230 1670
1455240 1670
1455250 1665
1455260 1659
1455270 1659
1455280 1653
1455290 1649
1455300 1649
1455310 1647
1455320 1645
1455330 1645
1455340 1640
1455350 1636
1455360 1636
1455370 1631
1455380 1625
1455390 1625
1455400 1620
1455410 1615
1455420 1615
1455430 1611
1455440 1606
1455450 1606
1455460 1602
1455470 1598
1455480 1595
1455490 1595
1455500 1591
1455510 1587
1455520 1587
1455530 1582
1455540 1576
1455550 1576
1455560 1569
1455570 1563
1455580 1563
1455590 1556
1455600 1551
1455610 1551
1455620 1544
1455630 1536
1455640 1536
1455650 1529
1455660 1522
1455670 1522
1455680 1516
1455690 1511
1455700 1511
1455710 1506
1455720 1501
1455730 1497
1455740 1497
1455750 1493
1455760 1489
1455770 1489
1455780 1484
1455790 1480
1455800 1480
1455810 1475
1455820 1469
1455830 1469
1455840 1466
1455850 1463
1455860 1463
1455870 1459
1455880 1453
1455890 1453
1455900 1449
1455910 1444
1455920 1444
1455930 1439
1455940 1434
1455950 1430
1455960 1430
1455970 1425
1455980 1423
1455990 1423
1456000 1419
1456010 1416
1456020 1416
1456030 1412
1456040 1408
1456050 1408
1456060 1404
1456070 1400
1456080 1400
1456090 1396
1456100 1390
1456110 1390
1456120 1385
1456130 1381
1456140 1381
1456150 1375
1456160 1371
1456170 1371
1456180 1369
1456190 1368
1456200 1367
1456210 1367
1456220 1364
1456230 1358
1456240 1358
1456250 1352
1456260 1348
1456270 1348
1456280 1346
1456290 1343
1456300 1343
1456310 1340
1456320 1336
1456330 1336
1456340 1333
1456350 1328
1456360 1328
1456370 1322
1456380 1317
1456390 1317
1456400 1311
1456410 1304
1456420 1304
1456430 1297
1456440 1293
1456450 1289
1456460 1289
1456470 1284
1456480 1280
1456490 1280
1456500 1275
1456510 1270
1456520 1270
1456530 1265
1456540 1261
1456550 1261
1456560 1256
1456570 1252
1456580 1252
1456590 1249
1456600 1246
1456610 1246
1456620 1241
1456630 1237
1456640 1237
1456650 1232
1456660 1228
1456670 1228
1456680 1226
1456690 1223
1456700 1220
1456710 1220
1456720 1217
1456730 1213
1456740 1213
1456750 1210
1456760 1208
1456770 1208
1456780 1206
1456790 1205
1456800 1205
1456810 1204
1456820 1201
1456830 1201
1456840 1198
1456850 1196
1456860 1196
1456870 1194
1456880 1192
1456890 1192
1456900 1190
1456910 1187
1456920 1184
1456930 1184
1456940 1182
1456950 1180
1456960 1180
1456970 1178
1456980 1176
1456990 1176
1457000 1173
1457010 1172
1457020 1172
1457030 1170
1457040 1168
1457050 1163
1457060 1160
1457070 1158
1457080 1158
1457090 1156
1457100 1155
1457110 1155
1457120 1152
1457130 1149
1457140 1149
1457150 1145
1457160 1142
1457170 1138
1457180 1138
1457190 1134
1457200 1131
1457210 1131
1457220 1128
1457230 1126
1457240 1126
1457250 1123
1457260 1120
1457270 1120
1457280 1117
1457290 1117
1457300 1117
1457310 1115
1457320 1111
1457330 1111
1457340 1109
1457350 1106
1457360 1106
1457370 1105
1457380 1101
1457390 1101
1457400 1096
1457410 1093
1457420 1091
1457430 1091
1457440 1089
1457450 1086
1457460 1086
1457470 1085
1457480 1081
1457490 1081
1457500 1079
1457510 1075
1457520 1075
1457530 1072
1457540 1069
1457550 1069
1457560 1066
1457570 1065
1457580 1065
1457590 1063
1457600 1061
1457610 1061
1457620 1061
1457630 1060
1457640 1060
1457650 1059
1457660 1057
1457670 1055
1457680 1055
1457690 1054
1457700 1051
1457710 1051
1457720 1048
1457730 1045
1457740 1045
1457750 1043
1457760 1040
1457770 1040
1457780 1037
1457790 1034
1457800 1034
1457810 1028
1457820 1023
1457830 1023
1457840 1018
1457850 1014
1457860 1014
1457870 1010
1457880 1006
1457890 999
1457900 999
1457910 993
1457920 988
1457930 988
1457940 983
1457950 980
1457960 980
1457970 977
1457980 974
1457990 974
1458000 972
1458010 971
1458020 971
1458030 971
1458040 970
1458050 970
1458060 968
1458070 967
1458080 967
1458090 965
1458100 964
1458110 964
1458120 964
1458130 965
1458140 965
1458150 965
1458160 965
1458170 965
1458180 965
1458190 964
1458200 965
1458210 965
1458220 965
1458230 965
1458240 965
1458250 964
1458260 963
1458270 963
1458280 962
1458290 961
1458300 961
1458310 959
1458320 956
1458330 956
1458340 952
1458350 950
1458360 950
1458370 949
1458380 946
1458390 943
1458400 943
1458410 939
1458420 937
1458430 937
1458440 934
1458450 928
1458460 928
1458470 924
1458480 920
1458490 920
1458500 916
1458510 912
1458520 912
1458530 908
1458540 902
1458550 902
1458560 898
1458570 893
1458580 893
1458590 888
1458600 882
1458610 877
1458620 877
1458630 871
1458640 866
1458650 866
1458660 861
1458670 857
1458680 857
1458690 853
1458700 849
1458710 849
1458720 844
1458730 840
1458740 840
1458750 837
1458760 834
1458770 834
1458780 834
1458790 832
1458800 832
1458810 829
1458820 829
1458830 829
1458840 832
1458850 833
1458860 834
1458870 834
1458880 834
1458890 835
1458900 835
1458910 836
1458920 836
1458930 836
1458940 837
1458950 837
1458960 837
1458970 838
1458980 839
1458990 839
1459000 839
1459010 840
1459020 840
1459030 841
1459040 842
1459050 842
1459060 842
1459070 843
1459080 843
1459090 843
1459100 844
1459110 844
1459120 844
1459130 845
1459140 846
1459150 846
1459160 846
1459170 847
1459180 847
1459190 848
1459200 850
1459210 850
1459220 850
1459230 851
1459240 851
1459250 852
1459260 853
1459270 853
1459280 854
1459290 855
1459300 855
1459310 856
1459320 857
1459330 857
1459340 857
1459350 859
1459360 859
1459370 859
1459380 859
1459390 860
1459400 860
1459410 861
1459420 862
1459430 862
1459440 862
1459450 863
1459460 863
1459470 864
1459480 865
1459490 865
1459500 865
1459510 866
1459520 866
1459530 867
1459540 869
1459550 869
1459560 870
1459570 871
1459580 873
1459590 873
1459600 874
1459610 874
1459620 874
1459630 875
1459640 876
1459650 876
1459660 878
1459670 880
1459680 880
1459690 884
1459700 888
1459710 888
1459720 894
1459730 902
1459740 902
1459750 908
1459760 915
1459770 915
1459780 921
1459790 927
1459800 927
1459810 935
1459820 943
1459830 952
1459840 952
1459850 959
1459860 964
1459870 964
1459880 970
1459890 977
1459900 977
1459910 984
1459920 991
1459930 991
1459940 998
1459950 1005
1459960 1005
1459970 1011
1459980 1017
1459990 1017
