1440000 1768
1440010 1763
1440020 1757
1440030 1752
1440040 1752
1440050 1747
1440060 1742
1440070 1742
1440080 1737
1440090 1730
1440100 1730
1440110 1728
1440120 1735
1440130 1735
1440140 1744
1440150 1752
1440160 1752
1440170 1757
1440180 1763
1440190 1763
1440200 1767
1440210 1771
1440220 1771
1440230 1775
1440240 1779
1440250 1783
1440260 1783
1440270 1787
1440280 1792
1440290 1792
1440300 1796
1440310 1801
1440320 1801
1440330 1807
1440340 1814
1440350 1814
1440360 1821
1440370 1828
1440380 1828
1440390 1834
1440400 1840
1440410 1840
1440420 1845
1440430 1848
1440440 1848
1440450 1850
1440460 1847
1440470 1847
1440480 1841
1440490 1834
1440500 1827
1440510 1827
1440520 1819
1440530 1811
1440540 1811
1440550 1803
1440560 1795
1440570 1795
1440580 1788
1440590 1781
1440600 1781
1440610 1774
1440620 1768
1440630 1768
1440640 1760
1440650 1755
1440660 1755
1440670 1753
1440680 1752
1440690 1752
1440700 1754
1440710 1754
1440720 1754
1440730 1754
1440740 1753
1440750 1752
1440760 1752
1440770 1750
1440780 1750
1440790 1750
1440800 1751
1440810 1752
1440820 1752
1440830 1754
1440840 1755
1440850 1755
1440860 1757
1440870 1759
1440880 1759
1440890 1761
1440900 1763
1440910 1763
1440920 1765
1440930 1766
1440940 1766
1440950 1765
1440960 1761
1440970 1761
1440980 1754
1440990 1749
1441000 1747
1441010 1747
1441020 1745
1441030 1742
1441040 1742
1441050 1740
1441060 1736
1441070 1736
1441080 1731
1441090 1727
1441100 1727
1441110 1724
1441120 1721
1441130 1721
1441140 1717
1441150 1711
1441160 1711
1441170 1706
1441180 1702
1441190 1702
1441200 1698
1441210 1694
1441220 1691
1441230 1691
1441240 1685
1441250 1678
1441260 1678
1441270 1671
1441280 1664
1441290 1664
1441300 1657
1441310 1651
1441320 1654
1441330 1648
1441340 1644
1441350 1644
1441360 1639
1441370 1635
1441380 1635
1441390 1631
1441400 1627
1441410 1627
1441420 1623
1441430 1619
1441440 1619
1441450 1615
1441460 1611
1441470 1608
1441480 1608
1441490 1604
1441500 1599
1441510 1599
1441520 1595
1441530 1593
1441540 1593
1441550 1591
1441560 1588
1441570 1588
1441580 1584
1441590 1580
1441600 1580
1441610 1575
1441620 1568
1441630 1568
1441640 1563
1441650 1558
1441660 1558
1441670 1553
1441680 1549
1441690 1549
1441700 1546
1441710 1541
1441720 1535
1441730 1535
1441740 1531
1441750 1527
1441760 1527
1441770 1524
1441780 1520
1441790 1520
1441800 1516
1441810 1512
1441820 1512
1441830 1508
1441840 1503
1441850 1503
1441860 1500
1441870 1495
1441880 1495
1441890 1489
1441900 1483
1441910 1483
1441920 1476
1441930 1471
1441940 1471
1441950 1466
1441960 1461
1441970 1455
1441980 1455
1441990 1450
1442000 1446
1442010 1446
1442020 1440
1442030 1433
1442040 1433
1442050 1426
1442060 1421
1442070 1421
1442080 1415
1442090 1411
1442100 1411
1442110 1407
1442120 1402
1442130 1402
1442140 1397
1442150 1394
1442160 1394
1442170 1392
1442180 1389
1442190 1389
1442200 1387
1442210 1383
1442220 1379
1442230 1379
1442240 1374
1442250 1370
1442260 1370
1442270 1364
1442280 1359
1442290 1359
1442300 1352
1442310 1346
1442320 1346
1442330 1339
1442340 1333
1442350 1333
1442360 1327
1442370 1324
1442380 1324
1442390 1325
1442400 1331
1442410 1331
1442420 1337
1442430 1343
1442440 1344
1442450 1344
1442460 1344
1442470 1348
1442480 1348
1442490 1351
1442500 1350
1442510 1350
1442520 1350
1442530 1351
1442540 1351
1442550 1351
1442560 1352
1442570 1352
1442580 1351
1442590 1351
1442600 1351
1442610 1352
1442620 1354
1442630 1354
1442640 1357
1442650 1361
1442660 1361
1442670 1368
1442680 1374
1442690 1376
1442700 1376
1442710 1374
1442720 1373
1442730 1373
1442740 1372
1442750 1373
1442760 1373
1442770 1376
1442780 1378
1442790 1378
1442800 1380
1442810 1381
1442820 1381
1442830 1380
1442840 1380
1442850 1380
1442860 1380
1442870 1382
1442880 1382
1442890 1387
1442900 1389
1442910 1389
1442920 1392
1442930 1395
1442940 1398
1442950 1398
1442960 1401
1442970 1405
1442980 1405
1442990 1409
1443000 1413
1443010 1413
1443020 1417
1443030 1422
1443040 1422
1443050 1427
1443060 1432
1443070 1432
1443080 1436
1443090 1441
1443100 1441
1443110 1446
1443120 1450
1443130 1450
1443140 1453
1443150 1453
1443160 1453
1443170 1452
1443180 1449
1443190 1446
1443200 1446
1443210 1442
1443220 1438
1443230 1438
1443240 1434
1443250 1429
1443260 1429
1443270 1425
1443280 1421
1443290 1421
1443300 1417
1443310 1413
1443320 1413
1443330 1410
1443340 1406
1443350 1406
1443360 1402
1443370 1399
1443380 1399
1443390 1395
1443400 1391
1443410 1388
1443420 1388
1443430 1386
1443440 1384
1443450 1384
1443460 1380
1443470 1376
1443480 1376
1443490 1371
1443500 1366
1443510 1366
1443520 1362
1443530 1356
1443540 1356
1443550 1351
1443560 1347
1443570 1347
1443580 1343
1443590 1341
1443600 1341
1443610 1338
1443620 1335
1443630 1335
1443640 1331
1443650 1327
1443660 1322
1443670 1322
1443680 1318
1443690 1314
1443700 1314
1443710 1310
1443720 1305
1443730 1305
1443740 1300
1443750 1295
1443760 1295
1443770 1289
1443780 1284
1443790 1284
1443800 1278
1443810 1272
1443820 1272
1443830 1266
1443840 1258
1443850 1258
1443860 1249
1443870 1240
1443880 1240
1443890 1232
1443900 1224
1443910 1216
1443920 1216
1443930 1208
1443940 1200
1443950 1200
1443960 1193
1443970 1185
1443980 1185
1443990 1178
1444000 1170
1444010 1170
1444020 1162
1444030 1152
1444040 1152
1444050 1135
1444060 1115
1444070 1115
1444080 1107
1444090 1101
1444100 1101
1444110 1094
1444120 1089
1444130 1089
1444140 1079
1444150 1072
1444160 1078
1444170 1078
1444180 1085
1444190 1088
1444200 1088
1444210 1092
1444220 1092
1444230 1092
1444240 1094
1444250 1099
1444260 1099
1444270 1102
1444280 1107
1444290 1107
1444300 1112
1444310 1113
1444320 1113
1444330 1116
1444340 1119
1444350 1119
1444360 1112
1444370 1109
1444380 1109
1444390 1108
1444400 1106
1444410 1105
1444420 1105
1444430 1100
1444440 1094
1444450 1094
1444460 1088
1444470 1081
1444480 1081
1444490 1074
1444500 1067
1444510 1067
1444520 1060
1444530 1052
1444540 1052
1444550 1045
1444560 1039
1444570 1039
1444580 1036
1444590 1031
1444600 1031
1444610 1027
1444620 1022
1444630 1017
1444640 1017
1444650 1012
1444660 1007
1444670 1007
1444680 1003
1444690 999
1444700 999
1444710 994
1444720 989
1444730 989
1444740 983
1444750 978
1444760 978
1444770 974
1444780 969
1444790 969
1444800 965
1444810 962
1444820 962
1444830 961
1444840 961
1444850 961
1444860 960
1444870 959
1444880 958
1444890 958
1444900 958
1444910 957
1444920 957
1444930 956
1444940 956
1444950 956
1444960 955
1444970 955
1444980 955
1444990 955
1445000 955
1445010 955
1445020 955
1445030 954
1445040 954
1445050 953
1445060 952
1445070 952
1445080 952
1445090 951
1445100 951
1445110 951
1445120 951
1445130 951
1445140 951
1445150 951
1445160 951
1445170 951
1445180 951
1445190 950
1445200 950
1445210 950
1445220 949
1445230 949
1445240 948
1445250 948
1445260 948
1445270 948
1445280 948
1445290 948
1445300 947
1445310 946
1445320 946
1445330 946
1445340 946
1445350 946
1445360 946
1445370 946
1445380 944
1445390 944
1445400 943
1445410 946
1445420 946
1445430 946
1445440 947
1445450 947
1445460 947
1445470 946
1445480 946
1445490 946
1445500 946
1445510 946
1445520 946
1445530 946
1445540 946
1445550 946
1445560 946
1445570 946
1445580 946
1445590 946
1445600 946
1445610 946
1445620 947
1445630 947
1445640 947
1445650 948
1445660 949
1445670 949
1445680 950
1445690 953
1445700 953
1445710 955
1445720 957
1445730 957
1445740 960
1445750 963
1445760 963
1445770 967
1445780 971
1445790 971
1445800 974
1445810 978
1445820 978
1445830 982
1445840 986
1445850 989
1445860 989
1445870 993
1445880 998
1445890 998
1445900 1003
1445910 1009
1445920 1009
1445930 1016
1445940 1026
1445950 1026
1445960 1036
1445970 1041
1445980 1041
1445990 1045
1446000 1050
1446010 1050
1446020 1055
1446030 1061
1446040 1061
1446050 1069
1446060 1076
1446070 1076
1446080 1082
1446090 1089
1446100 1097
1446110 1097
1446120 1103
1446130 1109
1446140 1109
1446150 1116
1446160 1122
1446170 1122
1446180 1126
1446190 1132
1446200 1132
1446210 1138
1446220 1144
1446230 1144
1446240 1150
1446250 1156
1446260 1156
1446270 1161
1446280 1168
1446290 1168
1446300 1175
1446310 1182
1446320 1182
1446330 1188
1446340 1194
1446350 1201
1446360 1201
1446370 1206
1446380 1212
1446390 1212
1446400 1219
1446410 1226
1446420 1226
1446430 1232
1446440 1238
1446450 1238
1446460 1245
1446470 1251
1446480 1251
1446490 1257
1446500 1264
1446510 1264
1446520 1270
1446530 1277
1446540 1277
1446550 1283
1446560 1289
1446570 1289
1446580 1295
1446590 1302
1446600 1308
1446610 1308
1446620 1314
1446630 1319
1446640 1319
1446650 1323
1446660 1327
1446670 1327
1446680 1334
1446690 1341
1446700 1341
1446710 1347
1446720 1353
1446730 1353
1446740 1359
1446750 1365
1446760 1365
1446770 1371
1446780 1378
1446790 1378
1446800 1385
1446810 1390
1446820 1395
1446830 1395
1446840 1400
1446850 1404
1446860 1404
1446870 1409
1446880 1414
1446890 1414
1446900 1420
1446910 1426
1446920 1426
1446930 1431
1446940 1437
1446950 1437
1446960 1442
1446970 1447
1446980 1447
1446990 1453
1447000 1459
1447010 1459
1447020 1465
1447030 1472
1447040 1472
1447050 1478
1447060 1484
1447070 1492
1447080 1492
1447090 1499
1447100 1505
1447110 1505
1447120 1510
1447130 1512
1447140 1512
1447150 1514
1447160 1517
1447170 1517
1447180 1519
1447190 1524
1447200 1524
1447210 1528
1447220 1533
1447230 1533
1447240 1537
1447250 1541
1447260 1541
1447270 1546
1447280 1552
1447290 1552
1447300 1558
1447310 1563
1447320 1569
1447330 1569
1447340 1574
1447350 1579
1447360 1579
1447370 1584
1447380 1589
1447390 1589
1447400 1594
1447410 1598
1447420 1598
1447430 1602
1447440 1606
1447450 1606
1447460 1611
1447470 1615
1447480 1615
1447490 1618
1447500 1622
1447510 1622
1447520 1626
1447530 1630
1447540 1630
1447550 1635
1447560 1640
1447570 1646
1447580 1646
1447590 1653
1447600 1658
1447610 1658
1447620 1664
1447630 1670
1447640 1670
1447650 1679
1447660 1685
1447670 1685
1447680 1690
1447690 1695
1447700 1695
1447710 1701
1447720 1708
1447730 1708
1447740 1715
1447750 1722
1447760 1722
1447770 1732
1447780 1747
1447790 1756
1447800 1756
1447810 1758
1447820 1760
1447830 1760
1447840 1764
1447850 1768
1447860 1768
1447870 1770
1447880 1771
1447890 1771
1447900 1772
1447910 1773
1447920 1773
1447930 1774
1447940 1776
1447950 1776
1447960 1779
1447970 1781
1447980 1781
1447990 1782
1448000 1784
1448010 1784
1448020 1786
1448030 1792
1448040 1797
1448050 1797
1448060 1803
1448070 1809
1448080 1809
1448090 1816
1448100 1821
1448110 1821
1448120 1821
1448130 1821
1448140 1821
1448150 1819
1448160 1821
1448170 1821
1448180 1822
1448190 1822
1448200 1822
1448210 1824
1448220 1826
1448230 1826
1448240 1830
1448250 1833
1448260 1833
1448270 1837
1448280 1838
1448290 1840
1448300 1840
1448310 1843
1448320 1846
1448330 1846
1448340 1849
1448350 1853
1448360 1853
1448370 1856
1448380 1858
1448390 1858
1448400 1858
1448410 1863
1448420 1863
1448430 1863
1448440 1857
1448450 1857
1448460 1850
1448470 1847
1448480 1847
1448490 1852
1448500 1857
1448510 1857
1448520 1862
1448530 1867
1448540 1873
1448550 1873
1448560 1879
1448570 1885
1448580 1885
1448590 1892
1448600 1901
1448610 1901
1448620 1910
1448630 1918
1448640 1918
1448650 1923
1448660 1921
1448670 1921
1448680 1916
1448690 1910
1448700 1910
1448710 1906
1448720 1901
1448730 1901
1448740 1895
1448750 1888
1448760 1882
1448770 1882
1448780 1876
1448790 1870
1448800 1870
1448810 1865
1448820 1859
1448830 1859
1448840 1854
1448850 1851
1448860 1851
1448870 1855
1448880 1857
1448890 1857
1448900 1858
1448910 1858
1448920 1858
1448930 1858
1448940 1862
1448950 1862
1448960 1865
1448970 1870
1448980 1870
1448990 1876
1449000 1881
1449010 1887
1449020 1887
1449030 1893
1449040 1900
1449050 1900
1449060 1905
1449070 1908
1449080 1908
1449090 1913
1449100 1919
1449110 1919
1449120 1923
1449130 1926
1449140 1926
1449150 1930
1449160 1935
1449170 1935
1449180 1941
1449190 1947
1449200 1947
1449210 1950
1449220 1953
1449230 1953
1449240 1956
1449250 1959
1449260 1960
1449270 1960
1449280 1961
1449290 1961
1449300 1961
1449310 1963
1449320 1964
1449330 1964
1449340 1965
1449350 1964
1449360 1964
1449370 1964
1449380 1964
1449390 1964
1449400 1964
1449410 1964
1449420 1964
1449430 1964
1449440 1964
1449450 1964
1449460 1963
1449470 1962
1449480 1962
1449490 1960
1449500 1958
1449510 1956
1449520 1956
1449530 1953
1449540 1948
1449550 1948
1449560 1941
1449570 1934
1449580 1934
1449590 1927
1449600 1921
1449610 1921
1449620 1915
1449630 1910
1449640 1910
1449650 1904
1449660 1899
1449670 1899
1449680 1893
1449690 1887
1449700 1887
1449710 1881
1449720 1875
1449730 1875
1449740 1871
1449750 1867
1449760 1862
1449770 1862
1449780 1856
1449790 1850
1449800 1850
1449810 1846
1449820 1841
1449830 1841
1449840 1835
1449850 1829
1449860 1829
1449870 1825
1449880 1821
1449890 1821
1449900 1816
1449910 1812
1449920 1812
1449930 1807
1449940 1804
1449950 1804
1449960 1800
1449970 1795
1449980 1789
1449990 1789
1450000 1784
1450010 1780
1450020 1780
1450030 1775
1450040 1771
1450050 1771
1450060 1767
1450070 1764
1450080 1764
1450090 1761
1450100 1759
1450110 1759
1450120 1756
1450130 1753
1450140 1753
1450150 1750
1450160 1748
1450170 1748
1450180 1745
1450190 1743
1450200 1743
1450210 1741
1450220 1739
1450230 1739
1450240 1739
1450250 1736
1450260 1734
1450270 1734
1450280 1733
1450290 1734
1450300 1734
1450310 1732
1450320 1731
1450330 1731
1450340 1729
1450350 1729
1450360 1729
1450370 1728
1450380 1726
1450390 1726
1450400 1725
1450410 1723
1450420 1723
1450430 1720
1450440 1717
1450450 1717
1450460 1714
1450470 1708
1450480 1702
1450490 1702
1450500 1696
1450510 1689
1450520 1689
1450530 1683
1450540 1684
1450550 1684
1450560 1681
1450570 1677
1450580 1677
1450590 1673
1450600 1668
1450610 1668
1450620 1663
1450630 1658
1450640 1658
1450650 1653
1450660 1648
1450670 1648
1450680 1643
1450690 1638
1450700 1638
1450710 1631
1450720 1630
1450730 1633
1450740 1633
1450750 1635
1450760 1637
1450770 1637
1450780 1638
1450790 1639
1450800 1639
1450810 1642
1450820 1647
1450830 1647
1450840 1651
1450850 1656
1450860 1656
1450870 1661
1450880 1665
1450890 1665
1450900 1670
1450910 1674
1450920 1674
1450930 1678
1450940 1683
1450950 1687
1450960 1687
1450970 1694
1450980 1699
1450990 1699
1451000 1703
1451010 1708
1451020 1708
1451030 1713
1451040 1718
1451050 1718
1451060 1724
1451070 1730
1451080 1730
1451090 1736
1451100 1742
1451110 1742
1451120 1747
1451130 1752
1451140 1752
1451150 1757
1451160 1762
1451170 1762
1451180 1767
1451190 1774
1451200 1784
1451210 1784
1451220 1789
1451230 1796
1451240 1796
1451250 1801
1451260 1808
1451270 1812
1451280 1818
1451290 1822
1451300 1822
1451310 1828
1451320 1835
1451330 1835
1451340 1842
1451350 1851
1451360 1851
1451370 1858
1451380 1865
1451390 1865
1451400 1874
1451410 1883
1451420 1883
1451430 1893
1451440 1903
1451450 1908
1451460 1908
1451470 1901
1451480 1895
1451490 1895
1451500 1889
1451510 1883
1451520 1883
1451530 1877
1451540 1872
1451550 1872
1451560 1868
1451570 1866
1451580 1866
1451590 1863
1451600 1861
1451610 1861
1451620 1858
1451630 1857
1451640 1857
1451650 1856
1451660 1855
1451670 1855
1451680 1855
1451690 1856
1451700 1855
1451710 1855
1451720 1854
1451730 1855
1451740 1855
1451750 1855
1451760 1856
1451770 1856
1451780 1856
1451790 1857
1451800 1857
1451810 1858
1451820 1858
1451830 1858
1451840 1858
1451850 1859
1451860 1859
1451870 1859
1451880 1859
1451890 1859
1451900 1860
1451910 1860
1451920 1860
1451930 1860
1451940 1861
1451950 1861
1451960 1861
1451970 1862
1451980 1863
1451990 1863
1452000 1863
1452010 1864
1452020 1864
1452030 1865
1452040 1866
1452050 1866
1452060 1867
1452070 1869
1452080 1869
1452090 1872
1452100 1876
1452110 1876
1452120 1878
1452130 1876
1452140 1876
1452150 1875
1452160 1874
1452170 1874
1452180 1874
1452190 1876
1452200 1878
1452210 1878
1452220 1880
1452230 1884
1452240 1884
1452250 1889
1452260 1896
1452270 1896
1452280 1903
1452290 1908
1452300 1908
1452310 1910
1452320 1915
1452330 1915
1452340 1920
1452350 1926
1452360 1926
1452370 1933
1452380 1939
1452390 1939
1452400 1946
1452410 1953
1452420 1960
1452430 1960
1452440 1965
1452450 1968
1452460 1968
1452470 1971
1452480 1976
1452490 1976
1452500 1984
1452510 1995
1452520 1995
1452530 2004
1452540 2011
1452550 2011
1452560 2019
1452570 2026
1452580 2026
1452590 2033
1452600 2041
1452610 2041
1452620 2048
1452630 2056
1452640 2056
1452650 2064
1452660 2073
1452670 2081
1452680 2081
1452690 2087
1452700 2093
1452710 2093
1452720 2098
1452730 2104
1452740 2104
1452750 2108
1452760 2113
1452770 2113
1452780 2116
1452790 2117
1452800 2117
1452810 2115
1452820 2111
1452830 2111
1452840 2107
1452850 2103
1452860 2103
1452870 2099
1452880 2095
1452890 2095
1452900 2091
1452910 2087
1452920 2083
1452930 2083
1452940 2079
1452950 2076
1452960 2076
1452970 2071
1452980 2068
1452990 2068
1453000 2064
1453010 2061
1453020 2061
1453030 2056
1453040 2053
1453050 2053
1453060 2049
1453070 2043
1453080 2043
1453090 2038
1453100 2032
1453110 2032
1453120 2026
1453130 2020
1453140 2015
1453150 2015
1453160 2013
1453170 2014
1453180 2014
1453190 2014
1453200 2012
1453210 2012
1453220 2003
1453230 1991
1453240 1991
1453250 1982
1453260 1976
1453270 1976
1453280 1968
1453290 1960
1453300 1960
1453310 1952
1453320 1939
1453330 1939
1453340 1930
1453350 1926
1453360 1926
1453370 1920
1453380 1914
1453390 1908
1453400 1908
1453410 1903
1453420 1899
1453430 1899
1453440 1894
1453450 1889
1453460 1889
1453470 1885
1453480 1881
1453490 1881
1453500 1877
1453510 1872
1453520 1872
1453530 1868
1453540 1864
1453550 1864
1453560 1861
1453570 1857
1453580 1857
1453590 1854
1453600 1851
1453610 1851
1453620 1848
1453630 1846
1453640 1844
1453650 1844
1453660 1842
1453670 1841
1453680 1841
1453690 1839
1453700 1836
1453710 1836
1453720 1832
1453730 1828
1453740 1828
1453750 1825
1453760 1823
1453770 1823
1453780 1822
1453790 1819
1453800 1819
1453810 1814
1453820 1809
1453830 1809
1453840 1803
1453850 1796
1453860 1796
1453870 1790
1453880 1786
1453890 1782
1453900 1782
1453910 1779
1453920 1773
1453930 1773
1453940 1767
1453950 1761
1453960 1761
1453970 1757
1453980 1753
1453990 1753
1454000 1748
1454010 1743
1454020 1743
1454030 1738
1454040 1734
1454050 1734
1454060 1731
1454070 1726
1454080 1726
1454090 1719
1454100 1712
1454110 1712
1454120 1705
1454130 1699
1454140 1694
1454150 1694
1454160 1692
1454170 1688
1454180 1688
1454190 1686
1454200 1683
1454210 1683
1454220 1678
1454230 1674
1454240 1674
1454250 1670
1454260 1666
1454270 1666
1454280 1660
1454290 1652
1454300 1652
1454310 1644
1454320 1638
1454330 1638
1454340 1638
1454350 1640
1454360 1643
1454370 1643
1454380 1647
1454390 1651
1454400 1651
1454410 1653
1454420 1654
1454430 1654
1454440 1656
1454450 1659
1454460 1659
1454470 1660
1454480 1661
1454490 1661
1454500 1664
1454510 1668
1454520 1668
1454530 1673
1454540 1679
1454550 1679
1454560 1682
1454570 1686
1454580 1686
1454590 1688
1454600 1691
1454610 1694
1454620 1694
1454630 1698
1454640 1701
1454650 1701
1454660 1703
1454670 1706
1454680 1706
1454690 1710
1454700 1716
1454710 1716
1454720 1720
1454730 1725
1454740 1725
1454750 1730
1454760 1736
1454770 1736
1454780 1741
1454790 1745
1454800 1745
1454810 1748
1454820 1751
1454830 1751
1454840 1755
1454850 1759
1454860 1762
1454870 1762
1454880 1766
1454890 1770
1454900 1770
1454910 1773
1454920 1776
1454930 1776
1454940 1779
1454950 1783
1454960 1783
1454970 1786
1454980 1790
1454990 1790
1455000 1794
1455010 1798
1455020 1798
1455030 1802
1455040 1806
1455050 1806
1455060 1809
1455070 1812
1455080 1812
1455090 1816
1455100 1819
1455110 1823
1455120 1823
1455130 1828
1455140 1834
1455150 1834
1455160 1837
1455170 1839
1455180 1839
1455190 1841
1455200 1841
1455210 1841
1455220 1841
1455230 1841
1455240 1841
1455250 1841
1455260 1840
1455270 1840
1455280 1839
1455290 1837
1455300 1837
1455310 1835
1455320 1833
1455330 1831
1455340 1831
1455350 1829
1455360 1825
1455370 1825
1455380 1822
1455390 1818
1455400 1818
1455410 1814
1455420 1810
1455430 1810
1455440 1806
1455450 1803
1455460 1803
1455470 1800
1455480 1797
1455490 1797
1455500 1793
1455510 1789
1455520 1789
1455530 1785
1455540 1780
1455550 1780
1455560 1775
1455570 1770
1455580 1765
1455590 1765
1455600 1759
1455610 1754
1455620 1754
1455630 1747
1455640 1741
1455650 1741
1455660 1737
1455670 1733
1455680 1733
1455690 1727
1455700 1721
1455710 1721
1455720 1717
1455730 1712
1455740 1712
1455750 1709
1455760 1706
1455770 1706
1455780 1702
1455790 1699
1455800 1699
1455810 1696
1455820 1692
1455830 1689
1455840 1689
1455850 1685
1455860 1682
1455870 1682
1455880 1680
1455890 1677
1455900 1677
1455910 1673
1455920 1669
1455930 1669
1455940 1664
1455950 1659
1455960 1659
1455970 1655
1455980 1652
1455990 1652
1456000 1651
1456010 1650
1456020 1650
1456030 1647
1456040 1643
1456050 1643
1456060 1640
1456070 1636
1456080 1634
1456090 1634
1456100 1632
1456110 1629
1456120 1629
1456130 1626
1456140 1624
1456150 1624
1456160 1622
1456170 1619
1456180 1619
1456190 1616
1456200 1612
1456210 1612
1456220 1610
1456230 1608
1456240 1608
1456250 1606
1456260 1605
1456270 1605
1456280 1602
1456290 1599
1456300 1593
1456310 1593
1456320 1585
1456330 1575
1456340 1575
1456350 1567
1456360 1558
1456370 1558
1456380 1551
1456390 1544
1456400 1544
1456410 1538
1456420 1534
1456430 1534
1456440 1531
1456450 1523
1456460 1523
1456470 1515
1456480 1509
1456490 1509
1456500 1504
1456510 1498
1456520 1498
1456530 1492
1456540 1487
1456550 1483
1456560 1483
1456570 1481
1456580 1477
1456590 1477
1456600 1471
1456610 1462
1456620 1462
1456630 1453
1456640 1445
1456650 1445
1456660 1439
1456670 1433
1456680 1433
1456690 1427
1456700 1423
1456710 1423
1456720 1418
1456730 1413
1456740 1413
1456750 1410
1456760 1407
1456770 1407
1456780 1404
1456790 1401
1456800 1400
1456810 1400
1456820 1399
1456830 1397
1456840 1397
1456850 1394
1456860 1388
1456870 1388
1456880 1382
1456890 1375
1456900 1375
1456910 1369
1456920 1365
1456930 1365
1456940 1361
1456950 1356
1456960 1356
1456970 1352
1456980 1348
1456990 1348
1457000 1345
1457010 1342
1457020 1342
1457030 1340
1457040 1335
1457050 1331
1457060 1331
1457070 1327
1457080 1324
1457090 1324
1457100 1322
1457110 1321
1457120 1321
1457130 1321
1457140 1320
1457150 1320
1457160 1317
1457170 1311
1457180 1311
1457190 1309
1457200 1306
1457210 1306
1457220 1303
1457230 1301
1457240 1301
1457250 1295
1457260 1290
1457270 1290
1457280 1288
1457290 1287
1457300 1286
1457310 1286
1457320 1286
1457330 1285
1457340 1285
1457350 1283
1457360 1282
1457370 1282
1457380 1281
1457390 1279
1457400 1279
1457410 1279
1457420 1277
1457430 1277
1457440 1272
1457450 1268
1457460 1268
1457470 1266
1457480 1264
1457490 1264
1457500 1261
1457510 1258
1457520 1254
1457530 1254
1457540 1251
1457550 1247
1457560 1247
1457570 1243
1457580 1239
1457590 1239
1457600 1234
1457610 1230
1457620 1230
1457630 1226
1457640 1223
1457650 1223
1457660 1220
1457670 1216
1457680 1216
1457690 1213
1457700 1209
1457710 1209
1457720 1205
1457730 1201
1457740 1201
1457750 1196
1457760 1192
1457770 1186
1457780 1186
1457790 1181
1457800 1176
1457810 1176
1457820 1170
1457830 1165
1457840 1165
1457850 1161
1457860 1156
1457870 1156
1457880 1149
1457890 1144
1457900 1144
1457910 1139
1457920 1133
1457930 1133
1457940 1127
1457950 1121
1457960 1121
1457970 1116
1457980 1114
1457990 1114
1458000 1109
1458010 1105
1458020 1101
1458030 1101
1458040 1098
1458050 1094
1458060 1094
1458070 1090
1458080 1086
1458090 1086
1458100 1082
1458110 1078
1458120 1078
1458130 1075
1458140 1073
1458150 1073
1458160 1069
1458170 1065
1458180 1065
1458190 1062
1458200 1058
1458210 1058
1458220 1054
1458230 1049
1458240 1049
1458250 1045
1458260 1041
1458270 1037
1458280 1037
1458290 1034
1458300 1031
1458310 1031
1458320 1029
1458330 1029
1458340 1029
1458350 1032
1458360 1034
1458370 1034
1458380 1031
1458390 1024
1458400 1024
1458410 1021
1458420 1021
1458430 1021
1458440 1019
1458450 1017
1458460 1017
1458470 1013
1458480 1009
1458490 1004
1458500 1004
1458510 999
1458520 992
1458530 992
1458540 986
1458550 980
1458560 980
1458570 975
1458580 971
1458590 971
1458600 965
1458610 956
1458620 956
1458630 948
1458640 940
1458650 940
1458660 930
1458670 921
1458680 921
1458690 915
1458700 910
1458710 910
1458720 906
1458730 900
1458740 894
1458750 894
1458760 887
1458770 881
1458780 881
1458790 877
1458800 872
1458810 872
1458820 869
1458830 869
1458840 869
1458850 867
1458860 864
1458870 864
1458880 859
1458890 854
1458900 854
1458910 845
1458920 837
1458930 837
1458940 831
1458950 830
1458960 830
1458970 830
1458980 831
1458990 830
1459000 830
1459010 827
1459020 827
1459030 827
1459040 830
1459050 831
1459060 831
1459070 831
1459080 832
1459090 832
1459100 833
1459110 835
1459120 835
1459130 835
1459140 836
1459150 836
1459160 837
1459170 837
1459180 837
1459190 838
1459200 839
1459210 839
1459220 840
1459230 841
1459240 842
1459250 842
1459260 842
1459270 842
1459280 842
1459290 843
1459300 844
1459310 844
1459320 845
1459330 845
1459340 845
1459350 846
1459360 846
1459370 846
1459380 848
1459390 851
1459400 851
1459410 851
1459420 850
1459430 850
1459440 851
1459450 850
1459460 851
1459470 851
1459480 852
1459490 853
1459500 853
1459510 851
1459520 852
1459530 852
1459540 852
1459550 852
1459560 852
1459570 853
1459580 854
1459590 854
1459600 855
1459610 855
1459620 855
1459630 854
1459640 854
1459650 854
1459660 855
1459670 855
1459680 855
1459690 855
1459700 855
1459710 856
1459720 856
1459730 857
1459740 857
1459750 857
1459760 857
1459770 857
1459780 857
1459790 858
1459800 865
1459810 865
1459820 874
1459830 881
1459840 881
1459850 886
1459860 890
1459870 890
1459880 896
1459890 903
1459900 903
1459910 911
1459920 919
1459930 919
1459940 925
1459950 932
1459960 939
1459970 939
1459980 946
1459990 952
