1440000 2175
1440010 2171
1440020 2171
1440030 2167
1440040 2163
1440050 2163
1440060 2159
1440070 2154
1440080 2154
1440090 2151
1440100 2148
1440110 2148
1440120 2146
1440130 2144
1440140 2144
1440150 2142
1440160 2140
1440170 2140
1440180 2138
1440190 2136
1440200 2134
1440210 2134
1440220 2130
1440230 2125
1440240 2125
1440250 2119
1440260 2113
1440270 2113
1440280 2106
1440290 2098
1440300 2098
1440310 2091
1440320 2086
1440330 2086
1440340 2082
1440350 2076
1440360 2076
1440370 2072
1440380 2069
1440390 2069
1440400 2063
1440410 2058
1440420 2058
1440430 2055
1440440 2054
1440450 2053
1440460 2053
1440470 2053
1440480 2054
1440490 2054
1440500 2054
1440510 2053
1440520 2053
1440530 2053
1440540 2053
1440550 2053
1440560 2053
1440570 2057
1440580 2057
1440590 2055
1440600 2051
1440610 2051
1440620 2046
1440630 2042
1440640 2042
1440650 2045
1440660 2048
1440670 2053
1440680 2053
1440690 2057
1440700 2062
1440710 2062
1440720 2065
1440730 2066
1440740 2066
1440750 2065
1440760 2063
1440770 2063
1440780 2060
1440790 2056
1440800 2056
1440810 2050
1440820 2043
1440830 2043
1440840 2036
1440850 2031
1440860 2031
1440870 2026
1440880 2021
1440890 2021
1440900 2015
1440910 2009
1440920 2003
1440930 2003
1440940 1998
1440950 1993
1440960 1993
1440970 1989
1440980 1985
1440990 1985
1441000 1980
1441010 1976
1441020 1976
1441030 1972
1441040 1970
1441050 1970
1441060 1969
1441070 1969
1441080 1969
1441090 1971
1441100 1973
1441110 1973
1441120 1973
1441130 1970
1441140 1970
1441150 1969
1441160 1966
1441170 1963
1441180 1963
1441190 1962
1441200 1961
1441210 1961
1441220 1959
1441230 1954
1441240 1954
1441250 1949
1441260 1945
1441270 1945
1441280 1941
1441290 1938
1441300 1938
1441310 1936
1441320 1933
1441330 1933
1441340 1929
1441350 1925
1441360 1925
1441370 1920
1441380 1914
1441390 1914
1441400 1908
1441410 1900
1441420 1896
1441430 1896
1441440 1897
1441450 1898
1441460 1898
1441470 1899
1441480 1902
1441490 1902
1441500 1902
1441510 1902
1441520 1902
1441530 1901
1441540 1901
1441550 1901
1441560 1901
1441570 1905
1441580 1905
1441590 1910
1441600 1913
1441610 1913
1441620 1915
1441630 1916
1441640 1916
1441650 1915
1441660 1914
1441670 1911
1441680 1911
1441690 1908
1441700 1904
1441710 1904
1441720 1901
1441730 1896
1441740 1896
1441750 1891
1441760 1885
1441770 1885
1441780 1882
1441790 1883
1441800 1883
1441810 1885
1441820 1885
1441830 1885
1441840 1882
1441850 1882
1441860 1882
1441870 1883
1441880 1883
1441890 1883
1441900 1879
1441910 1872
1441920 1867
1441930 1867
1441940 1863
1441950 1859
1441960 1859
1441970 1856
1441980 1854
1441990 1854
1442000 1849
1442010 1844
1442020 1844
1442030 1840
1442040 1836
1442050 1836
1442060 1830
1442070 1824
1442080 1824
1442090 1816
1442100 1809
1442110 1809
1442120 1802
1442130 1796
1442140 1790
1442150 1790
1442160 1785
1442170 1782
1442180 1782
1442190 1777
1442200 1772
1442210 1772
1442220 1768
1442230 1764
1442240 1764
1442250 1759
1442260 1753
1442270 1753
1442280 1743
1442290 1733
1442300 1733
1442310 1726
1442320 1719
1442330 1719
1442340 1713
1442350 1708
1442360 1708
1442370 1703
1442380 1698
1442390 1692
1442400 1692
1442410 1685
1442420 1678
1442430 1678
1442440 1670
1442450 1661
1442460 1661
1442470 1654
1442480 1646
1442490 1646
1442500 1640
1442510 1632
1442520 1632
1442530 1625
1442540 1618
1442550 1618
1442560 1613
1442570 1609
1442580 1609
1442590 1604
1442600 1600
1442610 1600
1442620 1595
1442630 1591
1442640 1587
1442650 1587
1442660 1583
1442670 1579
1442680 1579
1442690 1575
1442700 1571
1442710 1571
1442720 1566
1442730 1562
1442740 1562
1442750 1560
1442760 1558
1442770 1558
1442780 1554
1442790 1549
1442800 1549
1442810 1544
1442820 1540
1442830 1540
1442840 1538
1442850 1532
1442860 1532
1442870 1526
1442880 1521
1442890 1517
1442900 1517
1442910 1513
1442920 1507
1442930 1507
1442940 1502
1442950 1496
1442960 1496
1442970 1488
1442980 1483
1442990 1483
1443000 1478
1443010 1472
1443020 1472
1443030 1466
1443040 1463
1443050 1463
1443060 1461
1443070 1460
1443080 1460
1443090 1457
1443100 1452
1443110 1452
1443120 1448
1443130 1444
1443140 1438
1443150 1438
1443160 1434
1443170 1429
1443180 1429
1443190 1425
1443200 1420
1443210 1420
1443220 1416
1443230 1412
1443240 1412
1443250 1408
1443260 1403
1443270 1403
1443280 1397
1443290 1393
1443300 1393
1443310 1386
1443320 1377
1443330 1377
1443340 1382
1443350 1400
1443360 1400
1443370 1403
1443380 1400
1443390 1399
1443400 1399
1443410 1400
1443420 1403
1443430 1403
1443440 1408
1443450 1412
1443460 1412
1443470 1415
1443480 1418
1443490 1418
1443500 1420
1443510 1422
1443520 1422
1443530 1422
1443540 1421
1443550 1414
1443560 1412
1443570 1413
1443580 1413
1443590 1416
1443600 1419
1443610 1424
1443620 1424
1443630 1429
1443640 1433
1443650 1433
1443660 1436
1443670 1440
1443680 1440
1443690 1443
1443700 1446
1443710 1446
1443720 1449
1443730 1453
1443740 1453
1443750 1457
1443760 1461
1443770 1461
1443780 1464
1443790 1467
1443800 1467
1443810 1471
1443820 1473
1443830 1473
1443840 1476
1443850 1478
1443860 1480
1443870 1480
1443880 1481
1443890 1483
1443900 1483
1443910 1484
1443920 1484
1443930 1484
1443940 1482
1443950 1478
1443960 1478
1443970 1474
1443980 1469
1443990 1469
1444000 1466
1444010 1462
1444020 1462
1444030 1458
1444040 1454
1444050 1454
1444060 1451
1444070 1448
1444080 1448
1444090 1443
1444100 1439
1444110 1433
1444120 1433
1444130 1428
1444140 1424
1444150 1424
1444160 1420
1444170 1414
1444180 1414
1444190 1408
1444200 1402
1444210 1402
1444220 1398
1444230 1394
1444240 1394
1444250 1390
1444260 1386
1444270 1386
1444280 1380
1444290 1376
1444300 1376
1444310 1371
1444320 1367
1444330 1367
1444340 1361
1444350 1356
1444360 1349
1444370 1349
1444380 1342
1444390 1334
1444400 1334
1444410 1328
1444420 1322
1444430 1322
1444440 1315
1444450 1308
1444460 1308
1444470 1300
1444480 1293
1444490 1293
1444500 1286
1444510 1280
1444520 1280
1444530 1274
1444540 1268
1444550 1268
1444560 1260
1444570 1253
1444580 1253
1444590 1245
1444600 1238
1444610 1231
1444620 1231
1444630 1224
1444640 1216
1444650 1216
1444660 1209
1444670 1202
1444680 1202
1444690 1196
1444700 1191
1444710 1191
1444720 1186
1444730 1179
1444740 1179
1444750 1171
1444760 1164
1444770 1164
1444780 1155
1444790 1145
1444800 1145
1444810 1136
1444820 1128
1444830 1128
1444840 1120
1444850 1110
1444860 1103
1444870 1103
1444880 1097
1444890 1092
1444900 1092
1444910 1086
1444920 1081
1444930 1081
1444940 1075
1444950 1069
1444960 1069
1444970 1064
1444980 1059
1444990 1059
1445000 1054
1445010 1045
1445020 1045
1445030 1036
1445040 1028
1445050 1028
1445060 1017
1445070 1006
1445080 998
1445090 998
1445100 988
1445110 979
1445120 979
1445130 973
1445140 971
1445150 971
1445160 968
1445170 965
1445180 965
1445190 963
1445200 960
1445210 960
1445220 958
1445230 955
1445240 955
1445250 953
1445260 951
1445270 951
1445280 950
1445290 948
1445300 948
1445310 945
1445320 942
1445330 941
1445340 941
1445350 941
1445360 940
1445370 940
1445380 940
1445390 940
1445400 940
1445410 940
1445420 938
1445430 938
1445440 938
1445450 939
1445460 939
1445470 939
1445480 939
1445490 939
1445500 939
1445510 939
1445520 939
1445530 939
1445540 939
1445550 939
1445560 939
1445570 939
1445580 939
1445590 939
1445600 939
1445610 940
1445620 940
1445630 939
1445640 939
1445650 939
1445660 939
1445670 939
1445680 939
1445690 939
1445700 939
1445710 939
1445720 940
1445730 940
1445740 940
1445750 939
1445760 939
1445770 939
1445780 939
1445790 939
1445800 939
1445810 940
1445820 940
1445830 940
1445840 940
1445850 941
1445860 941
1445870 941
1445880 941
1445890 941
1445900 941
1445910 941
1445920 941
1445930 941
1445940 942
1445950 942
1445960 942
1445970 943
1445980 945
1445990 945
1446000 946
1446010 948
1446020 948
1446030 950
1446040 952
1446050 952
1446060 955
1446070 958
1446080 962
1446090 962
1446100 966
1446110 969
1446120 969
1446130 974
1446140 980
1446150 980
1446160 987
1446170 992
1446180 992
1446190 996
1446200 1001
1446210 1001
1446220 1005
1446230 1009
1446240 1009
1446250 1015
1446260 1019
1446270 1019
1446280 1021
1446290 1024
1446300 1024
1446310 1028
1446320 1032
1446330 1036
1446340 1036
1446350 1040
1446360 1046
1446370 1046
1446380 1054
1446390 1062
1446400 1062
1446410 1071
1446420 1081
1446430 1081
1446440 1094
1446450 1104
1446460 1104
1446470 1113
1446480 1122
1446490 1122
1446500 1130
1446510 1138
1446520 1138
1446530 1145
1446540 1153
1446550 1161
1446560 1161
1446570 1168
1446580 1175
1446590 1175
1446600 1181
1446610 1188
1446620 1188
1446630 1195
1446640 1202
1446650 1202
1446660 1207
1446670 1212
1446680 1212
1446690 1215
1446700 1220
1446710 1220
1446720 1226
1446730 1233
1446740 1233
1446750 1239
1446760 1245
1446770 1244
1446780 1250
1446790 1256
1446800 1262
1446810 1262
1446820 1269
1446830 1276
1446840 1276
1446850 1282
1446860 1289
1446870 1289
1446880 1297
1446890 1304
1446900 1304
1446910 1312
1446920 1321
1446930 1321
1446940 1334
1446950 1347
1446960 1347
1446970 1354
1446980 1360
1446990 1360
1447000 1368
1447010 1376
1447020 1376
1447030 1383
1447040 1390
1447050 1398
1447060 1398
1447070 1406
1447080 1414
1447090 1414
1447100 1421
1447110 1428
1447120 1428
1447130 1434
1447140 1439
1447150 1439
1447160 1446
1447170 1453
1447180 1453
1447190 1460
1447200 1467
1447210 1467
1447220 1475
1447230 1484
1447240 1484
1447250 1492
1447260 1499
1447270 1499
1447280 1507
1447290 1515
1447300 1523
1447310 1523
1447320 1532
1447330 1539
1447340 1539
1447350 1545
1447360 1548
1447370 1548
1447380 1551
1447390 1552
1447400 1552
1447410 1555
1447420 1558
1447430 1558
1447440 1562
1447450 1566
1447460 1566
1447470 1570
1447480 1576
1447490 1576
1447500 1584
1447510 1592
1447520 1592
1447530 1598
1447540 1603
1447550 1609
1447560 1609
1447570 1614
1447580 1618
1447590 1618
1447600 1622
1447610 1625
1447620 1625
1447630 1627
1447640 1630
1447650 1630
1447660 1632
1447670 1635
1447680 1635
1447690 1638
1447700 1640
1447710 1640
1447720 1643
1447730 1643
1447740 1643
1447750 1641
1447760 1641
1447770 1641
1447780 1640
1447790 1641
1447800 1641
1447810 1641
1447820 1641
1447830 1642
1447840 1642
1447850 1643
1447860 1644
1447870 1644
1447880 1645
1447890 1646
1447900 1646
1447910 1645
1447920 1644
1447930 1644
1447940 1642
1447950 1641
1447960 1641
1447970 1640
1447980 1638
1447990 1638
1448000 1636
1448010 1634
1448020 1632
1448030 1632
1448040 1630
1448050 1630
1448060 1630
1448070 1629
1448080 1628
1448090 1628
1448100 1629
1448110 1630
1448120 1630
1448130 1632
1448140 1634
1448150 1634
1448160 1636
1448170 1637
1448180 1637
1448190 1637
1448200 1637
1448210 1637
1448220 1635
1448230 1633
1448240 1633
1448250 1630
1448260 1627
1448270 1624
1448280 1624
1448290 1621
1448300 1619
1448310 1619
1448320 1617
1448330 1615
1448340 1615
1448350 1614
1448360 1613
1448370 1613
1448380 1613
1448390 1612
1448400 1612
1448410 1609
1448420 1604
1448430 1604
1448440 1609
1448450 1611
1448460 1611
1448470 1612
1448480 1617
1448490 1617
1448500 1624
1448510 1630
1448520 1636
1448530 1636
1448540 1640
1448550 1644
1448560 1644
1448570 1646
1448580 1651
1448590 1651
1448600 1655
1448610 1657
1448620 1657
1448630 1659
1448640 1665
1448650 1665
1448660 1671
1448670 1677
1448680 1677
1448690 1682
1448700 1687
1448710 1687
1448720 1692
1448730 1698
1448740 1698
1448750 1702
1448760 1706
1448770 1710
1448780 1710
1448790 1715
1448800 1720
1448810 1720
1448820 1724
1448830 1727
1448840 1727
1448850 1729
1448860 1731
1448870 1731
1448880 1732
1448890 1733
1448900 1733
1448910 1734
1448920 1734
1448930 1734
1448940 1734
1448950 1734
1448960 1734
1448970 1734
1448980 1733
1448990 1733
1449000 1731
1449010 1729
1449020 1729
1449030 1729
1449040 1730
1449050 1731
1449060 1731
1449070 1731
1449080 1732
1449090 1732
1449100 1733
1449110 1734
1449120 1734
1449130 1733
1449140 1734
1449150 1734
1449160 1733
1449170 1733
1449180 1733
1449190 1733
1449200 1730
1449210 1730
1449220 1729
1449230 1729
1449240 1729
1449250 1729
1449260 1729
1449270 1727
1449280 1727
1449290 1726
1449300 1725
1449310 1725
1449320 1721
1449330 1718
1449340 1718
1449350 1717
1449360 1714
1449370 1714
1449380 1711
1449390 1709
1449400 1709
1449410 1708
1449420 1705
1449430 1705
1449440 1703
1449450 1703
1449460 1703
1449470 1701
1449480 1699
1449490 1696
1449500 1696
1449510 1694
1449520 1694
1449530 1694
1449540 1694
1449550 1692
1449560 1692
1449570 1689
1449580 1688
1449590 1688
1449600 1687
1449610 1687
1449620 1687
1449630 1684
1449640 1681
1449650 1681
1449660 1679
1449670 1680
1449680 1680
1449690 1676
1449700 1673
1449710 1673
1449720 1676
1449730 1676
1449740 1676
1449750 1676
1449760 1675
1449770 1675
1449780 1675
1449790 1675
1449800 1674
1449810 1674
1449820 1673
1449830 1672
1449840 1672
1449850 1670
1449860 1667
1449870 1667
1449880 1662
1449890 1652
1449900 1652
1449910 1646
1449920 1643
1449930 1643
1449940 1635
1449950 1630
1449960 1630
1449970 1627
1449980 1623
1449990 1619
1450000 1619
1450010 1615
1450020 1610
1450030 1610
1450040 1606
1450050 1603
1450060 1603
1450070 1599
1450080 1598
1450090 1598
1450100 1598
1450110 1598
1450120 1598
1450130 1597
1450140 1594
1450150 1594
1450160 1591
1450170 1588
1450180 1588
1450190 1585
1450200 1583
1450210 1583
1450220 1579
1450230 1575
1450240 1570
1450250 1570
1450260 1564
1450270 1558
1450280 1558
1450290 1556
1450300 1557
1450310 1557
1450320 1555
1450330 1551
1450340 1551
1450350 1547
1450360 1544
1450370 1544
1450380 1541
1450390 1538
1450400 1538
1450410 1535
1450420 1529
1450430 1529
1450440 1527
1450450 1524
1450460 1524
1450470 1517
1450480 1511
1450490 1506
1450500 1506
1450510 1499
1450520 1492
1450530 1492
1450540 1487
1450550 1483
1450560 1483
1450570 1481
1450580 1479
1450590 1479
1450600 1476
1450610 1472
1450620 1472
1450630 1469
1450640 1466
1450650 1466
1450660 1459
1450670 1452
1450680 1452
1450690 1451
1450700 1457
1450710 1457
1450720 1463
1450730 1467
1450740 1469
1450750 1469
1450760 1472
1450770 1475
1450780 1475
1450790 1479
1450800 1485
1450810 1485
1450820 1490
1450830 1497
1450840 1497
1450850 1502
1450860 1507
1450870 1507
1450880 1512
1450890 1517
1450900 1517
1450910 1521
1450920 1525
1450930 1525
1450940 1530
1450950 1535
1450960 1540
1450970 1540
1450980 1548
1450990 1556
1451000 1556
1451010 1563
1451020 1570
1451030 1570
1451040 1577
1451050 1586
1451060 1586
1451070 1595
1451080 1606
1451090 1606
1451100 1615
1451110 1622
1451120 1622
1451130 1629
1451140 1635
1451150 1635
1451160 1642
1451170 1650
1451180 1650
1451190 1656
1451200 1660
1451210 1661
1451220 1661
1451230 1658
1451240 1654
1451250 1654
1451260 1654
1451270 1655
1451280 1655
1451290 1657
1451300 1656
1451310 1656
1451320 1654
1451330 1652
1451340 1652
1451350 1651
1451360 1650
1451370 1650
1451380 1649
1451390 1648
1451400 1648
1451410 1647
1451420 1645
1451430 1645
1451440 1642
1451450 1638
1451460 1634
1451470 1634
1451480 1639
1451490 1644
1451500 1644
1451510 1649
1451520 1654
1451530 1654
1451540 1658
1451550 1662
1451560 1662
1451570 1666
1451580 1669
1451590 1669
1451600 1672
1451610 1676
1451620 1676
1451630 1681
1451640 1687
1451650 1687
1451660 1692
1451670 1702
1451680 1702
1451690 1712
1451700 1720
1451710 1729
1451720 1729
1451730 1738
1451740 1746
1451750 1746
1451760 1754
1451770 1762
1451780 1762
1451790 1769
1451800 1776
1451810 1776
1451820 1782
1451830 1789
1451840 1789
1451850 1796
1451860 1802
1451870 1802
1451880 1808
1451890 1814
1451900 1814
1451910 1821
1451920 1828
1451930 1828
1451940 1835
1451950 1841
1451960 1849
1451970 1849
1451980 1856
1451990 1863
1452000 1863
1452010 1870
1452020 1876
1452030 1876
1452040 1882
1452050 1889
1452060 1889
1452070 1895
1452080 1901
1452090 1901
1452100 1907
1452110 1913
1452120 1913
1452130 1919
1452140 1925
1452150 1925
1452160 1931
1452170 1937
1452180 1937
1452190 1943
1452200 1948
1452210 1954
1452220 1954
1452230 1960
1452240 1965
1452250 1965
1452260 1972
1452270 1978
1452280 1978
1452290 1985
1452300 1991
1452310 1991
1452320 1998
1452330 2004
1452340 2004
1452350 2010
1452360 2016
1452370 2016
1452380 2022
1452390 2028
1452400 2028
1452410 2034
1452420 2040
1452430 2046
1452440 2046
1452450 2052
1452460 2057
1452470 2057
1452480 2057
1452490 2050
1452500 2050
1452510 2043
1452520 2037
1452530 2037
1452540 2033
1452550 2028
1452560 2028
1452570 2024
1452580 2023
1452590 2023
1452600 2024
1452610 2019
1452620 2019
1452630 2016
1452640 2012
1452650 2012
1452660 2009
1452670 2007
1452680 2005
1452690 2005
1452700 2005
1452710 2002
1452720 2002
1452730 1998
1452740 1993
1452750 1993
1452760 1988
1452770 1981
1452780 1981
1452790 1970
1452800 1963
1452810 1963
1452820 1957
1452830 1951
1452840 1951
1452850 1947
1452860 1945
1452870 1945
1452880 1943
1452890 1940
1452900 1940
1452910 1937
1452920 1936
1452930 1937
1452940 1937
1452950 1937
1452960 1936
1452970 1936
1452980 1934
1452990 1930
1453000 1930
1453010 1928
1453020 1929
1453030 1929
1453040 1928
1453050 1927
1453060 1927
1453070 1924
1453080 1921
1453090 1921
1453100 1918
1453110 1915
1453120 1915
1453130 1913
1453140 1909
1453150 1909
1453160 1911
1453170 1910
1453180 1907
1453190 1907
1453200 1905
1453210 1904
1453220 1904
1453230 1902
1453240 1900
1453250 1900
1453260 1899
1453270 1897
1453280 1897
1453290 1895
1453300 1893
1453310 1893
1453320 1895
1453330 1899
1453340 1899
1453350 1903
1453360 1907
1453370 1907
1453380 1911
1453390 1912
1453400 1912
1453410 1913
1453420 1917
1453430 1923
1453440 1923
1453450 1930
1453460 1935
1453470 1935
1453480 1939
1453490 1944
1453500 1944
1453510 1949
1453520 1955
1453530 1955
1453540 1963
1453550 1975
1453560 1975
1453570 1987
1453580 2000
1453590 2000
1453600 2007
1453610 2009
1453620 2009
1453630 2009
1453640 2007
1453650 2007
1453660 2004
1453670 1999
1453680 1994
1453690 1994
1453700 1990
1453710 1986
1453720 1986
1453730 1979
1453740 1973
1453750 1973
1453760 1967
1453770 1961
1453780 1961
1453790 1956
1453800 1950
1453810 1950
1453820 1946
1453830 1942
1453840 1942
1453850 1939
1453860 1936
1453870 1936
1453880 1932
1453890 1929
1453900 1928
1453910 1928
1453920 1925
1453930 1922
1453940 1922
1453950 1920
1453960 1917
1453970 1917
1453980 1914
1453990 1910
1454000 1910
1454010 1905
1454020 1901
1454030 1901
1454040 1898
1454050 1895
1454060 1895
1454070 1892
1454080 1888
1454090 1888
1454100 1885
1454110 1880
1454120 1880
1454130 1874
1454140 1868
1454150 1863
1454160 1863
1454170 1857
1454180 1850
1454190 1850
1454200 1842
1454210 1834
1454220 1834
1454230 1826
1454240 1818
1454250 1816
1454260 1807
1454270 1799
1454280 1799
1454290 1791
1454300 1782
1454310 1782
1454320 1774
1454330 1766
1454340 1766
1454350 1759
1454360 1751
1454370 1751
1454380 1745
1454390 1738
1454400 1731
1454410 1731
1454420 1724
1454430 1716
1454440 1716
1454450 1707
1454460 1699
1454470 1699
1454480 1691
1454490 1682
1454500 1682
1454510 1674
1454520 1666
1454530 1666
1454540 1660
1454550 1652
1454560 1652
1454570 1645
1454580 1636
1454590 1636
1454600 1629
1454610 1622
1454620 1622
1454630 1616
1454640 1610
1454650 1604
1454660 1604
1454670 1598
1454680 1590
1454690 1590
1454700 1582
1454710 1572
1454720 1572
1454730 1563
1454740 1556
1454750 1556
1454760 1551
1454770 1548
1454780 1548
1454790 1545
1454800 1542
1454810 1542
1454820 1540
1454830 1537
1454840 1537
1454850 1534
1454860 1527
1454870 1527
1454880 1522
1454890 1517
1454900 1513
1454910 1513
1454920 1510
1454930 1506
1454940 1506
1454950 1501
1454960 1496
1454970 1496
1454980 1489
1454990 1482
1455000 1482
1455010 1474
1455020 1467
1455030 1467
1455040 1462
1455050 1457
1455060 1457
1455070 1456
1455080 1458
1455090 1458
1455100 1462
1455110 1466
1455120 1466
1455130 1471
1455140 1476
1455150 1481
1455160 1481
1455170 1486
1455180 1492
1455190 1492
1455200 1498
1455210 1501
1455220 1501
1455230 1503
1455240 1507
1455250 1507
1455260 1512
1455270 1514
1455280 1514
1455290 1515
1455300 1515
1455310 1515
1455320 1516
1455330 1516
1455340 1516
1455350 1519
1455360 1523
1455370 1525
1455380 1525
1455390 1525
1455400 1524
1455410 1524
1455420 1527
1455430 1530
1455440 1530
1455450 1532
1455460 1533
1455470 1533
1455480 1536
1455490 1541
1455500 1541
1455510 1546
1455520 1546
1455530 1546
1455540 1546
1455550 1550
1455560 1550
1455570 1553
1455580 1554
1455590 1554
1455600 1555
1455610 1555
1455620 1555
1455630 1555
1455640 1554
1455650 1554
1455660 1554
1455670 1554
1455680 1552
1455690 1552
1455700 1549
1455710 1549
1455720 1549
1455730 1548
1455740 1547
1455750 1547
1455760 1546
1455770 1543
1455780 1543
1455790 1539
1455800 1535
1455810 1535
1455820 1529
1455830 1524
1455840 1524
1455850 1518
1455860 1512
1455870 1505
1455880 1505
1455890 1500
1455900 1495
1455910 1495
1455920 1489
1455930 1485
1455940 1485
1455950 1479
1455960 1470
1455970 1470
1455980 1461
1455990 1453
1456000 1453
1456010 1448
1456020 1443
1456030 1443
1456040 1439
1456050 1439
1456060 1439
1456070 1438
1456080 1437
1456090 1437
1456100 1438
1456110 1438
1456120 1438
1456130 1438
1456140 1438
1456150 1437
1456160 1437
1456170 1438
1456180 1436
1456190 1436
1456200 1434
1456210 1434
1456220 1434
1456230 1432
1456240 1429
1456250 1429
1456260 1424
1456270 1421
1456280 1421
1456290 1417
1456300 1415
1456310 1415
1456320 1411
1456330 1406
1456340 1406
1456350 1404
1456360 1403
1456370 1401
1456380 1401
1456390 1399
1456400 1396
1456410 1396
1456420 1393
1456430 1391
1456440 1391
1456450 1388
1456460 1384
1456470 1384
1456480 1381
1456490 1381
1456500 1381
1456510 1378
1456520 1377
1456530 1377
1456540 1376
1456550 1374
1456560 1374
1456570 1371
1456580 1370
1456590 1370
1456600 1368
1456610 1365
1456620 1362
1456630 1362
1456640 1359
1456650 1355
1456660 1355
1456670 1353
1456680 1352
1456690 1352
1456700 1350
1456710 1347
1456720 1347
1456730 1345
1456740 1344
1456750 1344
1456760 1342
1456770 1339
1456780 1339
1456790 1335
1456800 1332
1456810 1332
1456820 1330
1456830 1329
1456840 1327
1456850 1327
1456860 1325
1456870 1324
1456880 1324
1456890 1322
1456900 1320
1456910 1320
1456920 1318
1456930 1317
1456940 1317
1456950 1316
1456960 1315
1456970 1315
1456980 1314
1456990 1312
1457000 1312
1457010 1310
1457020 1304
1457030 1304
1457040 1296
1457050 1291
1457060 1291
1457070 1287
1457080 1285
1457090 1283
1457100 1283
1457110 1278
1457120 1271
1457130 1271
1457140 1262
1457150 1255
1457160 1255
1457170 1249
1457180 1245
1457190 1245
1457200 1238
1457210 1231
1457220 1231
1457230 1226
1457240 1221
1457250 1221
1457260 1216
1457270 1210
1457280 1210
1457290 1207
1457300 1205
1457310 1205
1457320 1203
1457330 1201
1457340 1199
1457350 1199
1457360 1196
1457370 1195
1457380 1195
1457390 1195
1457400 1194
1457410 1194
1457420 1192
1457430 1190
1457440 1190
1457450 1188
1457460 1186
1457470 1186
1457480 1184
1457490 1181
1457500 1181
1457510 1175
1457520 1169
1457530 1169
1457540 1165
1457550 1162
1457560 1162
1457570 1160
1457580 1160
1457590 1161
1457600 1161
1457610 1160
1457620 1158
1457630 1158
1457640 1154
1457650 1148
1457660 1148
1457670 1143
1457680 1137
1457690 1137
1457700 1132
1457710 1125
1457720 1125
1457730 1119
1457740 1113
1457750 1113
1457760 1108
1457770 1105
1457780 1105
1457790 1102
1457800 1098
1457810 1098
1457820 1094
1457830 1089
1457840 1083
1457850 1083
1457860 1079
1457870 1076
1457880 1076
1457890 1072
1457900 1069
1457910 1069
1457920 1067
1457930 1065
1457940 1065
1457950 1062
1457960 1059
1457970 1059
1457980 1055
1457990 1051
1458000 1051
1458010 1045
1458020 1038
1458030 1038
1458040 1034
1458050 1032
1458060 1030
1458070 1030
1458080 1028
1458090 1025
1458100 1025
1458110 1020
1458120 1015
1458130 1015
1458140 1011
1458150 1005
1458160 1005
1458170 999
1458180 994
1458190 994
1458200 992
1458210 988
1458220 988
1458230 981
1458240 974
1458250 974
1458260 967
1458270 964
1458280 964
1458290 961
1458300 956
1458310 950
1458320 950
1458330 944
1458340 940
1458350 940
1458360 936
1458370 932
1458380 932
1458390 929
1458400 924
1458410 924
1458420 919
1458430 914
1458440 914
1458450 908
1458460 903
1458470 903
1458480 899
1458490 897
1458500 897
1458510 893
1458520 890
1458530 890
1458540 886
1458550 883
1458560 881
1458570 881
1458580 879
1458590 877
1458600 877
1458610 876
1458620 876
1458630 876
1458640 876
1458650 874
1458660 874
1458670 871
1458680 868
1458690 868
1458700 865
1458710 862
1458720 862
1458730 858
1458740 854
1458750 854
1458760 850
1458770 843
1458780 843
1458790 838
1458800 835
1458810 833
1458820 833
1458830 830
1458840 828
1458850 828
1458860 828
1458870 827
1458880 827
1458890 827
1458900 827
1458910 827
1458920 827
1458930 827
1458940 827
1458950 827
1458960 827
1458970 827
1458980 827
1458990 827
1459000 827
1459010 827
1459020 827
1459030 827
1459040 827
1459050 827
1459060 829
1459070 829
1459080 828
1459090 826
1459100 826
1459110 826
1459120 827
1459130 827
1459140 827
1459150 827
1459160 827
1459170 827
1459180 827
1459190 827
1459200 827
1459210 827
1459220 827
1459230 827
1459240 828
1459250 828
1459260 828
1459270 828
1459280 828
1459290 828
1459300 828
1459310 828
1459320 828
1459330 827
1459340 828
1459350 828
1459360 828
1459370 829
1459380 829
1459390 830
1459400 830
1459410 830
1459420 831
1459430 831
1459440 831
1459450 831
1459460 831
1459470 831
1459480 832
1459490 832
1459500 832
1459510 832
1459520 833
1459530 833
1459540 833
1459550 834
1459560 834
1459570 834
1459580 835
1459590 836
1459600 836
1459610 837
1459620 837
1459630 837
1459640 838
1459650 839
1459660 839
1459670 841
1459680 842
1459690 842
1459700 844
1459710 845
1459720 845
1459730 847
1459740 849
1459750 849
1459760 850
1459770 852
1459780 855
1459790 855
1459800 857
1459810 860
1459820 860
1459830 862
1459840 864
1459850 864
1459860 866
1459870 868
1459880 868
1459890 871
1459900 874
1459910 874
1459920 877
1459930 881
1459940 881
1459950 884
1459960 888
1459970 888
1459980 896
1459990 906
