1440000 1905
1440010 1909
1440020 1914
1440030 1914
1440040 1919
1440050 1924
1440060 1924
1440070 1930
1440080 1936
1440090 1943
1440100 1943
1440110 1951
1440120 1961
1440130 1961
1440140 1970
1440150 1977
1440160 1977
1440170 1983
1440180 1990
1440190 1990
1440200 1996
1440210 2003
1440220 2003
1440230 2010
1440240 2017
1440250 2017
1440260 2023
1440270 2030
1440280 2030
1440290 2036
1440300 2042
1440310 2042
1440320 2049
1440330 2054
1440340 2059
1440350 2059
1440360 2065
1440370 2073
1440380 2073
1440390 2079
1440400 2086
1440410 2086
1440420 2092
1440430 2099
1440440 2099
1440450 2106
1440460 2111
1440470 2111
1440480 2115
1440490 2122
1440500 2122
1440510 2129
1440520 2136
1440530 2136
1440540 2143
1440550 2150
1440560 2150
1440570 2156
1440580 2160
1440590 2165
1440600 2165
1440610 2170
1440620 2175
1440630 2175
1440640 2179
1440650 2183
1440660 2183
1440670 2187
1440680 2190
1440690 2190
1440700 2189
1440710 2181
1440720 2181
1440730 2171
1440740 2164
1440750 2164
1440760 2157
1440770 2150
1440780 2150
1440790 2143
1440800 2137
1440810 2137
1440820 2132
1440830 2126
1440840 2122
1440850 2122
1440860 2117
1440870 2112
1440880 2112
1440890 2108
1440900 2103
1440910 2103
1440920 2098
1440930 2094
1440940 2094
1440950 2090
1440960 2085
1440970 2085
1440980 2081
1440990 2076
1441000 2076
1441010 2072
1441020 2068
1441030 2068
1441040 2064
1441050 2061
1441060 2061
1441070 2057
1441080 2053
1441090 2050
1441100 2050
1441110 2045
1441120 2042
1441130 2042
1441140 2036
1441150 2031
1441160 2031
1441170 2026
1441180 2020
1441190 2020
1441200 2011
1441210 2002
1441220 2002
1441230 1996
1441240 1991
1441250 1991
1441260 1987
1441270 1982
1441280 1982
1441290 1976
1441300 1973
1441310 1973
1441320 1970
1441330 1967
1441340 1964
1441350 1964
1441360 1961
1441370 1957
1441380 1957
1441390 1954
1441400 1951
1441410 1951
1441420 1948
1441430 1943
1441440 1943
1441450 1939
1441460 1936
1441470 1936
1441480 1932
1441490 1928
1441500 1928
1441510 1925
1441520 1922
1441530 1922
1441540 1920
1441550 1917
1441560 1917
1441570 1914
1441580 1913
1441590 1912
1441600 1912
1441610 1912
1441620 1911
1441630 1911
1441640 1910
1441650 1908
1441660 1908
1441670 1907
1441680 1906
1441690 1906
1441700 1902
1441710 1901
1441720 1901
1441730 1902
1441740 1903
1441750 1903
1441760 1903
1441770 1902
1441780 1902
1441790 1900
1441800 1897
1441810 1894
1441820 1894
1441830 1892
1441840 1888
1441850 1888
1441860 1886
1441870 1886
1441880 1886
1441890 1883
1441900 1879
1441910 1879
1441920 1875
1441930 1871
1441940 1871
1441950 1869
1441960 1868
1441970 1868
1441980 1866
1441990 1862
1442000 1862
1442010 1860
1442020 1858
1442030 1858
1442040 1856
1442050 1852
1442060 1848
1442070 1848
1442080 1845
1442090 1843
1442100 1843
1442110 1840
1442120 1833
1442130 1833
1442140 1828
1442150 1823
1442160 1823
1442170 1816
1442180 1810
1442190 1810
1442200 1805
1442210 1803
1442220 1803
1442230 1798
1442240 1791
1442250 1791
1442260 1785
1442270 1780
1442280 1780
1442290 1775
1442300 1772
1442310 1769
1442320 1769
1442330 1766
1442340 1761
1442350 1761
1442360 1757
1442370 1752
1442380 1752
1442390 1746
1442400 1740
1442410 1740
1442420 1734
1442430 1729
1442440 1729
1442450 1727
1442460 1723
1442470 1723
1442480 1721
1442490 1722
1442500 1722
1442510 1725
1442520 1726
1442530 1726
1442540 1725
1442550 1724
1442560 1723
1442570 1723
1442580 1722
1442590 1721
1442600 1721
1442610 1720
1442620 1720
1442630 1720
1442640 1718
1442650 1716
1442660 1716
1442670 1714
1442680 1712
1442690 1712
1442700 1710
1442710 1708
1442720 1708
1442730 1707
1442740 1705
1442750 1705
1442760 1704
1442770 1702
1442780 1702
1442790 1701
1442800 1700
1442810 1698
1442820 1698
1442830 1696
1442840 1693
1442850 1693
1442860 1692
1442870 1692
1442880 1692
1442890 1691
1442900 1689
1442910 1689
1442920 1686
1442930 1683
1442940 1683
1442950 1680
1442960 1677
1442970 1677
1442980 1675
1442990 1673
1443000 1673
1443010 1671
1443020 1668
1443030 1668
1443040 1666
1443050 1663
1443060 1659
1443070 1659
1443080 1655
1443090 1652
1443100 1652
1443110 1650
1443120 1647
1443130 1647
1443140 1645
1443150 1644
1443160 1644
1443170 1643
1443180 1643
1443190 1643
1443200 1642
1443210 1642
1443220 1642
1443230 1644
1443240 1645
1443250 1645
1443260 1646
1443270 1649
1443280 1649
1443290 1649
1443300 1648
1443310 1646
1443320 1646
1443330 1645
1443340 1645
1443350 1645
1443360 1645
1443370 1643
1443380 1643
1443390 1642
1443400 1642
1443410 1642
1443420 1641
1443430 1640
1443440 1640
1443450 1638
1443460 1637
1443470 1637
1443480 1637
1443490 1637
1443500 1637
1443510 1637
1443520 1636
1443530 1636
1443540 1636
1443550 1637
1443560 1637
1443570 1637
1443580 1636
1443590 1634
1443600 1634
1443610 1633
1443620 1631
1443630 1631
1443640 1627
1443650 1623
1443660 1623
1443670 1620
1443680 1616
1443690 1616
1443700 1614
1443710 1613
1443720 1613
1443730 1612
1443740 1611
1443750 1611
1443760 1609
1443770 1607
1443780 1607
1443790 1606
1443800 1606
1443810 1605
1443820 1605
1443830 1606
1443840 1606
1443850 1606
1443860 1607
1443870 1609
1443880 1609
1443890 1609
1443900 1607
1443910 1607
1443920 1605
1443930 1601
1443940 1601
1443950 1599
1443960 1600
1443970 1600
1443980 1601
1443990 1602
1444000 1602
1444010 1600
1444020 1599
1444030 1599
1444040 1597
1444050 1594
1444060 1591
1444070 1591
1444080 1589
1444090 1587
1444100 1587
1444110 1585
1444120 1582
1444130 1582
1444140 1582
1444150 1577
1444160 1577
1444170 1573
1444180 1569
1444190 1569
1444200 1565
1444210 1560
1444220 1560
1444230 1556
1444240 1553
1444250 1553
1444260 1552
1444270 1551
1444280 1549
1444290 1549
1444300 1544
1444310 1538
1444320 1538
1444330 1532
1444340 1525
1444350 1525
1444360 1518
1444370 1511
1444380 1511
1444390 1505
1444400 1499
1444410 1499
1444420 1493
1444430 1488
1444440 1488
1444450 1484
1444460 1483
1444470 1483
1444480 1482
1444490 1476
1444500 1476
1444510 1467
1444520 1459
1444530 1450
1444540 1450
1444550 1443
1444560 1436
1444570 1436
1444580 1429
1444590 1424
1444600 1424
1444610 1419
1444620 1414
1444630 1414
1444640 1409
1444650 1404
1444660 1404
1444670 1400
1444680 1395
1444690 1395
1444700 1389
1444710 1384
1444720 1384
1444730 1378
1444740 1371
1444750 1371
1444760 1365
1444770 1360
1444780 1356
1444790 1356
1444800 1353
1444810 1350
1444820 1350
1444830 1346
1444840 1342
1444850 1342
1444860 1338
1444870 1334
1444880 1334
1444890 1330
1444900 1327
1444910 1327
1444920 1323
1444930 1320
1444940 1320
1444950 1317
1444960 1313
1444970 1313
1444980 1308
1444990 1302
1445000 1302
1445010 1294
1445020 1286
1445030 1278
1445040 1278
1445050 1270
1445060 1261
1445070 1261
1445080 1252
1445090 1247
1445100 1247
1445110 1243
1445120 1238
1445130 1238
1445140 1231
1445150 1223
1445160 1223
1445170 1216
1445180 1210
1445190 1210
1445200 1204
1445210 1198
1445220 1198
1445230 1191
1445240 1183
1445250 1183
1445260 1174
1445270 1166
1445280 1157
1445290 1157
1445300 1145
1445310 1134
1445320 1134
1445330 1126
1445340 1118
1445350 1118
1445360 1111
1445370 1106
1445380 1106
1445390 1099
1445400 1093
1445410 1093
1445420 1085
1445430 1077
1445440 1077
1445450 1069
1445460 1059
1445470 1059
1445480 1050
1445490 1036
1445500 1036
1445510 1031
1445520 1025
1445530 1019
1445540 1019
1445550 1009
1445560 1002
1445570 1002
1445580 996
1445590 989
1445600 989
1445610 983
1445620 976
1445630 976
1445640 969
1445650 963
1445660 963
1445670 957
1445680 950
1445690 950
1445700 946
1445710 943
1445720 943
1445730 941
1445740 939
1445750 939
1445760 936
1445770 935
1445780 935
1445790 935
1445800 935
1445810 934
1445820 934
1445830 934
1445840 934
1445850 934
1445860 934
1445870 934
1445880 934
1445890 934
1445900 934
1445910 934
1445920 934
1445930 935
1445940 935
1445950 934
1445960 934
1445970 934
1445980 934
1445990 933
1446000 933
1446010 934
1446020 934
1446030 934
1446040 934
1446050 934
1446060 934
1446070 934
1446080 934
1446090 934
1446100 934
1446110 932
1446120 932
1446130 932
1446140 934
1446150 934
1446160 934
1446170 934
1446180 934
1446190 934
1446200 934
1446210 934
1446220 934
1446230 934
1446240 934
1446250 934
1446260 934
1446270 933
1446280 933
1446290 933
1446300 933
1446310 933
1446320 933
1446330 934
1446340 934
1446350 934
1446360 934
1446370 934
1446380 934
1446390 934
1446400 934
1446410 934
1446420 935
1446430 935
1446440 935
1446450 935
1446460 935
1446470 935
1446480 935
1446490 935
1446500 935
1446510 935
1446520 936
1446530 938
1446540 938
1446550 942
1446560 947
1446570 947
1446580 951
1446590 955
1446600 955
1446610 961
1446620 968
1446630 968
1446640 975
1446650 982
1446660 982
1446670 989
1446680 996
1446690 996
1446700 1001
1446710 1006
1446720 1006
1446730 1012
1446740 1019
1446750 1024
1446760 1024
1446770 1029
1446780 1033
1446790 1033
1446800 1037
1446810 1043
1446820 1043
1446830 1050
1446840 1058
1446850 1058
1446860 1066
1446870 1078
1446880 1078
1446890 1088
1446900 1097
1446910 1097
1446920 1110
1446930 1121
1446940 1121
1446950 1130
1446960 1133
1446970 1133
1446980 1136
1446990 1138
1447000 1142
1447010 1142
1447020 1147
1447030 1153
1447040 1153
1447050 1159
1447060 1165
1447070 1165
1447080 1170
1447090 1175
1447100 1175
1447110 1181
1447120 1187
1447130 1187
1447140 1194
1447150 1203
1447160 1203
1447170 1211
1447180 1219
1447190 1219
1447200 1230
1447210 1244
1447220 1244
1447230 1251
1447240 1256
1447250 1259
1447260 1259
1447270 1261
1447280 1263
1447290 1263
1447300 1267
1447310 1272
1447320 1272
1447330 1277
1447340 1283
1447350 1283
1447360 1287
1447370 1289
1447380 1289
1447390 1291
1447400 1291
1447410 1296
1447420 1296
1447430 1296
1447440 1296
1447450 1296
1447460 1294
1447470 1294
1447480 1292
1447490 1290
1447500 1289
1447510 1289
1447520 1288
1447530 1287
1447540 1287
1447550 1285
1447560 1283
1447570 1283
1447580 1281
1447590 1282
1447600 1282
1447610 1283
1447620 1279
1447630 1279
1447640 1275
1447650 1276
1447660 1276
1447670 1279
1447680 1280
1447690 1280
1447700 1283
1447710 1286
1447720 1286
1447730 1287
1447740 1287
1447750 1287
1447760 1287
1447770 1288
1447780 1289
1447790 1289
1447800 1290
1447810 1290
1447820 1290
1447830 1293
1447840 1295
1447850 1295
1447860 1296
1447870 1298
1447880 1298
1447890 1299
1447900 1299
1447910 1299
1447920 1299
1447930 1298
1447940 1298
1447950 1296
1447960 1292
1447970 1292
1447980 1290
1447990 1289
1448000 1289
1448010 1289
1448020 1288
1448030 1287
1448040 1287
1448050 1285
1448060 1282
1448070 1282
1448080 1282
1448090 1282
1448100 1282
1448110 1282
1448120 1278
1448130 1278
1448140 1268
1448150 1260
1448160 1260
1448170 1252
1448180 1251
1448190 1251
1448200 1260
1448210 1267
1448220 1267
1448230 1273
1448240 1278
1448250 1282
1448260 1282
1448270 1285
1448280 1290
1448290 1290
1448300 1295
1448310 1301
1448320 1301
1448330 1306
1448340 1311
1448350 1311
1448360 1315
1448370 1319
1448380 1319
1448390 1322
1448400 1329
1448410 1329
1448420 1335
1448430 1342
1448440 1342
1448450 1348
1448460 1354
1448470 1354
1448480 1360
1448490 1366
1448500 1371
1448510 1371
1448520 1375
1448530 1379
1448540 1379
1448550 1384
1448560 1388
1448570 1388
1448580 1393
1448590 1397
1448600 1397
1448610 1401
1448620 1405
1448630 1405
1448640 1409
1448650 1413
1448660 1413
1448670 1416
1448680 1419
1448690 1419
1448700 1422
1448710 1425
1448720 1425
1448730 1427
1448740 1429
1448750 1432
1448760 1432
1448770 1436
1448780 1439
1448790 1439
1448800 1440
1448810 1442
1448820 1442
1448830 1442
1448840 1443
1448850 1443
1448860 1442
1448870 1443
1448880 1443
1448890 1443
1448900 1443
1448910 1443
1448920 1442
1448930 1441
1448940 1441
1448950 1441
1448960 1439
1448970 1438
1448980 1438
1448990 1436
1449000 1435
1449010 1435
1449020 1434
1449030 1433
1449040 1433
1449050 1433
1449060 1434
1449070 1434
1449080 1433
1449090 1434
1449100 1434
1449110 1435
1449120 1437
1449130 1437
1449140 1439
1449150 1440
1449160 1440
1449170 1440
1449180 1440
1449190 1440
1449200 1440
1449210 1441
1449220 1441
1449230 1441
1449240 1441
1449250 1441
1449260 1441
1449270 1443
1449280 1444
1449290 1444
1449300 1444
1449310 1444
1449320 1444
1449330 1442
1449340 1442
1449350 1442
1449360 1443
1449370 1444
1449380 1444
1449390 1442
1449400 1440
1449410 1440
1449420 1439
1449430 1436
1449440 1436
1449450 1435
1449460 1436
1449470 1437
1449480 1437
1449490 1437
1449500 1437
1449510 1437
1449520 1435
1449530 1435
1449540 1435
1449550 1433
1449560 1431
1449570 1431
1449580 1429
1449590 1428
1449600 1428
1449610 1425
1449620 1421
1449630 1421
1449640 1419
1449650 1418
1449660 1418
1449670 1416
1449680 1416
1449690 1416
1449700 1416
1449710 1415
1449720 1414
1449730 1414
1449740 1411
1449750 1408
1449760 1408
1449770 1406
1449780 1402
1449790 1402
1449800 1397
1449810 1393
1449820 1393
1449830 1389
1449840 1386
1449850 1386
1449860 1383
1449870 1382
1449880 1382
1449890 1381
1449900 1380
1449910 1380
1449920 1378
1449930 1375
1449940 1375
1449950 1371
1449960 1366
1449970 1362
1449980 1362
1449990 1358
1450000 1355
1450010 1355
1450020 1352
1450030 1348
1450040 1348
1450050 1342
1450060 1337
1450070 1337
1450080 1333
1450090 1327
1450100 1327
1450110 1319
1450120 1313
1450130 1313
1450140 1306
1450150 1302
1450160 1302
1450170 1299
1450180 1298
1450190 1298
1450200 1295
1450210 1292
1450220 1288
1450230 1288
1450240 1284
1450250 1283
1450260 1283
1450270 1284
1450280 1291
1450290 1291
1450300 1298
1450310 1309
1450320 1309
1450330 1322
1450340 1330
1450350 1330
1450360 1338
1450370 1348
1450380 1348
1450390 1361
1450400 1373
1450410 1373
1450420 1384
1450430 1391
1450440 1391
1450450 1397
1450460 1403
1450470 1409
1450480 1409
1450490 1416
1450500 1422
1450510 1422
1450520 1429
1450530 1434
1450540 1434
1450550 1439
1450560 1444
1450570 1444
1450580 1449
1450590 1455
1450600 1455
1450610 1461
1450620 1469
1450630 1469
1450640 1475
1450650 1482
1450660 1482
1450670 1489
1450680 1496
1450690 1496
1450700 1505
1450710 1513
1450720 1520
1450730 1520
1450740 1527
1450750 1533
1450760 1533
1450770 1539
1450780 1546
1450790 1546
1450800 1553
1450810 1558
1450820 1558
1450830 1566
1450840 1573
1450850 1573
1450860 1580
1450870 1587
1450880 1587
1450890 1594
1450900 1600
1450910 1600
1450920 1605
1450930 1609
1450940 1609
1450950 1612
1450960 1616
1450970 1621
1450980 1621
1450990 1627
1451000 1633
1451010 1630
1451020 1635
1451030 1641
1451040 1641
1451050 1646
1451060 1651
1451070 1651
1451080 1656
1451090 1661
1451100 1661
1451110 1666
1451120 1671
1451130 1671
1451140 1677
1451150 1682
1451160 1682
1451170 1687
1451180 1692
1451190 1692
1451200 1697
1451210 1702
1451220 1707
1451230 1707
1451240 1712
1451250 1717
1451260 1717
1451270 1722
1451280 1726
1451290 1726
1451300 1731
1451310 1734
1451320 1734
1451330 1738
1451340 1741
1451350 1741
1451360 1745
1451370 1748
1451380 1748
1451390 1751
1451400 1754
1451410 1754
1451420 1756
1451430 1758
1451440 1761
1451450 1761
1451460 1764
1451470 1766
1451480 1766
1451490 1767
1451500 1767
1451510 1767
1451520 1769
1451530 1774
1451540 1774
1451550 1778
1451560 1781
1451570 1781
1451580 1784
1451590 1787
1451600 1787
1451610 1790
1451620 1793
1451630 1793
1451640 1794
1451650 1796
1451660 1796
1451670 1798
1451680 1800
1451690 1803
1451700 1803
1451710 1805
1451720 1809
1451730 1809
1451740 1813
1451750 1817
1451760 1817
1451770 1820
1451780 1824
1451790 1824
1451800 1828
1451810 1832
1451820 1832
1451830 1836
1451840 1839
1451850 1839
1451860 1844
1451870 1851
1451880 1851
1451890 1857
1451900 1862
1451910 1862
1451920 1865
1451930 1869
1451940 1874
1451950 1874
1451960 1878
1451970 1884
1451980 1884
1451990 1889
1452000 1894
1452010 1894
1452020 1899
1452030 1905
1452040 1905
1452050 1910
1452060 1915
1452070 1915
1452080 1920
1452090 1926
1452100 1926
1452110 1931
1452120 1936
1452130 1936
1452140 1941
1452150 1947
1452160 1947
1452170 1952
1452180 1957
1452190 1962
1452200 1962
1452210 1967
1452220 1971
1452230 1971
1452240 1976
1452250 1980
1452260 1980
1452270 1983
1452280 1987
1452290 1987
1452300 1992
1452310 1997
1452320 1997
1452330 2001
1452340 2006
1452350 2006
1452360 2011
1452370 2015
1452380 2015
1452390 2020
1452400 2025
1452410 2025
1452420 2030
1452430 2035
1452440 2041
1452450 2041
1452460 2047
1452470 2052
1452480 2052
1452490 2058
1452500 2064
1452510 2064
1452520 2069
1452530 2075
1452540 2075
1452550 2081
1452560 2087
1452570 2087
1452580 2093
1452590 2099
1452600 2099
1452610 2104
1452620 2107
1452630 2107
1452640 2109
1452650 2112
1452660 2112
1452670 2115
1452680 2116
1452690 2116
1452700 2116
1452710 2116
1452720 2115
1452730 2115
1452740 2113
1452750 2112
1452760 2112
1452770 2110
1452780 2107
1452790 2107
1452800 2104
1452810 2101
1452820 2101
1452830 2096
1452840 2090
1452850 2090
1452860 2085
1452870 2080
1452880 2080
1452890 2075
1452900 2072
1452910 2072
1452920 2068
1452930 2065
1452940 2061
1452950 2061
1452960 2058
1452970 2055
1452980 2055
1452990 2051
1453000 2047
1453010 2047
1453020 2043
1453030 2039
1453040 2039
1453050 2035
1453060 2031
1453070 2031
1453080 2025
1453090 2021
1453100 2021
1453110 2016
1453120 2011
1453130 2011
1453140 2005
1453150 2000
1453160 2000
1453170 1994
1453180 1988
1453190 1983
1453200 1983
1453210 1977
1453220 1973
1453230 1973
1453240 1969
1453250 1962
1453260 1962
1453270 1950
1453280 1939
1453290 1939
1453300 1929
1453310 1922
1453320 1922
1453330 1916
1453340 1908
1453350 1908
1453360 1900
1453370 1892
1453380 1892
1453390 1883
1453400 1882
1453410 1882
1453420 1877
1453430 1869
1453440 1862
1453450 1862
1453460 1856
1453470 1851
1453480 1851
1453490 1844
1453500 1839
1453510 1839
1453520 1835
1453530 1827
1453540 1827
1453550 1820
1453560 1814
1453570 1814
1453580 1807
1453590 1800
1453600 1800
1453610 1793
1453620 1785
1453630 1785
1453640 1777
1453650 1769
1453660 1761
1453670 1761
1453680 1755
1453690 1749
1453700 1749
1453710 1743
1453720 1736
1453730 1736
1453740 1730
1453750 1724
1453760 1724
1453770 1717
1453780 1709
1453790 1709
1453800 1703
1453810 1699
1453820 1699
1453830 1695
1453840 1690
1453850 1690
1453860 1691
1453870 1694
1453880 1694
1453890 1696
1453900 1700
1453910 1702
1453920 1702
1453930 1702
1453940 1701
1453950 1701
1453960 1701
1453970 1701
1453980 1701
1453990 1698
1454000 1693
1454010 1693
1454020 1693
1454030 1696
1454040 1696
1454050 1699
1454060 1699
1454070 1699
1454080 1695
1454090 1690
1454100 1690
1454110 1683
1454120 1681
1454130 1681
1454140 1681
1454150 1684
1454160 1687
1454170 1687
1454180 1689
1454190 1688
1454200 1688
1454210 1687
1454220 1685
1454230 1685
1454240 1682
1454250 1678
1454260 1678
1454270 1675
1454280 1672
1454290 1672
1454300 1668
1454310 1664
1454320 1664
1454330 1661
1454340 1658
1454350 1658
1454360 1653
1454370 1647
1454380 1647
1454390 1641
1454400 1633
1454410 1629
1454420 1629
1454430 1623
1454440 1620
1454450 1620
1454460 1615
1454470 1610
1454480 1610
1454490 1607
1454500 1605
1454510 1605
1454520 1604
1454530 1602
1454540 1602
1454550 1598
1454560 1594
1454570 1594
1454580 1591
1454590 1588
1454600 1588
1454610 1584
1454620 1581
1454630 1581
1454640 1575
1454650 1567
1454660 1561
1454670 1561
1454680 1556
1454690 1552
1454700 1552
1454710 1548
1454720 1547
1454730 1547
1454740 1546
1454750 1540
1454760 1540
1454770 1537
1454780 1532
1454790 1532
1454800 1526
1454810 1522
1454820 1522
1454830 1517
1454840 1512
1454850 1512
1454860 1507
1454870 1501
1454880 1501
1454890 1495
1454900 1490
1454910 1486
1454920 1486
1454930 1482
1454940 1478
1454950 1478
1454960 1475
1454970 1470
1454980 1470
1454990 1466
1455000 1463
1455010 1463
1455020 1462
1455030 1467
1455040 1467
1455050 1469
1455060 1474
1455070 1474
1455080 1478
1455090 1483
1455100 1483
1455110 1487
1455120 1489
1455130 1489
1455140 1486
1455150 1485
1455160 1488
1455170 1488
1455180 1492
1455190 1494
1455200 1494
1455210 1498
1455220 1501
1455230 1501
1455240 1504
1455250 1506
1455260 1506
1455270 1511
1455280 1515
1455290 1515
1455300 1517
1455310 1520
1455320 1520
1455330 1523
1455340 1525
1455350 1525
1455360 1529
1455370 1531
1455380 1531
1455390 1534
1455400 1538
1455410 1542
1455420 1542
1455430 1545
1455440 1549
1455450 1549
1455460 1552
1455470 1557
1455480 1557
1455490 1562
1455500 1567
1455510 1567
1455520 1572
1455530 1577
1455540 1577
1455550 1582
1455560 1588
1455570 1588
1455580 1593
1455590 1597
1455600 1597
1455610 1600
1455620 1602
1455630 1602
1455640 1603
1455650 1604
1455660 1604
1455670 1604
1455680 1604
1455690 1603
1455700 1603
1455710 1600
1455720 1598
1455730 1598
1455740 1595
1455750 1593
1455760 1593
1455770 1589
1455780 1589
1455790 1589
1455800 1592
1455810 1593
1455820 1593
1455830 1595
1455840 1595
1455850 1595
1455860 1595
1455870 1595
1455880 1595
1455890 1595
1455900 1594
1455910 1594
1455920 1594
1455930 1594
1455940 1593
1455950 1593
1455960 1592
1455970 1589
1455980 1589
1455990 1584
1456000 1581
1456010 1581
1456020 1579
1456030 1577
1456040 1577
1456050 1574
1456060 1570
1456070 1570
1456080 1564
1456090 1559
1456100 1559
1456110 1554
1456120 1548
1456130 1544
1456140 1544
1456150 1539
1456160 1533
1456170 1533
1456180 1527
1456190 1525
1456200 1525
1456210 1524
1456220 1524
1456230 1524
1456240 1523
1456250 1521
1456260 1521
1456270 1518
1456280 1515
1456290 1515
1456300 1514
1456310 1512
1456320 1512
1456330 1511
1456340 1507
1456350 1507
1456360 1500
1456370 1492
1456380 1484
1456390 1484
1456400 1478
1456410 1472
1456420 1472
1456430 1467
1456440 1462
1456450 1462
1456460 1460
1456470 1459
1456480 1459
1456490 1459
1456500 1458
1456510 1458
1456520 1456
1456530 1452
1456540 1452
1456550 1447
1456560 1443
1456570 1443
1456580 1439
1456590 1437
1456600 1437
1456610 1433
1456620 1428
1456630 1423
1456640 1423
1456650 1418
1456660 1411
1456670 1411
1456680 1406
1456690 1401
1456700 1401
1456710 1397
1456720 1392
1456730 1392
1456740 1387
1456750 1383
1456760 1383
1456770 1379
1456780 1373
1456790 1373
1456800 1366
1456810 1359
1456820 1359
1456830 1353
1456840 1346
1456850 1346
1456860 1340
1456870 1332
1456880 1326
1456890 1326
1456900 1320
1456910 1314
1456920 1314
1456930 1309
1456940 1305
1456950 1305
1456960 1301
1456970 1296
1456980 1296
1456990 1292
1457000 1289
1457010 1289
1457020 1284
1457030 1280
1457040 1280
1457050 1275
1457060 1269
1457070 1269
1457080 1263
1457090 1256
1457100 1256
1457110 1249
1457120 1244
1457130 1238
1457140 1238
1457150 1233
1457160 1229
1457170 1229
1457180 1223
1457190 1217
1457200 1217
1457210 1212
1457220 1206
1457230 1206
1457240 1200
1457250 1196
1457260 1196
1457270 1193
1457280 1190
1457290 1190
1457300 1187
1457310 1183
1457320 1183
1457330 1181
1457340 1178
1457350 1178
1457360 1175
1457370 1171
1457380 1167
1457390 1167
1457400 1162
1457410 1157
1457420 1157
1457430 1151
1457440 1143
1457450 1143
1457460 1134
1457470 1124
1457480 1124
1457490 1117
1457500 1111
1457510 1111
1457520 1102
1457530 1091
1457540 1091
1457550 1083
1457560 1076
1457570 1076
1457580 1071
1457590 1068
1457600 1068
1457610 1066
1457620 1063
1457630 1058
1457640 1058
1457650 1053
1457660 1048
1457670 1048
1457680 1043
1457690 1039
1457700 1039
1457710 1038
1457720 1035
1457730 1035
1457740 1033
1457750 1030
1457760 1030
1457770 1027
1457780 1024
1457790 1024
1457800 1022
1457810 1019
1457820 1019
1457830 1018
1457840 1015
1457850 1015
1457860 1010
1457870 1006
1457880 1002
1457890 1002
1457900 998
1457910 993
1457920 993
1457930 989
1457940 985
1457950 985
1457960 980
1457970 975
1457980 975
1457990 970
1458000 964
1458010 964
1458020 957
1458030 951
1458040 951
1458050 944
1458060 938
1458070 938
1458080 931
1458090 924
1458100 924
1458110 917
1458120 911
1458130 904
1458140 904
1458150 897
1458160 893
1458170 893
1458180 889
1458190 886
1458200 886
1458210 882
1458220 878
1458230 878
1458240 876
1458250 872
1458260 872
1458270 868
1458280 864
1458290 864
1458300 860
1458310 856
1458320 856
1458330 853
1458340 850
1458350 848
1458360 848
1458370 846
1458380 843
1458390 843
1458400 841
1458410 840
1458420 840
1458430 839
1458440 839
1458450 839
1458460 838
1458470 838
1458480 838
1458490 837
1458500 837
1458510 837
1458520 837
1458530 837
1458540 837
1458550 837
1458560 837
1458570 837
1458580 837
1458590 837
1458600 836
1458610 836
1458620 836
1458630 836
1458640 836
1458650 836
1458660 835
1458670 835
1458680 835
1458690 834
1458700 834
1458710 834
1458720 834
1458730 834
1458740 833
1458750 833
1458760 833
1458770 832
1458780 832
1458790 832
1458800 831
1458810 831
1458820 831
1458830 830
1458840 830
1458850 829
1458860 829
1458870 829
1458880 828
1458890 828
1458900 828
1458910 828
1458920 828
1458930 827
1458940 827
1458950 827
1458960 826
1458970 826
1458980 826
1458990 826
1459000 826
1459010 826
1459020 826
1459030 825
1459040 825
1459050 825
1459060 825
1459070 825
1459080 825
1459090 825
1459100 826
1459110 826
1459120 826
1459130 824
1459140 824
1459150 823
1459160 824
1459170 824
1459180 825
1459190 825
1459200 825
1459210 825
1459220 825
1459230 825
1459240 825
1459250 826
1459260 826
1459270 827
1459280 826
1459290 826
1459300 826
1459310 825
1459320 825
1459330 825
1459340 825
1459350 825
1459360 825
1459370 825
1459380 825
1459390 825
1459400 825
1459410 825
1459420 825
1459430 825
1459440 825
1459450 825
1459460 826
1459470 827
1459480 827
1459490 827
1459500 829
1459510 829
1459520 828
1459530 829
1459540 829
1459550 830
1459560 830
1459570 830
1459580 832
1459590 837
1459600 843
1459610 843
1459620 849
1459630 856
1459640 856
1459650 863
1459660 871
1459670 871
1459680 879
1459690 883
1459700 883
1459710 887
1459720 893
1459730 893
1459740 897
1459750 904
1459760 904
1459770 912
1459780 919
1459790 919
1459800 926
1459810 934
1459820 934
1459830 942
1459840 950
1459850 957
1459860 957
1459870 966
1459880 974
1459890 974
1459900 980
1459910 988
1459920 988
1459930 993
1459940 999
1459950 999
1459960 1006
1459970 1013
1459980 1013
1459990 1021
