1440000 1777
1440010 1783
1440020 1783
1440030 1789
1440040 1795
1440050 1795
1440060 1801
1440070 1807
1440080 1807
1440090 1812
1440100 1817
1440110 1823
1440120 1823
1440130 1829
1440140 1835
1440150 1835
1440160 1842
1440170 1848
1440180 1848
1440190 1854
1440200 1861
1440210 1861
1440220 1868
1440230 1876
1440240 1876
1440250 1883
1440260 1890
1440270 1890
1440280 1896
1440290 1905
1440300 1905
1440310 1913
1440320 1920
1440330 1920
1440340 1928
1440350 1934
1440360 1942
1440370 1942
1440380 1952
1440390 1959
1440400 1959
1440410 1966
1440420 1973
1440430 1973
1440440 1979
1440450 1984
1440460 1984
1440470 1991
1440480 2000
1440490 2000
1440500 2008
1440510 2017
1440520 2017
1440530 2025
1440540 2033
1440550 2033
1440560 2041
1440570 2050
1440580 2050
1440590 2059
1440600 2068
1440610 2076
1440620 2076
1440630 2082
1440640 2090
1440650 2090
1440660 2101
1440670 2111
1440680 2111
1440690 2121
1440700 2128
1440710 2128
1440720 2133
1440730 2142
1440740 2142
1440750 2154
1440760 2166
1440770 2166
1440780 2177
1440790 2187
1440800 2187
1440810 2194
1440820 2201
1440830 2201
1440840 2208
1440850 2211
1440860 2205
1440870 2205
1440880 2197
1440890 2192
1440900 2192
1440910 2184
1440920 2174
1440930 2174
1440940 2167
1440950 2160
1440960 2160
1440970 2156
1440980 2152
1440990 2152
1441000 2150
1441010 2149
1441020 2149
1441030 2146
1441040 2142
1441050 2142
1441060 2138
1441070 2135
1441080 2135
1441090 2130
1441100 2125
1441110 2120
1441120 2120
1441130 2116
1441140 2110
1441150 2110
1441160 2105
1441170 2100
1441180 2100
1441190 2094
1441200 2087
1441210 2087
1441220 2080
1441230 2073
1441240 2073
1441250 2069
1441260 2062
1441270 2062
1441280 2055
1441290 2047
1441300 2047
1441310 2039
1441320 2032
1441330 2032
1441340 2026
1441350 2017
1441360 1997
1441370 1997
1441380 1973
1441390 1961
1441400 1961
1441410 1954
1441420 1948
1441430 1948
1441440 1942
1441450 1936
1441460 1936
1441470 1930
1441480 1924
1441490 1924
1441500 1918
1441510 1911
1441520 1911
1441530 1905
1441540 1898
1441550 1898
1441560 1892
1441570 1887
1441580 1887
1441590 1882
1441600 1879
1441610 1874
1441620 1874
1441630 1868
1441640 1864
1441650 1864
1441660 1859
1441670 1854
1441680 1854
1441690 1849
1441700 1843
1441710 1843
1441720 1838
1441730 1832
1441740 1832
1441750 1826
1441760 1821
1441770 1821
1441780 1816
1441790 1810
1441800 1810
1441810 1804
1441820 1799
1441830 1799
1441840 1793
1441850 1788
1441860 1783
1441870 1783
1441880 1780
1441890 1777
1441900 1777
1441910 1773
1441920 1767
1441930 1767
1441940 1758
1441950 1755
1441960 1755
1441970 1757
1441980 1764
1441990 1764
1442000 1763
1442010 1760
1442020 1760
1442030 1757
1442040 1751
1442050 1751
1442060 1744
1442070 1738
1442080 1738
1442090 1728
1442100 1723
1442110 1718
1442120 1718
1442130 1713
1442140 1708
1442150 1708
1442160 1703
1442170 1696
1442180 1696
1442190 1690
1442200 1686
1442210 1686
1442220 1683
1442230 1681
1442240 1681
1442250 1680
1442260 1677
1442270 1677
1442280 1678
1442290 1678
1442300 1678
1442310 1676
1442320 1674
1442330 1674
1442340 1674
1442350 1671
1442360 1668
1442370 1668
1442380 1664
1442390 1661
1442400 1661
1442410 1659
1442420 1657
1442430 1657
1442440 1655
1442450 1654
1442460 1654
1442470 1652
1442480 1650
1442490 1650
1442500 1647
1442510 1645
1442520 1645
1442530 1641
1442540 1637
1442550 1637
1442560 1632
1442570 1627
1442580 1627
1442590 1623
1442600 1618
1442610 1611
1442620 1611
1442630 1607
1442640 1603
1442650 1603
1442660 1599
1442670 1596
1442680 1596
1442690 1594
1442700 1591
1442710 1591
1442720 1587
1442730 1584
1442740 1584
1442750 1580
1442760 1575
1442770 1575
1442780 1570
1442790 1564
1442800 1564
1442810 1558
1442820 1550
1442830 1550
1442840 1548
1442850 1549
1442860 1551
1442870 1551
1442880 1549
1442890 1546
1442900 1546
1442910 1544
1442920 1542
1442930 1542
1442940 1541
1442950 1538
1442960 1538
1442970 1534
1442980 1530
1442990 1530
1443000 1526
1443010 1522
1443020 1522
1443030 1518
1443040 1514
1443050 1514
1443060 1510
1443070 1506
1443080 1506
1443090 1502
1443100 1498
1443110 1494
1443120 1494
1443130 1490
1443140 1486
1443150 1486
1443160 1482
1443170 1477
1443180 1477
1443190 1472
1443200 1466
1443210 1466
1443220 1459
1443230 1452
1443240 1452
1443250 1446
1443260 1435
1443270 1435
1443280 1428
1443290 1421
1443300 1421
1443310 1420
1443320 1420
1443330 1420
1443340 1420
1443350 1421
1443360 1418
1443370 1418
1443380 1413
1443390 1407
1443400 1407
1443410 1401
1443420 1393
1443430 1393
1443440 1384
1443450 1378
1443460 1378
1443470 1375
1443480 1376
1443490 1376
1443500 1379
1443510 1380
1443520 1380
1443530 1379
1443540 1378
1443550 1378
1443560 1378
1443570 1378
1443580 1378
1443590 1374
1443600 1373
1443610 1371
1443620 1371
1443630 1370
1443640 1367
1443650 1367
1443660 1364
1443670 1362
1443680 1362
1443690 1360
1443700 1361
1443710 1361
1443720 1361
1443730 1361
1443740 1361
1443750 1364
1443760 1369
1443770 1369
1443780 1370
1443790 1370
1443800 1370
1443810 1370
1443820 1370
1443830 1370
1443840 1369
1443850 1369
1443860 1369
1443870 1369
1443880 1368
1443890 1367
1443900 1367
1443910 1365
1443920 1364
1443930 1364
1443940 1364
1443950 1364
1443960 1364
1443970 1362
1443980 1361
1443990 1361
1444000 1360
1444010 1359
1444020 1359
1444030 1357
1444040 1355
1444050 1355
1444060 1352
1444070 1348
1444080 1348
1444090 1340
1444100 1334
1444110 1332
1444120 1332
1444130 1331
1444140 1328
1444150 1328
1444160 1323
1444170 1318
1444180 1318
1444190 1314
1444200 1309
1444210 1309
1444220 1306
1444230 1304
1444240 1304
1444250 1299
1444260 1296
1444270 1296
1444280 1293
1444290 1291
1444300 1291
1444310 1288
1444320 1284
1444330 1284
1444340 1283
1444350 1282
1444360 1280
1444370 1280
1444380 1278
1444390 1274
1444400 1274
1444410 1271
1444420 1267
1444430 1267
1444440 1265
1444450 1263
1444460 1263
1444470 1260
1444480 1259
1444490 1259
1444500 1257
1444510 1256
1444520 1256
1444530 1254
1444540 1252
1444550 1252
1444560 1252
1444570 1252
1444580 1252
1444590 1252
1444600 1252
1444610 1252
1444620 1252
1444630 1253
1444640 1252
1444650 1252
1444660 1252
1444670 1251
1444680 1251
1444690 1249
1444700 1249
1444710 1249
1444720 1248
1444730 1248
1444740 1248
1444750 1248
1444760 1248
1444770 1248
1444780 1246
1444790 1244
1444800 1244
1444810 1241
1444820 1238
1444830 1238
1444840 1235
1444850 1232
1444860 1230
1444870 1230
1444880 1228
1444890 1227
1444900 1227
1444910 1225
1444920 1224
1444930 1224
1444940 1223
1444950 1221
1444960 1221
1444970 1217
1444980 1214
1444990 1214
1445000 1211
1445010 1208
1445020 1208
1445030 1205
1445040 1200
1445050 1200
1445060 1196
1445070 1193
1445080 1193
1445090 1189
1445100 1185
1445110 1183
1445120 1183
1445130 1181
1445140 1177
1445150 1177
1445160 1172
1445170 1169
1445180 1169
1445190 1166
1445200 1165
1445210 1165
1445220 1164
1445230 1164
1445240 1164
1445250 1163
1445260 1161
1445270 1161
1445280 1160
1445290 1157
1445300 1157
1445310 1154
1445320 1152
1445330 1152
1445340 1149
1445350 1147
1445360 1146
1445370 1146
1445380 1144
1445390 1142
1445400 1142
1445410 1139
1445420 1136
1445430 1136
1445440 1134
1445450 1132
1445460 1132
1445470 1131
1445480 1130
1445490 1130
1445500 1126
1445510 1122
1445520 1122
1445530 1119
1445540 1117
1445550 1117
1445560 1113
1445570 1105
1445580 1105
1445590 1101
1445600 1099
1445610 1098
1445620 1098
1445630 1096
1445640 1091
1445650 1091
1445660 1086
1445670 1080
1445680 1080
1445690 1074
1445700 1069
1445710 1069
1445720 1062
1445730 1054
1445740 1054
1445750 1046
1445760 1038
1445770 1038
1445780 1031
1445790 1024
1445800 1024
1445810 1016
1445820 1007
1445830 1007
1445840 997
1445850 991
1445860 986
1445870 986
1445880 980
1445890 974
1445900 974
1445910 968
1445920 963
1445930 963
1445940 958
1445950 953
1445960 953
1445970 948
1445980 941
1445990 941
1446000 934
1446010 929
1446020 929
1446030 927
1446040 926
1446050 926
1446060 926
1446070 926
1446080 926
1446090 926
1446100 927
1446110 927
1446120 927
1446130 927
1446140 925
1446150 925
1446160 925
1446170 927
1446180 927
1446190 927
1446200 927
1446210 927
1446220 927
1446230 927
1446240 927
1446250 927
1446260 927
1446270 927
1446280 927
1446290 928
1446300 928
1446310 928
1446320 928
1446330 928
1446340 928
1446350 928
1446360 929
1446370 929
1446380 930
1446390 931
1446400 931
1446410 931
1446420 931
1446430 931
1446440 932
1446450 933
1446460 933
1446470 933
1446480 933
1446490 933
1446500 934
1446510 934
1446520 934
1446530 935
1446540 935
1446550 935
1446560 936
1446570 936
1446580 936
1446590 937
1446600 938
1446610 939
1446620 939
1446630 939
1446640 940
1446650 940
1446660 941
1446670 941
1446680 941
1446690 940
1446700 942
1446710 942
1446720 942
1446730 942
1446740 942
1446750 943
1446760 943
1446770 943
1446780 943
1446790 943
1446800 943
1446810 944
1446820 944
1446830 944
1446840 944
1446850 945
1446860 946
1446870 946
1446880 946
1446890 946
1446900 946
1446910 946
1446920 946
1446930 946
1446940 946
1446950 947
1446960 947
1446970 947
1446980 948
1446990 948
1447000 949
1447010 952
1447020 952
1447030 956
1447040 962
1447050 962
1447060 968
1447070 976
1447080 976
1447090 983
1447100 989
1447110 996
1447120 996
1447130 1002
1447140 1008
1447150 1008
1447160 1015
1447170 1023
1447180 1023
1447190 1031
1447200 1040
1447210 1040
1447220 1049
1447230 1057
1447240 1057
1447250 1062
1447260 1065
1447270 1065
1447280 1067
1447290 1071
1447300 1071
1447310 1076
1447320 1082
1447330 1082
1447340 1090
1447350 1096
1447360 1102
1447370 1102
1447380 1109
1447390 1114
1447400 1114
1447410 1119
1447420 1124
1447430 1124
1447440 1129
1447450 1134
1447460 1134
1447470 1141
1447480 1149
1447490 1149
1447500 1155
1447510 1161
1447520 1161
1447530 1170
1447540 1177
1447550 1177
1447560 1180
1447570 1184
1447580 1184
1447590 1187
1447600 1189
1447610 1193
1447620 1193
1447630 1197
1447640 1204
1447650 1204
1447660 1211
1447670 1218
1447680 1218
1447690 1221
1447700 1222
1447710 1222
1447720 1223
1447730 1224
1447740 1224
1447750 1226
1447760 1228
1447770 1228
1447780 1230
1447790 1233
1447800 1233
1447810 1236
1447820 1240
1447830 1240
1447840 1245
1447850 1250
1447860 1255
1447870 1255
1447880 1259
1447890 1263
1447900 1263
1447910 1266
1447920 1267
1447930 1267
1447940 1269
1447950 1272
1447960 1272
1447970 1277
1447980 1284
1447990 1284
1448000 1291
1448010 1299
1448020 1299
1448030 1305
1448040 1310
1448050 1310
1448060 1315
1448070 1319
1448080 1319
1448090 1321
1448100 1321
1448110 1319
1448120 1319
1448130 1320
1448140 1321
1448150 1321
1448160 1323
1448170 1324
1448180 1324
1448190 1327
1448200 1330
1448210 1330
1448220 1334
1448230 1338
1448240 1338
1448250 1342
1448260 1347
1448270 1347
1448280 1352
1448290 1357
1448300 1357
1448310 1363
1448320 1369
1448330 1369
1448340 1376
1448350 1380
1448360 1382
1448370 1382
1448380 1386
1448390 1389
1448400 1389
1448410 1392
1448420 1396
1448430 1396
1448440 1396
1448450 1395
1448460 1395
1448470 1394
1448480 1393
1448490 1393
1448500 1391
1448510 1388
1448520 1388
1448530 1385
1448540 1382
1448550 1382
1448560 1379
1448570 1376
1448580 1376
1448590 1374
1448600 1372
1448610 1372
1448620 1372
1448630 1373
1448640 1375
1448650 1375
1448660 1377
1448670 1377
1448680 1377
1448690 1378
1448700 1375
1448710 1375
1448720 1367
1448730 1354
1448740 1354
1448750 1343
1448760 1338
1448770 1338
1448780 1341
1448790 1347
1448800 1347
1448810 1349
1448820 1344
1448830 1344
1448840 1333
1448850 1321
1448860 1306
1448870 1306
1448880 1302
1448890 1312
1448900 1312
1448910 1321
1448920 1329
1448930 1329
1448940 1336
1448950 1342
1448960 1342
1448970 1345
1448980 1347
1448990 1347
1449000 1348
1449010 1350
1449020 1350
1449030 1351
1449040 1354
1449050 1354
1449060 1360
1449070 1365
1449080 1365
1449090 1370
1449100 1375
1449110 1379
1449120 1379
1449130 1383
1449140 1387
1449150 1387
1449160 1391
1449170 1396
1449180 1396
1449190 1400
1449200 1405
1449210 1405
1449220 1410
1449230 1415
1449240 1415
1449250 1421
1449260 1426
1449270 1426
1449280 1430
1449290 1434
1449300 1434
1449310 1437
1449320 1438
1449330 1438
1449340 1439
1449350 1438
1449360 1433
1449370 1433
1449380 1427
1449390 1420
1449400 1420
1449410 1414
1449420 1408
1449430 1408
1449440 1401
1449450 1396
1449460 1396
1449470 1390
1449480 1388
1449490 1388
1449500 1388
1449510 1390
1449520 1390
1449530 1396
1449540 1400
1449550 1400
1449560 1404
1449570 1405
1449580 1405
1449590 1406
1449600 1406
1449610 1406
1449620 1406
1449630 1406
1449640 1407
1449650 1407
1449660 1407
1449670 1408
1449680 1408
1449690 1408
1449700 1408
1449710 1408
1449720 1408
1449730 1409
1449740 1409
1449750 1410
1449760 1410
1449770 1410
1449780 1410
1449790 1411
1449800 1411
1449810 1411
1449820 1411
1449830 1411
1449840 1411
1449850 1410
1449860 1410
1449870 1410
1449880 1411
1449890 1411
1449900 1411
1449910 1412
1449920 1414
1449930 1414
1449940 1414
1449950 1416
1449960 1416
1449970 1419
1449980 1420
1449990 1420
1450000 1420
1450010 1421
1450020 1421
1450030 1424
1450040 1426
1450050 1426
1450060 1426
1450070 1427
1450080 1427
1450090 1429
1450100 1431
1450110 1433
1450120 1433
1450130 1435
1450140 1436
1450150 1436
1450160 1437
1450170 1437
1450180 1437
1450190 1436
1450200 1435
1450210 1435
1450220 1433
1450230 1431
1450240 1431
1450250 1430
1450260 1430
1450270 1430
1450280 1430
1450290 1430
1450300 1430
1450310 1430
1450320 1428
1450330 1428
1450340 1426
1450350 1423
1450360 1419
1450370 1419
1450380 1416
1450390 1415
1450400 1415
1450410 1418
1450420 1421
1450430 1421
1450440 1422
1450450 1422
1450460 1422
1450470 1423
1450480 1424
1450490 1424
1450500 1423
1450510 1424
1450520 1424
1450530 1422
1450540 1421
1450550 1421
1450560 1417
1450570 1414
1450580 1414
1450590 1411
1450600 1408
1450610 1405
1450620 1405
1450630 1402
1450640 1400
1450650 1400
1450660 1399
1450670 1397
1450680 1397
1450690 1397
1450700 1395
1450710 1395
1450720 1393
1450730 1390
1450740 1390
1450750 1387
1450760 1387
1450770 1387
1450780 1389
1450790 1389
1450800 1389
1450810 1390
1450820 1391
1450830 1391
1450840 1394
1450850 1400
1450860 1406
1450870 1406
1450880 1410
1450890 1411
1450900 1411
1450910 1412
1450920 1415
1450930 1415
1450940 1419
1450950 1423
1450960 1423
1450970 1426
1450980 1429
1450990 1429
1451000 1432
1451010 1437
1451020 1437
1451030 1443
1451040 1448
1451050 1448
1451060 1453
1451070 1457
1451080 1457
1451090 1460
1451100 1463
1451110 1466
1451120 1466
1451130 1470
1451140 1474
1451150 1474
1451160 1479
1451170 1485
1451180 1485
1451190 1490
1451200 1494
1451210 1494
1451220 1498
1451230 1502
1451240 1502
1451250 1505
1451260 1509
1451270 1509
1451280 1511
1451290 1514
1451300 1514
1451310 1518
1451320 1521
1451330 1521
1451340 1524
1451350 1526
1451360 1529
1451370 1529
1451380 1534
1451390 1537
1451400 1537
1451410 1539
1451420 1545
1451430 1545
1451440 1550
1451450 1553
1451460 1553
1451470 1557
1451480 1561
1451490 1561
1451500 1564
1451510 1567
1451520 1567
1451530 1569
1451540 1572
1451550 1572
1451560 1575
1451570 1579
1451580 1579
1451590 1585
1451600 1592
1451610 1598
1451620 1598
1451630 1603
1451640 1609
1451650 1609
1451660 1615
1451670 1620
1451680 1620
1451690 1626
1451700 1631
1451710 1631
1451720 1640
1451730 1649
1451740 1649
1451750 1655
1451760 1660
1451770 1660
1451780 1666
1451790 1672
1451800 1672
1451810 1679
1451820 1685
1451830 1685
1451840 1692
1451850 1698
1451860 1705
1451870 1705
1451880 1711
1451890 1717
1451900 1717
1451910 1724
1451920 1729
1451930 1729
1451940 1735
1451950 1740
1451960 1740
1451970 1745
1451980 1750
1451990 1750
1452000 1755
1452010 1759
1452020 1759
1452030 1763
1452040 1768
1452050 1768
1452060 1772
1452070 1776
1452080 1776
1452090 1780
1452100 1785
1452110 1789
1452120 1789
1452130 1793
1452140 1797
1452150 1797
1452160 1799
1452170 1801
1452180 1801
1452190 1804
1452200 1808
1452210 1808
1452220 1811
1452230 1817
1452240 1817
1452250 1823
1452260 1825
1452270 1825
1452280 1830
1452290 1836
1452300 1836
1452310 1844
1452320 1850
1452330 1850
1452340 1854
1452350 1861
1452360 1869
1452370 1869
1452380 1876
1452390 1883
1452400 1883
1452410 1889
1452420 1896
1452430 1896
1452440 1904
1452450 1910
1452460 1910
1452470 1917
1452480 1924
1452490 1924
1452500 1931
1452510 1938
1452520 1938
1452530 1945
1452540 1952
1452550 1952
1452560 1958
1452570 1965
1452580 1965
1452590 1972
1452600 1978
1452610 1985
1452620 1985
1452630 1992
1452640 1998
1452650 1998
1452660 2005
1452670 2012
1452680 2012
1452690 2019
1452700 2025
1452710 2025
1452720 2029
1452730 2029
1452740 2029
1452750 2029
1452760 2028
1452770 2028
1452780 2027
1452790 2024
1452800 2024
1452810 2021
1452820 2020
1452830 2020
1452840 2019
1452850 2020
1452860 2020
1452870 2020
1452880 2021
1452890 2021
1452900 2021
1452910 2022
1452920 2022
1452930 2022
1452940 2023
1452950 2024
1452960 2024
1452970 2025
1452980 2026
1452990 2026
1453000 2027
1453010 2029
1453020 2029
1453030 2029
1453040 2030
1453050 2030
1453060 2031
1453070 2031
1453080 2031
1453090 2032
1453100 2033
1453110 2034
1453120 2034
1453130 2035
1453140 2036
1453150 2036
1453160 2036
1453170 2036
1453180 2036
1453190 2037
1453200 2037
1453210 2037
1453220 2036
1453230 2032
1453240 2032
1453250 2027
1453260 2020
1453270 2020
1453280 2012
1453290 2005
1453300 2005
1453310 1999
1453320 1997
1453330 1997
1453340 1996
1453350 1993
1453360 1990
1453370 1990
1453380 1986
1453390 1981
1453400 1981
1453410 1977
1453420 1974
1453430 1974
1453440 1972
1453450 1966
1453460 1966
1453470 1961
1453480 1956
1453490 1956
1453500 1952
1453510 1949
1453520 1949
1453530 1945
1453540 1942
1453550 1942
1453560 1939
1453570 1936
1453580 1935
1453590 1935
1453600 1933
1453610 1933
1453620 1933
1453630 1930
1453640 1924
1453650 1924
1453660 1922
1453670 1921
1453680 1921
1453690 1920
1453700 1920
1453710 1920
1453720 1919
1453730 1917
1453740 1917
1453750 1914
1453760 1913
1453770 1913
1453780 1914
1453790 1912
1453800 1912
1453810 1914
1453820 1918
1453830 1918
1453840 1918
1453850 1920
1453860 1922
1453870 1922
1453880 1926
1453890 1930
1453900 1930
1453910 1935
1453920 1940
1453930 1940
1453940 1945
1453950 1951
1453960 1951
1453970 1957
1453980 1962
1453990 1962
1454000 1967
1454010 1972
1454020 1972
1454030 1977
1454040 1982
1454050 1982
1454060 1987
1454070 1992
1454080 1999
1454090 1999
1454100 2006
1454110 2012
1454120 2012
1454130 2018
1454140 2024
1454150 2024
1454160 2029
1454170 2034
1454180 2034
1454190 2040
1454200 2045
1454210 2045
1454220 2051
1454230 2057
1454240 2057
1454250 2062
1454260 2066
1454270 2066
1454280 2070
1454290 2073
1454300 2073
1454310 2074
1454320 2061
1454330 2047
1454340 2047
1454350 2041
1454360 2038
1454370 2038
1454380 2035
1454390 2035
1454400 2035
1454410 2032
1454420 2029
1454430 2029
1454440 2026
1454450 2023
1454460 2023
1454470 2017
1454480 2014
1454490 2014
1454500 2017
1454510 2013
1454520 2013
1454530 2009
1454540 2007
1454550 2007
1454560 2002
1454570 1997
1454580 1993
1454590 1993
1454600 1989
1454610 1986
1454620 1986
1454630 1982
1454640 1976
1454650 1976
1454660 1973
1454670 1973
1454680 1973
1454690 1968
1454700 1966
1454710 1966
1454720 1968
1454730 1970
1454740 1970
1454750 1973
1454760 1973
1454770 1973
1454780 1972
1454790 1971
1454800 1971
1454810 1966
1454820 1963
1454830 1963
1454840 1963
1454850 1962
1454860 1962
1454870 1962
1454880 1962
1454890 1963
1454900 1963
1454910 1964
1454920 1966
1454930 1966
1454940 1967
1454950 1968
1454960 1968
1454970 1969
1454980 1970
1454990 1970
1455000 1970
1455010 1969
1455020 1969
1455030 1968
1455040 1965
1455050 1965
1455060 1962
1455070 1958
1455080 1954
1455090 1954
1455100 1952
1455110 1950
1455120 1950
1455130 1948
1455140 1944
1455150 1944
1455160 1938
1455170 1932
1455180 1932
1455190 1926
1455200 1921
1455210 1921
1455220 1914
1455230 1907
1455240 1907
1455250 1900
1455260 1894
1455270 1894
1455280 1887
1455290 1880
1455300 1880
1455310 1874
1455320 1871
1455330 1866
1455340 1866
1455350 1860
1455360 1855
1455370 1855
1455380 1850
1455390 1846
1455400 1846
1455410 1841
1455420 1837
1455430 1837
1455440 1832
1455450 1828
1455460 1828
1455470 1824
1455480 1820
1455490 1820
1455500 1816
1455510 1812
1455520 1812
1455530 1808
1455540 1803
1455550 1803
1455560 1797
1455570 1792
1455580 1788
1455590 1788
1455600 1785
1455610 1782
1455620 1782
1455630 1778
1455640 1773
1455650 1773
1455660 1770
1455670 1767
1455680 1767
1455690 1762
1455700 1755
1455710 1755
1455720 1748
1455730 1741
1455740 1741
1455750 1736
1455760 1732
1455770 1732
1455780 1728
1455790 1722
1455800 1722
1455810 1719
1455820 1717
1455830 1715
1455840 1715
1455850 1712
1455860 1710
1455870 1710
1455880 1708
1455890 1704
1455900 1704
1455910 1701
1455920 1698
1455930 1698
1455940 1695
1455950 1692
1455960 1692
1455970 1688
1455980 1685
1455990 1685
1456000 1681
1456010 1678
1456020 1678
1456030 1675
1456040 1672
1456050 1672
1456060 1668
1456070 1665
1456080 1661
1456090 1661
1456100 1657
1456110 1653
1456120 1653
1456130 1648
1456140 1641
1456150 1641
1456160 1634
1456170 1627
1456180 1627
1456190 1619
1456200 1612
1456210 1612
1456220 1608
1456230 1606
1456240 1606
1456250 1605
1456260 1604
1456270 1604
1456280 1601
1456290 1597
1456300 1597
1456310 1592
1456320 1588
1456330 1585
1456340 1585
1456350 1579
1456360 1573
1456370 1573
1456380 1568
1456390 1563
1456400 1563
1456410 1558
1456420 1554
1456430 1554
1456440 1548
1456450 1543
1456460 1543
1456470 1540
1456480 1537
1456490 1537
1456500 1534
1456510 1530
1456520 1530
1456530 1525
1456540 1522
1456550 1522
1456560 1519
1456570 1516
1456580 1514
1456590 1514
1456600 1511
1456610 1506
1456620 1506
1456630 1502
1456640 1498
1456650 1498
1456660 1493
1456670 1485
1456680 1485
1456690 1480
1456700 1475
1456710 1475
1456720 1471
1456730 1468
1456740 1468
1456750 1464
1456760 1462
1456770 1462
1456780 1460
1456790 1458
1456800 1458
1456810 1454
1456820 1450
1456830 1444
1456840 1444
1456850 1438
1456860 1436
1456870 1436
1456880 1433
1456890 1428
1456900 1428
1456910 1424
1456920 1420
1456930 1420
1456940 1417
1456950 1415
1456960 1415
1456970 1412
1456980 1408
1456990 1408
1457000 1404
1457010 1399
1457020 1399
1457030 1396
1457040 1391
1457050 1391
1457060 1386
1457070 1382
1457080 1378
1457090 1378
1457100 1374
1457110 1370
1457120 1370
1457130 1365
1457140 1361
1457150 1361
1457160 1357
1457170 1354
1457180 1354
1457190 1350
1457200 1345
1457210 1345
1457220 1341
1457230 1337
1457240 1337
1457250 1332
1457260 1327
1457270 1327
1457280 1323
1457290 1317
1457300 1317
1457310 1312
1457320 1307
1457330 1303
1457340 1303
1457350 1299
1457360 1294
1457370 1294
1457380 1289
1457390 1284
1457400 1284
1457410 1277
1457420 1273
1457430 1273
1457440 1267
1457450 1263
1457460 1263
1457470 1258
1457480 1253
1457490 1253
1457500 1247
1457510 1241
1457520 1241
1457530 1236
1457540 1231
1457550 1231
1457560 1225
1457570 1219
1457580 1214
1457590 1214
1457600 1211
1457610 1207
1457620 1207
1457630 1204
1457640 1200
1457650 1200
1457660 1197
1457670 1194
1457680 1194
1457690 1192
1457700 1189
1457710 1189
1457720 1186
1457730 1181
1457740 1181
1457750 1175
1457760 1170
1457770 1170
1457780 1165
1457790 1161
1457800 1161
1457810 1158
1457820 1154
1457830 1150
1457840 1150
1457850 1143
1457860 1136
1457870 1136
1457880 1128
1457890 1122
1457900 1122
1457910 1116
1457920 1111
1457930 1111
1457940 1105
1457950 1100
1457960 1100
1457970 1095
1457980 1089
1457990 1089
1458000 1085
1458010 1082
1458020 1082
1458030 1080
1458040 1078
1458050 1078
1458060 1076
1458070 1073
1458080 1069
1458090 1069
1458100 1064
1458110 1060
1458120 1060
1458130 1056
1458140 1054
1458150 1054
1458160 1051
1458170 1048
1458180 1048
1458190 1045
1458200 1042
1458210 1042
1458220 1038
1458230 1033
1458240 1033
1458250 1030
1458260 1027
1458270 1027
1458280 1024
1458290 1017
1458300 1017
1458310 1010
1458320 1003
1458330 995
1458340 995
1458350 988
1458360 979
1458370 979
1458380 968
1458390 955
1458400 955
1458410 944
1458420 934
1458430 934
1458440 922
1458450 913
1458460 913
1458470 904
1458480 894
1458490 894
1458500 887
1458510 881
1458520 881
1458530 875
1458540 870
1458550 870
1458560 865
1458570 861
1458580 855
1458590 855
1458600 849
1458610 841
1458620 841
1458630 833
1458640 827
1458650 827
1458660 824
1458670 823
1458680 823
1458690 822
1458700 821
1458710 821
1458720 820
1458730 820
1458740 820
1458750 820
1458760 820
1458770 820
1458780 820
1458790 820
1458800 820
1458810 820
1458820 820
1458830 820
1458840 820
1458850 820
1458860 820
1458870 820
1458880 820
1458890 820
1458900 820
1458910 821
1458920 823
1458930 823
1458940 823
1458950 822
1458960 822
1458970 820
1458980 820
1458990 820
1459000 821
1459010 821
1459020 821
1459030 821
1459040 822
1459050 822
1459060 821
1459070 821
1459080 820
1459090 820
1459100 820
1459110 820
1459120 820
1459130 820
1459140 820
1459150 820
1459160 820
1459170 820
1459180 820
1459190 820
1459200 820
1459210 820
1459220 820
1459230 820
1459240 820
1459250 820
1459260 820
1459270 820
1459280 820
1459290 820
1459300 820
1459310 820
1459320 820
1459330 820
1459340 820
1459350 820
1459360 820
1459370 820
1459380 821
1459390 822
1459400 822
1459410 824
1459420 832
1459430 832
1459440 840
1459450 849
1459460 849
1459470 865
1459480 883
1459490 883
1459500 894
1459510 899
1459520 899
1459530 904
1459540 911
1459550 911
1459560 919
1459570 927
1459580 935
1459590 935
1459600 943
1459610 956
1459620 956
1459630 967
1459640 975
1459650 975
1459660 982
1459670 989
1459680 989
1459690 995
1459700 1002
1459710 1002
1459720 1009
1459730 1016
1459740 1016
1459750 1024
1459760 1031
1459770 1031
1459780 1039
1459790 1049
1459800 1049
1459810 1058
1459820 1067
1459830 1076
1459840 1076
1459850 1084
1459860 1091
1459870 1091
1459880 1099
1459890 1107
1459900 1107
1459910 1115
1459920 1123
1459930 1123
1459940 1131
1459950 1139
1459960 1139
1459970 1147
1459980 1156
1459990 1156
