1440000 1468
1440010 1469
1440020 1469
1440030 1469
1440040 1470
1440050 1472
1440060 1472
1440070 1472
1440080 1471
1440090 1471
1440100 1473
1440110 1475
1440120 1476
1440130 1476
1440140 1478
1440150 1480
1440160 1480
1440170 1482
1440180 1484
1440190 1484
1440200 1485
1440210 1486
1440220 1486
1440230 1488
1440240 1495
1440250 1495
1440260 1502
1440270 1506
1440280 1506
1440290 1509
1440300 1512
1440310 1512
1440320 1516
1440330 1521
1440340 1521
1440350 1526
1440360 1531
1440370 1537
1440380 1537
1440390 1545
1440400 1555
1440410 1555
1440420 1566
1440430 1574
1440440 1574
1440450 1578
1440460 1580
1440470 1580
1440480 1584
1440490 1588
1440500 1588
1440510 1591
1440520 1594
1440530 1594
1440540 1599
1440550 1604
1440560 1604
1440570 1609
1440580 1614
1440590 1614
1440600 1620
1440610 1626
1440620 1632
1440630 1632
1440640 1637
1440650 1643
1440660 1643
1440670 1648
1440680 1654
1440690 1654
1440700 1658
1440710 1661
1440720 1661
1440730 1665
1440740 1668
1440750 1668
1440760 1671
1440770 1677
1440780 1677
1440790 1684
1440800 1690
1440810 1690
1440820 1695
1440830 1699
1440840 1699
1440850 1702
1440860 1705
1440870 1705
1440880 1708
1440890 1712
1440900 1718
1440910 1718
1440920 1725
1440930 1733
1440940 1733
1440950 1741
1440960 1747
1440970 1747
1440980 1751
1440990 1756
1441000 1756
1441010 1760
1441020 1764
1441030 1764
1441040 1765
1441050 1768
1441060 1768
1441070 1769
1441080 1772
1441090 1772
1441100 1776
1441110 1785
1441120 1785
1441130 1796
1441140 1800
1441150 1802
1441160 1802
1441170 1807
1441180 1809
1441190 1809
1441200 1811
1441210 1813
1441220 1813
1441230 1815
1441240 1818
1441250 1818
1441260 1821
1441270 1823
1441280 1823
1441290 1825
1441300 1827
1441310 1827
1441320 1830
1441330 1834
1441340 1834
1441350 1840
1441360 1844
1441370 1844
1441380 1847
1441390 1849
1441400 1852
1441410 1852
1441420 1857
1441430 1858
1441440 1858
1441450 1858
1441460 1858
1441470 1858
1441480 1857
1441490 1855
1441500 1855
1441510 1854
1441520 1852
1441530 1852
1441540 1850
1441550 1847
1441560 1847
1441570 1844
1441580 1841
1441590 1841
1441600 1838
1441610 1837
1441620 1837
1441630 1834
1441640 1832
1441650 1826
1441660 1826
1441670 1818
1441680 1809
1441690 1809
1441700 1803
1441710 1800
1441720 1800
1441730 1797
1441740 1793
1441750 1793
1441760 1789
1441770 1782
1441780 1782
1441790 1774
1441800 1768
1441810 1768
1441820 1765
1441830 1761
1441840 1761
1441850 1752
1441860 1743
1441870 1743
1441880 1734
1441890 1726
1441900 1718
1441910 1718
1441920 1712
1441930 1706
1441940 1706
1441950 1702
1441960 1700
1441970 1700
1441980 1698
1441990 1696
1442000 1696
1442010 1693
1442020 1688
1442030 1688
1442040 1684
1442050 1678
1442060 1678
1442070 1673
1442080 1667
1442090 1667
1442100 1661
1442110 1656
1442120 1656
1442130 1650
1442140 1644
1442150 1644
1442160 1639
1442170 1635
1442180 1631
1442190 1631
1442200 1629
1442210 1625
1442220 1625
1442230 1620
1442240 1614
1442250 1614
1442260 1608
1442270 1602
1442280 1602
1442290 1599
1442300 1596
1442310 1596
1442320 1594
1442330 1590
1442340 1590
1442350 1586
1442360 1581
1442370 1581
1442380 1575
1442390 1571
1442400 1571
1442410 1566
1442420 1560
1442430 1556
1442440 1556
1442450 1553
1442460 1550
1442470 1550
1442480 1546
1442490 1539
1442500 1539
1442510 1533
1442520 1530
1442530 1530
1442540 1528
1442550 1526
1442560 1526
1442570 1523
1442580 1519
1442590 1519
1442600 1514
1442610 1509
1442620 1509
1442630 1500
1442640 1496
1442650 1496
1442660 1496
1442670 1498
1442680 1499
1442690 1499
1442700 1499
1442710 1497
1442720 1497
1442730 1497
1442740 1498
1442750 1498
1442760 1498
1442770 1498
1442780 1498
1442790 1497
1442800 1497
1442810 1497
1442820 1496
1442830 1495
1442840 1495
1442850 1496
1442860 1497
1442870 1497
1442880 1497
1442890 1498
1442900 1498
1442910 1498
1442920 1499
1442930 1499
1442940 1499
1442950 1501
1442960 1503
1442970 1503
1442980 1505
1442990 1506
1443000 1506
1443010 1507
1443020 1508
1443030 1508
1443040 1510
1443050 1513
1443060 1513
1443070 1516
1443080 1519
1443090 1519
1443100 1522
1443110 1524
1443120 1524
1443130 1527
1443140 1529
1443150 1529
1443160 1530
1443170 1531
1443180 1533
1443190 1533
1443200 1536
1443210 1539
1443220 1539
1443230 1541
1443240 1542
1443250 1542
1443260 1542
1443270 1542
1443280 1542
1443290 1541
1443300 1540
1443310 1540
1443320 1538
1443330 1536
1443340 1536
1443350 1532
1443360 1527
1443370 1527
1443380 1520
1443390 1515
1443400 1515
1443410 1511
1443420 1508
1443430 1505
1443440 1505
1443450 1502
1443460 1500
1443470 1500
1443480 1498
1443490 1498
1443500 1498
1443510 1497
1443520 1497
1443530 1497
1443540 1497
1443550 1497
1443560 1497
1443570 1497
1443580 1498
1443590 1498
1443600 1498
1443610 1497
1443620 1497
1443630 1495
1443640 1494
1443650 1494
1443660 1492
1443670 1491
1443680 1491
1443690 1491
1443700 1490
1443710 1489
1443720 1489
1443730 1487
1443740 1485
1443750 1485
1443760 1483
1443770 1481
1443780 1481
1443790 1476
1443800 1471
1443810 1471
1443820 1466
1443830 1464
1443840 1464
1443850 1462
1443860 1457
1443870 1457
1443880 1452
1443890 1449
1443900 1449
1443910 1447
1443920 1446
1443930 1446
1443940 1447
1443950 1446
1443960 1444
1443970 1444
1443980 1439
1443990 1434
1444000 1434
1444010 1429
1444020 1424
1444030 1424
1444040 1419
1444050 1412
1444060 1412
1444070 1407
1444080 1402
1444090 1402
1444100 1396
1444110 1392
1444120 1392
1444130 1388
1444140 1384
1444150 1384
1444160 1380
1444170 1371
1444180 1371
1444190 1362
1444200 1353
1444210 1344
1444220 1344
1444230 1336
1444240 1328
1444250 1328
1444260 1322
1444270 1316
1444280 1316
1444290 1311
1444300 1305
1444310 1305
1444320 1299
1444330 1292
1444340 1292
1444350 1285
1444360 1279
1444370 1279
1444380 1272
1444390 1263
1444400 1263
1444410 1256
1444420 1251
1444430 1251
1444440 1248
1444450 1242
1444460 1236
1444470 1236
1444480 1229
1444490 1227
1444500 1227
1444510 1221
1444520 1214
1444530 1214
1444540 1207
1444550 1199
1444560 1199
1444570 1189
1444580 1177
1444590 1177
1444600 1164
1444610 1152
1444620 1152
1444630 1142
1444640 1133
1444650 1133
1444660 1125
1444670 1117
1444680 1117
1444690 1110
1444700 1103
1444710 1097
1444720 1097
1444730 1091
1444740 1086
1444750 1086
1444760 1081
1444770 1076
1444780 1076
1444790 1071
1444800 1066
1444810 1066
1444820 1061
1444830 1055
1444840 1055
1444850 1049
1444860 1044
1444870 1044
1444880 1040
1444890 1035
1444900 1035
1444910 1031
1444920 1028
1444930 1028
1444940 1024
1444950 1019
1444960 1013
1444970 1013
1444980 1006
1444990 1000
1445000 1000
1445010 992
1445020 985
1445030 985
1445040 979
1445050 974
1445060 974
1445070 969
1445080 965
1445090 965
1445100 962
1445110 957
1445120 958
1445130 953
1445140 948
1445150 948
1445160 944
1445170 941
1445180 941
1445190 937
1445200 934
1445210 934
1445220 932
1445230 930
1445240 928
1445250 928
1445260 927
1445270 927
1445280 927
1445290 927
1445300 926
1445310 926
1445320 926
1445330 926
1445340 926
1445350 925
1445360 925
1445370 925
1445380 924
1445390 924
1445400 924
1445410 923
1445420 922
1445430 922
1445440 921
1445450 919
1445460 919
1445470 914
1445480 911
1445490 910
1445500 910
1445510 910
1445520 911
1445530 911
1445540 914
1445550 917
1445560 917
1445570 918
1445580 921
1445590 921
1445600 925
1445610 929
1445620 929
1445630 934
1445640 939
1445650 939
1445660 944
1445670 949
1445680 949
1445690 956
1445700 962
1445710 962
1445720 967
1445730 973
1445740 979
1445750 979
1445760 984
1445770 989
1445780 989
1445790 994
1445800 1000
1445810 1000
1445820 1004
1445830 1009
1445840 1009
1445850 1015
1445860 1020
1445870 1020
1445880 1025
1445890 1031
1445900 1031
1445910 1036
1445920 1042
1445930 1042
1445940 1048
1445950 1054
1445960 1054
1445970 1059
1445980 1066
1445990 1072
1446000 1072
1446010 1078
1446020 1084
1446030 1084
1446040 1090
1446050 1096
1446060 1096
1446070 1102
1446080 1108
1446090 1108
1446100 1114
1446110 1122
1446120 1122
1446130 1130
1446140 1137
1446150 1137
1446160 1144
1446170 1151
1446180 1151
1446190 1158
1446200 1166
1446210 1166
1446220 1173
1446230 1178
1446240 1184
1446250 1184
1446260 1190
1446270 1197
1446280 1197
1446290 1205
1446300 1212
1446310 1212
1446320 1219
1446330 1226
1446340 1226
1446350 1233
1446360 1240
1446370 1240
1446380 1248
1446390 1256
1446400 1256
1446410 1264
1446420 1272
1446430 1272
1446440 1281
1446450 1289
1446460 1289
1446470 1296
1446480 1302
1446490 1308
1446500 1308
1446510 1315
1446520 1321
1446530 1321
1446540 1328
1446550 1334
1446560 1334
1446570 1341
1446580 1348
1446590 1348
1446600 1355
1446610 1362
1446620 1362
1446630 1367
1446640 1371
1446650 1371
1446660 1376
1446670 1381
1446680 1381
1446690 1386
1446700 1391
1446710 1391
1446720 1398
1446730 1404
1446740 1404
1446750 1410
1446760 1415
1446770 1421
1446780 1421
1446790 1428
1446800 1434
1446810 1434
1446820 1440
1446830 1446
1446840 1446
1446850 1451
1446860 1457
1446870 1457
1446880 1463
1446890 1469
1446900 1469
1446910 1476
1446920 1482
1446930 1482
1446940 1488
1446950 1493
1446960 1493
1446970 1498
1446980 1502
1446990 1502
1447000 1506
1447010 1508
1447020 1511
1447030 1511
1447040 1516
1447050 1520
1447060 1520
1447070 1523
1447080 1526
1447090 1526
1447100 1528
1447110 1530
1447120 1530
1447130 1532
1447140 1534
1447150 1534
1447160 1536
1447170 1537
1447180 1537
1447190 1539
1447200 1540
1447210 1540
1447220 1541
1447230 1541
1447240 1541
1447250 1541
1447260 1542
1447270 1543
1447280 1543
1447290 1542
1447300 1538
1447310 1538
1447320 1534
1447330 1532
1447340 1532
1447350 1532
1447360 1534
1447370 1534
1447380 1538
1447390 1543
1447400 1543
1447410 1548
1447420 1553
1447430 1553
1447440 1557
1447450 1562
1447460 1562
1447470 1567
1447480 1573
1447490 1573
1447500 1578
1447510 1583
1447520 1587
1447530 1587
1447540 1590
1447550 1593
1447560 1593
1447570 1598
1447580 1603
1447590 1603
1447600 1607
1447610 1611
1447620 1611
1447630 1615
1447640 1619
1447650 1619
1447660 1623
1447670 1627
1447680 1627
1447690 1632
1447700 1637
1447710 1637
1447720 1642
1447730 1648
1447740 1648
1447750 1654
1447760 1659
1447770 1664
1447780 1664
1447790 1668
1447800 1671
1447810 1671
1447820 1674
1447830 1677
1447840 1677
1447850 1680
1447860 1683
1447870 1683
1447880 1684
1447890 1685
1447900 1685
1447910 1686
1447920 1686
1447930 1686
1447940 1689
1447950 1693
1447960 1693
1447970 1698
1447980 1703
1447990 1703
1448000 1709
1448010 1716
1448020 1722
1448030 1722
1448040 1726
1448050 1729
1448060 1729
1448070 1730
1448080 1732
1448090 1732
1448100 1736
1448110 1740
1448120 1740
1448130 1746
1448140 1754
1448150 1754
1448160 1758
1448170 1762
1448180 1762
1448190 1765
1448200 1766
1448210 1766
1448220 1765
1448230 1765
1448240 1765
1448250 1765
1448260 1765
1448270 1765
1448280 1765
1448290 1767
1448300 1768
1448310 1768
1448320 1771
1448330 1773
1448340 1773
1448350 1775
1448360 1776
1448370 1776
1448380 1777
1448390 1778
1448400 1778
1448410 1778
1448420 1778
1448430 1778
1448440 1778
1448450 1777
1448460 1777
1448470 1783
1448480 1781
1448490 1781
1448500 1780
1448510 1780
1448520 1780
1448530 1780
1448540 1781
1448550 1781
1448560 1781
1448570 1782
1448580 1782
1448590 1782
1448600 1784
1448610 1786
1448620 1786
1448630 1787
1448640 1789
1448650 1789
1448660 1792
1448670 1794
1448680 1794
1448690 1794
1448700 1795
1448710 1795
1448720 1798
1448730 1799
1448740 1799
1448750 1802
1448760 1807
1448770 1807
1448780 1813
1448790 1819
1448800 1823
1448810 1823
1448820 1825
1448830 1827
1448840 1827
1448850 1830
1448860 1833
1448870 1833
1448880 1835
1448890 1837
1448900 1837
1448910 1840
1448920 1843
1448930 1843
1448940 1846
1448950 1848
1448960 1848
1448970 1849
1448980 1850
1448990 1850
1449000 1851
1449010 1853
1449020 1853
1449030 1856
1449040 1858
1449050 1860
1449060 1860
1449070 1862
1449080 1864
1449090 1864
1449100 1865
1449110 1866
1449120 1866
1449130 1868
1449140 1871
1449150 1871
1449160 1873
1449170 1874
1449180 1874
1449190 1876
1449200 1877
1449210 1877
1449220 1878
1449230 1881
1449240 1881
1449250 1883
1449260 1885
1449270 1885
1449280 1887
1449290 1889
1449300 1892
1449310 1892
1449320 1896
1449330 1897
1449340 1897
1449350 1898
1449360 1902
1449370 1902
1449380 1905
1449390 1907
1449400 1907
1449410 1906
1449420 1908
1449430 1908
1449440 1912
1449450 1915
1449460 1915
1449470 1916
1449480 1916
1449490 1916
1449500 1913
1449510 1909
1449520 1909
1449530 1904
1449540 1899
1449550 1899
1449560 1894
1449570 1887
1449580 1882
1449590 1882
1449600 1877
1449610 1871
1449620 1871
1449630 1865
1449640 1861
1449650 1861
1449660 1858
1449670 1856
1449680 1856
1449690 1849
1449700 1842
1449710 1842
1449720 1838
1449730 1833
1449740 1833
1449750 1828
1449760 1822
1449770 1822
1449780 1816
1449790 1811
1449800 1811
1449810 1806
1449820 1800
1449830 1793
1449840 1793
1449850 1786
1449860 1780
1449870 1780
1449880 1775
1449890 1768
1449900 1768
1449910 1761
1449920 1753
1449930 1753
1449940 1747
1449950 1742
1449960 1742
1449970 1740
1449980 1736
1449990 1736
1450000 1731
1450010 1726
1450020 1726
1450030 1721
1450040 1716
1450050 1716
1450060 1711
1450070 1705
1450080 1700
1450090 1700
1450100 1696
1450110 1693
1450120 1693
1450130 1688
1450140 1683
1450150 1683
1450160 1678
1450170 1673
1450180 1673
1450190 1669
1450200 1665
1450210 1665
1450220 1660
1450230 1655
1450240 1655
1450250 1649
1450260 1644
1450270 1644
1450280 1639
1450290 1635
1450300 1635
1450310 1631
1450320 1627
1450330 1622
1450340 1622
1450350 1618
1450360 1614
1450370 1614
1450380 1609
1450390 1606
1450400 1606
1450410 1602
1450420 1599
1450430 1599
1450440 1597
1450450 1596
1450460 1596
1450470 1593
1450480 1590
1450490 1590
1450500 1587
1450510 1583
1450520 1583
1450530 1577
1450540 1570
1450550 1570
1450560 1562
1450570 1553
1450580 1550
1450590 1550
1450600 1549
1450610 1550
1450620 1550
1450630 1551
1450640 1551
1450650 1551
1450660 1552
1450670 1551
1450680 1551
1450690 1552
1450700 1553
1450710 1553
1450720 1555
1450730 1557
1450740 1557
1450750 1559
1450760 1561
1450770 1561
1450780 1563
1450790 1565
1450800 1565
1450810 1567
1450820 1569
1450830 1572
1450840 1572
1450850 1575
1450860 1577
1450870 1577
1450880 1580
1450890 1580
1450900 1580
1450910 1581
1450920 1583
1450930 1583
1450940 1585
1450950 1588
1450960 1588
1450970 1589
1450980 1590
1450990 1590
1451000 1594
1451010 1598
1451020 1598
1451030 1604
1451040 1610
1451050 1610
1451060 1618
1451070 1625
1451080 1625
1451090 1633
1451100 1641
1451110 1648
1451120 1648
1451130 1652
1451140 1657
1451150 1657
1451160 1661
1451170 1666
1451180 1666
1451190 1671
1451200 1676
1451210 1676
1451220 1683
1451230 1687
1451240 1687
1451250 1690
1451260 1694
1451270 1694
1451280 1698
1451290 1703
1451300 1703
1451310 1710
1451320 1717
1451330 1717
1451340 1722
1451350 1724
1451360 1728
1451370 1728
1451380 1732
1451390 1736
1451400 1736
1451410 1741
1451420 1746
1451430 1746
1451440 1751
1451450 1755
1451460 1755
1451470 1758
1451480 1761
1451490 1761
1451500 1763
1451510 1765
1451520 1765
1451530 1768
1451540 1772
1451550 1772
1451560 1777
1451570 1781
1451580 1781
1451590 1784
1451600 1787
1451610 1791
1451620 1791
1451630 1793
1451640 1794
1451650 1794
1451660 1794
1451670 1798
1451680 1798
1451690 1798
1451700 1797
1451710 1797
1451720 1797
1451730 1796
1451740 1796
1451750 1793
1451760 1790
1451770 1790
1451780 1788
1451790 1791
1451800 1791
1451810 1796
1451820 1802
1451830 1802
1451840 1808
1451850 1814
1451860 1822
1451870 1822
1451880 1829
1451890 1836
1451900 1836
1451910 1845
1451920 1853
1451930 1853
1451940 1862
1451950 1871
1451960 1871
1451970 1883
1451980 1894
1451990 1894
1452000 1900
1452010 1901
1452020 1901
1452030 1903
1452040 1903
1452050 1903
1452060 1895
1452070 1889
1452080 1889
1452090 1884
1452100 1882
1452110 1881
1452120 1881
1452130 1878
1452140 1874
1452150 1874
1452160 1865
1452170 1864
1452180 1864
1452190 1858
1452200 1852
1452210 1852
1452220 1851
1452230 1849
1452240 1849
1452250 1847
1452260 1846
1452270 1846
1452280 1845
1452290 1844
1452300 1844
1452310 1843
1452320 1841
1452330 1841
1452340 1838
1452350 1835
1452360 1830
1452370 1830
1452380 1823
1452390 1814
1452400 1814
1452410 1803
1452420 1796
1452430 1796
1452440 1791
1452450 1785
1452460 1785
1452470 1781
1452480 1776
1452490 1776
1452500 1771
1452510 1764
1452520 1764
1452530 1758
1452540 1752
1452550 1752
1452560 1747
1452570 1742
1452580 1742
1452590 1735
1452600 1729
1452610 1729
1452620 1723
1452630 1717
1452640 1712
1452650 1712
1452660 1707
1452670 1703
1452680 1703
1452690 1700
1452700 1697
1452710 1697
1452720 1693
1452730 1688
1452740 1688
1452750 1684
1452760 1679
1452770 1679
1452780 1675
1452790 1673
1452800 1673
1452810 1670
1452820 1667
1452830 1667
1452840 1665
1452850 1663
1452860 1663
1452870 1660
1452880 1658
1452890 1656
1452900 1656
1452910 1653
1452920 1650
1452930 1650
1452940 1646
1452950 1643
1452960 1643
1452970 1640
1452980 1637
1452990 1637
1453000 1633
1453010 1631
1453020 1631
1453030 1628
1453040 1625
1453050 1625
1453060 1622
1453070 1619
1453080 1619
1453090 1616
1453100 1612
1453110 1612
1453120 1609
1453130 1606
1453140 1603
1453150 1603
1453160 1600
1453170 1598
1453180 1598
1453190 1596
1453200 1595
1453210 1595
1453220 1592
1453230 1587
1453240 1587
1453250 1583
1453260 1579
1453270 1579
1453280 1574
1453290 1568
1453300 1568
1453310 1564
1453320 1560
1453330 1560
1453340 1556
1453350 1551
1453360 1551
1453370 1547
1453380 1543
1453390 1540
1453400 1540
1453410 1539
1453420 1539
1453430 1539
1453440 1537
1453450 1536
1453460 1536
1453470 1533
1453480 1530
1453490 1530
1453500 1527
1453510 1524
1453520 1524
1453530 1521
1453540 1518
1453550 1518
1453560 1516
1453570 1514
1453580 1514
1453590 1512
1453600 1507
1453610 1507
1453620 1502
1453630 1498
1453640 1494
1453650 1494
1453660 1491
1453670 1488
1453680 1488
1453690 1485
1453700 1482
1453710 1482
1453720 1480
1453730 1477
1453740 1477
1453750 1474
1453760 1469
1453770 1469
1453780 1465
1453790 1462
1453800 1462
1453810 1456
1453820 1450
1453830 1450
1453840 1445
1453850 1439
1453860 1439
1453870 1433
1453880 1426
1453890 1426
1453900 1421
1453910 1417
1453920 1412
1453930 1412
1453940 1408
1453950 1404
1453960 1404
1453970 1399
1453980 1391
1453990 1391
1454000 1384
1454010 1379
1454020 1379
1454030 1374
1454040 1367
1454050 1367
1454060 1360
1454070 1354
1454080 1354
1454090 1349
1454100 1346
1454110 1346
1454120 1344
1454130 1340
1454140 1340
1454150 1332
1454160 1327
1454170 1321
1454180 1321
1454190 1315
1454200 1310
1454210 1310
1454220 1304
1454230 1300
1454240 1300
1454250 1296
1454260 1290
1454270 1290
1454280 1284
1454290 1279
1454300 1279
1454310 1273
1454320 1269
1454330 1269
1454340 1263
1454350 1258
1454360 1258
1454370 1254
1454380 1252
1454390 1252
1454400 1249
1454410 1245
1454420 1240
1454430 1240
1454440 1233
1454450 1226
1454460 1226
1454470 1220
1454480 1215
1454490 1215
1454500 1212
1454510 1209
1454520 1209
1454530 1200
1454540 1194
1454550 1194
1454560 1187
1454570 1180
1454580 1180
1454590 1174
1454600 1168
1454610 1168
1454620 1163
1454630 1157
1454640 1157
1454650 1152
1454660 1147
1454670 1142
1454680 1142
1454690 1135
1454700 1130
1454710 1130
1454720 1128
1454730 1128
1454740 1128
1454750 1130
1454760 1127
1454770 1127
1454780 1122
1454790 1117
1454800 1117
1454810 1113
1454820 1109
1454830 1109
1454840 1104
1454850 1097
1454860 1097
1454870 1089
1454880 1082
1454890 1082
1454900 1078
1454910 1071
1454920 1061
1454930 1061
1454940 1052
1454950 1044
1454960 1044
1454970 1035
1454980 1027
1454990 1027
1455000 1026
1455010 1026
1455020 1026
1455030 1028
1455040 1030
1455050 1030
1455060 1031
1455070 1032
1455080 1032
1455090 1032
1455100 1032
1455110 1032
1455120 1032
1455130 1032
1455140 1032
1455150 1033
1455160 1035
1455170 1036
1455180 1036
1455190 1038
1455200 1038
1455210 1038
1455220 1042
1455230 1042
1455240 1042
1455250 1041
1455260 1038
1455270 1038
1455280 1034
1455290 1032
1455300 1032
1455310 1028
1455320 1027
1455330 1027
1455340 1026
1455350 1025
1455360 1025
1455370 1025
1455380 1027
1455390 1027
1455400 1030
1455410 1030
1455420 1030
1455430 1030
1455440 1032
1455450 1032
1455460 1032
1455470 1031
1455480 1031
1455490 1031
1455500 1030
1455510 1031
1455520 1031
1455530 1030
1455540 1028
1455550 1028
1455560 1025
1455570 1022
1455580 1022
1455590 1021
1455600 1018
1455610 1018
1455620 1012
1455630 1007
1455640 1007
1455650 1003
1455660 999
1455670 999
1455680 996
1455690 994
1455700 992
1455710 992
1455720 990
1455730 989
1455740 989
1455750 987
1455760 982
1455770 982
1455780 974
1455790 968
1455800 968
1455810 964
1455820 962
1455830 962
1455840 961
1455850 960
1455860 960
1455870 958
1455880 956
1455890 956
1455900 953
1455910 949
1455920 949
1455930 945
1455940 942
1455950 938
1455960 938
1455970 935
1455980 930
1455990 930
1456000 926
1456010 922
1456020 922
1456030 919
1456040 917
1456050 917
1456060 916
1456070 914
1456080 914
1456090 912
1456100 910
1456110 910
1456120 907
1456130 904
1456140 904
1456150 901
1456160 899
1456170 899
1456180 896
1456190 894
1456200 892
1456210 892
1456220 890
1456230 886
1456240 886
1456250 883
1456260 879
1456270 879
1456280 873
1456290 867
1456300 867
1456310 862
1456320 856
1456330 856
1456340 848
1456350 843
1456360 843
1456370 841
1456380 839
1456390 840
1456400 838
1456410 836
1456420 836
1456430 835
1456440 835
1456450 835
1456460 835
1456470 834
1456480 833
1456490 833
1456500 833
1456510 833
1456520 833
1456530 832
1456540 833
1456550 833
1456560 833
1456570 833
1456580 833
1456590 833
1456600 833
1456610 833
1456620 833
1456630 833
1456640 833
1456650 833
1456660 833
1456670 833
1456680 834
1456690 833
1456700 833
1456710 833
1456720 833
1456730 833
1456740 833
1456750 833
1456760 833
1456770 833
1456780 833
1456790 833
1456800 833
1456810 834
1456820 834
1456830 834
1456840 834
1456850 834
1456860 834
1456870 833
1456880 833
1456890 833
1456900 833
1456910 833
1456920 833
1456930 833
1456940 833
1456950 833
1456960 833
1456970 832
1456980 832
1456990 832
1457000 831
1457010 831
1457020 831
1457030 830
1457040 830
1457050 830
1457060 829
1457070 829
1457080 829
1457090 829
1457100 828
1457110 828
1457120 827
1457130 826
1457140 826
1457150 825
1457160 825
1457170 825
1457180 825
1457190 824
1457200 824
1457210 823
1457220 823
1457230 823
1457240 823
1457250 822
1457260 822
1457270 822
1457280 821
1457290 821
1457300 821
1457310 821
1457320 821
1457330 821
1457340 820
1457350 819
1457360 819
1457370 818
1457380 817
1457390 817
1457400 817
1457410 817
1457420 817
1457430 816
1457440 816
1457450 816
1457460 816
1457470 816
1457480 818
1457490 818
1457500 818
1457510 816
1457520 816
1457530 815
1457540 813
1457550 813
1457560 813
1457570 814
1457580 814
1457590 815
1457600 816
1457610 816
1457620 816
1457630 817
1457640 817
1457650 817
1457660 817
1457670 817
1457680 818
1457690 819
1457700 819
1457710 819
1457720 820
1457730 821
1457740 821
1457750 822
1457760 822
1457770 822
1457780 822
1457790 822
1457800 822
1457810 824
1457820 825
1457830 825
1457840 826
1457850 828
1457860 828
1457870 830
1457880 832
1457890 832
1457900 833
1457910 835
1457920 835
1457930 837
1457940 838
1457950 838
1457960 840
1457970 840
1457980 841
1457990 841
1458000 844
1458010 846
1458020 846
1458030 847
1458040 847
1458050 847
1458060 847
1458070 846
1458080 846
1458090 845
1458100 845
1458110 845
1458120 847
1458130 849
1458140 849
1458150 850
1458160 851
1458170 851
1458180 853
1458190 855
1458200 855
1458210 857
1458220 858
1458230 860
1458240 860
1458250 862
1458260 863
1458270 863
1458280 863
1458290 865
1458300 865
1458310 867
1458320 869
1458330 869
1458340 873
1458350 879
1458360 879
1458370 884
1458380 891
1458390 891
1458400 897
1458410 897
1458420 897
1458430 891
1458440 884
1458450 884
1458460 884
1458470 885
1458480 888
1458490 888
1458500 894
1458510 899
1458520 899
1458530 905
1458540 911
1458550 911
1458560 919
1458570 927
1458580 927
1458590 934
1458600 939
1458610 939
1458620 945
1458630 953
1458640 953
1458650 961
1458660 966
1458670 966
1458680 972
1458690 977
1458700 977
1458710 981
1458720 985
1458730 985
1458740 991
1458750 995
1458760 999
1458770 999
1458780 1004
1458790 1008
1458800 1008
1458810 1013
1458820 1018
1458830 1018
1458840 1023
1458850 1027
1458860 1027
1458870 1031
1458880 1037
1458890 1037
1458900 1042
1458910 1047
1458920 1047
1458930 1052
1458940 1056
1458950 1056
1458960 1060
1458970 1064
1458980 1064
1458990 1068
1459000 1072
1459010 1077
1459020 1077
1459030 1081
1459040 1086
1459050 1086
1459060 1089
1459070 1092
1459080 1092
1459090 1095
1459100 1098
1459110 1098
1459120 1101
1459130 1104
1459140 1104
1459150 1107
1459160 1110
1459170 1110
1459180 1113
1459190 1117
1459200 1117
1459210 1119
1459220 1121
1459230 1121
1459240 1123
1459250 1125
1459260 1128
1459270 1128
1459280 1132
1459290 1135
1459300 1135
1459310 1139
1459320 1142
1459330 1142
1459340 1143
1459350 1145
1459360 1145
1459370 1148
1459380 1152
1459390 1152
1459400 1154
1459410 1156
1459420 1156
1459430 1157
1459440 1160
1459450 1160
1459460 1164
1459470 1167
1459480 1167
1459490 1170
1459500 1172
1459510 1175
1459520 1175
1459530 1176
1459540 1178
1459550 1178
1459560 1182
1459570 1187
1459580 1187
1459590 1192
1459600 1195
1459610 1195
1459620 1197
1459630 1197
1459640 1197
1459650 1199
1459660 1201
1459670 1201
1459680 1203
1459690 1206
1459700 1206
1459710 1208
1459720 1209
1459730 1209
1459740 1209
1459750 1206
1459760 1204
1459770 1204
1459780 1206
1459790 1206
1459800 1206
1459810 1204
1459820 1201
1459830 1201
1459840 1196
1459850 1193
1459860 1193
1459870 1190
1459880 1188
1459890 1188
1459900 1187
1459910 1185
1459920 1185
1459930 1193
1459940 1202
1459950 1202
1459960 1209
1459970 1215
1459980 1215
1459990 1220
