1440000 734
1440010 731
1440020 730
1440030 730
1440040 730
1440050 729
1440060 728
1440070 728
1440080 728
1440090 728
1440100 728
1440110 727
1440120 727
1440130 727
1440140 726
1440150 726
1440160 726
1440170 726
1440180 725
1440190 725
1440200 724
1440210 724
1440220 724
1440230 723
1440240 721
1440250 721
1440260 721
1440270 721
1440280 721
1440290 721
1440300 721
1440310 721
1440320 719
1440330 719
1440340 720
1440350 720
1440360 720
1440370 719
1440380 719
1440390 716
1440400 714
1440410 714
1440420 713
1440430 712
1440440 712
1440450 711
1440460 711
1440470 711
1440480 711
1440490 711
1440500 711
1440510 711
1440520 711
1440530 711
1440540 711
1440550 711
1440560 711
1440570 711
1440580 711
1440590 710
1440600 710
1440610 710
1440620 710
1440630 710
1440640 710
1440650 710
1440660 710
1440670 710
1440680 710
1440690 710
1440700 710
1440710 710
1440720 710
1440730 710
1440740 710
1440750 710
1440760 710
1440770 709
1440780 709
1440790 709
1440800 709
1440810 709
1440820 709
1440830 709
1440840 709
1440850 709
1440860 709
1440870 709
1440880 709
1440890 709
1440900 708
1440910 708
1440920 708
1440930 708
1440940 708
1440950 709
1440960 709
1440970 709
1440980 709
1440990 709
1441000 709
1441010 709
1441020 709
1441030 709
1441040 710
1441050 712
1441060 712
1441070 714
1441080 716
1441090 716
1441100 717
1441110 718
1441120 718
1441130 718
1441140 718
1441150 718
1441160 718
1441170 718
1441180 719
1441190 719
1441200 720
1441210 721
1441220 721
1441230 722
1441240 722
1441250 722
1441260 722
1441270 722
1441280 722
1441290 722
1441300 720
1441310 720
1441320 719
1441330 716
1441340 716
1441350 717
1441360 721
1441370 721
1441380 722
1441390 723
1441400 724
1441410 724
1441420 727
1441430 730
1441440 730
1441450 731
1441460 732
1441470 732
1441480 732
1441490 732
1441500 732
1441510 732
1441520 732
1441530 732
1441540 732
1441550 732
1441560 732
1441570 733
1441580 734
1441590 734
1441600 735
1441610 736
1441620 736
1441630 736
1441640 736
1441650 735
1441660 735
1441670 732
1441680 732
1441690 732
1441700 730
1441710 731
1441720 731
1441730 733
1441740 734
1441750 734
1441760 738
1441770 738
1441780 738
1441790 737
1441800 736
1441810 736
1441820 736
1441830 737
1441840 737
1441850 737
1441860 735
1441870 735
1441880 732
1441890 729
1441900 729
1441910 726
1441920 723
1441930 720
1441940 720
1441950 717
1441960 714
1441970 714
1441980 711
1441990 708
1442000 708
1442010 706
1442020 704
1442030 704
1442040 703
1442050 702
1442060 702
1442070 701
1442080 701
1442090 701
1442100 701
1442110 701
1442120 701
1442130 701
1442140 701
1442150 701
1442160 702
1442170 703
1442180 705
1442190 705
1442200 708
1442210 709
1442220 709
1442230 709
1442240 711
1442250 711
1442260 711
1442270 713
1442280 713
1442290 715
1442300 719
1442310 719
1442320 724
1442330 729
1442340 729
1442350 733
1442360 736
1442370 736
1442380 740
1442390 746
1442400 746
1442410 750
1442420 753
1442430 753
1442440 755
1442450 756
1442460 756
1442470 756
1442480 755
1442490 752
1442500 752
1442510 751
1442520 751
1442530 751
1442540 751
1442550 750
1442560 750
1442570 750
1442580 749
1442590 749
1442600 750
1442610 750
1442620 750
1442630 750
1442640 751
1442650 751
1442660 751
1442670 752
1442680 752
1442690 752
1442700 752
1442710 752
1442720 752
1442730 752
1442740 752
1442750 752
1442760 752
1442770 752
1442780 752
1442790 752
1442800 752
1442810 752
1442820 753
1442830 753
1442840 753
1442850 753
1442860 753
1442870 753
1442880 753
1442890 753
1442900 753
1442910 753
1442920 753
1442930 753
1442940 754
1442950 755
1442960 755
1442970 755
1442980 756
1442990 757
1443000 757
1443010 757
1443020 757
1443030 757
1443040 758
1443050 758
1443060 758
1443070 758
1443080 758
1443090 758
1443100 758
1443110 758
1443120 758
1443130 759
1443140 759
1443150 759
1443160 757
1443170 751
1443180 751
1443190 749
1443200 749
1443210 749
1443220 754
1443230 757
1443240 757
1443250 757
1443260 757
1443270 757
1443280 757
1443290 757
1443300 758
1443310 758
1443320 758
1443330 758
1443340 758
1443350 758
1443360 758
1443370 758
1443380 758
1443390 758
1443400 758
1443410 758
1443420 757
1443430 757
1443440 757
1443450 756
1443460 756
1443470 756
1443480 756
1443490 756
1443500 755
1443510 755
1443520 754
1443530 754
1443540 753
1443550 753
1443560 753
1443570 752
1443580 752
1443590 752
1443600 751
1443610 751
1443620 751
1443630 751
1443640 750
1443650 750
1443660 750
1443670 749
1443680 749
1443690 749
1443700 750
1443710 750
1443720 749
1443730 747
1443740 747
1443750 746
1443760 746
1443770 746
1443780 746
1443790 747
1443800 747
1443810 747
1443820 747
1443830 748
1443840 748
1443850 750
1443860 751
1443870 751
1443880 752
1443890 752
1443900 752
1443910 751
1443920 748
1443930 748
1443940 742
1443950 735
1443960 735
1443970 730
1443980 723
1443990 723
1444000 716
1444010 712
1444020 712
1444030 709
1444040 704
1444050 700
1444060 700
1444070 699
1444080 697
1444090 697
1444100 696
1444110 696
1444120 696
1444130 702
1444140 703
1444150 703
1444160 704
1444170 705
1444180 705
1444190 706
1444200 705
1444210 705
1444220 703
1444230 703
1444240 703
1444250 703
1444260 702
1444270 702
1444280 700
1444290 697
1444300 693
1444310 693
1444320 691
1444330 689
1444340 689
1444350 689
1444360 689
1444370 689
1444380 689
1444390 690
1444400 690
1444410 694
1444420 701
1444430 701
1444440 709
1444450 717
1444460 717
1444470 717
1444480 708
1444490 708
1444500 696
1444510 692
1444520 692
1444530 693
1444540 696
1444550 696
1444560 703
1444570 713
1444580 721
1444590 721
1444600 728
1444610 736
1444620 736
1444630 745
1444640 757
1444650 757
1444660 771
1444670 781
1444680 781
1444690 789
1444700 793
1444710 793
1444720 794
1444730 795
1444740 795
1444750 796
1444760 797
1444770 797
1444780 798
1444790 798
1444800 798
1444810 799
1444820 799
1444830 799
1444840 799
1444850 798
1444860 797
1444870 797
1444880 796
1444890 797
1444900 797
1444910 797
1444920 797
1444930 797
1444940 797
1444950 797
1444960 797
1444970 796
1444980 796
1444990 796
1445000 796
1445010 794
1445020 794
1445030 794
1445040 798
1445050 798
1445060 801
1445070 799
1445080 799
1445090 797
1445100 796
1445110 796
1445120 796
1445130 796
1445140 796
1445150 796
1445160 797
1445170 799
1445180 799
1445190 800
1445200 801
1445210 801
1445220 798
1445230 795
1445240 795
1445250 793
1445260 794
1445270 794
1445280 795
1445290 795
1445300 795
1445310 794
1445320 795
1445330 795
1445340 797
1445350 800
1445360 802
1445370 802
1445380 805
1445390 807
1445400 807
1445410 809
1445420 812
1445430 812
1445440 815
1445450 817
1445460 817
1445470 820
1445480 826
1445490 826
1445500 831
1445510 835
1445520 835
1445530 838
1445540 842
1445550 842
1445560 848
1445570 855
1445580 855
1445590 861
1445600 865
1445610 865
1445620 865
1445630 867
1445640 868
1445650 868
1445660 867
1445670 865
1445680 865
1445690 864
1445700 865
1445710 865
1445720 865
1445730 867
1445740 867
1445750 868
1445760 873
1445770 873
1445780 879
1445790 884
1445800 884
1445810 891
1445820 900
1445830 900
1445840 909
1445850 919
1445860 919
1445870 929
1445880 936
1445890 942
1445900 942
1445910 946
1445920 948
1445930 948
1445940 950
1445950 951
1445960 951
1445970 951
1445980 952
1445990 952
1446000 951
1446010 951
1446020 951
1446030 951
1446040 953
1446050 953
1446060 958
1446070 964
1446080 964
1446090 967
1446100 971
1446110 971
1446120 974
1446130 978
1446140 982
1446150 982
1446160 985
1446170 989
1446180 989
1446190 992
1446200 994
1446210 994
1446220 996
1446230 997
1446240 997
1446250 998
1446260 999
1446270 999
1446280 1000
1446290 1001
1446300 1001
1446310 1002
1446320 1003
1446330 1003
1446340 1003
1446350 1004
1446360 1005
1446370 1006
1446380 1005
1446390 1005
1446400 1005
1446410 1005
1446420 1005
1446430 1005
1446440 1005
1446450 1005
1446460 1005
1446470 1005
1446480 1005
1446490 1005
1446500 1005
1446510 1005
1446520 1005
1446530 1005
1446540 1005
1446550 1005
1446560 1005
1446570 1005
1446580 1005
1446590 1005
1446600 1005
1446610 1005
1446620 1005
1446630 1005
1446640 1005
1446650 1005
1446660 1004
1446670 1004
1446680 1004
1446690 1004
1446700 1004
1446710 1004
1446720 1003
1446730 1003
1446740 1003
1446750 1003
1446760 1003
1446770 1003
1446780 1003
1446790 1003
1446800 1003
1446810 1003
1446820 1003
1446830 1003
1446840 1003
1446850 1003
1446860 1003
1446870 1003
1446880 1002
1446890 1002
1446900 1002
1446910 1002
1446920 1002
1446930 1001
1446940 1001
1446950 1000
1446960 1000
1446970 1000
1446980 999
1446990 999
1447000 999
1447010 999
1447020 999
1447030 998
1447040 998
1447050 998
1447060 997
1447070 998
1447080 998
1447090 998
1447100 997
1447110 997
1447120 997
1447130 997
1447140 997
1447150 996
1447160 996
1447170 996
1447180 995
1447190 995
1447200 994
1447210 994
1447220 993
1447230 993
1447240 993
1447250 992
1447260 992
1447270 992
1447280 992
1447290 992
1447300 992
1447310 992
1447320 992
1447330 992
1447340 991
1447350 991
1447360 991
1447370 991
1447380 991
1447390 991
1447400 991
1447410 992
1447420 992
1447430 993
1447440 994
1447450 994
1447460 995
1447470 995
1447480 995
1447490 995
1447500 995
1447510 995
1447520 995
1447530 995
1447540 994
1447550 994
1447560 993
1447570 991
1447580 991
1447590 990
1447600 989
1447610 989
1447620 985
1447630 984
1447640 984
1447650 983
1447660 982
1447670 982
1447680 981
1447690 980
1447700 980
1447710 980
1447720 980
1447730 979
1447740 979
1447750 979
1447760 978
1447770 978
1447780 978
1447790 978
1447800 978
1447810 977
1447820 976
1447830 976
1447840 975
1447850 975
1447860 975
1447870 976
1447880 977
1447890 977
1447900 978
1447910 979
1447920 979
1447930 981
1447940 982
1447950 982
1447960 983
1447970 983
1447980 983
1447990 982
1448000 981
1448010 980
1448020 980
1448030 979
1448040 979
1448050 979
1448060 979
1448070 980
1448080 980
1448090 982
1448100 984
1448110 984
1448120 987
1448130 991
1448140 991
1448150 996
1448160 999
1448170 999
1448180 1000
1448190 1000
1448200 1000
1448210 1000
1448220 1001
1448230 1001
1448240 1000
1448250 999
1448260 998
1448270 998
1448280 998
1448290 1000
1448300 1000
1448310 1001
1448320 1001
1448330 1001
1448340 1002
1448350 1004
1448360 1004
1448370 1007
1448380 1009
1448390 1009
1448400 1011
1448410 1012
1448420 1012
1448430 1013
1448440 1014
1448450 1014
1448460 1015
1448470 1016
1448480 1016
1448490 1017
1448500 1018
1448510 1018
1448520 1019
1448530 1020
1448540 1021
1448550 1021
1448560 1022
1448570 1022
1448580 1022
1448590 1022
1448600 1023
1448610 1023
1448620 1023
1448630 1024
1448640 1024
1448650 1023
1448660 1022
1448670 1022
1448680 1021
1448690 1021
1448700 1021
1448710 1022
1448720 1022
1448730 1022
1448740 1022
1448750 1022
1448760 1022
1448770 1022
1448780 1022
1448790 1021
1448800 1021
1448810 1021
1448820 1021
1448830 1021
1448840 1021
1448850 1020
1448860 1020
1448870 1019
1448880 1017
1448890 1017
1448900 1017
1448910 1015
1448920 1015
1448930 1013
1448940 1012
1448950 1012
1448960 1010
1448970 1008
1448980 1008
1448990 1006
1449000 1004
1449010 1004
1449020 1002
1449030 1000
1449040 1000
1449050 998
1449060 996
1449070 994
1449080 994
1449090 992
1449100 991
1449110 991
1449120 989
1449130 987
1449140 987
1449150 986
1449160 985
1449170 985
1449180 983
1449190 981
1449200 981
1449210 981
1449220 979
1449230 979
1449240 979
1449250 982
1449260 982
1449270 982
1449280 982
1449290 982
1449300 982
1449310 982
1449320 983
1449330 983
1449340 981
1449350 979
1449360 979
1449370 978
1449380 977
1449390 977
1449400 976
1449410 975
1449420 975
1449430 975
1449440 975
1449450 975
1449460 975
1449470 975
1449480 975
1449490 975
1449500 974
1449510 974
1449520 973
1449530 972
1449540 972
1449550 971
1449560 970
1449570 970
1449580 970
1449590 970
1449600 971
1449610 971
1449620 971
1449630 970
1449640 970
1449650 968
1449660 966
1449670 966
1449680 965
1449690 965
1449700 965
1449710 965
1449720 965
1449730 965
1449740 964
1449750 964
1449760 964
1449770 963
1449780 960
1449790 960
1449800 954
1449810 947
1449820 947
1449830 939
1449840 934
1449850 937
1449860 937
1449870 944
1449880 951
1449890 951
1449900 955
1449910 959
1449920 959
1449930 964
1449940 969
1449950 969
1449960 972
1449970 973
1449980 973
1449990 974
1450000 974
1450010 974
1450020 974
1450030 975
1450040 975
1450050 975
1450060 975
1450070 975
1450080 975
1450090 975
1450100 975
1450110 974
1450120 974
1450130 974
1450140 974
1450150 974
1450160 974
1450170 974
1450180 974
1450190 974
1450200 974
1450210 974
1450220 974
1450230 974
1450240 974
1450250 972
1450260 972
1450270 971
1450280 971
1450290 971
1450300 970
1450310 968
1450320 968
1450330 968
1450340 967
1450350 967
1450360 965
1450370 963
1450380 962
1450390 962
1450400 962
1450410 960
1450420 960
1450430 959
1450440 959
1450450 959
1450460 958
1450470 956
1450480 956
1450490 955
1450500 954
1450510 954
1450520 953
1450530 952
1450540 952
1450550 952
1450560 952
1450570 952
1450580 952
1450590 951
1450600 951
1450610 951
1450620 950
1450630 950
1450640 949
1450650 947
1450660 946
1450670 946
1450680 946
1450690 946
1450700 946
1450710 946
1450720 946
1450730 946
1450740 945
1450750 943
1450760 943
1450770 942
1450780 941
1450790 941
1450800 940
1450810 938
1450820 938
1450830 936
1450840 935
1450850 935
1450860 934
1450870 932
1450880 932
1450890 924
1450900 917
1450910 913
1450920 913
1450930 911
1450940 910
1450950 910
1450960 909
1450970 899
1450980 899
1450990 884
1451000 865
1451010 865
1451020 853
1451030 847
1451040 847
1451050 853
1451060 861
1451070 861
1451080 872
1451090 881
1451100 881
1451110 888
1451120 892
1451130 892
1451140 893
1451150 894
1451160 894
1451170 896
1451180 898
1451190 900
1451200 900
1451210 901
1451220 902
1451230 902
1451240 902
1451250 903
1451260 903
1451270 903
1451280 903
1451290 903
1451300 903
1451310 902
1451320 902
1451330 901
1451340 899
1451350 899
1451360 898
1451370 896
1451380 896
1451390 895
1451400 894
1451410 894
1451420 892
1451430 891
1451440 890
1451450 890
1451460 889
1451470 889
1451480 889
1451490 888
1451500 889
1451510 889
1451520 890
1451530 891
1451540 891
1451550 890
1451560 889
1451570 889
1451580 888
1451590 887
1451600 887
1451610 887
1451620 887
1451630 887
1451640 888
1451650 889
1451660 889
1451670 889
1451680 887
1451690 887
1451700 886
1451710 885
1451720 884
1451730 884
1451740 885
1451750 886
1451760 886
1451770 887
1451780 887
1451790 887
1451800 886
1451810 885
1451820 885
1451830 883
1451840 881
1451850 881
1451860 880
1451870 881
1451880 881
1451890 879
1451900 882
1451910 882
1451920 882
1451930 881
1451940 881
1451950 880
1451960 878
1451970 877
1451980 877
1451990 875
1452000 874
1452010 874
1452020 874
1452030 873
1452040 873
1452050 872
1452060 871
1452070 871
1452080 869
1452090 866
1452100 866
1452110 864
1452120 865
1452130 865
1452140 865
1452150 864
1452160 864
1452170 862
1452180 858
1452190 858
1452200 857
1452210 860
1452220 860
1452230 862
1452240 863
1452250 864
1452260 864
1452270 863
1452280 862
1452290 862
1452300 860
1452310 857
1452320 857
1452330 855
1452340 855
1452350 855
1452360 857
1452370 859
1452380 859
1452390 861
1452400 862
1452410 862
1452420 863
1452430 862
1452440 862
1452450 858
1452460 855
1452470 855
1452480 854
1452490 854
1452500 853
1452510 853
1452520 852
1452530 853
1452540 853
1452550 853
1452560 854
1452570 854
1452580 854
1452590 855
1452600 855
1452610 855
1452620 856
1452630 856
1452640 856
1452650 858
1452660 858
1452670 859
1452680 860
1452690 860
1452700 860
1452710 860
1452720 860
1452730 859
1452740 859
1452750 859
1452760 859
1452770 858
1452780 857
1452790 857
1452800 856
1452810 855
1452820 855
1452830 854
1452840 853
1452850 853
1452860 851
1452870 852
1452880 852
1452890 853
1452900 853
1452910 853
1452920 853
1452930 853
1452940 853
1452950 853
1452960 853
1452970 853
1452980 852
1452990 852
1453000 852
1453010 851
1453020 850
1453030 850
1453040 850
1453050 851
1453060 853
1453070 853
1453080 853
1453090 853
1453100 853
1453110 853
1453120 853
1453130 853
1453140 853
1453150 852
1453160 852
1453170 852
1453180 853
1453190 853
1453200 853
1453210 853
1453220 853
1453230 852
1453240 850
1453250 850
1453260 848
1453270 847
1453280 847
1453290 845
1453300 843
1453310 841
1453320 841
1453330 839
1453340 837
1453350 837
1453360 835
1453370 833
1453380 833
1453390 832
1453400 830
1453410 830
1453420 826
1453430 822
1453440 822
1453450 819
1453460 817
1453470 817
1453480 814
1453490 813
1453500 813
1453510 812
1453520 809
1453530 809
1453540 804
1453550 797
1453560 790
1453570 790
1453580 782
1453590 774
1453600 774
1453610 767
1453620 759
1453630 759
1453640 753
1453650 746
1453660 746
1453670 743
1453680 735
1453690 735
1453700 728
1453710 722
1453720 722
1453730 716
1453740 707
1453750 707
1453760 706
1453770 706
1453780 706
1453790 708
1453800 710
1453810 710
1453820 713
1453830 716
1453840 723
1453850 723
1453860 728
1453870 735
1453880 735
1453890 741
1453900 748
1453910 748
1453920 753
1453930 756
1453940 756
1453950 758
1453960 761
1453970 761
1453980 765
1453990 770
1454000 770
1454010 775
1454020 780
1454030 780
1454040 785
1454050 790
1454060 790
1454070 794
1454080 797
1454090 800
1454100 800
1454110 803
1454120 805
1454130 805
1454140 807
1454150 809
1454160 809
1454170 811
1454180 813
1454190 813
1454200 815
1454210 816
1454220 816
1454230 818
1454240 819
1454250 819
1454260 821
1454270 822
1454280 822
1454290 824
1454300 825
1454310 825
1454320 826
1454330 828
1454340 831
1454350 831
1454360 834
1454370 836
1454380 836
1454390 837
1454400 837
1454410 837
1454420 841
1454430 843
1454440 843
1454450 846
1454460 848
1454470 848
1454480 852
1454490 855
1454500 855
1454510 857
1454520 859
1454530 859
1454540 863
1454550 865
1454560 865
1454570 867
1454580 869
1454590 869
1454600 870
1454610 871
1454620 873
1454630 873
1454640 874
1454650 875
1454660 875
1454670 876
1454680 877
1454690 877
1454700 878
1454710 880
1454720 880
1454730 880
1454740 881
1454750 881
1454760 883
1454770 884
1454780 884
1454790 884
1454800 885
1454810 885
1454820 886
1454830 887
1454840 887
1454850 889
1454860 890
1454870 891
1454880 891
1454890 892
1454900 894
1454910 894
1454920 895
1454930 895
1454940 895
1454950 896
1454960 899
1454970 899
1454980 901
1454990 903
1455000 903
1455010 903
1455020 902
1455030 902
1455040 901
1455050 901
1455060 901
1455070 901
1455080 902
1455090 902
1455100 904
1455110 906
1455120 906
1455130 907
1455140 908
1455150 907
1455160 907
1455170 907
1455180 907
1455190 907
1455200 910
1455210 912
1455220 912
1455230 914
1455240 917
1455250 917
1455260 918
1455270 919
1455280 919
1455290 920
1455300 921
1455310 921
1455320 922
1455330 923
1455340 923
1455350 924
1455360 923
1455370 923
1455380 922
1455390 920
1455400 918
1455410 918
1455420 918
1455430 918
1455440 918
1455450 918
1455460 917
1455470 917
1455480 917
1455490 917
1455500 917
1455510 918
1455520 920
1455530 920
1455540 923
1455550 926
1455560 926
1455570 929
1455580 931
1455590 931
1455600 933
1455610 934
1455620 934
1455630 934
1455640 933
1455650 933
1455660 931
1455670 928
1455680 923
1455690 923
1455700 926
1455710 929
1455720 929
1455730 929
1455740 929
1455750 929
1455760 929
1455770 931
1455780 931
1455790 934
1455800 937
1455810 937
1455820 938
1455830 939
1455840 939
1455850 941
1455860 944
1455870 944
1455880 946
1455890 948
1455900 948
1455910 951
1455920 951
1455930 949
1455940 949
1455950 949
1455960 950
1455970 950
1455980 951
1455990 952
1456000 952
1456010 954
1456020 955
1456030 955
1456040 957
1456050 958
1456060 958
1456070 959
1456080 961
1456090 961
1456100 963
1456110 964
1456120 964
1456130 964
1456140 965
1456150 965
1456160 967
1456170 970
1456180 970
1456190 972
1456200 974
1456210 975
1456220 975
1456230 977
1456240 980
1456250 980
1456260 982
1456270 984
1456280 984
1456290 986
1456300 988
1456310 988
1456320 990
1456330 992
1456340 992
1456350 993
1456360 995
1456370 995
1456380 996
1456390 997
1456400 997
1456410 997
1456420 997
1456430 997
1456440 997
1456450 998
1456460 1001
1456470 1001
1456480 1005
1456490 1010
1456500 1010
1456510 1013
1456520 1017
1456530 1017
1456540 1019
1456550 1021
1456560 1021
1456570 1021
1456580 1019
1456590 1019
1456600 1018
1456610 1014
1456620 1014
1456630 1010
1456640 1005
1456650 1005
1456660 1006
1456670 1012
1456680 1012
1456690 1018
1456700 1024
1456710 1024
1456720 1028
1456730 1031
1456740 1033
1456750 1033
1456760 1034
1456770 1037
1456780 1037
1456790 1037
1456800 1038
1456810 1038
1456820 1040
1456830 1043
1456840 1043
1456850 1045
1456860 1046
1456870 1046
1456880 1041
1456890 1033
1456900 1033
1456910 1027
1456920 1032
1456930 1032
1456940 1040
1456950 1048
1456960 1048
1456970 1052
1456980 1056
1456990 1059
1457000 1059
1457010 1062
1457020 1064
1457030 1064
1457040 1064
1457050 1064
1457060 1064
1457070 1064
1457080 1063
1457090 1063
1457100 1063
1457110 1063
1457120 1063
1457130 1064
1457140 1063
1457150 1063
1457160 1062
1457170 1064
1457180 1064
1457190 1067
1457200 1069
1457210 1069
1457220 1072
1457230 1076
1457240 1076
1457250 1080
1457260 1084
1457270 1088
1457280 1088
1457290 1089
1457300 1091
1457310 1091
1457320 1092
1457330 1092
1457340 1092
1457350 1093
1457360 1095
1457370 1095
1457380 1098
1457390 1101
1457400 1101
1457410 1104
1457420 1105
1457430 1105
1457440 1105
1457450 1104
1457460 1104
1457470 1101
1457480 1096
1457490 1096
1457500 1093
1457510 1091
1457520 1091
1457530 1091
1457540 1093
1457550 1095
1457560 1095
1457570 1098
1457580 1102
1457590 1102
1457600 1107
1457610 1113
1457620 1113
1457630 1118
1457640 1122
1457650 1122
1457660 1123
1457670 1123
1457680 1123
1457690 1122
1457700 1123
1457710 1123
1457720 1124
1457730 1125
1457740 1125
1457750 1125
1457760 1124
1457770 1124
1457780 1123
1457790 1121
1457800 1120
1457810 1120
1457820 1118
1457830 1115
1457840 1115
1457850 1111
1457860 1113
1457870 1113
1457880 1116
1457890 1120
1457900 1120
1457910 1122
1457920 1124
1457930 1124
1457940 1127
1457950 1131
1457960 1131
1457970 1135
1457980 1139
1457990 1139
1458000 1143
1458010 1143
1458020 1143
1458030 1140
1458040 1135
1458050 1134
1458060 1134
1458070 1141
1458080 1140
1458090 1140
1458100 1146
1458110 1155
1458120 1155
1458130 1158
1458140 1156
1458150 1156
1458160 1161
1458170 1152
1458180 1152
1458190 1154
1458200 1155
1458210 1155
1458220 1153
1458230 1151
1458240 1151
1458250 1146
1458260 1141
1458270 1141
1458280 1138
1458290 1135
1458300 1135
1458310 1131
1458320 1128
1458330 1123
1458340 1123
1458350 1114
1458360 1103
1458370 1103
1458380 1092
1458390 1082
1458400 1082
1458410 1081
1458420 1089
1458430 1089
1458440 1095
1458450 1094
1458460 1094
1458470 1093
1458480 1100
1458490 1100
1458500 1107
1458510 1113
1458520 1113
1458530 1121
1458540 1127
1458550 1127
1458560 1134
1458570 1142
1458580 1150
1458590 1150
1458600 1158
1458610 1166
1458620 1166
1458630 1173
1458640 1179
1458650 1179
1458660 1186
1458670 1193
1458680 1193
1458690 1200
1458700 1207
1458710 1207
1458720 1213
1458730 1220
1458740 1220
1458750 1229
1458760 1236
1458770 1236
1458780 1243
1458790 1251
1458800 1251
1458810 1258
1458820 1264
1458830 1264
1458840 1270
1458850 1276
1458860 1283
1458870 1283
1458880 1288
1458890 1291
1458900 1291
1458910 1295
1458920 1298
1458930 1298
1458940 1300
1458950 1303
1458960 1303
1458970 1305
1458980 1307
1458990 1307
1459000 1309
1459010 1312
1459020 1312
1459030 1315
1459040 1318
1459050 1318
1459060 1319
1459070 1320
1459080 1320
1459090 1320
1459100 1321
1459110 1321
1459120 1321
1459130 1321
1459140 1322
1459150 1322
1459160 1321
1459170 1321
1459180 1321
1459190 1321
1459200 1321
1459210 1321
1459220 1320
1459230 1318
1459240 1318
1459250 1316
1459260 1313
1459270 1313
1459280 1311
1459290 1308
1459300 1308
1459310 1307
1459320 1305
1459330 1305
1459340 1304
1459350 1303
1459360 1303
1459370 1302
1459380 1299
1459390 1293
1459400 1293
1459410 1287
1459420 1276
1459430 1276
1459440 1260
1459450 1249
1459460 1249
1459470 1239
1459480 1230
1459490 1230
1459500 1222
1459510 1215
1459520 1215
1459530 1207
1459540 1200
1459550 1200
1459560 1194
1459570 1191
1459580 1191
1459590 1189
1459600 1186
1459610 1186
1459620 1186
1459630 1190
1459640 1191
1459650 1191
1459660 1192
1459670 1195
1459680 1195
1459690 1198
1459700 1201
1459710 1201
1459720 1205
1459730 1209
1459740 1209
1459750 1214
1459760 1219
1459770 1219
1459780 1225
1459790 1231
1459800 1231
1459810 1237
1459820 1244
1459830 1244
1459840 1251
1459850 1257
1459860 1257
1459870 1263
1459880 1269
1459890 1269
1459900 1274
1459910 1280
1459920 1286
1459930 1286
1459940 1292
1459950 1298
1459960 1298
1459970 1303
1459980 1309
1459990 1309
