1440000 901
1440010 901
1440020 899
1440030 897
1440040 897
1440050 896
1440060 895
1440070 895
1440080 894
1440090 894
1440100 894
1440110 893
1440120 892
1440130 892
1440140 892
1440150 892
1440160 892
1440170 892
1440180 892
1440190 891
1440200 891
1440210 890
1440220 888
1440230 888
1440240 887
1440250 886
1440260 886
1440270 886
1440280 886
1440290 886
1440300 886
1440310 886
1440320 886
1440330 885
1440340 885
1440350 885
1440360 886
1440370 886
1440380 886
1440390 887
1440400 887
1440410 887
1440420 887
1440430 888
1440440 889
1440450 889
1440460 889
1440470 889
1440480 889
1440490 889
1440500 889
1440510 889
1440520 889
1440530 885
1440540 885
1440550 877
1440560 869
1440570 869
1440580 861
1440590 853
1440600 853
1440610 844
1440620 834
1440630 834
1440640 827
1440650 833
1440660 833
1440670 844
1440680 861
1440690 861
1440700 877
1440710 889
1440720 895
1440730 895
1440740 899
1440750 902
1440760 902
1440770 904
1440780 905
1440790 905
1440800 906
1440810 907
1440820 907
1440830 907
1440840 907
1440850 907
1440860 906
1440870 905
1440880 905
1440890 904
1440900 902
1440910 902
1440920 897
1440930 892
1440940 892
1440950 885
1440960 878
1440970 875
1440980 875
1440990 872
1441000 868
1441010 868
1441020 865
1441030 861
1441040 861
1441050 855
1441060 853
1441070 853
1441080 851
1441090 853
1441100 853
1441110 858
1441120 858
1441130 858
1441140 853
1441150 849
1441160 849
1441170 850
1441180 853
1441190 853
1441200 856
1441210 855
1441220 855
1441230 853
1441240 850
1441250 847
1441260 847
1441270 844
1441280 841
1441290 841
1441300 838
1441310 834
1441320 834
1441330 830
1441340 828
1441350 828
1441360 827
1441370 827
1441380 827
1441390 827
1441400 830
1441410 830
1441420 832
1441430 832
1441440 832
1441450 834
1441460 836
1441470 836
1441480 838
1441490 839
1441500 840
1441510 840
1441520 841
1441530 844
1441540 844
1441550 846
1441560 849
1441570 849
1441580 855
1441590 857
1441600 857
1441610 857
1441620 856
1441630 856
1441640 855
1441650 854
1441660 854
1441670 854
1441680 852
1441690 852
1441700 848
1441710 841
1441720 841
1441730 836
1441740 830
1441750 830
1441760 823
1441770 814
1441780 811
1441790 811
1441800 820
1441810 830
1441820 830
1441830 837
1441840 846
1441850 846
1441860 851
1441870 853
1441880 853
1441890 854
1441900 855
1441910 855
1441920 857
1441930 859
1441940 859
1441950 861
1441960 863
1441970 863
1441980 864
1441990 864
1442000 864
1442010 864
1442020 864
1442030 864
1442040 864
1442050 863
1442060 863
1442070 863
1442080 863
1442090 862
1442100 862
1442110 862
1442120 862
1442130 862
1442140 861
1442150 861
1442160 861
1442170 861
1442180 861
1442190 861
1442200 860
1442210 860
1442220 860
1442230 859
1442240 858
1442250 858
1442260 858
1442270 857
1442280 857
1442290 856
1442300 856
1442310 856
1442320 856
1442330 857
1442340 856
1442350 856
1442360 856
1442370 855
1442380 855
1442390 848
1442400 845
1442410 845
1442420 849
1442430 848
1442440 848
1442450 847
1442460 849
1442470 849
1442480 850
1442490 848
1442500 848
1442510 847
1442520 845
1442530 845
1442540 844
1442550 843
1442560 843
1442570 843
1442580 843
1442590 844
1442600 844
1442610 845
1442620 846
1442630 846
1442640 847
1442650 848
1442660 848
1442670 848
1442680 848
1442690 848
1442700 848
1442710 848
1442720 848
1442730 846
1442740 847
1442750 847
1442760 848
1442770 849
1442780 849
1442790 850
1442800 850
1442810 850
1442820 851
1442830 851
1442840 851
1442850 851
1442860 851
1442870 851
1442880 851
1442890 853
1442900 855
1442910 852
1442920 852
1442930 853
1442940 853
1442950 854
1442960 854
1442970 854
1442980 854
1442990 854
1443000 854
1443010 854
1443020 854
1443030 854
1443040 853
1443050 853
1443060 853
1443070 852
1443080 850
1443090 839
1443100 839
1443110 824
1443120 813
1443130 813
1443140 803
1443150 796
1443160 796
1443170 798
1443180 808
1443190 808
1443200 820
1443210 828
1443220 828
1443230 835
1443240 846
1443250 846
1443260 852
1443270 852
1443280 852
1443290 851
1443300 851
1443310 851
1443320 851
1443330 851
1443340 851
1443350 851
1443360 851
1443370 851
1443380 851
1443390 850
1443400 850
1443410 850
1443420 850
1443430 850
1443440 850
1443450 849
1443460 847
1443470 847
1443480 845
1443490 845
1443500 845
1443510 844
1443520 844
1443530 844
1443540 843
1443550 844
1443560 844
1443570 845
1443580 846
1443590 846
1443600 847
1443610 845
1443620 842
1443630 842
1443640 845
1443650 848
1443660 848
1443670 847
1443680 843
1443690 843
1443700 837
1443710 829
1443720 829
1443730 819
1443740 819
1443750 819
1443760 827
1443770 837
1443780 837
1443790 842
1443800 842
1443810 842
1443820 842
1443830 842
1443840 842
1443850 841
1443860 837
1443870 837
1443880 829
1443890 822
1443900 821
1443910 821
1443920 817
1443930 813
1443940 813
1443950 812
1443960 816
1443970 816
1443980 820
1443990 824
1444000 824
1444010 823
1444020 820
1444030 820
1444040 818
1444050 815
1444060 815
1444070 813
1444080 811
1444090 811
1444100 805
1444110 797
1444120 797
1444130 794
1444140 799
1444150 804
1444160 804
1444170 803
1444180 799
1444190 799
1444200 803
1444210 810
1444220 810
1444230 810
1444240 808
1444250 808
1444260 806
1444270 804
1444280 804
1444290 803
1444300 802
1444310 802
1444320 804
1444330 807
1444340 807
1444350 808
1444360 806
1444370 806
1444380 802
1444390 801
1444400 801
1444410 802
1444420 801
1444430 796
1444440 796
1444450 791
1444460 789
1444470 789
1444480 787
1444490 783
1444500 783
1444510 777
1444520 771
1444530 771
1444540 767
1444550 767
1444560 767
1444570 767
1444580 768
1444590 768
1444600 771
1444610 770
1444620 770
1444630 770
1444640 769
1444650 769
1444660 766
1444670 760
1444680 755
1444690 755
1444700 753
1444710 752
1444720 752
1444730 751
1444740 751
1444750 751
1444760 751
1444770 751
1444780 751
1444790 750
1444800 749
1444810 749
1444820 747
1444830 746
1444840 746
1444850 746
1444860 746
1444870 746
1444880 747
1444890 747
1444900 747
1444910 747
1444920 745
1444930 745
1444940 744
1444950 742
1444960 741
1444970 741
1444980 739
1444990 736
1445000 736
1445010 734
1445020 731
1445030 731
1445040 729
1445050 728
1445060 728
1445070 728
1445080 726
1445090 726
1445100 721
1445110 714
1445120 714
1445130 709
1445140 705
1445150 705
1445160 704
1445170 703
1445180 703
1445190 701
1445200 700
1445210 699
1445220 699
1445230 699
1445240 698
1445250 698
1445260 697
1445270 695
1445280 695
1445290 693
1445300 692
1445310 692
1445320 690
1445330 688
1445340 688
1445350 686
1445360 684
1445370 684
1445380 683
1445390 683
1445400 683
1445410 683
1445420 682
1445430 682
1445440 683
1445450 683
1445460 683
1445470 683
1445480 684
1445490 684
1445500 684
1445510 683
1445520 683
1445530 683
1445540 683
1445550 683
1445560 683
1445570 683
1445580 683
1445590 683
1445600 683
1445610 684
1445620 684
1445630 685
1445640 687
1445650 687
1445660 691
1445670 695
1445680 695
1445690 699
1445700 702
1445710 702
1445720 706
1445730 710
1445740 710
1445750 715
1445760 717
1445770 719
1445780 719
1445790 722
1445800 724
1445810 724
1445820 723
1445830 724
1445840 724
1445850 724
1445860 726
1445870 726
1445880 730
1445890 738
1445900 738
1445910 746
1445920 751
1445930 751
1445940 755
1445950 759
1445960 759
1445970 769
1445980 777
1445990 777
1446000 778
1446010 781
1446020 783
1446030 783
1446040 787
1446050 786
1446060 786
1446070 791
1446080 792
1446090 792
1446100 801
1446110 806
1446120 806
1446130 813
1446140 817
1446150 817
1446160 813
1446170 807
1446180 807
1446190 800
1446200 796
1446210 796
1446220 794
1446230 791
1446240 791
1446250 787
1446260 782
1446270 782
1446280 789
1446290 799
1446300 808
1446310 808
1446320 814
1446330 819
1446340 819
1446350 825
1446360 830
1446370 830
1446380 835
1446390 842
1446400 842
1446410 848
1446420 854
1446430 854
1446440 858
1446450 860
1446460 860
1446470 862
1446480 863
1446490 863
1446500 863
1446510 869
1446520 869
1446530 875
1446540 877
1446550 878
1446560 878
1446570 878
1446580 881
1446590 881
1446600 882
1446610 884
1446620 884
1446630 892
1446640 897
1446650 897
1446660 894
1446670 892
1446680 892
1446690 895
1446700 903
1446710 903
1446720 912
1446730 920
1446740 920
1446750 927
1446760 932
1446770 932
1446780 935
1446790 938
1446800 938
1446810 942
1446820 944
1446830 947
1446840 947
1446850 951
1446860 956
1446870 956
1446880 960
1446890 964
1446900 964
1446910 968
1446920 970
1446930 970
1446940 973
1446950 978
1446960 978
1446970 981
1446980 984
1446990 984
1447000 987
1447010 992
1447020 992
1447030 998
1447040 1003
1447050 1003
1447060 1007
1447070 1011
1447080 1015
1447090 1015
1447100 1019
1447110 1022
1447120 1022
1447130 1023
1447140 1025
1447150 1025
1447160 1026
1447170 1027
1447180 1027
1447190 1028
1447200 1029
1447210 1029
1447220 1027
1447230 1018
1447240 1018
1447250 1010
1447260 1005
1447270 1005
1447280 1000
1447290 991
1447300 991
1447310 985
1447320 980
1447330 980
1447340 975
1447350 972
1447360 971
1447370 971
1447380 970
1447390 969
1447400 969
1447410 968
1447420 967
1447430 967
1447440 967
1447450 967
1447460 967
1447470 968
1447480 970
1447490 970
1447500 972
1447510 976
1447520 976
1447530 982
1447540 987
1447550 987
1447560 992
1447570 997
1447580 997
1447590 1004
1447600 1012
1447610 1017
1447620 1017
1447630 1016
1447640 1016
1447650 1016
1447660 1017
1447670 1017
1447680 1017
1447690 1016
1447700 1015
1447710 1015
1447720 1015
1447730 1016
1447740 1016
1447750 1016
1447760 1017
1447770 1017
1447780 1017
1447790 1017
1447800 1017
1447810 1018
1447820 1017
1447830 1017
1447840 1017
1447850 1018
1447860 1018
1447870 1018
1447880 1018
1447890 1018
1447900 1018
1447910 1018
1447920 1019
1447930 1019
1447940 1019
1447950 1019
1447960 1019
1447970 1020
1447980 1020
1447990 1020
1448000 1019
1448010 1018
1448020 1018
1448030 1017
1448040 1017
1448050 1017
1448060 1016
1448070 1016
1448080 1016
1448090 1016
1448100 1015
1448110 1015
1448120 1015
1448130 1015
1448140 1014
1448150 1014
1448160 1012
1448170 1012
1448180 1012
1448190 1011
1448200 1010
1448210 1010
1448220 1009
1448230 1009
1448240 1009
1448250 1008
1448260 1008
1448270 1008
1448280 1007
1448290 1007
1448300 1007
1448310 1005
1448320 1004
1448330 1004
1448340 1002
1448350 1001
1448360 1001
1448370 1000
1448380 1000
1448390 1000
1448400 1000
1448410 1001
1448420 999
1448430 999
1448440 998
1448450 997
1448460 997
1448470 997
1448480 997
1448490 997
1448500 996
1448510 995
1448520 995
1448530 995
1448540 994
1448550 994
1448560 993
1448570 993
1448580 993
1448590 990
1448600 987
1448610 987
1448620 983
1448630 981
1448640 981
1448650 979
1448660 977
1448670 976
1448680 976
1448690 975
1448700 974
1448710 974
1448720 973
1448730 972
1448740 972
1448750 971
1448760 972
1448770 972
1448780 972
1448790 973
1448800 973
1448810 974
1448820 975
1448830 975
1448840 974
1448850 974
1448860 974
1448870 973
1448880 973
1448890 973
1448900 972
1448910 970
1448920 970
1448930 966
1448940 962
1448950 958
1448960 958
1448970 955
1448980 953
1448990 953
1449000 951
1449010 949
1449020 949
1449030 948
1449040 947
1449050 947
1449060 947
1449070 947
1449080 947
1449090 948
1449100 949
1449110 949
1449120 949
1449130 949
1449140 949
1449150 947
1449160 945
1449170 945
1449180 941
1449190 939
1449200 938
1449210 938
1449220 937
1449230 935
1449240 935
1449250 934
1449260 932
1449270 932
1449280 932
1449290 931
1449300 931
1449310 931
1449320 930
1449330 930
1449340 930
1449350 929
1449360 929
1449370 929
1449380 928
1449390 928
1449400 928
1449410 927
1449420 927
1449430 926
1449440 925
1449450 925
1449460 925
1449470 925
1449480 924
1449490 924
1449500 924
1449510 924
1449520 924
1449530 924
1449540 924
1449550 924
1449560 927
1449570 928
1449580 928
1449590 929
1449600 930
1449610 930
1449620 930
1449630 932
1449640 932
1449650 932
1449660 933
1449670 933
1449680 934
1449690 934
1449700 934
1449710 934
1449720 934
1449730 934
1449740 934
1449750 933
1449760 932
1449770 932
1449780 932
1449790 931
1449800 931
1449810 931
1449820 931
1449830 931
1449840 931
1449850 932
1449860 932
1449870 932
1449880 932
1449890 932
1449900 932
1449910 932
1449920 932
1449930 932
1449940 931
1449950 931
1449960 931
1449970 930
1449980 930
1449990 930
1450000 929
1450010 928
1450020 928
1450030 927
1450040 926
1450050 926
1450060 924
1450070 923
1450080 923
1450090 922
1450100 918
1450110 918
1450120 915
1450130 910
1450140 910
1450150 902
1450160 896
1450170 896
1450180 888
1450190 883
1450200 883
1450210 878
1450220 872
1450230 872
1450240 865
1450250 871
1450260 878
1450270 878
1450280 876
1450290 870
1450300 870
1450310 864
1450320 859
1450330 859
1450340 853
1450350 848
1450360 848
1450370 848
1450380 852
1450390 852
1450400 854
1450410 855
1450420 855
1450430 855
1450440 853
1450450 853
1450460 849
1450470 845
1450480 845
1450490 845
1450500 843
1450510 843
1450520 842
1450530 842
1450540 842
1450550 842
1450560 844
1450570 848
1450580 848
1450590 850
1450600 850
1450610 850
1450620 848
1450630 849
1450640 849
1450650 848
1450660 847
1450670 847
1450680 846
1450690 847
1450700 847
1450710 848
1450720 848
1450730 848
1450740 848
1450750 850
1450760 850
1450770 852
1450780 853
1450790 853
1450800 853
1450810 854
1450820 855
1450830 855
1450840 856
1450850 856
1450860 856
1450870 857
1450880 858
1450890 858
1450900 859
1450910 861
1450920 861
1450930 864
1450940 866
1450950 866
1450960 871
1450970 876
1450980 876
1450990 880
1451000 879
1451010 879
1451020 876
1451030 874
1451040 874
1451050 873
1451060 871
1451070 868
1451080 868
1451090 866
1451100 865
1451110 865
1451120 863
1451130 861
1451140 861
1451150 859
1451160 856
1451170 856
1451180 853
1451190 850
1451200 850
1451210 847
1451220 845
1451230 845
1451240 844
1451250 844
1451260 844
1451270 841
1451280 833
1451290 833
1451300 826
1451310 819
1451320 814
1451330 814
1451340 809
1451350 803
1451360 803
1451370 798
1451380 795
1451390 795
1451400 792
1451410 787
1451420 787
1451430 782
1451440 776
1451450 776
1451460 773
1451470 768
1451480 768
1451490 762
1451500 756
1451510 756
1451520 750
1451530 744
1451540 744
1451550 741
1451560 743
1451570 743
1451580 746
1451590 747
1451600 747
1451610 747
1451620 747
1451630 744
1451640 744
1451650 742
1451660 740
1451670 740
1451680 739
1451690 738
1451700 738
1451710 737
1451720 737
1451730 737
1451740 735
1451750 735
1451760 735
1451770 734
1451780 735
1451790 735
1451800 736
1451810 738
1451820 738
1451830 740
1451840 745
1451850 749
1451860 749
1451870 755
1451880 760
1451890 760
1451900 765
1451910 770
1451920 770
1451930 776
1451940 780
1451950 780
1451960 783
1451970 784
1451980 784
1451990 784
1452000 784
1452010 784
1452020 784
1452030 784
1452040 784
1452050 785
1452060 785
1452070 785
1452080 784
1452090 783
1452100 783
1452110 783
1452120 782
1452130 781
1452140 781
1452150 781
1452160 780
1452170 780
1452180 779
1452190 778
1452200 778
1452210 777
1452220 776
1452230 776
1452240 775
1452250 774
1452260 774
1452270 773
1452280 772
1452290 772
1452300 770
1452310 769
1452320 769
1452330 767
1452340 765
1452350 765
1452360 764
1452370 763
1452380 761
1452390 761
1452400 760
1452410 757
1452420 757
1452430 755
1452440 753
1452450 753
1452460 751
1452470 749
1452480 749
1452490 745
1452500 743
1452510 743
1452520 743
1452530 742
1452540 742
1452550 742
1452560 741
1452570 741
1452580 740
1452590 739
1452600 739
1452610 737
1452620 735
1452630 735
1452640 734
1452650 733
1452660 730
1452670 730
1452680 726
1452690 721
1452700 721
1452710 719
1452720 716
1452730 716
1452740 714
1452750 714
1452760 714
1452770 715
1452780 717
1452790 717
1452800 717
1452810 718
1452820 718
1452830 718
1452840 718
1452850 718
1452860 718
1452870 719
1452880 719
1452890 718
1452900 715
1452910 712
1452920 712
1452930 709
1452940 706
1452950 706
1452960 710
1452970 715
1452980 715
1452990 718
1453000 720
1453010 720
1453020 719
1453030 718
1453040 718
1453050 719
1453060 719
1453070 719
1453080 719
1453090 719
1453100 719
1453110 719
1453120 722
1453130 722
1453140 723
1453150 723
1453160 723
1453170 723
1453180 721
1453190 719
1453200 719
1453210 716
1453220 715
1453230 715
1453240 714
1453250 713
1453260 713
1453270 713
1453280 713
1453290 713
1453300 714
1453310 715
1453320 715
1453330 717
1453340 719
1453350 719
1453360 721
1453370 723
1453380 723
1453390 723
1453400 723
1453410 724
1453420 725
1453430 725
1453440 725
1453450 725
1453460 725
1453470 722
1453480 722
1453490 718
1453500 721
1453510 721
1453520 720
1453530 718
1453540 718
1453550 714
1453560 699
1453570 699
1453580 689
1453590 677
1453600 677
1453610 668
1453620 654
1453630 654
1453640 644
1453650 638
1453660 638
1453670 634
1453680 631
1453690 631
1453700 628
1453710 628
1453720 630
1453730 630
1453740 642
1453750 651
1453760 651
1453770 659
1453780 666
1453790 666
1453800 676
1453810 689
1453820 689
1453830 702
1453840 713
1453850 713
1453860 721
1453870 723
1453880 723
1453890 724
1453900 725
1453910 725
1453920 725
1453930 725
1453940 725
1453950 725
1453960 727
1453970 727
1453980 727
1453990 730
1454000 733
1454010 733
1454020 735
1454030 735
1454040 735
1454050 736
1454060 736
1454070 736
1454080 736
1454090 737
1454100 737
1454110 737
1454120 737
1454130 737
1454140 737
1454150 737
1454160 737
1454170 737
1454180 736
1454190 736
1454200 736
1454210 735
1454220 735
1454230 735
1454240 735
1454250 736
1454260 736
1454270 737
1454280 738
1454290 738
1454300 739
1454310 742
1454320 742
1454330 746
1454340 750
1454350 750
1454360 752
1454370 755
1454380 755
1454390 757
1454400 758
1454410 758
1454420 757
1454430 754
1454440 754
1454450 750
1454460 746
1454470 746
1454480 742
1454490 741
1454500 741
1454510 741
1454520 740
1454530 739
1454540 739
1454550 739
1454560 738
1454570 738
1454580 737
1454590 738
1454600 738
1454610 738
1454620 739
1454630 739
1454640 741
1454650 743
1454660 743
1454670 745
1454680 748
1454690 748
1454700 748
1454710 748
1454720 748
1454730 748
1454740 749
1454750 749
1454760 749
1454770 749
1454780 750
1454790 750
1454800 750
1454810 750
1454820 750
1454830 750
1454840 750
1454850 750
1454860 750
1454870 750
1454880 750
1454890 750
1454900 751
1454910 751
1454920 752
1454930 752
1454940 752
1454950 752
1454960 752
1454970 752
1454980 752
1454990 752
1455000 752
1455010 752
1455020 752
1455030 749
1455040 749
1455050 747
1455060 746
1455070 746
1455080 745
1455090 744
1455100 744
1455110 744
1455120 743
1455130 743
1455140 743
1455150 743
1455160 743
1455170 743
1455180 744
1455190 744
1455200 746
1455210 750
1455220 750
1455230 753
1455240 756
1455250 756
1455260 756
1455270 757
1455280 757
1455290 760
1455300 764
1455310 767
1455320 767
1455330 771
1455340 775
1455350 775
1455360 778
1455370 779
1455380 779
1455390 779
1455400 779
1455410 779
1455420 780
1455430 781
1455440 781
1455450 782
1455460 783
1455470 783
1455480 783
1455490 784
1455500 784
1455510 785
1455520 787
1455530 787
1455540 788
1455550 790
1455560 790
1455570 792
1455580 793
1455590 795
1455600 795
1455610 797
1455620 798
1455630 798
1455640 799
1455650 800
1455660 800
1455670 800
1455680 801
1455690 801
1455700 801
1455710 800
1455720 800
1455730 800
1455740 800
1455750 800
1455760 799
1455770 799
1455780 799
1455790 800
1455800 800
1455810 800
1455820 801
1455830 802
1455840 803
1455850 803
1455860 805
1455870 806
1455880 806
1455890 808
1455900 810
1455910 810
1455920 813
1455930 816
1455940 816
1455950 821
1455960 827
1455970 827
1455980 832
1455990 834
1456000 834
1456010 837
1456020 838
1456030 838
1456040 839
1456050 840
1456060 840
1456070 840
1456080 840
1456090 840
1456100 841
1456110 842
1456120 843
1456130 843
1456140 844
1456150 845
1456160 845
1456170 846
1456180 847
1456190 847
1456200 847
1456210 844
1456220 844
1456230 843
1456240 845
1456250 845
1456260 846
1456270 845
1456280 845
1456290 845
1456300 844
1456310 844
1456320 841
1456330 838
1456340 838
1456350 837
1456360 840
1456370 841
1456380 841
1456390 842
1456400 842
1456410 842
1456420 840
1456430 839
1456440 839
1456450 833
1456460 838
1456470 838
1456480 840
1456490 842
1456500 842
1456510 842
1456520 844
1456530 844
1456540 846
1456550 848
1456560 848
1456570 850
1456580 851
1456590 851
1456600 853
1456610 854
1456620 854
1456630 856
1456640 856
1456650 857
1456660 857
1456670 857
1456680 858
1456690 858
1456700 858
1456710 859
1456720 859
1456730 859
1456740 857
1456750 857
1456760 856
1456770 856
1456780 856
1456790 856
1456800 857
1456810 857
1456820 855
1456830 851
1456840 851
1456850 848
1456860 847
1456870 847
1456880 847
1456890 846
1456900 844
1456910 844
1456920 840
1456930 844
1456940 844
1456950 848
1456960 852
1456970 852
1456980 854
1456990 856
1457000 856
1457010 858
1457020 860
1457030 860
1457040 861
1457050 861
1457060 861
1457070 861
1457080 862
1457090 862
1457100 863
1457110 864
1457120 864
1457130 866
1457140 868
1457150 868
1457160 870
1457170 872
1457180 873
1457190 873
1457200 875
1457210 877
1457220 877
1457230 878
1457240 878
1457250 878
1457260 878
1457270 879
1457280 879
1457290 879
1457300 880
1457310 880
1457320 881
1457330 881
1457340 881
1457350 882
1457360 884
1457370 884
1457380 885
1457390 886
1457400 886
1457410 886
1457420 886
1457430 886
1457440 886
1457450 887
1457460 889
1457470 889
1457480 890
1457490 891
1457500 891
1457510 891
1457520 892
1457530 892
1457540 893
1457550 895
1457560 895
1457570 896
1457580 897
1457590 897
1457600 898
1457610 898
1457620 898
1457630 898
1457640 897
1457650 897
1457660 896
1457670 896
1457680 896
1457690 895
1457700 895
1457710 895
1457720 895
1457730 895
1457740 896
1457750 896
1457760 896
1457770 896
1457780 896
1457790 898
1457800 898
1457810 898
1457820 898
1457830 899
1457840 899
1457850 901
1457860 902
1457870 902
1457880 902
1457890 901
1457900 901
1457910 900
1457920 900
1457930 900
1457940 899
1457950 898
1457960 898
1457970 898
1457980 897
1457990 896
1458000 896
1458010 896
1458020 895
1458030 895
1458040 895
1458050 894
1458060 894
1458070 894
1458080 894
1458090 894
1458100 894
1458110 894
1458120 894
1458130 895
1458140 891
1458150 891
1458160 893
1458170 899
1458180 899
1458190 903
1458200 905
1458210 905
1458220 907
1458230 909
1458240 912
1458250 912
1458260 917
1458270 921
1458280 921
1458290 925
1458300 929
1458310 929
1458320 933
1458330 936
1458340 936
1458350 938
1458360 939
1458370 939
1458380 940
1458390 936
1458400 936
1458410 931
1458420 927
1458430 927
1458440 927
1458450 928
1458460 928
1458470 930
1458480 934
1458490 936
1458500 936
1458510 937
1458520 938
1458530 938
1458540 939
1458550 940
1458560 940
1458570 941
1458580 943
1458590 943
1458600 945
1458610 946
1458620 946
1458630 949
1458640 951
1458650 951
1458660 953
1458670 955
1458680 955
1458690 958
1458700 962
1458710 962
1458720 965
1458730 968
1458740 968
1458750 970
1458760 972
1458770 974
1458780 974
1458790 976
1458800 977
1458810 977
1458820 978
1458830 983
1458840 983
1458850 987
1458860 991
1458870 991
1458880 995
1458890 999
1458900 999
1458910 1003
1458920 1006
1458930 1006
1458940 1009
1458950 1013
1458960 1013
1458970 1017
1458980 1020
1458990 1020
1459000 1021
1459010 1025
1459020 1028
1459030 1028
1459040 1031
1459050 1034
1459060 1034
1459070 1037
1459080 1040
1459090 1040
1459100 1044
1459110 1047
1459120 1047
1459130 1050
1459140 1053
1459150 1053
1459160 1055
1459170 1057
1459180 1057
1459190 1059
1459200 1061
1459210 1061
1459220 1063
1459230 1063
1459240 1063
1459250 1063
1459260 1061
1459270 1061
1459280 1058
1459290 1055
1459300 1054
1459310 1054
1459320 1052
1459330 1049
1459340 1049
1459350 1044
1459360 1039
1459370 1039
1459380 1034
1459390 1033
1459400 1033
1459410 1034
1459420 1036
1459430 1036
1459440 1037
1459450 1037
1459460 1037
1459470 1035
1459480 1031
1459490 1031
1459500 1026
1459510 1014
1459520 1014
1459530 1008
1459540 1026
1459550 1038
1459560 1038
1459570 1048
1459580 1056
1459590 1056
1459600 1064
1459610 1071
1459620 1071
1459630 1076
1459640 1079
1459650 1079
1459660 1085
1459670 1092
1459680 1092
1459690 1097
1459700 1103
1459710 1103
1459720 1108
1459730 1115
1459740 1115
1459750 1121
1459760 1126
1459770 1126
1459780 1130
1459790 1134
1459800 1134
1459810 1140
1459820 1145
1459830 1150
1459840 1150
1459850 1155
1459860 1160
1459870 1160
1459880 1165
1459890 1168
1459900 1168
1459910 1171
1459920 1173
1459930 1173
1459940 1175
1459950 1178
1459960 1178
1459970 1181
1459980 1184
1459990 1184
