1440000 959
1440010 959
1440020 959
1440030 960
1440040 960
1440050 960
1440060 960
1440070 960
1440080 960
1440090 960
1440100 959
1440110 959
1440120 960
1440130 960
1440140 960
1440150 960
1440160 960
1440170 960
1440180 960
1440190 959
1440200 959
1440210 958
1440220 957
1440230 957
1440240 956
1440250 956
1440260 956
1440270 957
1440280 957
1440290 957
1440300 957
1440310 957
1440320 957
1440330 956
1440340 956
1440350 956
1440360 956
1440370 955
1440380 954
1440390 954
1440400 952
1440410 951
1440420 951
1440430 950
1440440 949
1440450 949
1440460 949
1440470 950
1440480 950
1440490 950
1440500 950
1440510 950
1440520 943
1440530 933
1440540 933
1440550 922
1440560 913
1440570 913
1440580 905
1440590 898
1440600 898
1440610 893
1440620 886
1440630 877
1440640 877
1440650 868
1440660 861
1440670 861
1440680 867
1440690 887
1440700 887
1440710 907
1440720 917
1440730 917
1440740 924
1440750 932
1440760 932
1440770 938
1440780 944
1440790 944
1440800 950
1440810 955
1440820 955
1440830 960
1440840 964
1440850 964
1440860 969
1440870 972
1440880 972
1440890 974
1440900 974
1440910 975
1440920 975
1440930 976
1440940 976
1440950 976
1440960 977
1440970 976
1440980 976
1440990 976
1441000 976
1441010 976
1441020 976
1441030 976
1441040 976
1441050 975
1441060 974
1441070 974
1441080 973
1441090 973
1441100 973
1441110 972
1441120 971
1441130 971
1441140 971
1441150 970
1441160 969
1441170 969
1441180 968
1441190 968
1441200 968
1441210 967
1441220 965
1441230 965
1441240 963
1441250 961
1441260 961
1441270 960
1441280 956
1441290 956
1441300 953
1441310 951
1441320 951
1441330 950
1441340 947
1441350 947
1441360 945
1441370 947
1441380 947
1441390 954
1441400 952
1441410 952
1441420 952
1441430 953
1441440 952
1441450 952
1441460 950
1441470 947
1441480 947
1441490 946
1441500 950
1441510 950
1441520 950
1441530 950
1441540 950
1441550 949
1441560 949
1441570 949
1441580 945
1441590 939
1441600 939
1441610 936
1441620 933
1441630 933
1441640 929
1441650 925
1441660 925
1441670 921
1441680 917
1441690 917
1441700 912
1441710 904
1441720 902
1441730 902
1441740 910
1441750 918
1441760 918
1441770 926
1441780 934
1441790 934
1441800 942
1441810 949
1441820 949
1441830 952
1441840 952
1441850 952
1441860 952
1441870 951
1441880 951
1441890 950
1441900 949
1441910 949
1441920 948
1441930 946
1441940 946
1441950 945
1441960 943
1441970 942
1441980 942
1441990 942
1442000 941
1442010 941
1442020 941
1442030 940
1442040 940
1442050 940
1442060 940
1442070 940
1442080 940
1442090 939
1442100 939
1442110 938
1442120 938
1442130 938
1442140 937
1442150 936
1442160 936
1442170 936
1442180 935
1442190 935
1442200 934
1442210 932
1442220 932
1442230 929
1442240 926
1442250 924
1442260 924
1442270 923
1442280 922
1442290 922
1442300 921
1442310 920
1442320 920
1442330 919
1442340 919
1442350 919
1442360 918
1442370 917
1442380 917
1442390 918
1442400 918
1442410 918
1442420 918
1442430 917
1442440 917
1442450 916
1442460 916
1442470 916
1442480 916
1442490 917
1442500 917
1442510 917
1442520 917
1442530 917
1442540 917
1442550 917
1442560 917
1442570 917
1442580 916
1442590 915
1442600 915
1442610 915
1442620 914
1442630 914
1442640 914
1442650 913
1442660 913
1442670 911
1442680 911
1442690 909
1442700 908
1442710 909
1442720 909
1442730 909
1442740 909
1442750 909
1442760 909
1442770 909
1442780 909
1442790 909
1442800 908
1442810 908
1442820 908
1442830 906
1442840 904
1442850 904
1442860 905
1442870 907
1442880 907
1442890 909
1442900 910
1442910 910
1442920 910
1442930 911
1442940 911
1442950 911
1442960 912
1442970 912
1442980 912
1442990 907
1443000 907
1443010 897
1443020 887
1443030 877
1443040 877
1443050 871
1443060 866
1443070 866
1443080 860
1443090 852
1443100 852
1443110 839
1443120 828
1443130 828
1443140 820
1443150 824
1443160 824
1443170 837
1443180 846
1443190 846
1443200 857
1443210 870
1443220 870
1443230 882
1443240 893
1443250 893
1443260 902
1443270 911
1443280 911
1443290 913
1443300 914
1443310 914
1443320 914
1443330 913
1443340 912
1443350 912
1443360 911
1443370 910
1443380 910
1443390 909
1443400 909
1443410 909
1443420 909
1443430 910
1443440 910
1443450 910
1443460 910
1443470 910
1443480 910
1443490 910
1443500 910
1443510 910
1443520 910
1443530 910
1443540 910
1443550 910
1443560 910
1443570 910
1443580 909
1443590 909
1443600 909
1443610 910
1443620 910
1443630 910
1443640 909
1443650 908
1443660 908
1443670 901
1443680 898
1443690 898
1443700 904
1443710 908
1443720 908
1443730 908
1443740 908
1443750 908
1443760 907
1443770 907
1443780 907
1443790 906
1443800 905
1443810 905
1443820 904
1443830 903
1443840 901
1443850 901
1443860 900
1443870 900
1443880 900
1443890 901
1443900 902
1443910 902
1443920 902
1443930 902
1443940 902
1443950 901
1443960 901
1443970 901
1443980 901
1443990 900
1444000 900
1444010 900
1444020 900
1444030 900
1444040 900
1444050 899
1444060 899
1444070 899
1444080 898
1444090 898
1444100 898
1444110 898
1444120 894
1444130 894
1444140 895
1444150 895
1444160 895
1444170 895
1444180 892
1444190 892
1444200 892
1444210 894
1444220 894
1444230 895
1444240 895
1444250 895
1444260 896
1444270 897
1444280 897
1444290 897
1444300 896
1444310 896
1444320 895
1444330 894
1444340 894
1444350 893
1444360 892
1444370 891
1444380 891
1444390 890
1444400 889
1444410 889
1444420 887
1444430 885
1444440 885
1444450 883
1444460 882
1444470 882
1444480 881
1444490 877
1444500 877
1444510 877
1444520 876
1444530 876
1444540 875
1444550 873
1444560 873
1444570 871
1444580 868
1444590 868
1444600 864
1444610 861
1444620 858
1444630 858
1444640 855
1444650 852
1444660 852
1444670 850
1444680 848
1444690 848
1444700 845
1444710 843
1444720 843
1444730 840
1444740 838
1444750 838
1444760 835
1444770 832
1444780 832
1444790 829
1444800 827
1444810 827
1444820 826
1444830 824
1444840 824
1444850 821
1444860 812
1444870 812
1444880 801
1444890 789
1444900 782
1444910 782
1444920 788
1444930 796
1444940 796
1444950 795
1444960 793
1444970 793
1444980 793
1444990 792
1445000 792
1445010 791
1445020 792
1445030 792
1445040 792
1445050 791
1445060 791
1445070 790
1445080 790
1445090 790
1445100 790
1445110 790
1445120 790
1445130 788
1445140 784
1445150 781
1445160 781
1445170 781
1445180 787
1445190 787
1445200 791
1445210 790
1445220 790
1445230 789
1445240 788
1445250 788
1445260 787
1445270 785
1445280 785
1445290 784
1445300 782
1445310 782
1445320 782
1445330 782
1445340 782
1445350 782
1445360 782
1445370 782
1445380 782
1445390 781
1445400 781
1445410 780
1445420 779
1445430 779
1445440 779
1445450 780
1445460 780
1445470 780
1445480 779
1445490 778
1445500 778
1445510 777
1445520 775
1445530 775
1445540 774
1445550 774
1445560 774
1445570 773
1445580 772
1445590 772
1445600 770
1445610 767
1445620 767
1445630 765
1445640 762
1445650 762
1445660 760
1445670 758
1445680 758
1445690 758
1445700 759
1445710 760
1445720 760
1445730 759
1445740 758
1445750 758
1445760 755
1445770 753
1445780 753
1445790 750
1445800 746
1445810 746
1445820 743
1445830 739
1445840 739
1445850 734
1445860 726
1445870 726
1445880 720
1445890 713
1445900 713
1445910 702
1445920 694
1445930 694
1445940 689
1445950 687
1445960 683
1445970 683
1445980 682
1445990 682
1446000 682
1446010 682
1446020 682
1446030 682
1446040 686
1446050 689
1446060 689
1446070 694
1446080 704
1446090 704
1446100 713
1446110 719
1446120 719
1446130 731
1446140 730
1446150 730
1446160 726
1446170 720
1446180 720
1446190 715
1446200 714
1446210 714
1446220 728
1446230 742
1446240 747
1446250 747
1446260 746
1446270 747
1446280 747
1446290 749
1446300 754
1446310 754
1446320 762
1446330 763
1446340 763
1446350 764
1446360 766
1446370 766
1446380 767
1446390 765
1446400 765
1446410 764
1446420 763
1446430 763
1446440 761
1446450 760
1446460 760
1446470 776
1446480 792
1446490 801
1446500 801
1446510 811
1446520 819
1446530 819
1446540 827
1446550 833
1446560 833
1446570 838
1446580 845
1446590 845
1446600 851
1446610 857
1446620 857
1446630 865
1446640 872
1446650 872
1446660 885
1446670 899
1446680 899
1446690 906
1446700 913
1446710 913
1446720 918
1446730 922
1446740 922
1446750 926
1446760 930
1446770 932
1446780 932
1446790 934
1446800 935
1446810 935
1446820 936
1446830 936
1446840 936
1446850 936
1446860 938
1446870 938
1446880 940
1446890 944
1446900 944
1446910 948
1446920 951
1446930 951
1446940 954
1446950 956
1446960 956
1446970 958
1446980 959
1446990 959
1447000 959
1447010 959
1447020 959
1447030 959
1447040 959
1447050 959
1447060 959
1447070 958
1447080 959
1447090 959
1447100 961
1447110 961
1447120 961
1447130 964
1447140 967
1447150 967
1447160 969
1447170 967
1447180 967
1447190 964
1447200 960
1447210 960
1447220 958
1447230 961
1447240 961
1447250 966
1447260 969
1447270 969
1447280 970
1447290 968
1447300 963
1447310 963
1447320 959
1447330 955
1447340 955
1447350 951
1447360 949
1447370 949
1447380 946
1447390 940
1447400 940
1447410 933
1447420 931
1447430 931
1447440 930
1447450 927
1447460 927
1447470 925
1447480 923
1447490 923
1447500 921
1447510 919
1447520 919
1447530 916
1447540 916
1447550 916
1447560 916
1447570 913
1447580 911
1447590 911
1447600 910
1447610 909
1447620 909
1447630 908
1447640 908
1447650 908
1447660 911
1447670 914
1447680 914
1447690 919
1447700 923
1447710 923
1447720 925
1447730 928
1447740 928
1447750 933
1447760 938
1447770 938
1447780 942
1447790 946
1447800 946
1447810 952
1447820 962
1447830 973
1447840 973
1447850 984
1447860 992
1447870 992
1447880 999
1447890 1006
1447900 1006
1447910 1010
1447920 1015
1447930 1015
1447940 1018
1447950 1019
1447960 1019
1447970 1023
1447980 1032
1447990 1032
1448000 1039
1448010 1043
1448020 1043
1448030 1044
1448040 1047
1448050 1047
1448060 1052
1448070 1055
1448080 1055
1448090 1055
1448100 1055
1448110 1055
1448120 1055
1448130 1055
1448140 1055
1448150 1055
1448160 1055
1448170 1055
1448180 1055
1448190 1055
1448200 1054
1448210 1054
1448220 1054
1448230 1053
1448240 1053
1448250 1053
1448260 1053
1448270 1053
1448280 1053
1448290 1053
1448300 1053
1448310 1053
1448320 1052
1448330 1052
1448340 1050
1448350 1048
1448360 1046
1448370 1046
1448380 1046
1448390 1045
1448400 1045
1448410 1045
1448420 1044
1448430 1044
1448440 1043
1448450 1043
1448460 1043
1448470 1043
1448480 1042
1448490 1042
1448500 1041
1448510 1040
1448520 1040
1448530 1040
1448540 1038
1448550 1038
1448560 1036
1448570 1035
1448580 1035
1448590 1035
1448600 1034
1448610 1034
1448620 1034
1448630 1032
1448640 1029
1448650 1029
1448660 1028
1448670 1028
1448680 1028
1448690 1028
1448700 1027
1448710 1027
1448720 1028
1448730 1028
1448740 1028
1448750 1028
1448760 1027
1448770 1027
1448780 1025
1448790 1024
1448800 1024
1448810 1024
1448820 1022
1448830 1022
1448840 1021
1448850 1020
1448860 1020
1448870 1018
1448880 1016
1448890 1017
1448900 1017
1448910 1017
1448920 1018
1448930 1018
1448940 1018
1448950 1019
1448960 1019
1448970 1019
1448980 1018
1448990 1018
1449000 1017
1449010 1017
1449020 1017
1449030 1017
1449040 1016
1449050 1016
1449060 1015
1449070 1015
1449080 1015
1449090 1015
1449100 1013
1449110 1013
1449120 1010
1449130 1009
1449140 1008
1449150 1008
1449160 1007
1449170 1006
1449180 1006
1449190 1004
1449200 1002
1449210 1002
1449220 998
1449230 997
1449240 997
1449250 994
1449260 993
1449270 993
1449280 991
1449290 989
1449300 986
1449310 983
1449320 980
1449330 980
1449340 976
1449350 973
1449360 973
1449370 971
1449380 970
1449390 970
1449400 968
1449410 966
1449420 965
1449430 965
1449440 964
1449450 962
1449460 962
1449470 961
1449480 960
1449490 960
1449500 959
1449510 958
1449520 958
1449530 956
1449540 954
1449550 954
1449560 952
1449570 951
1449580 951
1449590 950
1449600 948
1449610 948
1449620 946
1449630 944
1449640 944
1449650 942
1449660 941
1449670 938
1449680 938
1449690 932
1449700 928
1449710 928
1449720 924
1449730 919
1449740 919
1449750 915
1449760 914
1449770 914
1449780 913
1449790 913
1449800 913
1449810 912
1449820 913
1449830 913
1449840 912
1449850 912
1449860 912
1449870 911
1449880 909
1449890 909
1449900 909
1449910 906
1449920 906
1449930 902
1449940 901
1449950 898
1449960 898
1449970 898
1449980 897
1449990 897
1450000 896
1450010 895
1450020 895
1450030 893
1450040 892
1450050 892
1450060 890
1450070 890
1450080 890
1450090 889
1450100 888
1450110 888
1450120 888
1450130 889
1450140 889
1450150 890
1450160 891
1450170 891
1450180 893
1450190 896
1450200 896
1450210 900
1450220 905
1450230 908
1450240 908
1450250 909
1450260 909
1450270 909
1450280 908
1450290 907
1450300 907
1450310 907
1450320 906
1450330 906
1450340 906
1450350 905
1450360 905
1450370 904
1450380 902
1450390 902
1450400 901
1450410 900
1450420 900
1450430 899
1450440 898
1450450 898
1450460 898
1450470 898
1450480 898
1450490 898
1450500 898
1450510 898
1450520 898
1450530 897
1450540 897
1450550 897
1450560 896
1450570 895
1450580 895
1450590 893
1450600 891
1450610 891
1450620 887
1450630 884
1450640 884
1450650 880
1450660 877
1450670 877
1450680 875
1450690 873
1450700 873
1450710 871
1450720 868
1450730 868
1450740 866
1450750 864
1450760 862
1450770 862
1450780 860
1450790 854
1450800 854
1450810 847
1450820 841
1450830 841
1450840 833
1450850 827
1450860 827
1450870 824
1450880 815
1450890 815
1450900 807
1450910 801
1450920 801
1450930 795
1450940 787
1450950 787
1450960 779
1450970 777
1450980 777
1450990 787
1451000 797
1451010 798
1451020 798
1451030 798
1451040 799
1451050 799
1451060 798
1451070 793
1451080 793
1451090 792
1451100 794
1451110 794
1451120 795
1451130 794
1451140 794
1451150 794
1451160 801
1451170 801
1451180 808
1451190 816
1451200 816
1451210 821
1451220 816
1451230 816
1451240 807
1451250 803
1451260 803
1451270 800
1451280 799
1451290 798
1451300 798
1451310 797
1451320 797
1451330 797
1451340 797
1451350 797
1451360 797
1451370 798
1451380 801
1451390 801
1451400 803
1451410 800
1451420 800
1451430 800
1451440 800
1451450 800
1451460 800
1451470 799
1451480 799
1451490 798
1451500 796
1451510 796
1451520 794
1451530 794
1451540 794
1451550 794
1451560 794
1451570 793
1451580 793
1451590 793
1451600 792
1451610 792
1451620 792
1451630 791
1451640 791
1451650 790
1451660 790
1451670 790
1451680 791
1451690 785
1451700 785
1451710 777
1451720 770
1451730 770
1451740 763
1451750 757
1451760 757
1451770 752
1451780 747
1451790 747
1451800 742
1451810 737
1451820 731
1451830 731
1451840 722
1451850 713
1451860 713
1451870 704
1451880 698
1451890 698
1451900 691
1451910 685
1451920 685
1451930 686
1451940 694
1451950 694
1451960 710
1451970 709
1451980 709
1451990 708
1452000 708
1452010 708
1452020 712
1452030 719
1452040 719
1452050 726
1452060 729
1452070 729
1452080 729
1452090 730
1452100 730
1452110 730
1452120 731
1452130 731
1452140 731
1452150 728
1452160 726
1452170 726
1452180 724
1452190 721
1452200 721
1452210 719
1452220 716
1452230 716
1452240 715
1452250 712
1452260 712
1452270 709
1452280 708
1452290 708
1452300 707
1452310 705
1452320 705
1452330 704
1452340 703
1452350 702
1452360 702
1452370 699
1452380 699
1452390 699
1452400 698
1452410 698
1452420 698
1452430 697
1452440 699
1452450 699
1452460 696
1452470 693
1452480 693
1452490 690
1452500 687
1452510 687
1452520 686
1452530 686
1452540 686
1452550 685
1452560 684
1452570 684
1452580 681
1452590 677
1452600 674
1452610 674
1452620 669
1452630 667
1452640 667
1452650 662
1452660 659
1452670 659
1452680 656
1452690 652
1452700 652
1452710 652
1452720 652
1452730 652
1452740 651
1452750 648
1452760 648
1452770 645
1452780 643
1452790 643
1452800 642
1452810 641
1452820 641
1452830 640
1452840 640
1452850 640
1452860 639
1452870 638
1452880 637
1452890 637
1452900 635
1452910 633
1452920 633
1452930 631
1452940 629
1452950 629
1452960 630
1452970 630
1452980 630
1452990 630
1453000 630
1453010 630
1453020 630
1453030 630
1453040 630
1453050 629
1453060 629
1453070 629
1453080 629
1453090 629
1453100 629
1453110 629
1453120 633
1453130 633
1453140 633
1453150 632
1453160 631
1453170 631
1453180 631
1453190 630
1453200 630
1453210 630
1453220 630
1453230 630
1453240 629
1453250 629
1453260 629
1453270 629
1453280 628
1453290 628
1453300 627
1453310 627
1453320 627
1453330 626
1453340 626
1453350 626
1453360 626
1453370 626
1453380 626
1453390 626
1453400 626
1453410 626
1453420 626
1453430 626
1453440 625
1453450 625
1453460 625
1453470 625
1453480 625
1453490 625
1453500 625
1453510 625
1453520 625
1453530 625
1453540 625
1453550 625
1453560 625
1453570 625
1453580 624
1453590 624
1453600 624
1453610 624
1453620 624
1453630 624
1453640 624
1453650 625
1453660 625
1453670 625
1453680 625
1453690 626
1453700 626
1453710 628
1453720 631
1453730 631
1453740 633
1453750 634
1453760 634
1453770 634
1453780 634
1453790 634
1453800 634
1453810 634
1453820 634
1453830 635
1453840 635
1453850 635
1453860 634
1453870 634
1453880 634
1453890 630
1453900 627
1453910 627
1453920 624
1453930 623
1453940 623
1453950 623
1453960 623
1453970 623
1453980 623
1453990 623
1454000 623
1454010 623
1454020 623
1454030 624
1454040 624
1454050 624
1454060 624
1454070 624
1454080 625
1454090 625
1454100 625
1454110 625
1454120 626
1454130 626
1454140 627
1454150 627
1454160 627
1454170 628
1454180 628
1454190 628
1454200 628
1454210 628
1454220 629
1454230 629
1454240 630
1454250 630
1454260 630
1454270 632
1454280 632
1454290 632
1454300 633
1454310 634
1454320 634
1454330 638
1454340 641
1454350 641
1454360 643
1454370 646
1454380 646
1454390 649
1454400 650
1454410 650
1454420 652
1454430 655
1454440 655
1454450 661
1454460 666
1454470 667
1454480 667
1454490 669
1454500 670
1454510 670
1454520 671
1454530 672
1454540 672
1454550 672
1454560 673
1454570 673
1454580 674
1454590 673
1454600 673
1454610 672
1454620 670
1454630 670
1454640 669
1454650 669
1454660 669
1454670 670
1454680 672
1454690 672
1454700 675
1454710 679
1454720 682
1454730 682
1454740 685
1454750 684
1454760 684
1454770 685
1454780 689
1454790 689
1454800 690
1454810 691
1454820 691
1454830 691
1454840 693
1454850 693
1454860 696
1454870 695
1454880 695
1454890 695
1454900 695
1454910 695
1454920 697
1454930 698
1454940 698
1454950 699
1454960 700
1454970 700
1454980 702
1454990 702
1455000 703
1455010 703
1455020 703
1455030 704
1455040 704
1455050 704
1455060 703
1455070 703
1455080 702
1455090 701
1455100 701
1455110 700
1455120 698
1455130 698
1455140 697
1455150 696
1455160 696
1455170 695
1455180 696
1455190 696
1455200 697
1455210 698
1455220 698
1455230 699
1455240 699
1455250 700
1455260 700
1455270 701
1455280 701
1455290 701
1455300 701
1455310 701
1455320 701
1455330 701
1455340 701
1455350 701
1455360 701
1455370 701
1455380 701
1455390 701
1455400 702
1455410 702
1455420 703
1455430 705
1455440 705
1455450 707
1455460 709
1455470 709
1455480 710
1455490 712
1455500 712
1455510 714
1455520 716
1455530 719
1455540 719
1455550 723
1455560 728
1455570 728
1455580 734
1455590 736
1455600 736
1455610 737
1455620 739
1455630 739
1455640 740
1455650 739
1455660 739
1455670 739
1455680 738
1455690 738
1455700 738
1455710 738
1455720 738
1455730 737
1455740 737
1455750 737
1455760 737
1455770 735
1455780 735
1455790 735
1455800 734
1455810 734
1455820 734
1455830 734
1455840 734
1455850 734
1455860 735
1455870 736
1455880 736
1455890 736
1455900 736
1455910 736
1455920 735
1455930 734
1455940 734
1455950 736
1455960 736
1455970 736
1455980 736
1455990 736
1456000 736
1456010 736
1456020 736
1456030 736
1456040 736
1456050 734
1456060 732
1456070 732
1456080 729
1456090 727
1456100 727
1456110 726
1456120 724
1456130 724
1456140 723
1456150 724
1456160 724
1456170 722
1456180 720
1456190 720
1456200 719
1456210 718
1456220 718
1456230 719
1456240 719
1456250 719
1456260 720
1456270 721
1456280 721
1456290 722
1456300 722
1456310 722
1456320 721
1456330 721
1456340 720
1456350 720
1456360 722
1456370 727
1456380 727
1456390 730
1456400 732
1456410 732
1456420 733
1456430 733
1456440 733
1456450 733
1456460 733
1456470 733
1456480 733
1456490 733
1456500 733
1456510 733
1456520 732
1456530 732
1456540 732
1456550 732
1456560 732
1456570 731
1456580 730
1456590 729
1456600 729
1456610 729
1456620 729
1456630 729
1456640 728
1456650 729
1456660 729
1456670 730
1456680 731
1456690 731
1456700 733
1456710 735
1456720 735
1456730 737
1456740 738
1456750 738
1456760 738
1456770 738
1456780 738
1456790 739
1456800 738
1456810 738
1456820 737
1456830 736
1456840 736
1456850 736
1456860 736
1456870 739
1456880 739
1456890 742
1456900 745
1456910 745
1456920 746
1456930 747
1456940 747
1456950 748
1456960 749
1456970 749
1456980 750
1456990 752
1457000 752
1457010 755
1457020 757
1457030 757
1457040 762
1457050 767
1457060 767
1457070 769
1457080 772
1457090 772
1457100 773
1457110 775
1457120 776
1457130 776
1457140 774
1457150 774
1457160 774
1457170 777
1457180 781
1457190 781
1457200 785
1457210 789
1457220 789
1457230 793
1457240 797
1457250 797
1457260 802
1457270 805
1457280 805
1457290 808
1457300 811
1457310 811
1457320 813
1457330 813
1457340 813
1457350 813
1457360 809
1457370 809
1457380 798
1457390 788
1457400 782
1457410 782
1457420 777
1457430 777
1457440 777
1457450 787
1457460 791
1457470 791
1457480 793
1457490 796
1457500 796
1457510 798
1457520 801
1457530 801
1457540 805
1457550 807
1457560 807
1457570 808
1457580 810
1457590 810
1457600 816
1457610 819
1457620 819
1457630 820
1457640 820
1457650 819
1457660 819
1457670 818
1457680 818
1457690 818
1457700 819
1457710 820
1457720 820
1457730 822
1457740 823
1457750 823
1457760 825
1457770 828
1457780 828
1457790 829
1457800 829
1457810 829
1457820 829
1457830 828
1457840 828
1457850 826
1457860 824
1457870 824
1457880 823
1457890 820
1457900 820
1457910 819
1457920 818
1457930 818
1457940 818
1457950 815
1457960 814
1457970 814
1457980 813
1457990 813
1458000 813
1458010 813
1458020 814
1458030 814
1458040 816
1458050 818
1458060 818
1458070 819
1458080 821
1458090 821
1458100 821
1458110 817
1458120 817
1458130 820
1458140 825
1458150 825
1458160 826
1458170 825
1458180 825
1458190 825
1458200 824
1458210 823
1458220 823
1458230 822
1458240 822
1458250 822
1458260 822
1458270 824
1458280 824
1458290 827
1458300 829
1458310 829
1458320 831
1458330 833
1458340 833
1458350 835
1458360 835
1458370 835
1458380 835
1458390 836
1458400 836
1458410 835
1458420 834
1458430 834
1458440 833
1458450 833
1458460 835
1458470 835
1458480 838
1458490 841
1458500 841
1458510 845
1458520 849
1458530 849
1458540 851
1458550 854
1458560 854
1458570 857
1458580 860
1458590 860
1458600 862
1458610 863
1458620 863
1458630 863
1458640 863
1458650 863
1458660 863
1458670 864
1458680 864
1458690 864
1458700 864
1458710 865
1458720 865
1458730 866
1458740 868
1458750 868
1458760 870
1458770 872
1458780 872
1458790 872
1458800 873
1458810 873
1458820 876
1458830 878
1458840 878
1458850 880
1458860 881
1458870 881
1458880 882
1458890 884
1458900 884
1458910 886
1458920 888
1458930 888
1458940 889
1458950 890
1458960 890
1458970 892
1458980 895
1458990 897
1459000 897
1459010 899
1459020 902
1459030 902
1459040 906
1459050 909
1459060 909
1459070 913
1459080 915
1459090 915
1459100 918
1459110 922
1459120 922
1459130 925
1459140 929
1459150 929
1459160 933
1459170 938
1459180 938
1459190 940
1459200 941
1459210 941
1459220 945
1459230 948
1459240 951
1459250 951
1459260 954
1459270 956
1459280 956
1459290 959
1459300 960
1459310 960
1459320 959
1459330 956
1459340 956
1459350 953
1459360 950
1459370 950
1459380 947
1459390 942
1459400 942
1459410 938
1459420 933
1459430 933
1459440 926
1459450 920
1459460 920
1459470 922
1459480 927
1459490 927
1459500 935
1459510 942
1459520 948
1459530 948
1459540 953
1459550 958
1459560 958
1459570 964
1459580 970
1459590 970
1459600 977
1459610 985
1459620 985
1459630 993
1459640 1000
1459650 1000
1459660 1007
1459670 1015
1459680 1015
1459690 1022
1459700 1029
1459710 1029
1459720 1035
1459730 1039
1459740 1039
1459750 1043
1459760 1047
1459770 1049
1459780 1049
1459790 1050
1459800 1052
1459810 1052
1459820 1053
1459830 1054
1459840 1054
1459850 1055
1459860 1055
1459870 1055
1459880 1056
1459890 1058
1459900 1058
1459910 1059
1459920 1060
1459930 1060
1459940 1062
1459950 1064
1459960 1064
1459970 1066
1459980 1069
1459990 1069
