1440000 1185
1440010 1178
1440020 1178
1440030 1171
1440040 1164
1440050 1164
1440060 1160
1440070 1156
1440080 1150
1440090 1150
1440100 1144
1440110 1139
1440120 1139
1440130 1136
1440140 1133
1440150 1133
1440160 1130
1440170 1125
1440180 1125
1440190 1120
1440200 1114
1440210 1114
1440220 1109
1440230 1107
1440240 1107
1440250 1101
1440260 1098
1440270 1098
1440280 1095
1440290 1093
1440300 1093
1440310 1089
1440320 1085
1440330 1082
1440340 1082
1440350 1080
1440360 1077
1440370 1077
1440380 1073
1440390 1070
1440400 1070
1440410 1068
1440420 1066
1440430 1066
1440440 1063
1440450 1059
1440460 1059
1440470 1055
1440480 1048
1440490 1048
1440500 1044
1440510 1041
1440520 1041
1440530 1041
1440540 1036
1440550 1036
1440560 1025
1440570 1034
1440580 1034
1440590 1047
1440600 1054
1440610 1060
1440620 1060
1440630 1063
1440640 1067
1440650 1067
1440660 1073
1440670 1080
1440680 1080
1440690 1087
1440700 1094
1440710 1094
1440720 1100
1440730 1106
1440740 1106
1440750 1112
1440760 1118
1440770 1118
1440780 1125
1440790 1130
1440800 1130
1440810 1137
1440820 1144
1440830 1144
1440840 1151
1440850 1158
1440860 1158
1440870 1166
1440880 1175
1440890 1183
1440900 1183
1440910 1191
1440920 1197
1440930 1197
1440940 1203
1440950 1208
1440960 1208
1440970 1212
1440980 1214
1440990 1214
1441000 1216
1441010 1216
1441020 1216
1441030 1216
1441040 1215
1441050 1215
1441060 1213
1441070 1212
1441080 1212
1441090 1210
1441100 1208
1441110 1208
1441120 1204
1441130 1201
1441140 1199
1441150 1199
1441160 1196
1441170 1192
1441180 1192
1441190 1189
1441200 1184
1441210 1184
1441220 1177
1441230 1170
1441240 1170
1441250 1164
1441260 1164
1441270 1164
1441280 1165
1441290 1165
1441300 1165
1441310 1164
1441320 1164
1441330 1164
1441340 1166
1441350 1164
1441360 1164
1441370 1158
1441380 1151
1441390 1151
1441400 1147
1441410 1152
1441420 1160
1441430 1160
1441440 1163
1441450 1164
1441460 1164
1441470 1167
1441480 1170
1441490 1170
1441500 1172
1441510 1173
1441520 1173
1441530 1175
1441540 1176
1441550 1176
1441560 1175
1441570 1177
1441580 1177
1441590 1179
1441600 1181
1441610 1181
1441620 1183
1441630 1185
1441640 1185
1441650 1189
1441660 1191
1441670 1194
1441680 1194
1441690 1197
1441700 1200
1441710 1200
1441720 1202
1441730 1204
1441740 1204
1441750 1203
1441760 1201
1441770 1201
1441780 1201
1441790 1203
1441800 1203
1441810 1202
1441820 1205
1441830 1205
1441840 1210
1441850 1212
1441860 1212
1441870 1213
1441880 1214
1441890 1214
1441900 1214
1441910 1214
1441920 1214
1441930 1215
1441940 1215
1441950 1215
1441960 1215
1441970 1214
1441980 1214
1441990 1214
1442000 1213
1442010 1211
1442020 1211
1442030 1210
1442040 1209
1442050 1209
1442060 1207
1442070 1206
1442080 1206
1442090 1201
1442100 1199
1442110 1199
1442120 1197
1442130 1195
1442140 1195
1442150 1192
1442160 1190
1442170 1190
1442180 1188
1442190 1185
1442200 1185
1442210 1182
1442220 1180
1442230 1177
1442240 1177
1442250 1175
1442260 1172
1442270 1172
1442280 1169
1442290 1166
1442300 1166
1442310 1164
1442320 1161
1442330 1161
1442340 1158
1442350 1155
1442360 1155
1442370 1152
1442380 1149
1442390 1149
1442400 1146
1442410 1144
1442420 1144
1442430 1141
1442440 1138
1442450 1138
1442460 1136
1442470 1133
1442480 1130
1442490 1130
1442500 1127
1442510 1127
1442520 1127
1442530 1129
1442540 1127
1442550 1127
1442560 1124
1442570 1120
1442580 1120
1442590 1116
1442600 1112
1442610 1112
1442620 1105
1442630 1100
1442640 1100
1442650 1094
1442660 1089
1442670 1089
1442680 1085
1442690 1081
1442700 1081
1442710 1076
1442720 1072
1442730 1072
1442740 1074
1442750 1076
1442760 1073
1442770 1073
1442780 1068
1442790 1061
1442800 1061
1442810 1053
1442820 1047
1442830 1047
1442840 1046
1442850 1052
1442860 1052
1442870 1056
1442880 1061
1442890 1061
1442900 1067
1442910 1074
1442920 1074
1442930 1081
1442940 1089
1442950 1089
1442960 1097
1442970 1104
1442980 1104
1442990 1108
1443000 1114
1443010 1118
1443020 1118
1443030 1123
1443040 1127
1443050 1127
1443060 1130
1443070 1135
1443080 1135
1443090 1140
1443100 1145
1443110 1145
1443120 1149
1443130 1153
1443140 1153
1443150 1157
1443160 1161
1443170 1161
1443180 1165
1443190 1168
1443200 1168
1443210 1171
1443220 1172
1443230 1172
1443240 1173
1443250 1174
1443260 1174
1443270 1174
1443280 1175
1443290 1175
1443300 1175
1443310 1175
1443320 1176
1443330 1176
1443340 1176
1443350 1177
1443360 1177
1443370 1178
1443380 1178
1443390 1178
1443400 1179
1443410 1180
1443420 1180
1443430 1180
1443440 1181
1443450 1181
1443460 1181
1443470 1181
1443480 1181
1443490 1182
1443500 1181
1443510 1181
1443520 1181
1443530 1180
1443540 1179
1443550 1179
1443560 1178
1443570 1177
1443580 1177
1443590 1176
1443600 1175
1443610 1175
1443620 1174
1443630 1174
1443640 1174
1443650 1173
1443660 1173
1443670 1173
1443680 1173
1443690 1172
1443700 1172
1443710 1172
1443720 1171
1443730 1171
1443740 1170
1443750 1169
1443760 1169
1443770 1168
1443780 1168
1443790 1168
1443800 1167
1443810 1166
1443820 1165
1443830 1165
1443840 1164
1443850 1164
1443860 1164
1443870 1163
1443880 1163
1443890 1163
1443900 1161
1443910 1160
1443920 1160
1443930 1159
1443940 1158
1443950 1158
1443960 1156
1443970 1154
1443980 1154
1443990 1152
1444000 1149
1444010 1149
1444020 1147
1444030 1144
1444040 1144
1444050 1143
1444060 1141
1444070 1141
1444080 1139
1444090 1137
1444100 1135
1444110 1135
1444120 1133
1444130 1131
1444140 1131
1444150 1129
1444160 1127
1444170 1127
1444180 1125
1444190 1123
1444200 1123
1444210 1121
1444220 1119
1444230 1119
1444240 1116
1444250 1113
1444260 1113
1444270 1110
1444280 1107
1444290 1107
1444300 1105
1444310 1102
1444320 1102
1444330 1100
1444340 1097
1444350 1095
1444360 1095
1444370 1093
1444380 1091
1444390 1091
1444400 1089
1444410 1086
1444420 1086
1444430 1083
1444440 1081
1444450 1081
1444460 1080
1444470 1078
1444480 1078
1444490 1077
1444500 1077
1444510 1077
1444520 1079
1444530 1079
1444540 1079
1444550 1078
1444560 1077
1444570 1077
1444580 1076
1444590 1076
1444600 1076
1444610 1076
1444620 1076
1444630 1077
1444640 1077
1444650 1078
1444660 1078
1444670 1078
1444680 1079
1444690 1081
1444700 1081
1444710 1082
1444720 1083
1444730 1083
1444740 1083
1444750 1081
1444760 1081
1444770 1079
1444780 1076
1444790 1076
1444800 1070
1444810 1065
1444820 1065
1444830 1063
1444840 1061
1444850 1061
1444860 1060
1444870 1059
1444880 1058
1444890 1058
1444900 1057
1444910 1055
1444920 1055
1444930 1053
1444940 1053
1444950 1053
1444960 1053
1444970 1051
1444980 1051
1444990 1050
1445000 1048
1445010 1048
1445020 1046
1445030 1045
1445040 1045
1445050 1043
1445060 1042
1445070 1042
1445080 1040
1445090 1038
1445100 1038
1445110 1037
1445120 1035
1445130 1035
1445140 1033
1445150 1031
1445160 1028
1445170 1028
1445180 1026
1445190 1024
1445200 1028
1445210 1025
1445220 1023
1445230 1023
1445240 1020
1445250 1017
1445260 1017
1445270 1015
1445280 1012
1445290 1012
1445300 1011
1445310 1010
1445320 1010
1445330 1008
1445340 1007
1445350 1007
1445360 1006
1445370 1004
1445380 1004
1445390 1002
1445400 1000
1445410 1000
1445420 999
1445430 1000
1445440 998
1445450 998
1445460 996
1445470 994
1445480 994
1445490 991
1445500 987
1445510 987
1445520 983
1445530 980
1445540 980
1445550 978
1445560 976
1445570 976
1445580 974
1445590 973
1445600 973
1445610 973
1445620 973
1445630 973
1445640 971
1445650 969
1445660 969
1445670 964
1445680 961
1445690 959
1445700 959
1445710 956
1445720 960
1445730 960
1445740 966
1445750 967
1445760 967
1445770 966
1445780 966
1445790 966
1445800 959
1445810 943
1445820 943
1445830 932
1445840 924
1445850 924
1445860 916
1445870 911
1445880 911
1445890 907
1445900 902
1445910 902
1445920 897
1445930 893
1445940 893
1445950 888
1445960 884
1445970 880
1445980 880
1445990 876
1446000 873
1446010 873
1446020 869
1446030 863
1446040 863
1446050 858
1446060 850
1446070 850
1446080 844
1446090 841
1446100 841
1446110 839
1446120 834
1446130 834
1446140 827
1446150 820
1446160 820
1446170 813
1446180 806
1446190 806
1446200 798
1446210 790
1446220 783
1446230 783
1446240 776
1446250 769
1446260 769
1446270 761
1446280 751
1446290 751
1446300 743
1446310 749
1446320 749
1446330 751
1446340 756
1446350 756
1446360 765
1446370 771
1446380 771
1446390 778
1446400 788
1446410 788
1446420 791
1446430 791
1446440 791
1446450 793
1446460 792
1446470 792
1446480 788
1446490 783
1446500 784
1446510 784
1446520 787
1446530 792
1446540 792
1446550 794
1446560 795
1446570 795
1446580 801
1446590 811
1446600 811
1446610 824
1446620 831
1446630 831
1446640 831
1446650 837
1446660 837
1446670 836
1446680 825
1446690 825
1446700 818
1446710 821
1446720 821
1446730 828
1446740 845
1446750 845
1446760 857
1446770 858
1446780 858
1446790 858
1446800 858
1446810 858
1446820 858
1446830 859
1446840 858
1446850 858
1446860 858
1446870 858
1446880 858
1446890 858
1446900 855
1446910 855
1446920 845
1446930 832
1446940 832
1446950 819
1446960 810
1446970 810
1446980 802
1446990 794
1447000 794
1447010 787
1447020 783
1447030 778
1447040 778
1447050 775
1447060 770
1447070 770
1447080 764
1447090 758
1447100 758
1447110 751
1447120 743
1447130 743
1447140 734
1447150 726
1447160 726
1447170 719
1447180 715
1447190 715
1447200 713
1447210 711
1447220 711
1447230 709
1447240 706
1447250 706
1447260 704
1447270 701
1447280 701
1447290 698
1447300 695
1447310 693
1447320 693
1447330 692
1447340 692
1447350 692
1447360 691
1447370 690
1447380 690
1447390 690
1447400 690
1447410 690
1447420 689
1447430 689
1447440 689
1447450 687
1447460 684
1447470 684
1447480 682
1447490 680
1447500 680
1447510 680
1447520 680
1447530 680
1447540 680
1447550 677
1447560 674
1447570 674
1447580 672
1447590 672
1447600 672
1447610 671
1447620 671
1447630 671
1447640 671
1447650 672
1447660 672
1447670 674
1447680 677
1447690 677
1447700 679
1447710 681
1447720 681
1447730 685
1447740 687
1447750 687
1447760 692
1447770 696
1447780 696
1447790 700
1447800 702
1447810 702
1447820 706
1447830 709
1447840 713
1447850 713
1447860 715
1447870 717
1447880 717
1447890 717
1447900 717
1447910 717
1447920 722
1447930 728
1447940 728
1447950 734
1447960 740
1447970 740
1447980 744
1447990 744
1448000 744
1448010 745
1448020 746
1448030 746
1448040 746
1448050 746
1448060 746
1448070 746
1448080 746
1448090 745
1448100 745
1448110 745
1448120 747
1448130 747
1448140 750
1448150 753
1448160 753
1448170 755
1448180 757
1448190 757
1448200 761
1448210 765
1448220 765
1448230 770
1448240 778
1448250 778
1448260 785
1448270 792
1448280 792
1448290 799
1448300 802
1448310 802
1448320 804
1448330 805
1448340 805
1448350 807
1448360 809
1448370 812
1448380 812
1448390 815
1448400 818
1448410 818
1448420 822
1448430 826
1448440 826
1448450 827
1448460 829
1448470 829
1448480 830
1448490 832
1448500 832
1448510 831
1448520 832
1448530 832
1448540 832
1448550 832
1448560 832
1448570 830
1448580 829
1448590 834
1448600 837
1448610 838
1448620 838
1448630 839
1448640 837
1448650 836
1448660 836
1448670 836
1448680 836
1448690 836
1448700 836
1448710 836
1448720 836
1448730 837
1448740 838
1448750 838
1448760 840
1448770 841
1448780 841
1448790 843
1448800 845
1448810 845
1448820 847
1448830 849
1448840 849
1448850 851
1448860 853
1448870 853
1448880 854
1448890 853
1448900 852
1448910 852
1448920 852
1448930 852
1448940 852
1448950 852
1448960 852
1448970 852
1448980 853
1448990 856
1449000 856
1449010 861
1449020 866
1449030 866
1449040 870
1449050 874
1449060 874
1449070 876
1449080 876
1449090 876
1449100 875
1449110 875
1449120 875
1449130 877
1449140 879
1449150 879
1449160 879
1449170 880
1449180 881
1449190 881
1449200 882
1449210 881
1449220 881
1449230 881
1449240 880
1449250 880
1449260 878
1449270 876
1449280 876
1449290 875
1449300 874
1449310 874
1449320 873
1449330 871
1449340 871
1449350 870
1449360 870
1449370 870
1449380 869
1449390 869
1449400 869
1449410 868
1449420 868
1449430 867
1449440 867
1449450 866
1449460 865
1449470 865
1449480 864
1449490 863
1449500 863
1449510 862
1449520 861
1449530 861
1449540 859
1449550 855
1449560 855
1449570 852
1449580 847
1449590 847
1449600 842
1449610 841
1449620 841
1449630 839
1449640 833
1449650 833
1449660 828
1449670 828
1449680 828
1449690 829
1449700 830
1449710 830
1449720 830
1449730 830
1449740 830
1449750 830
1449760 829
1449770 827
1449780 827
1449790 826
1449800 826
1449810 826
1449820 825
1449830 822
1449840 822
1449850 822
1449860 821
1449870 821
1449880 816
1449890 812
1449900 812
1449910 811
1449920 808
1449930 808
1449940 805
1449950 803
1449960 803
1449970 802
1449980 802
1449990 802
1450000 802
1450010 803
1450020 804
1450030 804
1450040 804
1450050 804
1450060 804
1450070 802
1450080 799
1450090 799
1450100 794
1450110 789
1450120 789
1450130 785
1450140 783
1450150 783
1450160 783
1450170 782
1450180 782
1450190 780
1450200 778
1450210 778
1450220 778
1450230 776
1450240 775
1450250 775
1450260 774
1450270 772
1450280 772
1450290 771
1450300 771
1450310 771
1450320 770
1450330 768
1450340 768
1450350 767
1450360 762
1450370 762
1450380 758
1450390 757
1450400 757
1450410 756
1450420 754
1450430 754
1450440 751
1450450 749
1450460 749
1450470 746
1450480 743
1450490 743
1450500 741
1450510 737
1450520 732
1450530 732
1450540 727
1450550 724
1450560 724
1450570 723
1450580 722
1450590 722
1450600 721
1450610 721
1450620 721
1450630 720
1450640 719
1450650 719
1450660 719
1450670 718
1450680 718
1450690 718
1450700 719
1450710 719
1450720 722
1450730 723
1450740 723
1450750 723
1450760 721
1450770 718
1450780 718
1450790 715
1450800 712
1450810 712
1450820 712
1450830 713
1450840 713
1450850 713
1450860 713
1450870 713
1450880 713
1450890 712
1450900 712
1450910 710
1450920 709
1450930 709
1450940 709
1450950 707
1450960 707
1450970 705
1450980 701
1450990 701
1451000 696
1451010 689
1451020 689
1451030 682
1451040 670
1451050 661
1451060 661
1451070 656
1451080 651
1451090 651
1451100 650
1451110 649
1451120 649
1451130 643
1451140 642
1451150 642
1451160 642
1451170 650
1451180 650
1451190 676
1451200 685
1451210 685
1451220 692
1451230 708
1451240 708
1451250 724
1451260 737
1451270 737
1451280 742
1451290 750
1451300 750
1451310 754
1451320 750
1451330 742
1451340 742
1451350 738
1451360 735
1451370 735
1451380 734
1451390 737
1451400 737
1451410 742
1451420 744
1451430 744
1451440 745
1451450 744
1451460 744
1451470 745
1451480 743
1451490 743
1451500 740
1451510 743
1451520 743
1451530 750
1451540 754
1451550 754
1451560 755
1451570 756
1451580 762
1451590 762
1451600 764
1451610 766
1451620 766
1451630 769
1451640 769
1451650 769
1451660 768
1451670 766
1451680 766
1451690 764
1451700 761
1451710 761
1451720 760
1451730 760
1451740 760
1451750 761
1451760 763
1451770 763
1451780 765
1451790 766
1451800 766
1451810 769
1451820 771
1451830 771
1451840 774
1451850 777
1451860 782
1451870 782
1451880 786
1451890 789
1451900 789
1451910 791
1451920 794
1451930 794
1451940 793
1451950 791
1451960 791
1451970 792
1451980 796
1451990 796
1452000 799
1452010 798
1452020 798
1452030 798
1452040 799
1452050 799
1452060 800
1452070 804
1452080 804
1452090 808
1452100 811
1452110 815
1452120 815
1452130 819
1452140 822
1452150 822
1452160 825
1452170 830
1452180 830
1452190 834
1452200 838
1452210 838
1452220 840
1452230 843
1452240 843
1452250 847
1452260 852
1452270 852
1452280 856
1452290 860
1452300 860
1452310 863
1452320 860
1452330 860
1452340 861
1452350 863
1452360 863
1452370 864
1452380 864
1452390 866
1452400 866
1452410 869
1452420 875
1452430 875
1452440 879
1452450 884
1452460 884
1452470 891
1452480 900
1452490 900
1452500 906
1452510 909
1452520 909
1452530 910
1452540 910
1452550 910
1452560 910
1452570 911
1452580 911
1452590 913
1452600 914
1452610 914
1452620 916
1452630 917
1452640 917
1452650 918
1452660 918
1452670 919
1452680 919
1452690 920
1452700 921
1452710 921
1452720 924
1452730 926
1452740 926
1452750 927
1452760 928
1452770 928
1452780 930
1452790 930
1452800 930
1452810 930
1452820 930
1452830 930
1452840 930
1452850 932
1452860 932
1452870 934
1452880 936
1452890 936
1452900 938
1452910 941
1452920 944
1452930 944
1452940 947
1452950 949
1452960 949
1452970 950
1452980 952
1452990 952
1453000 953
1453010 954
1453020 954
1453030 955
1453040 956
1453050 956
1453060 957
1453070 958
1453080 958
1453090 958
1453100 958
1453110 958
1453120 958
1453130 957
1453140 957
1453150 955
1453160 955
1453170 955
1453180 954
1453190 954
1453200 954
1453210 954
1453220 954
1453230 955
1453240 955
1453250 954
1453260 953
1453270 953
1453280 953
1453290 953
1453300 953
1453310 952
1453320 951
1453330 951
1453340 951
1453350 952
1453360 952
1453370 953
1453380 954
1453390 954
1453400 955
1453410 957
1453420 957
1453430 958
1453440 959
1453450 960
1453460 960
1453470 960
1453480 960
1453490 960
1453500 961
1453510 961
1453520 961
1453530 961
1453540 960
1453550 960
1453560 959
1453570 959
1453580 959
1453590 959
1453600 959
1453610 959
1453620 961
1453630 962
1453640 962
1453650 962
1453660 963
1453670 963
1453680 964
1453690 964
1453700 964
1453710 965
1453720 965
1453730 965
1453740 965
1453750 965
1453760 964
1453770 964
1453780 964
1453790 964
1453800 964
1453810 963
1453820 961
1453830 961
1453840 960
1453850 959
1453860 959
1453870 958
1453880 958
1453890 958
1453900 957
1453910 956
1453920 956
1453930 955
1453940 953
1453950 953
1453960 951
1453970 949
1453980 948
1453990 948
1454000 946
1454010 946
1454020 946
1454030 947
1454040 946
1454050 946
1454060 944
1454070 943
1454080 943
1454090 945
1454100 945
1454110 945
1454120 946
1454130 943
1454140 943
1454150 942
1454160 943
1454170 943
1454180 944
1454190 943
1454200 943
1454210 943
1454220 942
1454230 942
1454240 942
1454250 943
1454260 945
1454270 945
1454280 946
1454290 946
1454300 946
1454310 947
1454320 948
1454330 948
1454340 949
1454350 949
1454360 949
1454370 949
1454380 949
1454390 949
1454400 948
1454410 948
1454420 948
1454430 946
1454440 946
1454450 946
1454460 945
1454470 945
1454480 945
1454490 943
1454500 941
1454510 941
1454520 938
1454530 936
1454540 933
1454550 933
1454560 932
1454570 930
1454580 930
1454590 926
1454600 923
1454610 923
1454620 919
1454630 915
1454640 915
1454650 912
1454660 909
1454670 909
1454680 906
1454690 902
1454700 902
1454710 900
1454720 897
1454730 897
1454740 895
1454750 893
1454760 893
1454770 890
1454780 888
1454790 886
1454800 886
1454810 885
1454820 883
1454830 883
1454840 882
1454850 881
1454860 881
1454870 881
1454880 880
1454890 880
1454900 879
1454910 878
1454920 878
1454930 878
1454940 878
1454950 878
1454960 878
1454970 876
1454980 876
1454990 875
1455000 875
1455010 875
1455020 875
1455030 874
1455040 874
1455050 873
1455060 872
1455070 871
1455080 871
1455090 870
1455100 870
1455110 870
1455120 870
1455130 870
1455140 870
1455150 870
1455160 869
1455170 869
1455180 868
1455190 867
1455200 867
1455210 865
1455220 864
1455230 864
1455240 862
1455250 859
1455260 859
1455270 858
1455280 858
1455290 858
1455300 860
1455310 861
1455320 862
1455330 862
1455340 862
1455350 862
1455360 862
1455370 861
1455380 861
1455390 861
1455400 861
1455410 860
1455420 860
1455430 858
1455440 856
1455450 856
1455460 854
1455470 853
1455480 853
1455490 853
1455500 852
1455510 852
1455520 850
1455530 848
1455540 848
1455550 846
1455560 846
1455570 846
1455580 845
1455590 845
1455600 844
1455610 844
1455620 842
1455630 841
1455640 841
1455650 842
1455660 845
1455670 845
1455680 847
1455690 847
1455700 847
1455710 847
1455720 847
1455730 847
1455740 847
1455750 846
1455760 846
1455770 846
1455780 845
1455790 845
1455800 844
1455810 843
1455820 843
1455830 843
1455840 843
1455850 843
1455860 843
1455870 844
1455880 845
1455890 845
1455900 846
1455910 846
1455920 846
1455930 847
1455940 847
1455950 847
1455960 848
1455970 848
1455980 848
1455990 848
1456000 847
1456010 847
1456020 847
1456030 845
1456040 845
1456050 843
1456060 841
1456070 841
1456080 840
1456090 839
1456100 839
1456110 839
1456120 838
1456130 837
1456140 837
1456150 836
1456160 837
1456170 837
1456180 837
1456190 837
1456200 837
1456210 836
1456220 835
1456230 835
1456240 834
1456250 833
1456260 833
1456270 830
1456280 829
1456290 829
1456300 827
1456310 826
1456320 826
1456330 824
1456340 823
1456350 823
1456360 822
1456370 821
1456380 821
1456390 821
1456400 821
1456410 820
1456420 820
1456430 820
1456440 820
1456450 820
1456460 820
1456470 820
1456480 820
1456490 820
1456500 821
1456510 821
1456520 822
1456530 821
1456540 821
1456550 822
1456560 822
1456570 822
1456580 822
1456590 822
1456600 822
1456610 821
1456620 820
1456630 820
1456640 819
1456650 816
1456660 814
1456670 814
1456680 812
1456690 811
1456700 811
1456710 809
1456720 808
1456730 808
1456740 807
1456750 806
1456760 806
1456770 805
1456780 804
1456790 804
1456800 804
1456810 804
1456820 804
1456830 804
1456840 803
1456850 803
1456860 803
1456870 803
1456880 803
1456890 802
1456900 802
1456910 802
1456920 801
1456930 801
1456940 799
1456950 799
1456960 798
1456970 798
1456980 798
1456990 797
1457000 796
1457010 796
1457020 794
1457030 792
1457040 792
1457050 789
1457060 787
1457070 787
1457080 786
1457090 785
1457100 785
1457110 785
1457120 785
1457130 785
1457140 786
1457150 785
1457160 785
1457170 784
1457180 784
1457190 784
1457200 784
1457210 784
1457220 784
1457230 784
1457240 783
1457250 783
1457260 783
1457270 784
1457280 786
1457290 786
1457300 787
1457310 785
1457320 785
1457330 782
1457340 780
1457350 780
1457360 778
1457370 776
1457380 776
1457390 774
1457400 772
1457410 772
1457420 771
1457430 769
1457440 769
1457450 768
1457460 767
1457470 766
1457480 766
1457490 765
1457500 766
1457510 766
1457520 765
1457530 764
1457540 764
1457550 764
1457560 762
1457570 762
1457580 761
1457590 759
1457600 759
1457610 759
1457620 757
1457630 757
1457640 755
1457650 753
1457660 753
1457670 751
1457680 749
1457690 749
1457700 747
1457710 746
1457720 746
1457730 744
1457740 743
1457750 741
1457760 741
1457770 740
1457780 738
1457790 738
1457800 735
1457810 731
1457820 731
1457830 728
1457840 726
1457850 726
1457860 724
1457870 724
1457880 724
1457890 723
1457900 721
1457910 721
1457920 717
1457930 711
1457940 711
1457950 706
1457960 706
1457970 706
1457980 708
1457990 705
1458000 703
1458010 703
1458020 702
1458030 699
1458040 699
1458050 696
1458060 696
1458070 696
1458080 693
1458090 693
1458100 693
1458110 694
1458120 696
1458130 696
1458140 696
1458150 695
1458160 695
1458170 696
1458180 697
1458190 697
1458200 701
1458210 701
1458220 701
1458230 699
1458240 697
1458250 697
1458260 695
1458270 695
1458280 693
1458290 693
1458300 692
1458310 690
1458320 690
1458330 689
1458340 689
1458350 689
1458360 690
1458370 690
1458380 690
1458390 689
1458400 689
1458410 689
1458420 690
1458430 691
1458440 691
1458450 692
1458460 692
1458470 692
1458480 690
1458490 688
1458500 688
1458510 686
1458520 684
1458530 681
1458540 681
1458550 678
1458560 676
1458570 676
1458580 675
1458590 671
1458600 671
1458610 668
1458620 666
1458630 666
1458640 667
1458650 667
1458660 667
1458670 668
1458680 668
1458690 668
1458700 666
1458710 666
1458720 666
1458730 665
1458740 663
1458750 663
1458760 663
1458770 663
1458780 663
1458790 663
1458800 663
1458810 665
1458820 665
1458830 667
1458840 667
1458850 667
1458860 667
1458870 666
1458880 666
1458890 665
1458900 664
1458910 664
1458920 662
1458930 661
1458940 661
1458950 659
1458960 657
1458970 657
1458980 653
1458990 649
1459000 649
1459010 647
1459020 645
1459030 645
1459040 643
1459050 641
1459060 641
1459070 639
1459080 636
1459090 633
1459100 633
1459110 631
1459120 630
1459130 630
1459140 629
1459150 626
1459160 626
1459170 621
1459180 619
1459190 619
1459200 619
1459210 619
1459220 619
1459230 618
1459240 615
1459250 615
1459260 612
1459270 611
1459280 611
1459290 609
1459300 606
1459310 606
1459320 606
1459330 605
1459340 605
1459350 605
1459360 605
1459370 606
1459380 606
1459390 609
1459400 613
1459410 613
1459420 616
1459430 617
1459440 617
1459450 620
1459460 624
1459470 624
1459480 629
1459490 633
1459500 633
1459510 635
1459520 636
1459530 636
1459540 637
1459550 639
1459560 639
1459570 640
1459580 641
1459590 641
1459600 642
1459610 643
1459620 644
1459630 644
1459640 645
1459650 646
1459660 646
1459670 647
1459680 648
1459690 648
1459700 649
1459710 650
1459720 650
1459730 651
1459740 652
1459750 652
1459760 653
1459770 654
1459780 654
1459790 655
1459800 658
1459810 658
1459820 660
1459830 663
1459840 663
1459850 664
1459860 666
1459870 670
1459880 670
1459890 675
1459900 678
1459910 678
1459920 679
1459930 679
1459940 679
1459950 680
1459960 679
1459970 679
1459980 681
1459990 680
