1440000 1740
1440010 1736
1440020 1732
1440030 1729
1440040 1729
1440050 1720
1440060 1713
1440070 1713
1440080 1708
1440090 1702
1440100 1702
1440110 1695
1440120 1688
1440130 1688
1440140 1684
1440150 1682
1440160 1682
1440170 1681
1440180 1678
1440190 1678
1440200 1677
1440210 1675
1440220 1675
1440230 1674
1440240 1673
1440250 1673
1440260 1670
1440270 1669
1440280 1669
1440290 1668
1440300 1667
1440310 1668
1440320 1668
1440330 1668
1440340 1669
1440350 1669
1440360 1668
1440370 1670
1440380 1670
1440390 1672
1440400 1673
1440410 1673
1440420 1672
1440430 1672
1440440 1672
1440450 1671
1440460 1670
1440470 1670
1440480 1669
1440490 1669
1440500 1669
1440510 1667
1440520 1667
1440530 1667
1440540 1667
1440550 1666
1440560 1666
1440570 1666
1440580 1665
1440590 1664
1440600 1664
1440610 1663
1440620 1661
1440630 1661
1440640 1658
1440650 1653
1440660 1653
1440670 1648
1440680 1643
1440690 1643
1440700 1635
1440710 1630
1440720 1630
1440730 1624
1440740 1619
1440750 1619
1440760 1617
1440770 1615
1440780 1615
1440790 1610
1440800 1605
1440810 1605
1440820 1601
1440830 1599
1440840 1599
1440850 1595
1440860 1592
1440870 1588
1440880 1588
1440890 1583
1440900 1578
1440910 1578
1440920 1574
1440930 1570
1440940 1570
1440950 1567
1440960 1563
1440970 1563
1440980 1561
1440990 1559
1441000 1559
1441010 1556
1441020 1553
1441030 1553
1441040 1550
1441050 1548
1441060 1548
1441070 1548
1441080 1547
1441090 1547
1441100 1544
1441110 1540
1441120 1539
1441130 1539
1441140 1538
1441150 1536
1441160 1536
1441170 1534
1441180 1532
1441190 1532
1441200 1530
1441210 1526
1441220 1526
1441230 1523
1441240 1519
1441250 1519
1441260 1516
1441270 1512
1441280 1512
1441290 1509
1441300 1506
1441310 1506
1441320 1503
1441330 1500
1441340 1500
1441350 1497
1441360 1494
1441370 1494
1441380 1491
1441390 1487
1441400 1484
1441410 1484
1441420 1479
1441430 1476
1441440 1476
1441450 1472
1441460 1468
1441470 1468
1441480 1464
1441490 1460
1441500 1460
1441510 1455
1441520 1450
1441530 1450
1441540 1445
1441550 1440
1441560 1440
1441570 1436
1441580 1433
1441590 1433
1441600 1429
1441610 1424
1441620 1424
1441630 1419
1441640 1413
1441650 1413
1441660 1408
1441670 1404
1441680 1400
1441690 1400
1441700 1396
1441710 1393
1441720 1393
1441730 1388
1441740 1384
1441750 1384
1441760 1380
1441770 1376
1441780 1376
1441790 1372
1441800 1368
1441810 1368
1441820 1363
1441830 1358
1441840 1358
1441850 1353
1441860 1349
1441870 1349
1441880 1344
1441890 1338
1441900 1338
1441910 1332
1441920 1325
1441930 1325
1441940 1319
1441950 1311
1441960 1303
1441970 1303
1441980 1296
1441990 1288
1442000 1288
1442010 1279
1442020 1273
1442030 1273
1442040 1267
1442050 1260
1442060 1260
1442070 1253
1442080 1246
1442090 1246
1442100 1238
1442110 1231
1442120 1231
1442130 1222
1442140 1215
1442150 1215
1442160 1209
1442170 1203
1442180 1203
1442190 1198
1442200 1196
1442210 1196
1442220 1197
1442230 1203
1442240 1216
1442250 1216
1442260 1228
1442270 1237
1442280 1237
1442290 1246
1442300 1252
1442310 1252
1442320 1258
1442330 1264
1442340 1264
1442350 1269
1442360 1275
1442370 1275
1442380 1281
1442390 1288
1442400 1288
1442410 1295
1442420 1301
1442430 1301
1442440 1306
1442450 1312
1442460 1312
1442470 1317
1442480 1322
1442490 1322
1442500 1328
1442510 1334
1442520 1339
1442530 1339
1442540 1344
1442550 1349
1442560 1349
1442570 1355
1442580 1361
1442590 1361
1442600 1366
1442610 1370
1442620 1370
1442630 1373
1442640 1376
1442650 1376
1442660 1378
1442670 1381
1442680 1381
1442690 1383
1442700 1386
1442710 1386
1442720 1388
1442730 1390
1442740 1390
1442750 1392
1442760 1394
1442770 1395
1442780 1395
1442790 1397
1442800 1398
1442810 1398
1442820 1399
1442830 1400
1442840 1400
1442850 1400
1442860 1401
1442870 1401
1442880 1401
1442890 1400
1442900 1400
1442910 1400
1442920 1399
1442930 1399
1442940 1400
1442950 1399
1442960 1399
1442970 1398
1442980 1397
1442990 1397
1443000 1396
1443010 1395
1443020 1395
1443030 1394
1443040 1392
1443050 1391
1443060 1391
1443070 1390
1443080 1389
1443090 1389
1443100 1388
1443110 1387
1443120 1387
1443130 1385
1443140 1384
1443150 1384
1443160 1384
1443170 1384
1443180 1384
1443190 1385
1443200 1386
1443210 1386
1443220 1386
1443230 1387
1443240 1387
1443250 1385
1443260 1384
1443270 1384
1443280 1383
1443290 1381
1443300 1381
1443310 1379
1443320 1377
1443330 1375
1443340 1375
1443350 1373
1443360 1372
1443370 1372
1443380 1371
1443390 1370
1443400 1370
1443410 1368
1443420 1364
1443430 1364
1443440 1361
1443450 1356
1443460 1356
1443470 1349
1443480 1342
1443490 1342
1443500 1335
1443510 1328
1443520 1328
1443530 1321
1443540 1313
1443550 1313
1443560 1306
1443570 1299
1443580 1299
1443590 1293
1443600 1285
1443610 1278
1443620 1278
1443630 1270
1443640 1263
1443650 1263
1443660 1255
1443670 1248
1443680 1248
1443690 1240
1443700 1232
1443710 1232
1443720 1226
1443730 1219
1443740 1219
1443750 1214
1443760 1209
1443770 1209
1443780 1201
1443790 1195
1443800 1195
1443810 1192
1443820 1188
1443830 1188
1443840 1185
1443850 1181
1443860 1181
1443870 1177
1443880 1173
1443890 1170
1443900 1170
1443910 1168
1443920 1167
1443930 1167
1443940 1162
1443950 1155
1443960 1155
1443970 1148
1443980 1140
1443990 1140
1444000 1131
1444010 1123
1444020 1123
1444030 1117
1444040 1117
1444050 1117
1444060 1120
1444070 1126
1444080 1126
1444090 1132
1444100 1137
1444110 1137
1444120 1142
1444130 1147
1444140 1147
1444150 1155
1444160 1163
1444170 1170
1444180 1170
1444190 1175
1444200 1179
1444210 1179
1444220 1183
1444230 1187
1444240 1187
1444250 1191
1444260 1195
1444270 1195
1444280 1199
1444290 1203
1444300 1203
1444310 1206
1444320 1210
1444330 1210
1444340 1214
1444350 1219
1444360 1219
1444370 1224
1444380 1229
1444390 1229
1444400 1233
1444410 1237
1444420 1243
1444430 1243
1444440 1248
1444450 1252
1444460 1252
1444470 1256
1444480 1261
1444490 1261
1444500 1266
1444510 1270
1444520 1270
1444530 1274
1444540 1278
1444550 1278
1444560 1282
1444570 1285
1444580 1285
1444590 1289
1444600 1292
1444610 1292
1444620 1293
1444630 1295
1444640 1295
1444650 1296
1444660 1296
1444670 1296
1444680 1295
1444690 1291
1444700 1288
1444710 1288
1444720 1286
1444730 1282
1444740 1282
1444750 1277
1444760 1272
1444770 1272
1444780 1269
1444790 1268
1444800 1268
1444810 1268
1444820 1268
1444830 1268
1444840 1269
1444850 1269
1444860 1269
1444870 1268
1444880 1266
1444890 1266
1444900 1264
1444910 1261
1444920 1261
1444930 1258
1444940 1253
1444950 1253
1444960 1248
1444970 1243
1444980 1238
1444990 1238
1445000 1231
1445010 1225
1445020 1225
1445030 1231
1445040 1238
1445050 1238
1445060 1244
1445070 1249
1445080 1249
1445090 1253
1445100 1259
1445110 1259
1445120 1264
1445130 1270
1445140 1270
1445150 1275
1445160 1280
1445170 1280
1445180 1286
1445190 1291
1445200 1291
1445210 1297
1445220 1304
1445230 1304
1445240 1312
1445250 1320
1445260 1328
1445270 1328
1445280 1335
1445290 1342
1445300 1342
1445310 1349
1445320 1351
1445330 1351
1445340 1357
1445350 1362
1445360 1362
1445370 1368
1445380 1374
1445390 1374
1445400 1380
1445410 1387
1445420 1387
1445430 1395
1445440 1401
1445450 1401
1445460 1405
1445470 1407
1445480 1407
1445490 1409
1445500 1410
1445510 1410
1445520 1411
1445530 1412
1445540 1413
1445550 1413
1445560 1414
1445570 1415
1445580 1415
1445590 1415
1445600 1415
1445610 1415
1445620 1414
1445630 1412
1445640 1412
1445650 1408
1445660 1406
1445670 1406
1445680 1403
1445690 1402
1445700 1402
1445710 1402
1445720 1400
1445730 1400
1445740 1398
1445750 1395
1445760 1395
1445770 1392
1445780 1389
1445790 1385
1445800 1385
1445810 1381
1445820 1382
1445830 1382
1445840 1386
1445850 1390
1445860 1390
1445870 1396
1445880 1402
1445890 1402
1445900 1407
1445910 1410
1445920 1410
1445930 1413
1445940 1415
1445950 1415
1445960 1417
1445970 1418
1445980 1418
1445990 1419
1446000 1420
1446010 1420
1446020 1420
1446030 1419
1446040 1419
1446050 1416
1446060 1411
1446070 1413
1446080 1413
1446090 1417
1446100 1420
1446110 1420
1446120 1425
1446130 1429
1446140 1429
1446150 1433
1446160 1438
1446170 1438
1446180 1442
1446190 1447
1446200 1447
1446210 1453
1446220 1458
1446230 1458
1446240 1463
1446250 1468
1446260 1468
1446270 1471
1446280 1473
1446290 1473
1446300 1472
1446310 1471
1446320 1471
1446330 1470
1446340 1469
1446350 1473
1446360 1473
1446370 1480
1446380 1486
1446390 1486
1446400 1492
1446410 1497
1446420 1497
1446430 1502
1446440 1509
1446450 1509
1446460 1516
1446470 1520
1446480 1520
1446490 1523
1446500 1526
1446510 1526
1446520 1527
1446530 1529
1446540 1529
1446550 1530
1446560 1531
1446570 1531
1446580 1532
1446590 1533
1446600 1533
1446610 1534
1446620 1535
1446630 1535
1446640 1535
1446650 1535
1446660 1535
1446670 1535
1446680 1535
1446690 1535
1446700 1535
1446710 1534
1446720 1534
1446730 1534
1446740 1535
1446750 1537
1446760 1537
1446770 1539
1446780 1541
1446790 1541
1446800 1542
1446810 1542
1446820 1542
1446830 1543
1446840 1545
1446850 1545
1446860 1546
1446870 1547
1446880 1547
1446890 1548
1446900 1549
1446910 1549
1446920 1549
1446930 1549
1446940 1550
1446950 1550
1446960 1550
1446970 1550
1446980 1550
1446990 1550
1447000 1551
1447010 1551
1447020 1552
1447030 1553
1447040 1553
1447050 1555
1447060 1557
1447070 1557
1447080 1559
1447090 1561
1447100 1561
1447110 1563
1447120 1565
1447130 1565
1447140 1566
1447150 1567
1447160 1567
1447170 1567
1447180 1568
1447190 1569
1447200 1569
1447210 1570
1447220 1570
1447230 1570
1447240 1569
1447250 1568
1447260 1568
1447270 1568
1447280 1567
1447290 1567
1447300 1567
1447310 1566
1447320 1566
1447330 1564
1447340 1563
1447350 1563
1447360 1562
1447370 1561
1447380 1561
1447390 1560
1447400 1558
1447410 1558
1447420 1556
1447430 1553
1447440 1551
1447450 1551
1447460 1550
1447470 1549
1447480 1549
1447490 1548
1447500 1547
1447510 1547
1447520 1545
1447530 1544
1447540 1544
1447550 1541
1447560 1540
1447570 1540
1447580 1538
1447590 1535
1447600 1535
1447610 1533
1447620 1532
1447630 1532
1447640 1531
1447650 1530
1447660 1530
1447670 1529
1447680 1527
1447690 1527
1447700 1525
1447710 1524
1447720 1522
1447730 1522
1447740 1521
1447750 1520
1447760 1520
1447770 1518
1447780 1515
1447790 1515
1447800 1513
1447810 1512
1447820 1512
1447830 1510
1447840 1507
1447850 1507
1447860 1505
1447870 1502
1447880 1502
1447890 1499
1447900 1496
1447910 1496
1447920 1493
1447930 1490
1447940 1490
1447950 1488
1447960 1484
1447970 1484
1447980 1481
1447990 1478
1448000 1476
1448010 1476
1448020 1474
1448030 1471
1448040 1471
1448050 1468
1448060 1465
1448070 1465
1448080 1462
1448090 1459
1448100 1459
1448110 1455
1448120 1451
1448130 1451
1448140 1445
1448150 1439
1448160 1439
1448170 1433
1448180 1428
1448190 1428
1448200 1423
1448210 1417
1448220 1417
1448230 1412
1448240 1408
1448250 1408
1448260 1404
1448270 1399
1448280 1394
1448290 1394
1448300 1390
1448310 1385
1448320 1385
1448330 1381
1448340 1376
1448350 1376
1448360 1371
1448370 1367
1448380 1367
1448390 1362
1448400 1357
1448410 1357
1448420 1353
1448430 1348
1448440 1348
1448450 1344
1448460 1341
1448470 1341
1448480 1337
1448490 1334
1448500 1334
1448510 1330
1448520 1325
1448530 1325
1448540 1321
1448550 1317
1448560 1314
1448570 1314
1448580 1311
1448590 1308
1448600 1308
1448610 1306
1448620 1304
1448630 1304
1448640 1303
1448650 1302
1448660 1302
1448670 1301
1448680 1299
1448690 1299
1448700 1296
1448710 1294
1448720 1297
1448730 1295
1448740 1294
1448750 1294
1448760 1293
1448770 1291
1448780 1291
1448790 1289
1448800 1286
1448810 1284
1448820 1284
1448830 1281
1448840 1277
1448850 1277
1448860 1274
1448870 1270
1448880 1270
1448890 1266
1448900 1263
1448910 1263
1448920 1259
1448930 1255
1448940 1255
1448950 1251
1448960 1247
1448970 1247
1448980 1243
1448990 1239
1449000 1239
1449010 1233
1449020 1228
1449030 1228
1449040 1224
1449050 1221
1449060 1221
1449070 1219
1449080 1218
1449090 1216
1449100 1216
1449110 1213
1449120 1211
1449130 1211
1449140 1209
1449150 1207
1449160 1207
1449170 1204
1449180 1201
1449190 1201
1449200 1197
1449210 1193
1449220 1193
1449230 1189
1449240 1185
1449250 1185
1449260 1180
1449270 1175
1449280 1175
1449290 1169
1449300 1161
1449310 1161
1449320 1153
1449330 1147
1449340 1147
1449350 1141
1449360 1134
1449370 1127
1449380 1127
1449390 1119
1449400 1111
1449410 1111
1449420 1104
1449430 1096
1449440 1096
1449450 1089
1449460 1082
1449470 1082
1449480 1075
1449490 1067
1449500 1067
1449510 1060
1449520 1052
1449530 1052
1449540 1043
1449550 1036
1449560 1036
1449570 1027
1449580 1018
1449590 1018
1449600 1011
1449610 1003
1449620 1003
1449630 999
1449640 998
1449650 1003
1449660 1003
1449670 1004
1449680 1004
1449690 1004
1449700 1003
1449710 1003
1449720 1003
1449730 1002
1449740 1000
1449750 1000
1449760 998
1449770 996
1449780 996
1449790 993
1449800 989
1449810 989
1449820 985
1449830 981
1449840 981
1449850 977
1449860 972
1449870 972
1449880 966
1449890 962
1449900 962
1449910 955
1449920 949
1449930 943
1449940 943
1449950 935
1449960 927
1449970 927
1449980 919
1449990 915
1450000 915
1450010 918
1450020 918
1450030 918
1450040 913
1450050 907
1450060 907
1450070 898
1450080 889
1450090 889
1450100 878
1450110 867
1450120 867
1450130 858
1450140 850
1450150 850
1450160 842
1450170 834
1450180 828
1450190 828
1450200 826
1450210 828
1450220 828
1450230 830
1450240 832
1450250 832
1450260 844
1450270 855
1450280 855
1450290 861
1450300 860
1450310 860
1450320 854
1450330 850
1450340 850
1450350 855
1450360 863
1450370 863
1450380 870
1450390 875
1450400 875
1450410 886
1450420 897
1450430 897
1450440 907
1450450 914
1450460 921
1450470 921
1450480 929
1450490 936
1450500 936
1450510 942
1450520 948
1450530 948
1450540 953
1450550 958
1450560 958
1450570 963
1450580 968
1450590 968
1450600 973
1450610 979
1450620 979
1450630 985
1450640 991
1450650 991
1450660 996
1450670 1002
1450680 1002
1450690 1008
1450700 1013
1450710 1013
1450720 1019
1450730 1024
1450740 1029
1450750 1029
1450760 1034
1450770 1039
1450780 1039
1450790 1045
1450800 1050
1450810 1050
1450820 1056
1450830 1061
1450840 1061
1450850 1067
1450860 1073
1450870 1073
1450880 1079
1450890 1085
1450900 1085
1450910 1092
1450920 1100
1450930 1100
1450940 1107
1450950 1114
1450960 1114
1450970 1120
1450980 1126
1450990 1126
1451000 1132
1451010 1139
1451020 1144
1451030 1144
1451040 1150
1451050 1154
1451060 1154
1451070 1159
1451080 1164
1451090 1164
1451100 1168
1451110 1172
1451120 1172
1451130 1176
1451140 1181
1451150 1181
1451160 1185
1451170 1189
1451180 1189
1451190 1193
1451200 1197
1451210 1197
1451220 1200
1451230 1203
1451240 1203
1451250 1205
1451260 1207
1451270 1207
1451280 1209
1451290 1212
1451300 1215
1451310 1215
1451320 1217
1451330 1219
1451340 1219
1451350 1222
1451360 1224
1451370 1224
1451380 1227
1451390 1229
1451400 1229
1451410 1231
1451420 1232
1451430 1232
1451440 1234
1451450 1236
1451460 1236
1451470 1237
1451480 1238
1451490 1238
1451500 1241
1451510 1244
1451520 1244
1451530 1247
1451540 1250
1451550 1250
1451560 1252
1451570 1256
1451580 1260
1451590 1260
1451600 1264
1451610 1269
1451620 1269
1451630 1274
1451640 1279
1451650 1279
1451660 1283
1451670 1287
1451680 1287
1451690 1290
1451700 1293
1451710 1293
1451720 1296
1451730 1299
1451740 1299
1451750 1302
1451760 1305
1451770 1305
1451780 1308
1451790 1311
1451800 1311
1451810 1315
1451820 1319
1451830 1323
1451840 1323
1451850 1327
1451860 1332
1451870 1332
1451880 1336
1451890 1340
1451900 1340
1451910 1344
1451920 1349
1451930 1349
1451940 1354
1451950 1359
1451960 1359
1451970 1364
1451980 1370
1451990 1370
1452000 1377
1452010 1384
1452020 1384
1452030 1391
1452040 1396
1452050 1396
1452060 1402
1452070 1406
1452080 1406
1452090 1407
1452100 1408
1452110 1409
1452120 1409
1452130 1409
1452140 1409
1452150 1409
1452160 1409
1452170 1409
1452180 1409
1452190 1410
1452200 1411
1452210 1411
1452220 1412
1452230 1413
1452240 1413
1452250 1413
1452260 1414
1452270 1414
1452280 1415
1452290 1417
1452300 1417
1452310 1418
1452320 1419
1452330 1419
1452340 1421
1452350 1421
1452360 1421
1452370 1420
1452380 1419
1452390 1418
1452400 1418
1452410 1416
1452420 1414
1452430 1414
1452440 1413
1452450 1411
1452460 1411
1452470 1406
1452480 1403
1452490 1403
1452500 1401
1452510 1398
1452520 1398
1452530 1396
1452540 1393
1452550 1393
1452560 1390
1452570 1387
1452580 1387
1452590 1384
1452600 1380
1452610 1380
1452620 1376
1452630 1373
1452640 1373
1452650 1369
1452660 1364
1452670 1360
1452680 1360
1452690 1354
1452700 1349
1452710 1349
1452720 1344
1452730 1342
1452740 1342
1452750 1339
1452760 1335
1452770 1335
1452780 1333
1452790 1330
1452800 1330
1452810 1326
1452820 1323
1452830 1323
1452840 1319
1452850 1315
1452860 1315
1452870 1310
1452880 1306
1452890 1306
1452900 1302
1452910 1297
1452920 1297
1452930 1294
1452940 1292
1452950 1289
1452960 1289
1452970 1285
1452980 1282
1452990 1282
1453000 1279
1453010 1276
1453020 1276
1453030 1273
1453040 1270
1453050 1270
1453060 1267
1453070 1265
1453080 1265
1453090 1263
1453100 1260
1453110 1260
1453120 1258
1453130 1256
1453140 1256
1453150 1255
1453160 1252
1453170 1252
1453180 1250
1453190 1248
1453200 1245
1453210 1245
1453220 1240
1453230 1234
1453240 1234
1453250 1229
1453260 1223
1453270 1223
1453280 1218
1453290 1210
1453300 1210
1453310 1216
1453320 1221
1453330 1221
1453340 1225
1453350 1230
1453360 1230
1453370 1231
1453380 1231
1453390 1231
1453400 1231
1453410 1231
1453420 1231
1453430 1231
1453440 1229
1453450 1229
1453460 1228
1453470 1227
1453480 1225
1453490 1225
1453500 1224
1453510 1222
1453520 1222
1453530 1221
1453540 1219
1453550 1219
1453560 1219
1453570 1216
1453580 1216
1453590 1214
1453600 1212
1453610 1212
1453620 1210
1453630 1208
1453640 1208
1453650 1205
1453660 1201
1453670 1201
1453680 1198
1453690 1195
1453700 1195
1453710 1192
1453720 1188
1453730 1188
1453740 1184
1453750 1180
1453760 1176
1453770 1176
1453780 1172
1453790 1164
1453800 1164
1453810 1163
1453820 1169
1453830 1169
1453840 1173
1453850 1174
1453860 1174
1453870 1173
1453880 1171
1453890 1171
1453900 1169
1453910 1167
1453920 1167
1453930 1166
1453940 1164
1453950 1164
1453960 1162
1453970 1159
1453980 1159
1453990 1157
1454000 1154
1454010 1154
1454020 1151
1454030 1149
1454040 1146
1454050 1146
1454060 1144
1454070 1142
1454080 1142
1454090 1139
1454100 1136
1454110 1136
1454120 1134
1454130 1131
1454140 1131
1454150 1127
1454160 1123
1454170 1123
1454180 1120
1454190 1115
1454200 1115
1454210 1110
1454220 1107
1454230 1107
1454240 1100
1454250 1095
1454260 1095
1454270 1091
1454280 1087
1454290 1087
1454300 1083
1454310 1079
1454320 1076
1454330 1076
1454340 1072
1454350 1069
1454360 1069
1454370 1065
1454380 1062
1454390 1062
1454400 1060
1454410 1056
1454420 1056
1454430 1051
1454440 1045
1454450 1045
1454460 1041
1454470 1038
1454480 1038
1454490 1035
1454500 1031
1454510 1031
1454520 1027
1454530 1022
1454540 1022
1454550 1019
1454560 1015
1454570 1015
1454580 1009
1454590 1005
1454600 1001
1454610 1001
1454620 998
1454630 994
1454640 994
1454650 990
1454660 986
1454670 986
1454680 982
1454690 977
1454700 977
1454710 974
1454720 972
1454730 972
1454740 969
1454750 966
1454760 966
1454770 963
1454780 961
1454790 961
1454800 959
1454810 957
1454820 957
1454830 955
1454840 953
1454850 951
1454860 951
1454870 947
1454880 945
1454890 945
1454900 941
1454910 938
1454920 938
1454930 934
1454940 931
1454950 931
1454960 928
1454970 926
1454980 926
1454990 924
1455000 922
1455010 922
1455020 919
1455030 916
1455040 916
1455050 914
1455060 913
1455070 913
1455080 912
1455090 912
1455100 912
1455110 909
1455120 907
1455130 906
1455140 906
1455150 904
1455160 901
1455170 901
1455180 899
1455190 897
1455200 897
1455210 895
1455220 893
1455230 893
1455240 891
1455250 889
1455260 889
1455270 887
1455280 885
1455290 885
1455300 883
1455310 881
1455320 881
1455330 879
1455340 878
1455350 878
1455360 877
1455370 875
1455380 875
1455390 873
1455400 871
1455410 870
1455420 870
1455430 869
1455440 867
1455450 867
1455460 866
1455470 864
1455480 864
1455490 863
1455500 862
1455510 862
1455520 861
1455530 860
1455540 860
1455550 860
1455560 859
1455570 859
1455580 858
1455590 858
1455600 858
1455610 857
1455620 855
1455630 855
1455640 854
1455650 853
1455660 853
1455670 852
1455680 851
1455690 850
1455700 850
1455710 850
1455720 850
1455730 850
1455740 849
1455750 849
1455760 849
1455770 848
1455780 848
1455790 848
1455800 847
1455810 847
1455820 847
1455830 846
1455840 846
1455850 846
1455860 845
1455870 844
1455880 844
1455890 844
1455900 843
1455910 843
1455920 843
1455930 843
1455940 843
1455950 843
1455960 842
1455970 842
1455980 842
1455990 841
1456000 839
1456010 839
1456020 838
1456030 838
1456040 838
1456050 838
1456060 838
1456070 838
1456080 837
1456090 836
1456100 836
1456110 836
1456120 835
1456130 835
1456140 834
1456150 833
1456160 833
1456170 832
1456180 832
1456190 832
1456200 831
1456210 830
1456220 828
1456230 828
1456240 824
1456250 823
1456260 823
1456270 823
1456280 822
1456290 822
1456300 821
1456310 820
1456320 820
1456330 819
1456340 818
1456350 818
1456360 817
1456370 817
1456380 817
1456390 817
1456400 816
1456410 816
1456420 816
1456430 816
1456440 816
1456450 815
1456460 815
1456470 815
1456480 815
1456490 814
1456500 814
1456510 814
1456520 814
1456530 815
1456540 815
1456550 818
1456560 819
1456570 819
1456580 821
1456590 824
1456600 824
1456610 827
1456620 831
1456630 831
1456640 836
1456650 839
1456660 839
1456670 842
1456680 848
1456690 848
1456700 850
1456710 850
1456720 856
1456730 856
1456740 856
1456750 856
1456760 857
1456770 858
1456780 860
1456790 860
1456800 862
1456810 864
1456820 864
1456830 866
1456840 868
1456850 868
1456860 869
1456870 869
1456880 869
1456890 869
1456900 870
1456910 870
1456920 871
1456930 872
1456940 872
1456950 873
1456960 874
1456970 874
1456980 875
1456990 877
1457000 877
1457010 878
1457020 879
1457030 879
1457040 881
1457050 883
1457060 884
1457070 884
1457080 886
1457090 887
1457100 887
1457110 889
1457120 891
1457130 891
1457140 893
1457150 894
1457160 894
1457170 896
1457180 897
1457190 897
1457200 898
1457210 900
1457220 900
1457230 900
1457240 901
1457250 901
1457260 902
1457270 903
1457280 903
1457290 904
1457300 905
1457310 905
1457320 905
1457330 906
1457340 906
1457350 906
1457360 907
1457370 908
1457380 908
1457390 908
1457400 909
1457410 909
1457420 909
1457430 910
1457440 910
1457450 910
1457460 911
1457470 911
1457480 912
1457490 912
1457500 912
1457510 914
1457520 915
1457530 915
1457540 916
1457550 916
1457560 916
1457570 917
1457580 918
1457590 919
1457600 919
1457610 920
1457620 921
1457630 921
1457640 923
1457650 924
1457660 924
1457670 925
1457680 925
1457690 925
1457700 926
1457710 926
1457720 926
1457730 926
1457740 926
1457750 926
1457760 925
1457770 924
1457780 924
1457790 923
1457800 922
1457810 922
1457820 920
1457830 918
1457840 918
1457850 916
1457860 915
1457870 913
1457880 913
1457890 912
1457900 910
1457910 910
1457920 909
1457930 909
1457940 909
1457950 909
1457960 910
1457970 910
1457980 911
1457990 912
1458000 912
1458010 912
1458020 913
1458030 913
1458040 915
1458050 918
1458060 918
1458070 921
1458080 924
1458090 924
1458100 927
1458110 930
1458120 930
1458130 935
1458140 940
1458150 946
1458160 946
1458170 949
1458180 953
1458190 953
1458200 956
1458210 960
1458220 960
1458230 963
1458240 966
1458250 966
1458260 968
1458270 971
1458280 971
1458290 974
1458300 976
1458310 976
1458320 977
1458330 978
1458340 978
1458350 978
1458360 978
1458370 978
1458380 978
1458390 978
1458400 978
1458410 979
1458420 979
1458430 977
1458440 977
1458450 975
1458460 974
1458470 974
1458480 973
1458490 972
1458500 972
1458510 971
1458520 970
1458530 970
1458540 967
1458550 965
1458560 965
1458570 965
1458580 966
1458590 966
1458600 968
1458610 969
1458620 969
1458630 967
1458640 965
1458650 965
1458660 962
1458670 960
1458680 960
1458690 957
1458700 955
1458710 953
1458720 953
1458730 950
1458740 948
1458750 948
1458760 946
1458770 943
1458780 943
1458790 940
1458800 937
1458810 937
1458820 935
1458830 933
1458840 933
1458850 932
1458860 929
1458870 929
1458880 926
1458890 923
1458900 923
1458910 921
1458920 917
1458930 917
1458940 915
1458950 913
1458960 913
1458970 911
1458980 908
1458990 905
1459000 905
1459010 903
1459020 901
1459030 901
1459040 899
1459050 897
1459060 897
1459070 896
1459080 895
1459090 895
1459100 894
1459110 893
1459120 893
1459130 892
1459140 890
1459150 890
1459160 888
1459170 885
1459180 885
1459190 881
1459200 880
1459210 880
1459220 878
1459230 876
1459240 874
1459250 874
1459260 872
1459270 870
1459280 870
1459290 868
1459300 867
1459310 867
1459320 864
1459330 862
1459340 862
1459350 859
1459360 857
1459370 857
1459380 855
1459390 855
1459400 855
1459410 855
1459420 855
1459430 855
1459440 855
1459450 856
1459460 856
1459470 855
1459480 856
1459490 856
1459500 856
1459510 856
1459520 855
1459530 855
1459540 855
1459550 854
1459560 854
1459570 853
1459580 852
1459590 852
1459600 851
1459610 851
1459620 851
1459630 852
1459640 852
1459650 852
1459660 852
1459670 853
1459680 853
1459690 854
1459700 854
1459710 854
1459720 855
1459730 855
1459740 855
1459750 855
1459760 855
1459770 855
1459780 854
1459790 856
1459800 859
1459810 859
1459820 861
1459830 863
1459840 863
1459850 863
1459860 865
1459870 865
1459880 867
1459890 868
1459900 868
1459910 869
1459920 870
1459930 870
1459940 871
1459950 873
1459960 873
1459970 875
1459980 877
1459990 877
