1440000 1619
1440010 1619
1440020 1615
1440030 1611
1440040 1611
1440050 1610
1440060 1606
1440070 1606
1440080 1601
1440090 1597
1440100 1597
1440110 1594
1440120 1591
1440130 1591
1440140 1588
1440150 1583
1440160 1583
1440170 1578
1440180 1575
1440190 1573
1440200 1573
1440210 1570
1440220 1567
1440230 1567
1440240 1564
1440250 1563
1440260 1563
1440270 1561
1440280 1558
1440290 1558
1440300 1555
1440310 1551
1440320 1551
1440330 1548
1440340 1547
1440350 1547
1440360 1545
1440370 1544
1440380 1544
1440390 1543
1440400 1542
1440410 1542
1440420 1540
1440430 1538
1440440 1538
1440450 1535
1440460 1532
1440470 1530
1440480 1530
1440490 1529
1440500 1528
1440510 1528
1440520 1527
1440530 1523
1440540 1523
1440550 1519
1440560 1515
1440570 1515
1440580 1515
1440590 1517
1440600 1517
1440610 1517
1440620 1515
1440630 1515
1440640 1512
1440650 1510
1440660 1510
1440670 1508
1440680 1503
1440690 1503
1440700 1499
1440710 1492
1440720 1492
1440730 1486
1440740 1482
1440750 1479
1440760 1479
1440770 1475
1440780 1470
1440790 1470
1440800 1466
1440810 1466
1440820 1466
1440830 1465
1440840 1464
1440850 1464
1440860 1463
1440870 1461
1440880 1461
1440890 1459
1440900 1457
1440910 1457
1440920 1455
1440930 1454
1440940 1454
1440950 1452
1440960 1448
1440970 1448
1440980 1446
1440990 1444
1441000 1439
1441010 1439
1441020 1435
1441030 1434
1441040 1434
1441050 1432
1441060 1430
1441070 1430
1441080 1428
1441090 1427
1441100 1427
1441110 1426
1441120 1425
1441130 1425
1441140 1424
1441150 1423
1441160 1423
1441170 1422
1441180 1421
1441190 1421
1441200 1420
1441210 1417
1441220 1417
1441230 1413
1441240 1410
1441250 1410
1441260 1407
1441270 1405
1441280 1403
1441290 1403
1441300 1402
1441310 1400
1441320 1400
1441330 1398
1441340 1396
1441350 1396
1441360 1394
1441370 1395
1441380 1395
1441390 1395
1441400 1393
1441410 1393
1441420 1388
1441430 1383
1441440 1383
1441450 1379
1441460 1377
1441470 1377
1441480 1374
1441490 1371
1441500 1371
1441510 1368
1441520 1365
1441530 1371
1441540 1369
1441550 1366
1441560 1364
1441570 1364
1441580 1360
1441590 1356
1441600 1356
1441610 1352
1441620 1349
1441630 1349
1441640 1345
1441650 1341
1441660 1341
1441670 1337
1441680 1332
1441690 1332
1441700 1329
1441710 1325
1441720 1325
1441730 1320
1441740 1314
1441750 1314
1441760 1309
1441770 1305
1441780 1305
1441790 1301
1441800 1297
1441810 1297
1441820 1291
1441830 1285
1441840 1280
1441850 1280
1441860 1275
1441870 1268
1441880 1268
1441890 1262
1441900 1255
1441910 1255
1441920 1248
1441930 1246
1441940 1246
1441950 1243
1441960 1241
1441970 1241
1441980 1240
1441990 1239
1442000 1239
1442010 1240
1442020 1240
1442030 1240
1442040 1241
1442050 1243
1442060 1243
1442070 1247
1442080 1253
1442090 1253
1442100 1255
1442110 1254
1442120 1262
1442130 1262
1442140 1272
1442150 1280
1442160 1280
1442170 1287
1442180 1293
1442190 1293
1442200 1299
1442210 1305
1442220 1305
1442230 1310
1442240 1317
1442250 1317
1442260 1324
1442270 1330
1442280 1330
1442290 1336
1442300 1340
1442310 1340
1442320 1344
1442330 1349
1442340 1349
1442350 1353
1442360 1358
1442370 1358
1442380 1362
1442390 1367
1442400 1370
1442410 1370
1442420 1374
1442430 1379
1442440 1379
1442450 1383
1442460 1387
1442470 1387
1442480 1390
1442490 1395
1442500 1395
1442510 1402
1442520 1409
1442530 1409
1442540 1416
1442550 1422
1442560 1422
1442570 1428
1442580 1432
1442590 1432
1442600 1436
1442610 1443
1442620 1443
1442630 1451
1442640 1456
1442650 1464
1442660 1464
1442670 1470
1442680 1476
1442690 1476
1442700 1482
1442710 1488
1442720 1488
1442730 1493
1442740 1499
1442750 1499
1442760 1504
1442770 1507
1442780 1507
1442790 1508
1442800 1508
1442810 1508
1442820 1508
1442830 1506
1442840 1506
1442850 1504
1442860 1501
1442870 1501
1442880 1497
1442890 1492
1442900 1492
1442910 1487
1442920 1483
1442930 1479
1442940 1479
1442950 1474
1442960 1469
1442970 1469
1442980 1464
1442990 1457
1443000 1457
1443010 1451
1443020 1445
1443030 1445
1443040 1440
1443050 1434
1443060 1434
1443070 1428
1443080 1421
1443090 1421
1443100 1415
1443110 1408
1443120 1408
1443130 1401
1443140 1395
1443150 1395
1443160 1388
1443170 1381
1443180 1381
1443190 1375
1443200 1368
1443210 1361
1443220 1361
1443230 1354
1443240 1348
1443250 1348
1443260 1341
1443270 1336
1443280 1336
1443290 1329
1443300 1321
1443310 1321
1443320 1314
1443330 1307
1443340 1307
1443350 1300
1443360 1293
1443370 1293
1443380 1292
1443390 1289
1443400 1289
1443410 1285
1443420 1280
1443430 1280
1443440 1274
1443450 1267
1443460 1267
1443470 1260
1443480 1255
1443490 1249
1443500 1249
1443510 1242
1443520 1236
1443530 1236
1443540 1227
1443550 1217
1443560 1217
1443570 1206
1443580 1200
1443590 1200
1443600 1191
1443610 1179
1443620 1179
1443630 1167
1443640 1161
1443650 1161
1443660 1163
1443670 1167
1443680 1167
1443690 1172
1443700 1176
1443710 1176
1443720 1180
1443730 1183
1443740 1183
1443750 1185
1443760 1188
1443770 1194
1443780 1194
1443790 1198
1443800 1201
1443810 1201
1443820 1206
1443830 1210
1443840 1210
1443850 1214
1443860 1218
1443870 1218
1443880 1221
1443890 1223
1443900 1223
1443910 1225
1443920 1227
1443930 1227
1443940 1229
1443950 1231
1443960 1231
1443970 1234
1443980 1238
1443990 1238
1444000 1242
1444010 1245
1444020 1245
1444030 1248
1444040 1251
1444050 1253
1444060 1253
1444070 1256
1444080 1260
1444090 1260
1444100 1264
1444110 1268
1444120 1268
1444130 1271
1444140 1275
1444150 1275
1444160 1279
1444170 1282
1444180 1282
1444190 1286
1444200 1289
1444210 1289
1444220 1293
1444230 1296
1444240 1296
1444250 1298
1444260 1300
1444270 1300
1444280 1303
1444290 1305
1444300 1305
1444310 1307
1444320 1313
1444330 1321
1444340 1321
1444350 1329
1444360 1335
1444370 1335
1444380 1342
1444390 1351
1444400 1351
1444410 1359
1444420 1367
1444430 1367
1444440 1374
1444450 1380
1444460 1380
1444470 1386
1444480 1393
1444490 1393
1444500 1399
1444510 1405
1444520 1405
1444530 1411
1444540 1416
1444550 1416
1444560 1422
1444570 1427
1444580 1433
1444590 1433
1444600 1434
1444610 1439
1444620 1439
1444630 1445
1444640 1450
1444650 1450
1444660 1455
1444670 1459
1444680 1459
1444690 1461
1444700 1464
1444710 1464
1444720 1466
1444730 1468
1444740 1468
1444750 1470
1444760 1471
1444770 1471
1444780 1471
1444790 1471
1444800 1471
1444810 1469
1444820 1466
1444830 1466
1444840 1462
1444850 1455
1444860 1449
1444870 1449
1444880 1443
1444890 1437
1444900 1437
1444910 1431
1444920 1425
1444930 1425
1444940 1419
1444950 1414
1444960 1414
1444970 1409
1444980 1404
1444990 1404
1445000 1399
1445010 1394
1445020 1394
1445030 1389
1445040 1384
1445050 1384
1445060 1379
1445070 1375
1445080 1375
1445090 1370
1445100 1363
1445110 1363
1445120 1359
1445130 1364
1445140 1369
1445150 1369
1445160 1372
1445170 1374
1445180 1374
1445190 1375
1445200 1376
1445210 1376
1445220 1380
1445230 1383
1445240 1383
1445250 1387
1445260 1392
1445270 1392
1445280 1396
1445290 1402
1445300 1402
1445310 1408
1445320 1414
1445330 1414
1445340 1420
1445350 1426
1445360 1426
1445370 1430
1445380 1435
1445390 1435
1445400 1442
1445410 1448
1445420 1454
1445430 1454
1445440 1461
1445450 1467
1445460 1467
1445470 1473
1445480 1479
1445490 1479
1445500 1484
1445510 1490
1445520 1490
1445530 1496
1445540 1502
1445550 1502
1445560 1508
1445570 1515
1445580 1515
1445590 1521
1445600 1528
1445610 1528
1445620 1534
1445630 1540
1445640 1540
1445650 1545
1445660 1548
1445670 1548
1445680 1551
1445690 1554
1445700 1555
1445710 1555
1445720 1556
1445730 1557
1445740 1557
1445750 1558
1445760 1558
1445770 1558
1445780 1559
1445790 1559
1445800 1559
1445810 1560
1445820 1562
1445830 1562
1445840 1564
1445850 1566
1445860 1566
1445870 1569
1445880 1572
1445890 1572
1445900 1574
1445910 1575
1445920 1575
1445930 1574
1445940 1573
1445950 1573
1445960 1572
1445970 1570
1445980 1569
1445990 1569
1446000 1568
1446010 1567
1446020 1567
1446030 1566
1446040 1564
1446050 1564
1446060 1562
1446070 1559
1446080 1559
1446090 1556
1446100 1553
1446110 1553
1446120 1550
1446130 1547
1446140 1547
1446150 1545
1446160 1542
1446170 1542
1446180 1539
1446190 1535
1446200 1535
1446210 1531
1446220 1528
1446230 1524
1446240 1524
1446250 1521
1446260 1517
1446270 1517
1446280 1514
1446290 1510
1446300 1510
1446310 1506
1446320 1503
1446330 1503
1446340 1500
1446350 1497
1446360 1497
1446370 1493
1446380 1491
1446390 1491
1446400 1488
1446410 1485
1446420 1485
1446430 1483
1446440 1479
1446450 1479
1446460 1475
1446470 1472
1446480 1472
1446490 1470
1446500 1468
1446510 1466
1446520 1466
1446530 1464
1446540 1461
1446550 1461
1446560 1458
1446570 1455
1446580 1455
1446590 1452
1446600 1451
1446610 1451
1446620 1448
1446630 1447
1446640 1447
1446650 1444
1446660 1439
1446670 1439
1446680 1435
1446690 1435
1446700 1435
1446710 1435
1446720 1434
1446730 1434
1446740 1434
1446750 1433
1446760 1433
1446770 1431
1446780 1427
1446790 1425
1446800 1425
1446810 1423
1446820 1420
1446830 1420
1446840 1418
1446850 1417
1446860 1417
1446870 1414
1446880 1412
1446890 1412
1446900 1413
1446910 1413
1446920 1413
1446930 1411
1446940 1409
1446950 1409
1446960 1408
1446970 1409
1446980 1409
1446990 1409
1447000 1408
1447010 1408
1447020 1410
1447030 1409
1447040 1409
1447050 1409
1447060 1409
1447070 1409
1447080 1409
1447090 1409
1447100 1410
1447110 1410
1447120 1410
1447130 1410
1447140 1410
1447150 1410
1447160 1411
1447170 1411
1447180 1412
1447190 1412
1447200 1412
1447210 1413
1447220 1413
1447230 1413
1447240 1413
1447250 1413
1447260 1413
1447270 1413
1447280 1413
1447290 1413
1447300 1413
1447310 1414
1447320 1414
1447330 1415
1447340 1415
1447350 1413
1447360 1413
1447370 1410
1447380 1408
1447390 1408
1447400 1405
1447410 1403
1447420 1403
1447430 1401
1447440 1400
1447450 1400
1447460 1398
1447470 1397
1447480 1397
1447490 1396
1447500 1395
1447510 1395
1447520 1394
1447530 1393
1447540 1393
1447550 1393
1447560 1392
1447570 1392
1447580 1391
1447590 1389
1447600 1389
1447610 1387
1447620 1385
1447630 1384
1447640 1384
1447650 1381
1447660 1380
1447670 1380
1447680 1379
1447690 1378
1447700 1378
1447710 1377
1447720 1376
1447730 1376
1447740 1375
1447750 1374
1447760 1374
1447770 1372
1447780 1371
1447790 1371
1447800 1370
1447810 1368
1447820 1368
1447830 1366
1447840 1365
1447850 1365
1447860 1363
1447870 1361
1447880 1360
1447890 1360
1447900 1358
1447910 1356
1447920 1356
1447930 1359
1447940 1358
1447950 1358
1447960 1357
1447970 1355
1447980 1355
1447990 1353
1448000 1351
1448010 1351
1448020 1349
1448030 1347
1448040 1347
1448050 1344
1448060 1341
1448070 1341
1448080 1339
1448090 1336
1448100 1336
1448110 1333
1448120 1330
1448130 1330
1448140 1327
1448150 1324
1448160 1322
1448170 1322
1448180 1319
1448190 1316
1448200 1316
1448210 1313
1448220 1310
1448230 1310
1448240 1306
1448250 1303
1448260 1303
1448270 1299
1448280 1295
1448290 1295
1448300 1290
1448310 1286
1448320 1286
1448330 1281
1448340 1275
1448350 1275
1448360 1271
1448370 1267
1448380 1267
1448390 1263
1448400 1261
1448410 1261
1448420 1258
1448430 1253
1448440 1248
1448450 1248
1448460 1244
1448470 1241
1448480 1241
1448490 1239
1448500 1235
1448510 1235
1448520 1230
1448530 1227
1448540 1227
1448550 1222
1448560 1219
1448570 1219
1448580 1215
1448590 1209
1448600 1209
1448610 1203
1448620 1198
1448630 1198
1448640 1194
1448650 1190
1448660 1190
1448670 1184
1448680 1179
1448690 1179
1448700 1173
1448710 1167
1448720 1162
1448730 1162
1448740 1157
1448750 1153
1448760 1153
1448770 1149
1448780 1145
1448790 1145
1448800 1142
1448810 1139
1448820 1139
1448830 1135
1448840 1131
1448850 1131
1448860 1127
1448870 1122
1448880 1122
1448890 1118
1448900 1113
1448910 1113
1448920 1108
1448930 1103
1448940 1103
1448950 1098
1448960 1091
1448970 1091
1448980 1083
1448990 1077
1449000 1071
1449010 1071
1449020 1064
1449030 1058
1449040 1058
1449050 1054
1449060 1048
1449070 1048
1449080 1044
1449090 1040
1449100 1040
1449110 1037
1449120 1036
1449130 1036
1449140 1033
1449150 1029
1449160 1029
1449170 1028
1449180 1027
1449190 1027
1449200 1027
1449210 1027
1449220 1027
1449230 1028
1449240 1029
1449250 1029
1449260 1028
1449270 1026
1449280 1024
1449290 1024
1449300 1022
1449310 1019
1449320 1019
1449330 1016
1449340 1011
1449350 1011
1449360 1008
1449370 1003
1449380 1003
1449390 997
1449400 992
1449410 992
1449420 987
1449430 982
1449440 982
1449450 977
1449460 973
1449470 973
1449480 969
1449490 964
1449500 964
1449510 958
1449520 953
1449530 953
1449540 948
1449550 943
1449560 938
1449570 938
1449580 933
1449590 928
1449600 928
1449610 923
1449620 918
1449630 918
1449640 913
1449650 906
1449660 906
1449670 899
1449680 892
1449690 892
1449700 885
1449710 880
1449720 880
1449730 873
1449740 868
1449750 868
1449760 863
1449770 858
1449780 858
1449790 852
1449800 848
1449810 848
1449820 848
1449830 849
1449840 851
1449850 851
1449860 851
1449870 855
1449880 855
1449890 860
1449900 868
1449910 868
1449920 880
1449930 887
1449940 887
1449950 894
1449960 901
1449970 901
1449980 908
1449990 917
1450000 917
1450010 925
1450020 933
1450030 933
1450040 942
1450050 952
1450060 952
1450070 959
1450080 964
1450090 971
1450100 971
1450110 975
1450120 979
1450130 979
1450140 983
1450150 987
1450160 987
1450170 991
1450180 995
1450190 995
1450200 999
1450210 1003
1450220 1003
1450230 1006
1450240 1010
1450250 1010
1450260 1013
1450270 1017
1450280 1017
1450290 1020
1450300 1024
1450310 1024
1450320 1026
1450330 1029
1450340 1029
1450350 1031
1450360 1035
1450370 1037
1450380 1037
1450390 1038
1450400 1039
1450410 1039
1450420 1039
1450430 1039
1450440 1039
1450450 1038
1450460 1036
1450470 1036
1450480 1034
1450490 1031
1450500 1031
1450510 1028
1450520 1026
1450530 1026
1450540 1024
1450550 1024
1450560 1024
1450570 1025
1450580 1026
1450590 1026
1450600 1024
1450610 1022
1450620 1022
1450630 1020
1450640 1023
1450650 1027
1450660 1027
1450670 1029
1450680 1029
1450690 1029
1450700 1029
1450710 1029
1450720 1029
1450730 1029
1450740 1027
1450750 1027
1450760 1025
1450770 1025
1450780 1025
1450790 1025
1450800 1023
1450810 1023
1450820 1018
1450830 1015
1450840 1015
1450850 1012
1450860 1012
1450870 1012
1450880 1014
1450890 1016
1450900 1016
1450910 1018
1450920 1020
1450930 1020
1450940 1020
1450950 1020
1450960 1022
1450970 1022
1450980 1022
1450990 1022
1451000 1022
1451010 1031
1451020 1038
1451030 1038
1451040 1043
1451050 1046
1451060 1046
1451070 1048
1451080 1053
1451090 1053
1451100 1054
1451110 1055
1451120 1055
1451130 1058
1451140 1063
1451150 1063
1451160 1067
1451170 1068
1451180 1068
1451190 1069
1451200 1072
1451210 1076
1451220 1076
1451230 1079
1451240 1087
1451250 1087
1451260 1095
1451270 1102
1451280 1102
1451290 1106
1451300 1110
1451310 1110
1451320 1115
1451330 1119
1451340 1119
1451350 1122
1451360 1127
1451370 1127
1451380 1132
1451390 1135
1451400 1135
1451410 1139
1451420 1143
1451430 1143
1451440 1146
1451450 1150
1451460 1153
1451470 1153
1451480 1156
1451490 1159
1451500 1159
1451510 1163
1451520 1168
1451530 1168
1451540 1173
1451550 1177
1451560 1177
1451570 1182
1451580 1187
1451590 1187
1451600 1191
1451610 1196
1451620 1196
1451630 1201
1451640 1204
1451650 1204
1451660 1209
1451670 1214
1451680 1214
1451690 1219
1451700 1223
1451710 1223
1451720 1228
1451730 1232
1451740 1237
1451750 1237
1451760 1243
1451770 1249
1451780 1249
1451790 1254
1451800 1258
1451810 1258
1451820 1263
1451830 1268
1451840 1268
1451850 1273
1451860 1278
1451870 1278
1451880 1283
1451890 1288
1451900 1288
1451910 1292
1451920 1296
1451930 1296
1451940 1301
1451950 1307
1451960 1307
1451970 1313
1451980 1319
1451990 1319
1452000 1325
1452010 1331
1452020 1336
1452030 1336
1452040 1341
1452050 1347
1452060 1347
1452070 1354
1452080 1362
1452090 1362
1452100 1370
1452110 1378
1452120 1378
1452130 1386
1452140 1394
1452150 1394
1452160 1401
1452170 1408
1452180 1408
1452190 1417
1452200 1425
1452210 1425
1452220 1432
1452230 1442
1452240 1442
1452250 1450
1452260 1457
1452270 1457
1452280 1464
1452290 1470
1452300 1476
1452310 1476
1452320 1483
1452330 1490
1452340 1490
1452350 1497
1452360 1504
1452370 1504
1452380 1508
1452390 1510
1452400 1510
1452410 1511
1452420 1511
1452430 1511
1452440 1511
1452450 1510
1452460 1510
1452470 1508
1452480 1507
1452490 1507
1452500 1507
1452510 1507
1452520 1507
1452530 1506
1452540 1504
1452550 1504
1452560 1502
1452570 1499
1452580 1498
1452590 1498
1452600 1496
1452610 1494
1452620 1494
1452630 1492
1452640 1489
1452650 1489
1452660 1486
1452670 1484
1452680 1484
1452690 1481
1452700 1479
1452710 1479
1452720 1477
1452730 1476
1452740 1476
1452750 1475
1452760 1474
1452770 1474
1452780 1473
1452790 1472
1452800 1472
1452810 1471
1452820 1466
1452830 1466
1452840 1461
1452850 1462
1452860 1459
1452870 1459
1452880 1453
1452890 1448
1452900 1448
1452910 1443
1452920 1438
1452930 1438
1452940 1433
1452950 1427
1452960 1427
1452970 1422
1452980 1417
1452990 1417
1453000 1412
1453010 1407
1453020 1407
1453030 1402
1453040 1396
1453050 1396
1453060 1390
1453070 1385
1453080 1385
1453090 1380
1453100 1375
1453110 1369
1453120 1369
1453130 1366
1453140 1365
1453150 1365
1453160 1364
1453170 1363
1453180 1363
1453190 1362
1453200 1359
1453210 1359
1453220 1356
1453230 1354
1453240 1354
1453250 1357
1453260 1362
1453270 1362
1453280 1367
1453290 1370
1453300 1370
1453310 1374
1453320 1375
1453330 1375
1453340 1376
1453350 1377
1453360 1377
1453370 1378
1453380 1378
1453390 1379
1453400 1379
1453410 1378
1453420 1377
1453430 1377
1453440 1376
1453450 1374
1453460 1374
1453470 1370
1453480 1363
1453490 1363
1453500 1356
1453510 1349
1453520 1349
1453530 1342
1453540 1336
1453550 1336
1453560 1330
1453570 1324
1453580 1324
1453590 1318
1453600 1313
1453610 1313
1453620 1309
1453630 1306
1453640 1306
1453650 1299
1453660 1294
1453670 1291
1453680 1291
1453690 1286
1453700 1289
1453710 1289
1453720 1290
1453730 1290
1453740 1290
1453750 1291
1453760 1296
1453770 1296
1453780 1301
1453790 1305
1453800 1305
1453810 1310
1453820 1314
1453830 1314
1453840 1318
1453850 1322
1453860 1322
1453870 1325
1453880 1328
1453890 1328
1453900 1330
1453910 1329
1453920 1329
1453930 1328
1453940 1327
1453950 1326
1453960 1326
1453970 1322
1453980 1318
1453990 1318
1454000 1314
1454010 1312
1454020 1312
1454030 1309
1454040 1305
1454050 1305
1454060 1300
1454070 1294
1454080 1294
1454090 1286
1454100 1277
1454110 1277
1454120 1269
1454130 1261
1454140 1261
1454150 1254
1454160 1246
1454170 1246
1454180 1239
1454190 1231
1454200 1231
1454210 1224
1454220 1217
1454230 1210
1454240 1210
1454250 1203
1454260 1196
1454270 1196
1454280 1189
1454290 1182
1454300 1182
1454310 1176
1454320 1170
1454330 1170
1454340 1166
1454350 1158
1454360 1158
1454370 1152
1454380 1142
1454390 1142
1454400 1139
1454410 1138
1454420 1138
1454430 1132
1454440 1125
1454450 1125
1454460 1118
1454470 1111
1454480 1111
1454490 1104
1454500 1098
1454510 1093
1454520 1093
1454530 1087
1454540 1081
1454550 1081
1454560 1074
1454570 1067
1454580 1067
1454590 1059
1454600 1052
1454610 1052
1454620 1045
1454630 1038
1454640 1038
1454650 1032
1454660 1025
1454670 1025
1454680 1018
1454690 1010
1454700 1010
1454710 1002
1454720 995
1454730 995
1454740 991
1454750 988
1454760 988
1454770 985
1454780 983
1454790 980
1454800 980
1454810 977
1454820 974
1454830 974
1454840 968
1454850 965
1454860 965
1454870 961
1454880 958
1454890 958
1454900 956
1454910 953
1454920 953
1454930 953
1454940 950
1454950 950
1454960 945
1454970 943
1454980 943
1454990 941
1455000 936
1455010 936
1455020 933
1455030 931
1455040 928
1455050 928
1455060 925
1455070 923
1455080 923
1455090 921
1455100 919
1455110 919
1455120 917
1455130 915
1455140 915
1455150 914
1455160 912
1455170 912
1455180 909
1455190 908
1455200 908
1455210 906
1455220 905
1455230 905
1455240 902
1455250 900
1455260 900
1455270 899
1455280 897
1455290 897
1455300 895
1455310 894
1455320 892
1455330 892
1455340 891
1455350 889
1455360 889
1455370 887
1455380 886
1455390 886
1455400 884
1455410 882
1455420 882
1455430 881
1455440 879
1455450 879
1455460 878
1455470 877
1455480 877
1455490 875
1455500 873
1455510 873
1455520 872
1455530 871
1455540 871
1455550 869
1455560 868
1455570 868
1455580 866
1455590 865
1455600 864
1455610 864
1455620 862
1455630 862
1455640 862
1455650 862
1455660 860
1455670 860
1455680 859
1455690 857
1455700 857
1455710 856
1455720 855
1455730 855
1455740 854
1455750 853
1455760 853
1455770 852
1455780 851
1455790 851
1455800 850
1455810 850
1455820 850
1455830 848
1455840 847
1455850 847
1455860 847
1455870 846
1455880 845
1455890 845
1455900 843
1455910 843
1455920 843
1455930 841
1455940 841
1455950 841
1455960 840
1455970 839
1455980 839
1455990 838
1456000 837
1456010 837
1456020 837
1456030 836
1456040 836
1456050 835
1456060 835
1456070 835
1456080 835
1456090 835
1456100 835
1456110 834
1456120 833
1456130 833
1456140 832
1456150 831
1456160 831
1456170 831
1456180 830
1456190 830
1456200 830
1456210 829
1456220 829
1456230 829
1456240 828
1456250 828
1456260 828
1456270 827
1456280 827
1456290 827
1456300 826
1456310 826
1456320 826
1456330 825
1456340 825
1456350 825
1456360 824
1456370 824
1456380 824
1456390 824
1456400 824
1456410 824
1456420 823
1456430 823
1456440 823
1456450 823
1456460 824
1456470 823
1456480 823
1456490 822
1456500 822
1456510 822
1456520 821
1456530 821
1456540 821
1456550 821
1456560 821
1456570 821
1456580 821
1456590 821
1456600 821
1456610 821
1456620 821
1456630 821
1456640 821
1456650 821
1456660 821
1456670 821
1456680 821
1456690 821
1456700 821
1456710 821
1456720 822
1456730 822
1456740 822
1456750 822
1456760 822
1456770 822
1456780 823
1456790 823
1456800 823
1456810 823
1456820 823
1456830 823
1456840 823
1456850 823
1456860 822
1456870 822
1456880 822
1456890 822
1456900 821
1456910 821
1456920 820
1456930 819
1456940 819
1456950 819
1456960 818
1456970 817
1456980 817
1456990 817
1457000 816
1457010 816
1457020 815
1457030 815
1457040 815
1457050 814
1457060 813
1457070 813
1457080 812
1457090 811
1457100 811
1457110 808
1457120 804
1457130 804
1457140 803
1457150 802
1457160 802
1457170 802
1457180 803
1457190 803
1457200 806
1457210 813
1457220 813
1457230 820
1457240 828
1457250 836
1457260 836
1457270 844
1457280 853
1457290 853
1457300 861
1457310 868
1457320 868
1457330 876
1457340 880
1457350 880
1457360 886
1457370 889
1457380 889
1457390 890
1457400 891
1457410 891
1457420 892
1457430 893
1457440 893
1457450 894
1457460 895
1457470 895
1457480 897
1457490 899
1457500 899
1457510 901
1457520 902
1457530 904
1457540 904
1457550 905
1457560 905
1457570 905
1457580 905
1457590 906
1457600 906
1457610 906
1457620 905
1457630 905
1457640 905
1457650 904
1457660 904
1457670 902
1457680 898
1457690 898
1457700 896
1457710 893
1457720 893
1457730 890
1457740 886
1457750 886
1457760 883
1457770 878
1457780 878
1457790 873
1457800 869
1457810 865
1457820 865
1457830 861
1457840 858
1457850 858
1457860 854
1457870 852
1457880 852
1457890 850
1457900 847
1457910 847
1457920 844
1457930 840
1457940 840
1457950 837
1457960 834
1457970 834
1457980 831
1457990 829
1458000 829
1458010 828
1458020 826
1458030 826
1458040 824
1458050 822
1458060 822
1458070 820
1458080 819
1458090 818
1458100 818
1458110 818
1458120 819
1458130 819
1458140 821
1458150 824
1458160 824
1458170 826
1458180 827
1458190 827
1458200 830
1458210 833
1458220 833
1458230 838
1458240 842
1458250 842
1458260 846
1458270 850
1458280 850
1458290 855
1458300 859
1458310 859
1458320 864
1458330 869
1458340 874
1458350 874
1458360 877
1458370 880
1458380 880
1458390 882
1458400 883
1458410 883
1458420 884
1458430 885
1458440 885
1458450 885
1458460 886
1458470 886
1458480 886
1458490 885
1458500 885
1458510 885
1458520 886
1458530 886
1458540 888
1458550 890
1458560 890
1458570 888
1458580 886
1458590 886
1458600 885
1458610 883
1458620 881
1458630 881
1458640 879
1458650 877
1458660 877
1458670 874
1458680 872
1458690 872
1458700 870
1458710 869
1458720 869
1458730 868
1458740 865
1458750 865
1458760 862
1458770 860
1458780 860
1458790 857
1458800 854
1458810 854
1458820 852
1458830 850
1458840 850
1458850 850
1458860 849
1458870 849
1458880 845
1458890 842
1458900 839
1458910 839
1458920 835
1458930 832
1458940 832
1458950 830
1458960 827
1458970 827
1458980 825
1458990 824
1459000 824
1459010 822
1459020 820
1459030 820
1459040 819
1459050 817
1459060 817
1459070 815
1459080 813
1459090 813
1459100 811
1459110 810
1459120 810
1459130 808
1459140 807
1459150 807
1459160 806
1459170 805
1459180 805
1459190 805
1459200 804
1459210 803
1459220 803
1459230 803
1459240 803
1459250 803
1459260 802
1459270 802
1459280 802
1459290 802
1459300 801
1459310 801
1459320 801
1459330 800
1459340 800
1459350 800
1459360 799
1459370 799
1459380 798
1459390 798
1459400 798
1459410 797
1459420 797
1459430 797
1459440 796
1459450 795
1459460 794
1459470 794
1459480 793
1459490 793
1459500 793
1459510 792
1459520 791
1459530 791
1459540 790
1459550 789
1459560 789
1459570 788
1459580 787
1459590 787
1459600 787
1459610 786
1459620 786
1459630 785
1459640 784
1459650 784
1459660 783
1459670 782
1459680 782
1459690 782
1459700 781
1459710 781
1459720 780
1459730 779
1459740 778
1459750 778
1459760 778
1459770 777
1459780 777
1459790 777
1459800 777
1459810 777
1459820 776
1459830 775
1459840 775
1459850 773
1459860 772
1459870 772
1459880 771
1459890 770
1459900 770
1459910 769
1459920 768
1459930 768
1459940 768
1459950 769
1459960 769
1459970 770
1459980 771
1459990 771
