1440000 1558
1440010 1555
1440020 1555
1440030 1552
1440040 1549
1440050 1549
1440060 1542
1440070 1534
1440080 1534
1440090 1524
1440100 1514
1440110 1514
1440120 1512
1440130 1515
1440140 1515
1440150 1517
1440160 1519
1440170 1520
1440180 1520
1440190 1520
1440200 1518
1440210 1518
1440220 1515
1440230 1512
1440240 1512
1440250 1510
1440260 1506
1440270 1506
1440280 1503
1440290 1504
1440300 1504
1440310 1503
1440320 1499
1440330 1499
1440340 1497
1440350 1495
1440360 1495
1440370 1492
1440380 1489
1440390 1489
1440400 1486
1440410 1485
1440420 1485
1440430 1485
1440440 1487
1440450 1491
1440460 1491
1440470 1492
1440480 1487
1440490 1487
1440500 1490
1440510 1502
1440520 1502
1440530 1514
1440540 1519
1440550 1519
1440560 1522
1440570 1525
1440580 1525
1440590 1527
1440600 1530
1440610 1530
1440620 1533
1440630 1535
1440640 1535
1440650 1536
1440660 1537
1440670 1537
1440680 1540
1440690 1542
1440700 1542
1440710 1546
1440720 1550
1440730 1553
1440740 1553
1440750 1555
1440760 1558
1440770 1558
1440780 1561
1440790 1564
1440800 1564
1440810 1567
1440820 1569
1440830 1569
1440840 1569
1440850 1566
1440860 1566
1440870 1561
1440880 1556
1440890 1556
1440900 1550
1440910 1544
1440920 1544
1440930 1545
1440940 1549
1440950 1549
1440960 1552
1440970 1555
1440980 1555
1440990 1558
1441000 1561
1441010 1565
1441020 1565
1441030 1567
1441040 1569
1441050 1569
1441060 1574
1441070 1578
1441080 1578
1441090 1580
1441100 1584
1441110 1584
1441120 1588
1441130 1591
1441140 1591
1441150 1594
1441160 1597
1441170 1597
1441180 1601
1441190 1604
1441200 1604
1441210 1606
1441220 1608
1441230 1608
1441240 1610
1441250 1612
1441260 1612
1441270 1612
1441280 1610
1441290 1606
1441300 1606
1441310 1600
1441320 1594
1441330 1594
1441340 1588
1441350 1582
1441360 1582
1441370 1577
1441380 1571
1441390 1571
1441400 1566
1441410 1562
1441420 1562
1441430 1557
1441440 1552
1441450 1552
1441460 1546
1441470 1537
1441480 1537
1441490 1531
1441500 1526
1441510 1526
1441520 1519
1441530 1511
1441540 1511
1441550 1512
1441560 1519
1441570 1525
1441580 1525
1441590 1532
1441600 1538
1441610 1538
1441620 1542
1441630 1546
1441640 1546
1441650 1548
1441660 1549
1441670 1549
1441680 1549
1441690 1550
1441700 1550
1441710 1550
1441720 1555
1441730 1555
1441740 1561
1441750 1564
1441760 1564
1441770 1570
1441780 1576
1441790 1576
1441800 1580
1441810 1585
1441820 1590
1441830 1590
1441840 1595
1441850 1600
1441860 1600
1441870 1605
1441880 1609
1441890 1609
1441900 1613
1441910 1619
1441920 1619
1441930 1623
1441940 1628
1441950 1628
1441960 1633
1441970 1637
1441980 1637
1441990 1640
1442000 1643
1442010 1643
1442020 1645
1442030 1646
1442040 1646
1442050 1647
1442060 1648
1442070 1648
1442080 1648
1442090 1647
1442100 1647
1442110 1647
1442120 1647
1442130 1646
1442140 1646
1442150 1644
1442160 1642
1442170 1642
1442180 1638
1442190 1634
1442200 1634
1442210 1631
1442220 1630
1442230 1630
1442240 1628
1442250 1626
1442260 1626
1442270 1624
1442280 1621
1442290 1621
1442300 1619
1442310 1615
1442320 1615
1442330 1612
1442340 1608
1442350 1608
1442360 1604
1442370 1600
1442380 1596
1442390 1596
1442400 1591
1442410 1587
1442420 1587
1442430 1582
1442440 1577
1442450 1577
1442460 1572
1442470 1567
1442480 1567
1442490 1562
1442500 1556
1442510 1556
1442520 1551
1442530 1545
1442540 1545
1442550 1539
1442560 1533
1442570 1533
1442580 1528
1442590 1522
1442600 1522
1442610 1515
1442620 1510
1442630 1510
1442640 1504
1442650 1498
1442660 1493
1442670 1493
1442680 1487
1442690 1481
1442700 1481
1442710 1475
1442720 1470
1442730 1470
1442740 1465
1442750 1460
1442760 1460
1442770 1454
1442780 1447
1442790 1447
1442800 1442
1442810 1437
1442820 1437
1442830 1432
1442840 1426
1442850 1426
1442860 1419
1442870 1414
1442880 1414
1442890 1409
1442900 1406
1442910 1406
1442920 1401
1442930 1397
1442940 1392
1442950 1392
1442960 1386
1442970 1381
1442980 1381
1442990 1376
1443000 1370
1443010 1370
1443020 1364
1443030 1360
1443040 1360
1443050 1356
1443060 1351
1443070 1351
1443080 1346
1443090 1340
1443100 1340
1443110 1332
1443120 1331
1443130 1331
1443140 1326
1443150 1323
1443160 1323
1443170 1318
1443180 1311
1443190 1311
1443200 1303
1443210 1300
1443220 1298
1443230 1298
1443240 1297
1443250 1295
1443260 1295
1443270 1294
1443280 1294
1443290 1294
1443300 1293
1443310 1297
1443320 1297
1443330 1304
1443340 1309
1443350 1309
1443360 1313
1443370 1317
1443380 1317
1443390 1320
1443400 1324
1443410 1324
1443420 1329
1443430 1334
1443440 1334
1443450 1338
1443460 1343
1443470 1343
1443480 1348
1443490 1353
1443500 1358
1443510 1358
1443520 1363
1443530 1369
1443540 1369
1443550 1374
1443560 1379
1443570 1379
1443580 1385
1443590 1390
1443600 1390
1443610 1396
1443620 1401
1443630 1401
1443640 1406
1443650 1410
1443660 1410
1443670 1414
1443680 1419
1443690 1419
1443700 1424
1443710 1428
1443720 1428
1443730 1433
1443740 1436
1443750 1436
1443760 1437
1443770 1436
1443780 1432
1443790 1432
1443800 1427
1443810 1421
1443820 1421
1443830 1416
1443840 1411
1443850 1411
1443860 1406
1443870 1402
1443880 1402
1443890 1399
1443900 1396
1443910 1396
1443920 1394
1443930 1390
1443940 1390
1443950 1389
1443960 1388
1443970 1388
1443980 1385
1443990 1383
1444000 1383
1444010 1382
1444020 1390
1444030 1390
1444040 1397
1444050 1399
1444060 1402
1444070 1402
1444080 1408
1444090 1413
1444100 1413
1444110 1417
1444120 1422
1444130 1422
1444140 1426
1444150 1432
1444160 1432
1444170 1437
1444180 1442
1444190 1442
1444200 1448
1444210 1453
1444220 1453
1444230 1459
1444240 1464
1444250 1464
1444260 1469
1444270 1474
1444280 1474
1444290 1478
1444300 1481
1444310 1481
1444320 1485
1444330 1488
1444340 1490
1444350 1490
1444360 1490
1444370 1489
1444380 1489
1444390 1488
1444400 1487
1444410 1487
1444420 1488
1444430 1488
1444440 1488
1444450 1488
1444460 1490
1444470 1490
1444480 1491
1444490 1494
1444500 1494
1444510 1495
1444520 1498
1444530 1498
1444540 1500
1444550 1504
1444560 1504
1444570 1510
1444580 1517
1444590 1521
1444600 1521
1444610 1526
1444620 1530
1444630 1530
1444640 1534
1444650 1538
1444660 1538
1444670 1543
1444680 1548
1444690 1548
1444700 1552
1444710 1557
1444720 1557
1444730 1562
1444740 1567
1444750 1567
1444760 1572
1444770 1577
1444780 1577
1444790 1583
1444800 1588
1444810 1588
1444820 1594
1444830 1598
1444840 1598
1444850 1603
1444860 1609
1444870 1614
1444880 1614
1444890 1619
1444900 1625
1444910 1625
1444920 1631
1444930 1636
1444940 1636
1444950 1641
1444960 1646
1444970 1646
1444980 1651
1444990 1656
1445000 1656
1445010 1661
1445020 1666
1445030 1666
1445040 1671
1445050 1676
1445060 1676
1445070 1681
1445080 1686
1445090 1686
1445100 1690
1445110 1695
1445120 1695
1445130 1699
1445140 1704
1445150 1709
1445160 1709
1445170 1713
1445180 1717
1445190 1717
1445200 1721
1445210 1724
1445220 1724
1445230 1728
1445240 1732
1445250 1732
1445260 1736
1445270 1740
1445280 1740
1445290 1744
1445300 1747
1445310 1747
1445320 1751
1445330 1755
1445340 1755
1445350 1758
1445360 1760
1445370 1760
1445380 1763
1445390 1765
1445400 1765
1445410 1766
1445420 1768
1445430 1768
1445440 1768
1445450 1769
1445460 1769
1445470 1769
1445480 1769
1445490 1768
1445500 1768
1445510 1767
1445520 1766
1445530 1766
1445540 1765
1445550 1764
1445560 1764
1445570 1762
1445580 1759
1445590 1759
1445600 1756
1445610 1752
1445620 1752
1445630 1748
1445640 1743
1445650 1743
1445660 1736
1445670 1728
1445680 1728
1445690 1721
1445700 1717
1445710 1712
1445720 1712
1445730 1707
1445740 1702
1445750 1702
1445760 1698
1445770 1695
1445780 1695
1445790 1692
1445800 1687
1445810 1687
1445820 1684
1445830 1682
1445840 1682
1445850 1678
1445860 1674
1445870 1674
1445880 1671
1445890 1668
1445900 1668
1445910 1664
1445920 1661
1445930 1661
1445940 1659
1445950 1656
1445960 1656
1445970 1653
1445980 1650
1445990 1647
1446000 1647
1446010 1644
1446020 1641
1446030 1641
1446040 1638
1446050 1634
1446060 1634
1446070 1630
1446080 1625
1446090 1625
1446100 1619
1446110 1614
1446120 1614
1446130 1608
1446140 1602
1446150 1602
1446160 1595
1446170 1588
1446180 1588
1446190 1581
1446200 1574
1446210 1574
1446220 1567
1446230 1560
1446240 1560
1446250 1553
1446260 1545
1446270 1538
1446280 1538
1446290 1531
1446300 1524
1446310 1524
1446320 1516
1446330 1508
1446340 1508
1446350 1499
1446360 1491
1446370 1491
1446380 1487
1446390 1481
1446400 1481
1446410 1474
1446420 1467
1446430 1467
1446440 1459
1446450 1453
1446460 1453
1446470 1447
1446480 1440
1446490 1440
1446500 1434
1446510 1429
1446520 1429
1446530 1425
1446540 1421
1446550 1416
1446560 1416
1446570 1411
1446580 1405
1446590 1405
1446600 1399
1446610 1392
1446620 1392
1446630 1386
1446640 1377
1446650 1377
1446660 1371
1446670 1365
1446680 1365
1446690 1358
1446700 1352
1446710 1352
1446720 1346
1446730 1341
1446740 1341
1446750 1336
1446760 1330
1446770 1330
1446780 1324
1446790 1320
1446800 1320
1446810 1317
1446820 1312
1446830 1308
1446840 1308
1446850 1307
1446860 1306
1446870 1306
1446880 1305
1446890 1301
1446900 1301
1446910 1299
1446920 1297
1446930 1297
1446940 1295
1446950 1294
1446960 1294
1446970 1294
1446980 1294
1446990 1294
1447000 1293
1447010 1291
1447020 1291
1447030 1289
1447040 1287
1447050 1287
1447060 1283
1447070 1280
1447080 1280
1447090 1277
1447100 1276
1447110 1276
1447120 1276
1447130 1275
1447140 1272
1447150 1272
1447160 1269
1447170 1266
1447180 1266
1447190 1261
1447200 1255
1447210 1255
1447220 1249
1447230 1245
1447240 1245
1447250 1240
1447260 1235
1447270 1235
1447280 1229
1447290 1224
1447300 1224
1447310 1220
1447320 1218
1447330 1218
1447340 1216
1447350 1213
1447360 1207
1447370 1207
1447380 1202
1447390 1198
1447400 1198
1447410 1196
1447420 1196
1447430 1196
1447440 1195
1447450 1191
1447460 1191
1447470 1188
1447480 1183
1447490 1183
1447500 1179
1447510 1176
1447520 1176
1447530 1173
1447540 1171
1447550 1171
1447560 1165
1447570 1160
1447580 1160
1447590 1157
1447600 1155
1447610 1155
1447620 1154
1447630 1153
1447640 1149
1447650 1149
1447660 1144
1447670 1141
1447680 1141
1447690 1138
1447700 1134
1447710 1134
1447720 1130
1447730 1127
1447740 1127
1447750 1123
1447760 1119
1447770 1119
1447780 1114
1447790 1107
1447800 1107
1447810 1102
1447820 1103
1447830 1103
1447840 1104
1447850 1104
1447860 1104
1447870 1103
1447880 1101
1447890 1101
1447900 1097
1447910 1089
1447920 1082
1447930 1082
1447940 1079
1447950 1075
1447960 1075
1447970 1071
1447980 1068
1447990 1068
1448000 1065
1448010 1061
1448020 1061
1448030 1056
1448040 1051
1448050 1051
1448060 1043
1448070 1032
1448080 1032
1448090 1023
1448100 1016
1448110 1016
1448120 1011
1448130 1007
1448140 1007
1448150 999
1448160 991
1448170 991
1448180 988
1448190 988
1448200 989
1448210 989
1448220 990
1448230 993
1448240 993
1448250 1001
1448260 1008
1448270 1008
1448280 1010
1448290 1009
1448300 1009
1448310 1007
1448320 1006
1448330 1006
1448340 1005
1448350 1005
1448360 1005
1448370 1005
1448380 1005
1448390 1005
1448400 1005
1448410 1004
1448420 1004
1448430 1004
1448440 1002
1448450 1002
1448460 1000
1448470 999
1448480 998
1448490 998
1448500 998
1448510 996
1448520 996
1448530 993
1448540 992
1448550 992
1448560 991
1448570 989
1448580 989
1448590 988
1448600 988
1448610 988
1448620 986
1448630 983
1448640 983
1448650 981
1448660 980
1448670 980
1448680 979
1448690 977
1448700 977
1448710 975
1448720 973
1448730 973
1448740 970
1448750 967
1448760 964
1448770 964
1448780 962
1448790 959
1448800 959
1448810 956
1448820 954
1448830 954
1448840 951
1448850 947
1448860 947
1448870 946
1448880 946
1448890 946
1448900 945
1448910 941
1448920 941
1448930 937
1448940 934
1448950 934
1448960 931
1448970 926
1448980 926
1448990 921
1449000 914
1449010 914
1449020 912
1449030 907
1449040 902
1449050 902
1449060 896
1449070 889
1449080 889
1449090 880
1449100 874
1449110 874
1449120 875
1449130 876
1449140 876
1449150 876
1449160 875
1449170 875
1449180 874
1449190 877
1449200 877
1449210 884
1449220 896
1449230 896
1449240 903
1449250 912
1449260 912
1449270 918
1449280 921
1449290 921
1449300 924
1449310 926
1449320 926
1449330 926
1449340 929
1449350 933
1449360 933
1449370 937
1449380 940
1449390 940
1449400 946
1449410 951
1449420 951
1449430 956
1449440 959
1449450 959
1449460 961
1449470 964
1449480 964
1449490 966
1449500 968
1449510 968
1449520 970
1449530 972
1449540 972
1449550 975
1449560 978
1449570 978
1449580 981
1449590 984
1449600 987
1449610 987
1449620 990
1449630 993
1449640 993
1449650 996
1449660 1000
1449670 1000
1449680 1004
1449690 1007
1449700 1007
1449710 1010
1449720 1012
1449730 1012
1449740 1014
1449750 1016
1449760 1016
1449770 1018
1449780 1021
1449790 1021
1449800 1024
1449810 1026
1449820 1026
1449830 1029
1449840 1031
1449850 1031
1449860 1034
1449870 1038
1449880 1041
1449890 1041
1449900 1043
1449910 1045
1449920 1045
1449930 1047
1449940 1049
1449950 1049
1449960 1050
1449970 1052
1449980 1052
1449990 1053
1450000 1055
1450010 1055
1450020 1058
1450030 1061
1450040 1061
1450050 1065
1450060 1068
1450070 1068
1450080 1072
1450090 1076
1450100 1076
1450110 1079
1450120 1082
1450130 1082
1450140 1087
1450150 1091
1450160 1094
1450170 1094
1450180 1097
1450190 1100
1450200 1100
1450210 1104
1450220 1108
1450230 1108
1450240 1111
1450250 1114
1450260 1114
1450270 1117
1450280 1120
1450290 1120
1450300 1122
1450310 1124
1450320 1124
1450330 1127
1450340 1130
1450350 1130
1450360 1133
1450370 1135
1450380 1135
1450390 1138
1450400 1141
1450410 1143
1450420 1143
1450430 1145
1450440 1147
1450450 1147
1450460 1149
1450470 1150
1450480 1150
1450490 1152
1450500 1154
1450510 1154
1450520 1155
1450530 1156
1450540 1156
1450550 1158
1450560 1160
1450570 1160
1450580 1162
1450590 1164
1450600 1164
1450610 1166
1450620 1168
1450630 1168
1450640 1169
1450650 1170
1450660 1170
1450670 1170
1450680 1171
1450690 1171
1450700 1171
1450710 1172
1450720 1174
1450730 1174
1450740 1175
1450750 1176
1450760 1176
1450770 1178
1450780 1179
1450790 1179
1450800 1180
1450810 1180
1450820 1180
1450830 1181
1450840 1182
1450850 1182
1450860 1183
1450870 1183
1450880 1183
1450890 1184
1450900 1185
1450910 1185
1450920 1185
1450930 1186
1450940 1186
1450950 1186
1450960 1188
1450970 1190
1450980 1190
1450990 1192
1451000 1194
1451010 1194
1451020 1197
1451030 1199
1451040 1199
1451050 1202
1451060 1204
1451070 1204
1451080 1206
1451090 1208
1451100 1208
1451110 1209
1451120 1210
1451130 1210
1451140 1211
1451150 1212
1451160 1212
1451170 1213
1451180 1214
1451190 1214
1451200 1215
1451210 1217
1451220 1217
1451230 1219
1451240 1221
1451250 1223
1451260 1223
1451270 1225
1451280 1227
1451290 1227
1451300 1228
1451310 1229
1451320 1229
1451330 1231
1451340 1233
1451350 1233
1451360 1235
1451370 1237
1451380 1237
1451390 1240
1451400 1243
1451410 1243
1451420 1246
1451430 1248
1451440 1248
1451450 1249
1451460 1251
1451470 1251
1451480 1253
1451490 1255
1451500 1255
1451510 1257
1451520 1259
1451530 1261
1451540 1261
1451550 1264
1451560 1266
1451570 1266
1451580 1269
1451590 1272
1451600 1272
1451610 1274
1451620 1276
1451630 1276
1451640 1278
1451650 1281
1451660 1281
1451670 1283
1451680 1286
1451690 1286
1451700 1289
1451710 1292
1451720 1292
1451730 1295
1451740 1298
1451750 1298
1451760 1300
1451770 1303
1451780 1303
1451790 1307
1451800 1311
1451810 1314
1451820 1314
1451830 1316
1451840 1319
1451850 1319
1451860 1323
1451870 1325
1451880 1325
1451890 1327
1451900 1330
1451910 1330
1451920 1332
1451930 1334
1451940 1334
1451950 1337
1451960 1340
1451970 1340
1451980 1342
1451990 1344
1452000 1344
1452010 1346
1452020 1349
1452030 1349
1452040 1351
1452050 1353
1452060 1353
1452070 1354
1452080 1356
1452090 1359
1452100 1359
1452110 1363
1452120 1365
1452130 1365
1452140 1367
1452150 1370
1452160 1370
1452170 1373
1452180 1375
1452190 1375
1452200 1376
1452210 1381
1452220 1381
1452230 1387
1452240 1389
1452250 1389
1452260 1391
1452270 1393
1452280 1393
1452290 1394
1452300 1396
1452310 1396
1452320 1398
1452330 1401
1452340 1401
1452350 1403
1452360 1405
1452370 1408
1452380 1408
1452390 1410
1452400 1414
1452410 1414
1452420 1418
1452430 1421
1452440 1421
1452450 1424
1452460 1428
1452470 1428
1452480 1431
1452490 1434
1452500 1434
1452510 1436
1452520 1439
1452530 1439
1452540 1441
1452550 1443
1452560 1443
1452570 1445
1452580 1447
1452590 1447
1452600 1448
1452610 1451
1452620 1451
1452630 1454
1452640 1456
1452650 1459
1452660 1459
1452670 1461
1452680 1464
1452690 1464
1452700 1468
1452710 1472
1452720 1472
1452730 1476
1452740 1479
1452750 1479
1452760 1482
1452770 1484
1452780 1484
1452790 1486
1452800 1489
1452810 1489
1452820 1493
1452830 1497
1452840 1497
1452850 1501
1452860 1504
1452870 1504
1452880 1508
1452890 1511
1452900 1511
1452910 1512
1452920 1514
1452930 1522
1452940 1522
1452950 1524
1452960 1526
1452970 1526
1452980 1529
1452990 1531
1453000 1531
1453010 1533
1453020 1533
1453030 1533
1453040 1534
1453050 1536
1453060 1536
1453070 1536
1453080 1535
1453090 1535
1453100 1536
1453110 1538
1453120 1538
1453130 1537
1453140 1540
1453150 1540
1453160 1542
1453170 1542
1453180 1542
1453190 1539
1453200 1538
1453210 1539
1453220 1539
1453230 1539
1453240 1536
1453250 1536
1453260 1535
1453270 1532
1453280 1532
1453290 1530
1453300 1527
1453310 1527
1453320 1524
1453330 1521
1453340 1521
1453350 1518
1453360 1516
1453370 1516
1453380 1513
1453390 1510
1453400 1510
1453410 1507
1453420 1505
1453430 1505
1453440 1503
1453450 1500
1453460 1498
1453470 1498
1453480 1495
1453490 1492
1453500 1492
1453510 1489
1453520 1487
1453530 1487
1453540 1485
1453550 1482
1453560 1482
1453570 1479
1453580 1477
1453590 1477
1453600 1476
1453610 1475
1453620 1475
1453630 1473
1453640 1472
1453650 1472
1453660 1471
1453670 1469
1453680 1469
1453690 1468
1453700 1467
1453710 1467
1453720 1467
1453730 1466
1453740 1465
1453750 1465
1453760 1464
1453770 1463
1453780 1463
1453790 1462
1453800 1461
1453810 1461
1453820 1460
1453830 1459
1453840 1459
1453850 1459
1453860 1458
1453870 1458
1453880 1457
1453890 1455
1453900 1455
1453910 1454
1453920 1452
1453930 1452
1453940 1451
1453950 1448
1453960 1448
1453970 1447
1453980 1446
1453990 1446
1454000 1445
1454010 1443
1454020 1441
1454030 1441
1454040 1439
1454050 1436
1454060 1436
1454070 1432
1454080 1430
1454090 1430
1454100 1430
1454110 1429
1454120 1429
1454130 1428
1454140 1426
1454150 1426
1454160 1422
1454170 1417
1454180 1417
1454190 1416
1454200 1415
1454210 1415
1454220 1411
1454230 1407
1454240 1407
1454250 1401
1454260 1395
1454270 1395
1454280 1391
1454290 1386
1454300 1383
1454310 1383
1454320 1377
1454330 1370
1454340 1370
1454350 1369
1454360 1373
1454370 1373
1454380 1376
1454390 1379
1454400 1379
1454410 1381
1454420 1382
1454430 1382
1454440 1383
1454450 1383
1454460 1383
1454470 1383
1454480 1382
1454490 1382
1454500 1381
1454510 1379
1454520 1379
1454530 1378
1454540 1377
1454550 1377
1454560 1376
1454570 1375
1454580 1375
1454590 1375
1454600 1374
1454610 1373
1454620 1373
1454630 1371
1454640 1370
1454650 1370
1454660 1370
1454670 1369
1454680 1369
1454690 1368
1454700 1368
1454710 1368
1454720 1367
1454730 1366
1454740 1366
1454750 1365
1454760 1364
1454770 1364
1454780 1362
1454790 1361
1454800 1361
1454810 1358
1454820 1356
1454830 1356
1454840 1353
1454850 1350
1454860 1349
1454870 1349
1454880 1347
1454890 1344
1454900 1344
1454910 1340
1454920 1337
1454930 1337
1454940 1334
1454950 1331
1454960 1331
1454970 1328
1454980 1324
1454990 1324
1455000 1321
1455010 1316
1455020 1316
1455030 1311
1455040 1306
1455050 1306
1455060 1301
1455070 1296
1455080 1296
1455090 1291
1455100 1285
1455110 1285
1455120 1280
1455130 1275
1455140 1269
1455150 1269
1455160 1263
1455170 1256
1455180 1256
1455190 1251
1455200 1244
1455210 1244
1455220 1238
1455230 1231
1455240 1231
1455250 1224
1455260 1217
1455270 1217
1455280 1210
1455290 1203
1455300 1203
1455310 1196
1455320 1189
1455330 1189
1455340 1181
1455350 1173
1455360 1173
1455370 1164
1455380 1154
1455390 1154
1455400 1143
1455410 1142
1455420 1149
1455430 1149
1455440 1152
1455450 1154
1455460 1154
1455470 1157
1455480 1160
1455490 1160
1455500 1163
1455510 1163
1455520 1163
1455530 1161
1455540 1159
1455550 1159
1455560 1157
1455570 1154
1455580 1154
1455590 1151
1455600 1149
1455610 1149
1455620 1146
1455630 1142
1455640 1142
1455650 1138
1455660 1133
1455670 1133
1455680 1129
1455690 1126
1455700 1121
1455710 1121
1455720 1115
1455730 1107
1455740 1107
1455750 1099
1455760 1090
1455770 1090
1455780 1080
1455790 1087
1455800 1087
1455810 1098
1455820 1107
1455830 1107
1455840 1115
1455850 1122
1455860 1122
1455870 1128
1455880 1133
1455890 1133
1455900 1138
1455910 1141
1455920 1141
1455930 1141
1455940 1140
1455950 1140
1455960 1139
1455970 1138
1455980 1136
1455990 1136
1456000 1137
1456010 1139
1456020 1139
1456030 1142
1456040 1144
1456050 1144
1456060 1147
1456070 1151
1456080 1151
1456090 1155
1456100 1156
1456110 1156
1456120 1153
1456130 1147
1456140 1147
1456150 1140
1456160 1134
1456170 1134
1456180 1127
1456190 1122
1456200 1122
1456210 1117
1456220 1115
1456230 1114
1456240 1114
1456250 1111
1456260 1108
1456270 1108
1456280 1105
1456290 1102
1456300 1102
1456310 1098
1456320 1093
1456330 1093
1456340 1090
1456350 1086
1456360 1086
1456370 1082
1456380 1075
1456390 1075
1456400 1065
1456410 1064
1456420 1064
1456430 1070
1456440 1068
1456450 1068
1456460 1066
1456470 1063
1456480 1063
1456490 1061
1456500 1057
1456510 1053
1456520 1053
1456530 1047
1456540 1041
1456550 1041
1456560 1037
1456570 1032
1456580 1032
1456590 1028
1456600 1029
1456610 1029
1456620 1032
1456630 1031
1456640 1031
1456650 1031
1456660 1031
1456670 1031
1456680 1034
1456690 1033
1456700 1033
1456710 1031
1456720 1029
1456730 1029
1456740 1026
1456750 1024
1456760 1024
1456770 1022
1456780 1023
1456790 1023
1456800 1023
1456810 1024
1456820 1022
1456830 1022
1456840 1017
1456850 1016
1456860 1016
1456870 1022
1456880 1023
1456890 1023
1456900 1024
1456910 1024
1456920 1024
1456930 1025
1456940 1025
1456950 1025
1456960 1025
1456970 1024
1456980 1024
1456990 1024
1457000 1024
1457010 1024
1457020 1023
1457030 1023
1457040 1023
1457050 1023
1457060 1022
1457070 1021
1457080 1021
1457090 1019
1457100 1018
1457110 1018
1457120 1015
1457130 1011
1457140 1011
1457150 1008
1457160 1005
1457170 1005
1457180 1003
1457190 1000
1457200 1000
1457210 998
1457220 996
1457230 996
1457240 995
1457250 995
1457260 990
1457270 989
1457280 988
1457290 988
1457300 989
1457310 988
1457320 988
1457330 987
1457340 986
1457350 985
1457360 985
1457370 985
1457380 984
1457390 984
1457400 982
1457410 980
1457420 980
1457430 978
1457440 977
1457450 977
1457460 976
1457470 974
1457480 974
1457490 973
1457500 972
1457510 972
1457520 971
1457530 969
1457540 969
1457550 967
1457560 965
1457570 965
1457580 963
1457590 960
1457600 960
1457610 956
1457620 952
1457630 949
1457640 949
1457650 945
1457660 942
1457670 942
1457680 941
1457690 939
1457700 939
1457710 936
1457720 934
1457730 934
1457740 933
1457750 927
1457760 927
1457770 917
1457780 908
1457790 908
1457800 904
1457810 904
1457820 904
1457830 908
1457840 911
1457850 911
1457860 909
1457870 907
1457880 907
1457890 912
1457900 912
1457910 912
1457920 912
1457930 913
1457940 914
1457950 914
1457960 914
1457970 914
1457980 914
1457990 913
1458000 911
1458010 911
1458020 909
1458030 906
1458040 906
1458050 898
1458060 893
1458070 893
1458080 896
1458090 902
1458100 902
1458110 902
1458120 901
1458130 901
1458140 900
1458150 898
1458160 898
1458170 896
1458180 896
1458190 895
1458200 895
1458210 893
1458220 891
1458230 891
1458240 889
1458250 889
1458260 889
1458270 888
1458280 889
1458290 889
1458300 889
1458310 889
1458320 889
1458330 889
1458340 888
1458350 888
1458360 883
1458370 877
1458380 877
1458390 878
1458400 886
1458410 886
1458420 887
1458430 887
1458440 887
1458450 888
1458460 888
1458470 888
1458480 888
1458490 887
1458500 886
1458510 886
1458520 885
1458530 883
1458540 883
1458550 880
1458560 877
1458570 877
1458580 871
1458590 869
1458600 869
1458610 874
1458620 874
1458630 874
1458640 875
1458650 875
1458660 875
1458670 875
1458680 874
1458690 874
1458700 874
1458710 873
1458720 871
1458730 871
1458740 870
1458750 868
1458760 868
1458770 867
1458780 867
1458790 867
1458800 867
1458810 868
1458820 868
1458830 870
1458840 871
1458850 871
1458860 873
1458870 876
1458880 876
1458890 876
1458900 876
1458910 876
1458920 876
1458930 876
1458940 876
1458950 876
1458960 876
1458970 876
1458980 876
1458990 871
1459000 864
1459010 864
1459020 862
1459030 862
1459040 862
1459050 862
1459060 861
1459070 861
1459080 860
1459090 863
1459100 863
1459110 864
1459120 863
1459130 863
1459140 862
1459150 860
1459160 860
1459170 861
1459180 863
1459190 863
1459200 865
1459210 865
1459220 865
1459230 866
1459240 865
1459250 865
1459260 864
1459270 863
1459280 861
1459290 861
1459300 858
1459310 855
1459320 855
1459330 852
1459340 850
1459350 850
1459360 850
1459370 850
1459380 850
1459390 851
1459400 852
1459410 852
1459420 854
1459430 856
1459440 856
1459450 858
1459460 863
1459470 863
1459480 867
1459490 869
1459500 869
1459510 873
1459520 877
1459530 877
1459540 878
1459550 880
1459560 881
1459570 881
1459580 882
1459590 884
1459600 884
1459610 884
1459620 884
1459630 884
1459640 884
1459650 884
1459660 884
1459670 883
1459680 882
1459690 882
1459700 881
1459710 880
1459720 880
1459730 879
1459740 877
1459750 877
1459760 876
1459770 875
1459780 875
1459790 875
1459800 874
1459810 874
1459820 874
1459830 874
1459840 874
1459850 874
1459860 873
1459870 872
1459880 872
1459890 872
1459900 872
1459910 872
1459920 872
1459930 872
1459940 872
1459950 871
1459960 871
1459970 871
1459980 870
1459990 869
