1440000 1408
1440010 1405
1440020 1396
1440030 1396
1440040 1381
1440050 1370
1440060 1370
1440070 1363
1440080 1355
1440090 1355
1440100 1349
1440110 1342
1440120 1334
1440130 1334
1440140 1326
1440150 1316
1440160 1316
1440170 1298
1440180 1274
1440190 1274
1440200 1265
1440210 1256
1440220 1256
1440230 1249
1440240 1242
1440250 1242
1440260 1234
1440270 1230
1440280 1230
1440290 1230
1440300 1233
1440310 1233
1440320 1242
1440330 1246
1440340 1246
1440350 1253
1440360 1264
1440370 1264
1440380 1274
1440390 1282
1440400 1285
1440410 1285
1440420 1290
1440430 1291
1440440 1291
1440450 1294
1440460 1297
1440470 1297
1440480 1302
1440490 1306
1440500 1306
1440510 1309
1440520 1311
1440530 1311
1440540 1312
1440550 1314
1440560 1314
1440570 1315
1440580 1316
1440590 1316
1440600 1317
1440610 1319
1440620 1319
1440630 1320
1440640 1322
1440650 1322
1440660 1323
1440670 1324
1440680 1325
1440690 1325
1440700 1327
1440710 1328
1440720 1328
1440730 1328
1440740 1328
1440750 1328
1440760 1326
1440770 1327
1440780 1327
1440790 1328
1440800 1329
1440810 1329
1440820 1331
1440830 1335
1440840 1335
1440850 1339
1440860 1342
1440870 1342
1440880 1345
1440890 1349
1440900 1349
1440910 1353
1440920 1357
1440930 1357
1440940 1361
1440950 1364
1440960 1364
1440970 1366
1440980 1366
1440990 1368
1441000 1368
1441010 1369
1441020 1372
1441030 1372
1441040 1375
1441050 1376
1441060 1376
1441070 1375
1441080 1375
1441090 1375
1441100 1377
1441110 1378
1441120 1378
1441130 1378
1441140 1375
1441150 1375
1441160 1369
1441170 1365
1441180 1365
1441190 1363
1441200 1360
1441210 1360
1441220 1359
1441230 1358
1441240 1358
1441250 1356
1441260 1355
1441270 1354
1441280 1354
1441290 1352
1441300 1345
1441310 1345
1441320 1346
1441330 1353
1441340 1353
1441350 1354
1441360 1353
1441370 1353
1441380 1353
1441390 1353
1441400 1353
1441410 1353
1441420 1353
1441430 1353
1441440 1354
1441450 1356
1441460 1356
1441470 1357
1441480 1360
1441490 1360
1441500 1363
1441510 1366
1441520 1366
1441530 1370
1441540 1373
1441550 1376
1441560 1376
1441570 1378
1441580 1380
1441590 1380
1441600 1382
1441610 1384
1441620 1384
1441630 1389
1441640 1393
1441650 1393
1441660 1394
1441670 1397
1441680 1397
1441690 1400
1441700 1404
1441710 1404
1441720 1408
1441730 1412
1441740 1412
1441750 1415
1441760 1418
1441770 1418
1441780 1418
1441790 1418
1441800 1418
1441810 1418
1441820 1420
1441830 1421
1441840 1421
1441850 1423
1441860 1426
1441870 1426
1441880 1433
1441890 1437
1441900 1437
1441910 1441
1441920 1447
1441930 1447
1441940 1453
1441950 1459
1441960 1459
1441970 1460
1441980 1459
1441990 1459
1442000 1459
1442010 1464
1442020 1464
1442030 1468
1442040 1471
1442050 1471
1442060 1471
1442070 1470
1442080 1470
1442090 1473
1442100 1478
1442110 1481
1442120 1481
1442130 1486
1442140 1491
1442150 1491
1442160 1496
1442170 1501
1442180 1501
1442190 1505
1442200 1509
1442210 1509
1442220 1513
1442230 1517
1442240 1515
1442250 1518
1442260 1522
1442270 1522
1442280 1527
1442290 1533
1442300 1533
1442310 1539
1442320 1544
1442330 1544
1442340 1549
1442350 1554
1442360 1554
1442370 1560
1442380 1563
1442390 1566
1442400 1566
1442410 1569
1442420 1572
1442430 1572
1442440 1575
1442450 1578
1442460 1578
1442470 1580
1442480 1581
1442490 1581
1442500 1583
1442510 1586
1442520 1586
1442530 1588
1442540 1591
1442550 1591
1442560 1595
1442570 1600
1442580 1600
1442590 1606
1442600 1612
1442610 1612
1442620 1618
1442630 1621
1442640 1621
1442650 1624
1442660 1628
1442670 1632
1442680 1632
1442690 1636
1442700 1641
1442710 1641
1442720 1645
1442730 1649
1442740 1649
1442750 1654
1442760 1660
1442770 1660
1442780 1666
1442790 1674
1442800 1674
1442810 1683
1442820 1697
1442830 1697
1442840 1711
1442850 1721
1442860 1721
1442870 1730
1442880 1738
1442890 1738
1442900 1746
1442910 1754
1442920 1754
1442930 1760
1442940 1768
1442950 1768
1442960 1779
1442970 1786
1442980 1793
1442990 1793
1443000 1797
1443010 1799
1443020 1799
1443030 1808
1443040 1811
1443050 1811
1443060 1810
1443070 1809
1443080 1809
1443090 1806
1443100 1801
1443110 1801
1443120 1794
1443130 1784
1443140 1784
1443150 1772
1443160 1763
1443170 1763
1443180 1754
1443190 1746
1443200 1746
1443210 1737
1443220 1725
1443230 1725
1443240 1713
1443250 1704
1443260 1699
1443270 1699
1443280 1695
1443290 1691
1443300 1691
1443310 1686
1443320 1680
1443330 1680
1443340 1676
1443350 1672
1443360 1672
1443370 1669
1443380 1670
1443390 1670
1443400 1669
1443410 1663
1443420 1663
1443430 1658
1443440 1653
1443450 1653
1443460 1648
1443470 1644
1443480 1644
1443490 1640
1443500 1635
1443510 1635
1443520 1631
1443530 1627
1443540 1622
1443550 1622
1443560 1618
1443570 1615
1443580 1615
1443590 1613
1443600 1611
1443610 1611
1443620 1609
1443630 1607
1443640 1607
1443650 1606
1443660 1606
1443670 1606
1443680 1606
1443690 1604
1443700 1604
1443710 1602
1443720 1601
1443730 1601
1443740 1599
1443750 1597
1443760 1597
1443770 1593
1443780 1588
1443790 1588
1443800 1582
1443810 1579
1443820 1576
1443830 1576
1443840 1572
1443850 1567
1443860 1567
1443870 1561
1443880 1558
1443890 1558
1443900 1554
1443910 1551
1443920 1551
1443930 1550
1443940 1546
1443950 1546
1443960 1545
1443970 1543
1443980 1543
1443990 1541
1444000 1540
1444010 1540
1444020 1538
1444030 1537
1444040 1537
1444050 1536
1444060 1535
1444070 1535
1444080 1535
1444090 1532
1444100 1529
1444110 1529
1444120 1527
1444130 1526
1444140 1526
1444150 1524
1444160 1521
1444170 1521
1444180 1515
1444190 1508
1444200 1508
1444210 1503
1444220 1501
1444230 1501
1444240 1500
1444250 1497
1444260 1497
1444270 1494
1444280 1491
1444290 1491
1444300 1488
1444310 1484
1444320 1484
1444330 1478
1444340 1472
1444350 1472
1444360 1468
1444370 1464
1444380 1459
1444390 1459
1444400 1455
1444410 1453
1444420 1453
1444430 1451
1444440 1450
1444450 1450
1444460 1449
1444470 1447
1444480 1447
1444490 1446
1444500 1445
1444510 1445
1444520 1444
1444530 1442
1444540 1442
1444550 1441
1444560 1439
1444570 1439
1444580 1437
1444590 1435
1444600 1435
1444610 1433
1444620 1430
1444630 1430
1444640 1427
1444650 1425
1444660 1425
1444670 1421
1444680 1415
1444690 1408
1444700 1408
1444710 1400
1444720 1392
1444730 1392
1444740 1384
1444750 1377
1444760 1377
1444770 1369
1444780 1362
1444790 1362
1444800 1355
1444810 1348
1444820 1348
1444830 1339
1444840 1330
1444850 1330
1444860 1322
1444870 1315
1444880 1315
1444890 1310
1444900 1307
1444910 1307
1444920 1305
1444930 1301
1444940 1301
1444950 1297
1444960 1292
1444970 1286
1444980 1286
1444990 1278
1445000 1271
1445010 1271
1445020 1265
1445030 1265
1445040 1265
1445050 1267
1445060 1270
1445070 1270
1445080 1276
1445090 1279
1445100 1279
1445110 1278
1445120 1276
1445130 1276
1445140 1273
1445150 1268
1445160 1268
1445170 1264
1445180 1262
1445190 1262
1445200 1262
1445210 1263
1445220 1263
1445230 1263
1445240 1265
1445250 1265
1445260 1265
1445270 1264
1445280 1263
1445290 1263
1445300 1260
1445310 1256
1445320 1256
1445330 1254
1445340 1250
1445350 1250
1445360 1245
1445370 1239
1445380 1240
1445390 1234
1445400 1228
1445410 1228
1445420 1223
1445430 1217
1445440 1217
1445450 1211
1445460 1206
1445470 1206
1445480 1201
1445490 1195
1445500 1195
1445510 1188
1445520 1185
1445530 1188
1445540 1188
1445550 1188
1445560 1183
1445570 1183
1445580 1179
1445590 1177
1445600 1177
1445610 1176
1445620 1174
1445630 1174
1445640 1175
1445650 1177
1445660 1177
1445670 1177
1445680 1177
1445690 1177
1445700 1176
1445710 1175
1445720 1175
1445730 1174
1445740 1174
1445750 1174
1445760 1173
1445770 1172
1445780 1172
1445790 1172
1445800 1172
1445810 1171
1445820 1171
1445830 1169
1445840 1168
1445850 1168
1445860 1168
1445870 1168
1445880 1168
1445890 1168
1445900 1169
1445910 1169
1445920 1169
1445930 1168
1445940 1168
1445950 1168
1445960 1168
1445970 1168
1445980 1168
1445990 1169
1446000 1169
1446010 1169
1446020 1170
1446030 1170
1446040 1172
1446050 1173
1446060 1173
1446070 1175
1446080 1177
1446090 1179
1446100 1179
1446110 1181
1446120 1183
1446130 1183
1446140 1184
1446150 1186
1446160 1186
1446170 1187
1446180 1188
1446190 1188
1446200 1188
1446210 1189
1446220 1189
1446230 1190
1446240 1191
1446250 1191
1446260 1192
1446270 1192
1446280 1192
1446290 1193
1446300 1194
1446310 1194
1446320 1194
1446330 1194
1446340 1194
1446350 1194
1446360 1193
1446370 1192
1446380 1192
1446390 1190
1446400 1188
1446410 1188
1446420 1185
1446430 1181
1446440 1181
1446450 1176
1446460 1171
1446470 1171
1446480 1164
1446490 1158
1446500 1158
1446510 1151
1446520 1147
1446530 1147
1446540 1140
1446550 1134
1446560 1134
1446570 1127
1446580 1120
1446590 1120
1446600 1114
1446610 1108
1446620 1108
1446630 1105
1446640 1103
1446650 1103
1446660 1100
1446670 1096
1446680 1092
1446690 1092
1446700 1086
1446710 1080
1446720 1080
1446730 1074
1446740 1068
1446750 1068
1446760 1062
1446770 1054
1446780 1054
1446790 1047
1446800 1041
1446810 1041
1446820 1035
1446830 1029
1446840 1029
1446850 1022
1446860 1015
1446870 1015
1446880 1009
1446890 1004
1446900 1004
1446910 997
1446920 990
1446930 990
1446940 983
1446950 975
1446960 972
1446970 972
1446980 971
1446990 971
1447000 971
1447010 971
1447020 971
1447030 971
1447040 970
1447050 969
1447060 969
1447070 977
1447080 986
1447090 986
1447100 993
1447110 999
1447120 999
1447130 1006
1447140 1012
1447150 1012
1447160 1019
1447170 1025
1447180 1025
1447190 1030
1447200 1035
1447210 1035
1447220 1041
1447230 1046
1447240 1051
1447250 1051
1447260 1056
1447270 1061
1447280 1061
1447290 1066
1447300 1072
1447310 1072
1447320 1079
1447330 1086
1447340 1086
1447350 1091
1447360 1097
1447370 1097
1447380 1103
1447390 1109
1447400 1109
1447410 1115
1447420 1121
1447430 1121
1447440 1128
1447450 1134
1447460 1134
1447470 1139
1447480 1144
1447490 1144
1447500 1148
1447510 1152
1447520 1155
1447530 1155
1447540 1157
1447550 1158
1447560 1158
1447570 1160
1447580 1161
1447590 1161
1447600 1162
1447610 1162
1447620 1162
1447630 1159
1447640 1154
1447650 1154
1447660 1149
1447670 1146
1447680 1146
1447690 1147
1447700 1147
1447710 1147
1447720 1144
1447730 1142
1447740 1142
1447750 1143
1447760 1146
1447770 1146
1447780 1148
1447790 1150
1447800 1154
1447810 1154
1447820 1156
1447830 1155
1447840 1155
1447850 1153
1447860 1151
1447870 1151
1447880 1149
1447890 1147
1447900 1147
1447910 1146
1447920 1145
1447930 1145
1447940 1145
1447950 1144
1447960 1144
1447970 1144
1447980 1144
1447990 1144
1448000 1143
1448010 1144
1448020 1144
1448030 1146
1448040 1149
1448050 1149
1448060 1153
1448070 1156
1448080 1159
1448090 1159
1448100 1160
1448110 1161
1448120 1161
1448130 1160
1448140 1161
1448150 1161
1448160 1160
1448170 1158
1448180 1158
1448190 1160
1448200 1161
1448210 1161
1448220 1161
1448230 1163
1448240 1163
1448250 1166
1448260 1169
1448270 1169
1448280 1170
1448290 1171
1448300 1171
1448310 1172
1448320 1171
1448330 1171
1448340 1169
1448350 1171
1448360 1171
1448370 1171
1448380 1171
1448390 1171
1448400 1171
1448410 1172
1448420 1175
1448430 1175
1448440 1178
1448450 1180
1448460 1180
1448470 1181
1448480 1181
1448490 1181
1448500 1181
1448510 1180
1448520 1180
1448530 1179
1448540 1181
1448550 1181
1448560 1181
1448570 1180
1448580 1180
1448590 1179
1448600 1179
1448610 1179
1448620 1179
1448630 1178
1448640 1178
1448650 1177
1448660 1176
1448670 1174
1448680 1174
1448690 1173
1448700 1173
1448710 1173
1448720 1173
1448730 1171
1448740 1171
1448750 1168
1448760 1169
1448770 1169
1448780 1171
1448790 1169
1448800 1169
1448810 1170
1448820 1171
1448830 1171
1448840 1172
1448850 1172
1448860 1172
1448870 1171
1448880 1170
1448890 1170
1448900 1168
1448910 1165
1448920 1165
1448930 1161
1448940 1157
1448950 1155
1448960 1155
1448970 1151
1448980 1147
1448990 1147
1449000 1145
1449010 1144
1449020 1144
1449030 1142
1449040 1140
1449050 1140
1449060 1139
1449070 1138
1449080 1138
1449090 1138
1449100 1138
1449110 1138
1449120 1139
1449130 1143
1449140 1143
1449150 1142
1449160 1139
1449170 1139
1449180 1139
1449190 1140
1449200 1140
1449210 1145
1449220 1148
1449230 1149
1449240 1149
1449250 1149
1449260 1149
1449270 1149
1449280 1148
1449290 1145
1449300 1145
1449310 1141
1449320 1144
1449330 1144
1449340 1147
1449350 1148
1449360 1148
1449370 1147
1449380 1147
1449390 1147
1449400 1145
1449410 1140
1449420 1140
1449430 1137
1449440 1135
1449450 1135
1449460 1132
1449470 1128
1449480 1128
1449490 1127
1449500 1128
1449510 1129
1449520 1129
1449530 1130
1449540 1131
1449550 1131
1449560 1131
1449570 1134
1449580 1134
1449590 1137
1449600 1144
1449610 1144
1449620 1153
1449630 1160
1449640 1160
1449650 1165
1449660 1171
1449670 1171
1449680 1175
1449690 1180
1449700 1180
1449710 1185
1449720 1190
1449730 1190
1449740 1194
1449750 1199
1449760 1199
1449770 1204
1449780 1209
1449790 1215
1449800 1215
1449810 1222
1449820 1229
1449830 1229
1449840 1234
1449850 1239
1449860 1239
1449870 1245
1449880 1250
1449890 1250
1449900 1256
1449910 1262
1449920 1262
1449930 1268
1449940 1274
1449950 1274
1449960 1279
1449970 1284
1449980 1284
1449990 1289
1450000 1294
1450010 1294
1450020 1298
1450030 1302
1450040 1302
1450050 1306
1450060 1310
1450070 1314
1450080 1314
1450090 1318
1450100 1322
1450110 1322
1450120 1323
1450130 1322
1450140 1322
1450150 1321
1450160 1321
1450170 1321
1450180 1322
1450190 1322
1450200 1322
1450210 1323
1450220 1327
1450230 1327
1450240 1328
1450250 1330
1450260 1330
1450270 1332
1450280 1336
1450290 1336
1450300 1340
1450310 1343
1450320 1343
1450330 1346
1450340 1348
1450350 1348
1450360 1350
1450370 1352
1450380 1354
1450390 1354
1450400 1356
1450410 1359
1450420 1359
1450430 1363
1450440 1366
1450450 1366
1450460 1366
1450470 1372
1450480 1372
1450490 1376
1450500 1379
1450510 1379
1450520 1381
1450530 1384
1450540 1384
1450550 1387
1450560 1389
1450570 1389
1450580 1391
1450590 1390
1450600 1390
1450610 1388
1450620 1391
1450630 1391
1450640 1398
1450650 1405
1450660 1407
1450670 1407
1450680 1415
1450690 1423
1450700 1423
1450710 1431
1450720 1437
1450730 1437
1450740 1442
1450750 1448
1450760 1448
1450770 1453
1450780 1459
1450790 1459
1450800 1466
1450810 1471
1450820 1471
1450830 1476
1450840 1482
1450850 1482
1450860 1489
1450870 1495
1450880 1495
1450890 1500
1450900 1506
1450910 1506
1450920 1511
1450930 1517
1450940 1523
1450950 1523
1450960 1530
1450970 1537
1450980 1537
1450990 1543
1451000 1550
1451010 1550
1451020 1556
1451030 1562
1451040 1562
1451050 1568
1451060 1574
1451070 1574
1451080 1581
1451090 1587
1451100 1587
1451110 1593
1451120 1599
1451130 1599
1451140 1604
1451150 1609
1451160 1609
1451170 1615
1451180 1620
1451190 1620
1451200 1626
1451210 1632
1451220 1638
1451230 1638
1451240 1644
1451250 1649
1451260 1649
1451270 1655
1451280 1659
1451290 1659
1451300 1663
1451310 1667
1451320 1667
1451330 1668
1451340 1669
1451350 1669
1451360 1669
1451370 1668
1451380 1668
1451390 1665
1451400 1660
1451410 1660
1451420 1655
1451430 1650
1451440 1650
1451450 1646
1451460 1641
1451470 1641
1451480 1637
1451490 1632
1451500 1628
1451510 1628
1451520 1624
1451530 1620
1451540 1620
1451550 1613
1451560 1607
1451570 1607
1451580 1602
1451590 1598
1451600 1598
1451610 1596
1451620 1592
1451630 1592
1451640 1590
1451650 1588
1451660 1588
1451670 1585
1451680 1584
1451690 1584
1451700 1585
1451710 1584
1451720 1584
1451730 1581
1451740 1579
1451750 1579
1451760 1577
1451770 1575
1451780 1575
1451790 1575
1451800 1576
1451810 1576
1451820 1576
1451830 1576
1451840 1576
1451850 1576
1451860 1576
1451870 1578
1451880 1578
1451890 1581
1451900 1582
1451910 1582
1451920 1582
1451930 1583
1451940 1583
1451950 1583
1451960 1580
1451970 1580
1451980 1577
1451990 1571
1452000 1571
1452010 1568
1452020 1564
1452030 1564
1452040 1564
1452050 1564
1452060 1567
1452070 1567
1452080 1572
1452090 1576
1452100 1576
1452110 1578
1452120 1580
1452130 1580
1452140 1582
1452150 1582
1452160 1582
1452170 1582
1452180 1582
1452190 1582
1452200 1582
1452210 1583
1452220 1583
1452230 1585
1452240 1585
1452250 1585
1452260 1586
1452270 1586
1452280 1586
1452290 1588
1452300 1588
1452310 1588
1452320 1586
1452330 1584
1452340 1584
1452350 1587
1452360 1590
1452370 1595
1452380 1595
1452390 1600
1452400 1604
1452410 1604
1452420 1603
1452430 1601
1452440 1601
1452450 1598
1452460 1591
1452470 1591
1452480 1586
1452490 1580
1452500 1580
1452510 1573
1452520 1570
1452530 1570
1452540 1562
1452550 1557
1452560 1557
1452570 1552
1452580 1547
1452590 1547
1452600 1543
1452610 1538
1452620 1538
1452630 1534
1452640 1529
1452650 1524
1452660 1524
1452670 1518
1452680 1514
1452690 1514
1452700 1508
1452710 1502
1452720 1502
1452730 1495
1452740 1488
1452750 1488
1452760 1481
1452770 1472
1452780 1472
1452790 1468
1452800 1466
1452810 1466
1452820 1465
1452830 1462
1452840 1462
1452850 1459
1452860 1456
1452870 1456
1452880 1453
1452890 1451
1452900 1451
1452910 1452
1452920 1453
1452930 1454
1452940 1454
1452950 1452
1452960 1451
1452970 1451
1452980 1451
1452990 1452
1453000 1452
1453010 1448
1453020 1442
1453030 1442
1453040 1445
1453050 1448
1453060 1448
1453070 1451
1453080 1453
1453090 1453
1453100 1455
1453110 1459
1453120 1459
1453130 1464
1453140 1467
1453150 1467
1453160 1469
1453170 1472
1453180 1472
1453190 1479
1453200 1485
1453210 1489
1453220 1489
1453230 1491
1453240 1496
1453250 1496
1453260 1499
1453270 1500
1453280 1500
1453290 1502
1453300 1503
1453310 1503
1453320 1504
1453330 1504
1453340 1504
1453350 1504
1453360 1505
1453370 1505
1453380 1505
1453390 1506
1453400 1506
1453410 1503
1453420 1500
1453430 1500
1453440 1499
1453450 1499
1453460 1499
1453470 1497
1453480 1495
1453490 1494
1453500 1494
1453510 1493
1453520 1491
1453530 1491
1453540 1489
1453550 1487
1453560 1487
1453570 1485
1453580 1483
1453590 1483
1453600 1481
1453610 1476
1453620 1476
1453630 1468
1453640 1465
1453650 1465
1453660 1463
1453670 1462
1453680 1462
1453690 1463
1453700 1464
1453710 1464
1453720 1466
1453730 1466
1453740 1466
1453750 1468
1453760 1472
1453770 1473
1453780 1473
1453790 1480
1453800 1487
1453810 1487
1453820 1494
1453830 1500
1453840 1500
1453850 1505
1453860 1509
1453870 1509
1453880 1514
1453890 1518
1453900 1518
1453910 1522
1453920 1526
1453930 1526
1453940 1531
1453950 1538
1453960 1538
1453970 1542
1453980 1548
1453990 1548
1454000 1553
1454010 1560
1454020 1560
1454030 1565
1454040 1569
1454050 1569
1454060 1576
1454070 1585
1454080 1592
1454090 1592
1454100 1599
1454110 1606
1454120 1606
1454130 1613
1454140 1618
1454150 1618
1454160 1619
1454170 1619
1454180 1619
1454190 1621
1454200 1625
1454210 1625
1454220 1629
1454230 1633
1454240 1633
1454250 1637
1454260 1641
1454270 1641
1454280 1643
1454290 1645
1454300 1645
1454310 1649
1454320 1652
1454330 1652
1454340 1656
1454350 1659
1454360 1661
1454370 1661
1454380 1662
1454390 1661
1454400 1661
1454410 1660
1454420 1663
1454430 1663
1454440 1669
1454450 1672
1454460 1672
1454470 1674
1454480 1676
1454490 1676
1454500 1678
1454510 1681
1454520 1681
1454530 1684
1454540 1687
1454550 1687
1454560 1692
1454570 1696
1454580 1696
1454590 1700
1454600 1704
1454610 1704
1454620 1709
1454630 1714
1454640 1718
1454650 1718
1454660 1719
1454670 1723
1454680 1723
1454690 1730
1454700 1735
1454710 1735
1454720 1740
1454730 1743
1454740 1743
1454750 1747
1454760 1751
1454770 1751
1454780 1755
1454790 1759
1454800 1759
1454810 1764
1454820 1769
1454830 1769
1454840 1772
1454850 1776
1454860 1776
1454870 1781
1454880 1785
1454890 1785
1454900 1788
1454910 1792
1454920 1797
1454930 1797
1454940 1802
1454950 1806
1454960 1806
1454970 1809
1454980 1811
1454990 1811
1455000 1811
1455010 1808
1455020 1808
1455030 1804
1455040 1801
1455050 1801
1455060 1797
1455070 1792
1455080 1792
1455090 1787
1455100 1781
1455110 1781
1455120 1775
1455130 1770
1455140 1770
1455150 1765
1455160 1761
1455170 1761
1455180 1757
1455190 1752
1455200 1747
1455210 1747
1455220 1743
1455230 1739
1455240 1739
1455250 1736
1455260 1733
1455270 1733
1455280 1729
1455290 1724
1455300 1724
1455310 1720
1455320 1715
1455330 1715
1455340 1711
1455350 1706
1455360 1706
1455370 1701
1455380 1696
1455390 1696
1455400 1693
1455410 1688
1455420 1688
1455430 1684
1455440 1679
1455450 1679
1455460 1676
1455470 1672
1455480 1668
1455490 1668
1455500 1663
1455510 1658
1455520 1658
1455530 1652
1455540 1647
1455550 1647
1455560 1644
1455570 1641
1455580 1641
1455590 1638
1455600 1634
1455610 1634
1455620 1629
1455630 1624
1455640 1624
1455650 1619
1455660 1613
1455670 1613
1455680 1607
1455690 1600
1455700 1600
1455710 1593
1455720 1588
1455730 1588
1455740 1582
1455750 1576
1455760 1570
1455770 1570
1455780 1565
1455790 1560
1455800 1560
1455810 1552
1455820 1546
1455830 1546
1455840 1542
1455850 1539
1455860 1539
1455870 1535
1455880 1531
1455890 1531
1455900 1527
1455910 1522
1455920 1522
1455930 1518
1455940 1513
1455950 1513
1455960 1508
1455970 1504
1455980 1504
1455990 1497
1456000 1488
1456010 1488
1456020 1480
1456030 1470
1456040 1470
1456050 1466
1456060 1470
1456070 1476
1456080 1476
1456090 1478
1456100 1477
1456110 1477
1456120 1474
1456130 1471
1456140 1471
1456150 1470
1456160 1471
1456170 1471
1456180 1471
1456190 1470
1456200 1470
1456210 1469
1456220 1467
1456230 1467
1456240 1464
1456250 1461
1456260 1461
1456270 1457
1456280 1452
1456290 1452
1456300 1449
1456310 1445
1456320 1445
1456330 1439
1456340 1431
1456350 1432
1456360 1432
1456370 1432
1456380 1428
1456390 1428
1456400 1426
1456410 1424
1456420 1424
1456430 1422
1456440 1419
1456450 1419
1456460 1415
1456470 1411
1456480 1411
1456490 1407
1456500 1402
1456510 1402
1456520 1397
1456530 1392
1456540 1392
1456550 1387
1456560 1383
1456570 1383
1456580 1381
1456590 1380
1456600 1380
1456610 1379
1456620 1378
1456630 1375
1456640 1375
1456650 1371
1456660 1367
1456670 1367
1456680 1362
1456690 1356
1456700 1356
1456710 1352
1456720 1347
1456730 1347
1456740 1343
1456750 1339
1456760 1339
1456770 1338
1456780 1337
1456790 1337
1456800 1335
1456810 1332
1456820 1325
1456830 1322
1456840 1320
1456850 1320
1456860 1316
1456870 1308
1456880 1308
1456890 1301
1456900 1297
1456910 1296
1456920 1296
1456930 1299
1456940 1300
1456950 1300
1456960 1299
1456970 1298
1456980 1298
1456990 1296
1457000 1295
1457010 1295
1457020 1293
1457030 1292
1457040 1292
1457050 1291
1457060 1290
1457070 1290
1457080 1287
1457090 1285
1457100 1285
1457110 1284
1457120 1283
1457130 1283
1457140 1282
1457150 1279
1457160 1279
1457170 1277
1457180 1275
1457190 1275
1457200 1275
1457210 1273
1457220 1272
1457230 1272
1457240 1272
1457250 1271
1457260 1271
1457270 1271
1457280 1273
1457290 1273
1457300 1272
1457310 1269
1457320 1269
1457330 1266
1457340 1266
1457350 1266
1457360 1266
1457370 1264
1457380 1264
1457390 1262
1457400 1260
1457410 1260
1457420 1258
1457430 1256
1457440 1256
1457450 1256
1457460 1254
1457470 1251
1457480 1251
1457490 1248
1457500 1246
1457510 1246
1457520 1244
1457530 1242
1457540 1242
1457550 1238
1457560 1236
1457570 1236
1457580 1239
1457590 1240
1457600 1240
1457610 1243
1457620 1244
1457630 1244
1457640 1244
1457650 1244
1457660 1244
1457670 1242
1457680 1241
1457690 1241
1457700 1239
1457710 1237
1457720 1237
1457730 1232
1457740 1228
1457750 1226
1457760 1226
1457770 1224
1457780 1223
1457790 1223
1457800 1221
1457810 1215
1457820 1215
1457830 1210
1457840 1206
1457850 1206
1457860 1206
1457870 1206
1457880 1206
1457890 1206
1457900 1205
1457910 1205
1457920 1203
1457930 1200
1457940 1200
1457950 1199
1457960 1198
1457970 1198
1457980 1197
1457990 1196
1458000 1196
1458010 1195
1458020 1193
1458030 1193
1458040 1193
1458050 1195
1458060 1199
1458070 1199
1458080 1201
1458090 1202
1458100 1202
1458110 1203
1458120 1203
1458130 1203
1458140 1202
1458150 1201
1458160 1201
1458170 1198
1458180 1197
1458190 1197
1458200 1196
1458210 1194
1458220 1194
1458230 1192
1458240 1194
1458250 1194
1458260 1196
1458270 1198
1458280 1198
1458290 1201
1458300 1202
1458310 1202
1458320 1203
1458330 1202
1458340 1202
1458350 1202
1458360 1201
1458370 1200
1458380 1200
1458390 1201
1458400 1199
1458410 1199
1458420 1198
1458430 1198
1458440 1198
1458450 1200
1458460 1197
1458470 1197
1458480 1192
1458490 1189
1458500 1189
1458510 1190
1458520 1194
1458530 1194
1458540 1195
1458550 1194
1458560 1194
1458570 1195
1458580 1195
1458590 1195
1458600 1195
1458610 1197
1458620 1200
1458630 1200
1458640 1204
1458650 1207
1458660 1207
1458670 1209
1458680 1208
1458690 1208
1458700 1206
1458710 1204
1458720 1204
1458730 1203
1458740 1203
1458750 1203
1458760 1203
1458770 1201
1458780 1201
1458790 1200
1458800 1202
1458810 1202
1458820 1203
1458830 1203
1458840 1203
1458850 1203
1458860 1205
1458870 1205
1458880 1207
1458890 1210
1458900 1213
1458910 1213
1458920 1214
1458930 1214
1458940 1214
1458950 1213
1458960 1212
1458970 1212
1458980 1212
1458990 1212
1459000 1212
1459010 1211
1459020 1211
1459030 1211
1459040 1211
1459050 1209
1459060 1209
1459070 1206
1459080 1205
1459090 1205
1459100 1203
1459110 1200
1459120 1200
1459130 1194
1459140 1199
1459150 1199
1459160 1205
1459170 1210
1459180 1213
1459190 1213
1459200 1214
1459210 1217
1459220 1217
1459230 1219
1459240 1221
1459250 1221
1459260 1223
1459270 1226
1459280 1226
1459290 1228
1459300 1230
1459310 1230
1459320 1232
1459330 1233
1459340 1233
1459350 1233
1459360 1231
1459370 1231
1459380 1234
1459390 1237
1459400 1237
1459410 1240
1459420 1244
1459430 1244
1459440 1247
1459450 1250
1459460 1252
1459470 1252
1459480 1255
1459490 1258
1459500 1258
1459510 1263
1459520 1268
1459530 1268
1459540 1272
1459550 1275
1459560 1275
1459570 1279
1459580 1285
1459590 1285
1459600 1291
1459610 1294
1459620 1294
1459630 1300
1459640 1305
1459650 1305
1459660 1310
1459670 1314
1459680 1314
1459690 1318
1459700 1322
1459710 1322
1459720 1325
1459730 1328
1459740 1328
1459750 1332
1459760 1335
1459770 1337
1459780 1337
1459790 1340
1459800 1342
1459810 1342
1459820 1344
1459830 1345
1459840 1345
1459850 1347
1459860 1346
1459870 1346
1459880 1349
1459890 1354
1459900 1354
1459910 1357
1459920 1359
1459930 1359
1459940 1361
1459950 1363
1459960 1363
1459970 1365
1459980 1366
1459990 1366
