1440000 1452
1440010 1452
1440020 1445
1440030 1439
1440040 1439
1440050 1434
1440060 1429
1440070 1429
1440080 1422
1440090 1414
1440100 1406
1440110 1406
1440120 1399
1440130 1392
1440140 1392
1440150 1385
1440160 1379
1440170 1379
1440180 1373
1440190 1368
1440200 1368
1440210 1361
1440220 1354
1440230 1354
1440240 1347
1440250 1341
1440260 1341
1440270 1334
1440280 1326
1440290 1326
1440300 1319
1440310 1311
1440320 1311
1440330 1301
1440340 1292
1440350 1292
1440360 1284
1440370 1275
1440380 1275
1440390 1262
1440400 1246
1440410 1238
1440420 1238
1440430 1230
1440440 1222
1440450 1222
1440460 1214
1440470 1207
1440480 1207
1440490 1200
1440500 1194
1440510 1194
1440520 1187
1440530 1181
1440540 1181
1440550 1176
1440560 1170
1440570 1170
1440580 1162
1440590 1153
1440600 1153
1440610 1147
1440620 1141
1440630 1141
1440640 1135
1440650 1129
1440660 1129
1440670 1123
1440680 1117
1440690 1113
1440700 1113
1440710 1108
1440720 1104
1440730 1104
1440740 1104
1440750 1108
1440760 1108
1440770 1114
1440780 1119
1440790 1119
1440800 1120
1440810 1118
1440820 1118
1440830 1121
1440840 1130
1440850 1130
1440860 1138
1440870 1147
1440880 1147
1440890 1153
1440900 1157
1440910 1157
1440920 1159
1440930 1161
1440940 1161
1440950 1165
1440960 1168
1440970 1169
1440980 1169
1440990 1170
1441000 1174
1441010 1174
1441020 1180
1441030 1184
1441040 1184
1441050 1187
1441060 1189
1441070 1189
1441080 1191
1441090 1194
1441100 1194
1441110 1196
1441120 1200
1441130 1200
1441140 1202
1441150 1205
1441160 1205
1441170 1209
1441180 1212
1441190 1212
1441200 1214
1441210 1217
1441220 1217
1441230 1220
1441240 1223
1441250 1226
1441260 1226
1441270 1229
1441280 1231
1441290 1231
1441300 1234
1441310 1236
1441320 1236
1441330 1240
1441340 1243
1441350 1243
1441360 1246
1441370 1249
1441380 1249
1441390 1252
1441400 1255
1441410 1255
1441420 1257
1441430 1259
1441440 1259
1441450 1259
1441460 1260
1441470 1260
1441480 1262
1441490 1264
1441500 1264
1441510 1266
1441520 1267
1441530 1268
1441540 1268
1441550 1268
1441560 1268
1441570 1268
1441580 1269
1441590 1269
1441600 1269
1441610 1268
1441620 1268
1441630 1268
1441640 1266
1441650 1264
1441660 1264
1441670 1264
1441680 1268
1441690 1268
1441700 1267
1441710 1262
1441720 1262
1441730 1262
1441740 1269
1441750 1269
1441760 1276
1441770 1282
1441780 1282
1441790 1288
1441800 1294
1441810 1294
1441820 1300
1441830 1306
1441840 1312
1441850 1312
1441860 1318
1441870 1323
1441880 1323
1441890 1328
1441900 1333
1441910 1333
1441920 1337
1441930 1340
1441940 1340
1441950 1342
1441960 1345
1441970 1345
1441980 1348
1441990 1354
1442000 1354
1442010 1360
1442020 1364
1442030 1364
1442040 1367
1442050 1370
1442060 1370
1442070 1373
1442080 1378
1442090 1373
1442100 1380
1442110 1387
1442120 1391
1442130 1391
1442140 1398
1442150 1405
1442160 1405
1442170 1412
1442180 1417
1442190 1417
1442200 1421
1442210 1426
1442220 1426
1442230 1430
1442240 1436
1442250 1436
1442260 1441
1442270 1444
1442280 1444
1442290 1447
1442300 1453
1442310 1453
1442320 1458
1442330 1463
1442340 1463
1442350 1468
1442360 1473
1442370 1473
1442380 1478
1442390 1483
1442400 1489
1442410 1489
1442420 1494
1442430 1499
1442440 1499
1442450 1503
1442460 1509
1442470 1509
1442480 1514
1442490 1520
1442500 1520
1442510 1526
1442520 1530
1442530 1530
1442540 1535
1442550 1539
1442560 1539
1442570 1543
1442580 1546
1442590 1546
1442600 1550
1442610 1554
1442620 1554
1442630 1558
1442640 1562
1442650 1562
1442660 1566
1442670 1570
1442680 1574
1442690 1574
1442700 1579
1442710 1583
1442720 1583
1442730 1586
1442740 1589
1442750 1589
1442760 1591
1442770 1592
1442780 1592
1442790 1593
1442800 1594
1442810 1594
1442820 1595
1442830 1597
1442840 1597
1442850 1600
1442860 1601
1442870 1601
1442880 1602
1442890 1606
1442900 1606
1442910 1610
1442920 1613
1442930 1613
1442940 1617
1442950 1621
1442960 1621
1442970 1625
1442980 1629
1442990 1630
1443000 1630
1443010 1634
1443020 1640
1443030 1640
1443040 1646
1443050 1650
1443060 1650
1443070 1653
1443080 1657
1443090 1657
1443100 1660
1443110 1662
1443120 1662
1443130 1665
1443140 1667
1443150 1667
1443160 1670
1443170 1673
1443180 1673
1443190 1677
1443200 1681
1443210 1681
1443220 1686
1443230 1690
1443240 1690
1443250 1691
1443260 1693
1443270 1695
1443280 1695
1443290 1696
1443300 1697
1443310 1697
1443320 1697
1443330 1697
1443340 1697
1443350 1698
1443360 1698
1443370 1698
1443380 1698
1443390 1698
1443400 1698
1443410 1699
1443420 1699
1443430 1699
1443440 1698
1443450 1698
1443460 1698
1443470 1699
1443480 1702
1443490 1702
1443500 1706
1443510 1709
1443520 1709
1443530 1712
1443540 1715
1443550 1715
1443560 1715
1443570 1716
1443580 1717
1443590 1717
1443600 1716
1443610 1715
1443620 1715
1443630 1716
1443640 1716
1443650 1716
1443660 1713
1443670 1710
1443680 1710
1443690 1708
1443700 1705
1443710 1705
1443720 1703
1443730 1702
1443740 1702
1443750 1702
1443760 1701
1443770 1701
1443780 1700
1443790 1701
1443800 1701
1443810 1701
1443820 1703
1443830 1704
1443840 1704
1443850 1701
1443860 1696
1443870 1696
1443880 1691
1443890 1687
1443900 1687
1443910 1682
1443920 1676
1443930 1676
1443940 1671
1443950 1666
1443960 1666
1443970 1662
1443980 1659
1443990 1659
1444000 1656
1444010 1653
1444020 1653
1444030 1649
1444040 1645
1444050 1645
1444060 1641
1444070 1637
1444080 1637
1444090 1632
1444100 1629
1444110 1625
1444120 1625
1444130 1622
1444140 1620
1444150 1620
1444160 1619
1444170 1618
1444180 1618
1444190 1616
1444200 1615
1444210 1615
1444220 1612
1444230 1610
1444240 1610
1444250 1608
1444260 1606
1444270 1606
1444280 1604
1444290 1600
1444300 1600
1444310 1598
1444320 1597
1444330 1597
1444340 1596
1444350 1595
1444360 1595
1444370 1595
1444380 1594
1444390 1594
1444400 1593
1444410 1592
1444420 1591
1444430 1591
1444440 1591
1444450 1591
1444460 1591
1444470 1591
1444480 1591
1444490 1591
1444500 1590
1444510 1590
1444520 1590
1444530 1589
1444540 1588
1444550 1588
1444560 1586
1444570 1584
1444580 1584
1444590 1582
1444600 1581
1444610 1581
1444620 1577
1444630 1573
1444640 1573
1444650 1569
1444660 1566
1444670 1566
1444680 1565
1444690 1564
1444700 1562
1444710 1562
1444720 1558
1444730 1554
1444740 1554
1444750 1549
1444760 1546
1444770 1546
1444780 1543
1444790 1539
1444800 1539
1444810 1535
1444820 1532
1444830 1532
1444840 1529
1444850 1529
1444860 1529
1444870 1528
1444880 1528
1444890 1528
1444900 1525
1444910 1522
1444920 1522
1444930 1518
1444940 1513
1444950 1513
1444960 1508
1444970 1507
1444980 1508
1444990 1508
1445000 1508
1445010 1508
1445020 1508
1445030 1509
1445040 1509
1445050 1509
1445060 1509
1445070 1508
1445080 1508
1445090 1507
1445100 1505
1445110 1505
1445120 1505
1445130 1507
1445140 1507
1445150 1508
1445160 1508
1445170 1508
1445180 1508
1445190 1508
1445200 1508
1445210 1508
1445220 1503
1445230 1503
1445240 1503
1445250 1503
1445260 1503
1445270 1503
1445280 1503
1445290 1503
1445300 1503
1445310 1504
1445320 1505
1445330 1505
1445340 1505
1445350 1505
1445360 1505
1445370 1505
1445380 1504
1445390 1504
1445400 1503
1445410 1501
1445420 1501
1445430 1498
1445440 1493
1445450 1493
1445460 1484
1445470 1476
1445480 1476
1445490 1469
1445500 1463
1445510 1463
1445520 1457
1445530 1451
1445540 1451
1445550 1446
1445560 1441
1445570 1435
1445580 1435
1445590 1430
1445600 1424
1445610 1424
1445620 1419
1445630 1415
1445640 1415
1445650 1411
1445660 1406
1445670 1406
1445680 1400
1445690 1392
1445700 1392
1445710 1386
1445720 1379
1445730 1379
1445740 1371
1445750 1364
1445760 1364
1445770 1358
1445780 1352
1445790 1352
1445800 1347
1445810 1341
1445820 1341
1445830 1335
1445840 1329
1445850 1322
1445860 1322
1445870 1317
1445880 1310
1445890 1310
1445900 1304
1445910 1300
1445920 1300
1445930 1295
1445940 1288
1445950 1288
1445960 1284
1445970 1278
1445980 1278
1445990 1271
1446000 1265
1446010 1265
1446020 1260
1446030 1253
1446040 1253
1446050 1249
1446060 1246
1446070 1246
1446080 1241
1446090 1236
1446100 1236
1446110 1233
1446120 1229
1446130 1227
1446140 1227
1446150 1223
1446160 1218
1446170 1218
1446180 1212
1446190 1206
1446200 1206
1446210 1201
1446220 1197
1446230 1197
1446240 1191
1446250 1186
1446260 1186
1446270 1182
1446280 1177
1446290 1177
1446300 1173
1446310 1168
1446320 1168
1446330 1163
1446340 1158
1446350 1158
1446360 1152
1446370 1148
1446380 1148
1446390 1142
1446400 1137
1446410 1132
1446420 1132
1446430 1126
1446440 1120
1446450 1120
1446460 1112
1446470 1107
1446480 1107
1446490 1101
1446500 1096
1446510 1096
1446520 1093
1446530 1091
1446540 1091
1446550 1091
1446560 1088
1446570 1088
1446580 1085
1446590 1082
1446600 1082
1446610 1080
1446620 1077
1446630 1077
1446640 1076
1446650 1072
1446660 1072
1446670 1068
1446680 1065
1446690 1062
1446700 1062
1446710 1059
1446720 1052
1446730 1052
1446740 1045
1446750 1039
1446760 1039
1446770 1033
1446780 1027
1446790 1027
1446800 1020
1446810 1013
1446820 1013
1446830 1005
1446840 996
1446850 996
1446860 990
1446870 990
1446880 990
1446890 989
1446900 988
1446910 988
1446920 987
1446930 985
1446940 985
1446950 988
1446960 996
1446970 996
1446980 1005
1446990 1011
1447000 1018
1447010 1018
1447020 1023
1447030 1029
1447040 1029
1447050 1033
1447060 1037
1447070 1037
1447080 1041
1447090 1045
1447100 1045
1447110 1048
1447120 1053
1447130 1053
1447140 1057
1447150 1062
1447160 1062
1447170 1066
1447180 1070
1447190 1070
1447200 1072
1447210 1074
1447220 1074
1447230 1076
1447240 1078
1447250 1078
1447260 1082
1447270 1087
1447280 1092
1447290 1092
1447300 1097
1447310 1102
1447320 1102
1447330 1108
1447340 1114
1447350 1114
1447360 1120
1447370 1125
1447380 1125
1447390 1130
1447400 1134
1447410 1134
1447420 1137
1447430 1140
1447440 1140
1447450 1144
1447460 1149
1447470 1149
1447480 1155
1447490 1161
1447500 1161
1447510 1166
1447520 1171
1447530 1171
1447540 1175
1447550 1179
1447560 1181
1447570 1181
1447580 1183
1447590 1186
1447600 1186
1447610 1190
1447620 1194
1447630 1194
1447640 1197
1447650 1200
1447660 1200
1447670 1202
1447680 1204
1447690 1204
1447700 1207
1447710 1210
1447720 1210
1447730 1213
1447740 1215
1447750 1215
1447760 1217
1447770 1219
1447780 1219
1447790 1223
1447800 1226
1447810 1226
1447820 1229
1447830 1231
1447840 1234
1447850 1234
1447860 1236
1447870 1239
1447880 1239
1447890 1242
1447900 1246
1447910 1246
1447920 1251
1447930 1254
1447940 1254
1447950 1258
1447960 1263
1447970 1263
1447980 1267
1447990 1272
1448000 1272
1448010 1274
1448020 1279
1448030 1279
1448040 1283
1448050 1287
1448060 1287
1448070 1291
1448080 1295
1448090 1295
1448100 1300
1448110 1304
1448120 1309
1448130 1309
1448140 1313
1448150 1317
1448160 1317
1448170 1322
1448180 1327
1448190 1327
1448200 1330
1448210 1334
1448220 1334
1448230 1341
1448240 1347
1448250 1347
1448260 1352
1448270 1357
1448280 1357
1448290 1360
1448300 1364
1448310 1364
1448320 1370
1448330 1374
1448340 1374
1448350 1378
1448360 1382
1448370 1382
1448380 1386
1448390 1390
1448400 1390
1448410 1395
1448420 1400
1448430 1404
1448440 1404
1448450 1408
1448460 1412
1448470 1412
1448480 1417
1448490 1421
1448500 1421
1448510 1426
1448520 1430
1448530 1430
1448540 1434
1448550 1437
1448560 1437
1448570 1439
1448580 1442
1448590 1442
1448600 1444
1448610 1446
1448620 1446
1448630 1449
1448640 1452
1448650 1452
1448660 1455
1448670 1459
1448680 1459
1448690 1462
1448700 1464
1448710 1467
1448720 1467
1448730 1470
1448740 1472
1448750 1472
1448760 1473
1448770 1476
1448780 1476
1448790 1478
1448800 1479
1448810 1479
1448820 1479
1448830 1481
1448840 1481
1448850 1483
1448860 1485
1448870 1485
1448880 1486
1448890 1486
1448900 1486
1448910 1487
1448920 1487
1448930 1487
1448940 1488
1448950 1487
1448960 1487
1448970 1484
1448980 1484
1448990 1485
1449000 1485
1449010 1486
1449020 1487
1449030 1487
1449040 1489
1449050 1490
1449060 1490
1449070 1493
1449080 1495
1449090 1495
1449100 1495
1449110 1495
1449120 1495
1449130 1496
1449140 1495
1449150 1495
1449160 1495
1449170 1490
1449180 1490
1449190 1478
1449200 1475
1449210 1475
1449220 1473
1449230 1471
1449240 1471
1449250 1467
1449260 1461
1449270 1456
1449280 1456
1449290 1448
1449300 1441
1449310 1441
1449320 1437
1449330 1431
1449340 1431
1449350 1423
1449360 1418
1449370 1418
1449380 1415
1449390 1410
1449400 1410
1449410 1408
1449420 1405
1449430 1405
1449440 1401
1449450 1397
1449460 1397
1449470 1392
1449480 1386
1449490 1386
1449500 1380
1449510 1375
1449520 1375
1449530 1374
1449540 1372
1449550 1372
1449560 1370
1449570 1367
1449580 1363
1449590 1363
1449600 1357
1449610 1351
1449620 1351
1449630 1345
1449640 1340
1449650 1340
1449660 1336
1449670 1332
1449680 1332
1449690 1328
1449700 1326
1449710 1326
1449720 1322
1449730 1319
1449740 1319
1449750 1316
1449760 1314
1449770 1314
1449780 1312
1449790 1309
1449800 1309
1449810 1305
1449820 1298
1449830 1298
1449840 1290
1449850 1286
1449860 1285
1449870 1285
1449880 1284
1449890 1285
1449900 1285
1449910 1288
1449920 1293
1449930 1293
1449940 1295
1449950 1296
1449960 1296
1449970 1297
1449980 1299
1449990 1299
1450000 1300
1450010 1302
1450020 1302
1450030 1303
1450040 1303
1450050 1303
1450060 1299
1450070 1298
1450080 1298
1450090 1297
1450100 1295
1450110 1295
1450120 1293
1450130 1291
1450140 1290
1450150 1290
1450160 1291
1450170 1294
1450180 1294
1450190 1300
1450200 1302
1450210 1302
1450220 1304
1450230 1308
1450240 1308
1450250 1312
1450260 1315
1450270 1315
1450280 1318
1450290 1321
1450300 1321
1450310 1319
1450320 1322
1450330 1322
1450340 1330
1450350 1336
1450360 1336
1450370 1341
1450380 1345
1450390 1345
1450400 1348
1450410 1352
1450420 1356
1450430 1356
1450440 1361
1450450 1365
1450460 1365
1450470 1369
1450480 1372
1450490 1372
1450500 1376
1450510 1380
1450520 1380
1450530 1385
1450540 1390
1450550 1390
1450560 1396
1450570 1400
1450580 1400
1450590 1405
1450600 1409
1450610 1409
1450620 1414
1450630 1418
1450640 1418
1450650 1422
1450660 1425
1450670 1425
1450680 1426
1450690 1427
1450700 1431
1450710 1431
1450720 1435
1450730 1438
1450740 1438
1450750 1442
1450760 1445
1450770 1445
1450780 1449
1450790 1452
1450800 1452
1450810 1456
1450820 1460
1450830 1460
1450840 1465
1450850 1469
1450860 1469
1450870 1475
1450880 1479
1450890 1479
1450900 1484
1450910 1490
1450920 1490
1450930 1496
1450940 1500
1450950 1500
1450960 1505
1450970 1508
1450980 1508
1450990 1513
1451000 1516
1451010 1518
1451020 1518
1451030 1520
1451040 1523
1451050 1523
1451060 1527
1451070 1531
1451080 1531
1451090 1536
1451100 1543
1451110 1543
1451120 1550
1451130 1555
1451140 1555
1451150 1560
1451160 1564
1451170 1564
1451180 1569
1451190 1573
1451200 1573
1451210 1577
1451220 1581
1451230 1581
1451240 1585
1451250 1589
1451260 1589
1451270 1593
1451280 1596
1451290 1600
1451300 1600
1451310 1606
1451320 1613
1451330 1613
1451340 1621
1451350 1628
1451360 1628
1451370 1634
1451380 1640
1451390 1640
1451400 1643
1451410 1646
1451420 1646
1451430 1650
1451440 1654
1451450 1654
1451460 1658
1451470 1660
1451480 1660
1451490 1664
1451500 1669
1451510 1669
1451520 1675
1451530 1681
1451540 1681
1451550 1685
1451560 1690
1451570 1694
1451580 1694
1451590 1699
1451600 1705
1451610 1705
1451620 1710
1451630 1716
1451640 1716
1451650 1721
1451660 1727
1451670 1727
1451680 1734
1451690 1739
1451700 1739
1451710 1742
1451720 1744
1451730 1744
1451740 1748
1451750 1753
1451760 1753
1451770 1760
1451780 1769
1451790 1769
1451800 1779
1451810 1789
1451820 1789
1451830 1794
1451840 1797
1451850 1801
1451860 1801
1451870 1804
1451880 1807
1451890 1807
1451900 1813
1451910 1817
1451920 1817
1451930 1824
1451940 1831
1451950 1831
1451960 1837
1451970 1844
1451980 1844
1451990 1848
1452000 1851
1452010 1851
1452020 1852
1452030 1853
1452040 1853
1452050 1852
1452060 1850
1452070 1850
1452080 1847
1452090 1844
1452100 1844
1452110 1841
1452120 1836
1452130 1830
1452140 1830
1452150 1824
1452160 1818
1452170 1818
1452180 1812
1452190 1807
1452200 1807
1452210 1806
1452220 1805
1452230 1805
1452240 1805
1452250 1805
1452260 1805
1452270 1801
1452280 1796
1452290 1796
1452300 1791
1452310 1787
1452320 1787
1452330 1783
1452340 1778
1452350 1778
1452360 1777
1452370 1774
1452380 1774
1452390 1770
1452400 1767
1452410 1767
1452420 1763
1452430 1759
1452440 1757
1452450 1757
1452460 1755
1452470 1753
1452480 1753
1452490 1754
1452500 1756
1452510 1756
1452520 1758
1452530 1757
1452540 1757
1452550 1754
1452560 1748
1452570 1748
1452580 1741
1452590 1735
1452600 1735
1452610 1729
1452620 1724
1452630 1724
1452640 1722
1452650 1719
1452660 1719
1452670 1718
1452680 1716
1452690 1716
1452700 1714
1452710 1712
1452720 1710
1452730 1710
1452740 1708
1452750 1705
1452760 1705
1452770 1704
1452780 1707
1452790 1707
1452800 1707
1452810 1708
1452820 1708
1452830 1710
1452840 1712
1452850 1712
1452860 1715
1452870 1717
1452880 1717
1452890 1719
1452900 1720
1452910 1720
1452920 1720
1452930 1720
1452940 1720
1452950 1720
1452960 1720
1452970 1720
1452980 1721
1452990 1720
1453000 1720
1453010 1720
1453020 1720
1453030 1720
1453040 1720
1453050 1719
1453060 1719
1453070 1719
1453080 1720
1453090 1719
1453100 1719
1453110 1720
1453120 1724
1453130 1724
1453140 1730
1453150 1732
1453160 1732
1453170 1735
1453180 1737
1453190 1737
1453200 1737
1453210 1735
1453220 1735
1453230 1734
1453240 1733
1453250 1733
1453260 1731
1453270 1729
1453280 1731
1453290 1731
1453300 1734
1453310 1737
1453320 1737
1453330 1740
1453340 1743
1453350 1743
1453360 1744
1453370 1743
1453380 1743
1453390 1742
1453400 1745
1453410 1745
1453420 1745
1453430 1744
1453440 1744
1453450 1744
1453460 1745
1453470 1745
1453480 1746
1453490 1751
1453500 1751
1453510 1756
1453520 1760
1453530 1760
1453540 1765
1453550 1766
1453560 1766
1453570 1766
1453580 1766
1453590 1770
1453600 1770
1453610 1775
1453620 1778
1453630 1778
1453640 1779
1453650 1780
1453660 1780
1453670 1782
1453680 1784
1453690 1784
1453700 1785
1453710 1784
1453720 1784
1453730 1786
1453740 1790
1453750 1790
1453760 1796
1453770 1802
1453780 1802
1453790 1803
1453800 1803
1453810 1803
1453820 1805
1453830 1804
1453840 1804
1453850 1802
1453860 1800
1453870 1797
1453880 1797
1453890 1792
1453900 1786
1453910 1786
1453920 1782
1453930 1777
1453940 1777
1453950 1772
1453960 1768
1453970 1768
1453980 1765
1453990 1766
1454000 1766
1454010 1769
1454020 1771
1454030 1771
1454040 1772
1454050 1773
1454060 1773
1454070 1774
1454080 1774
1454090 1774
1454100 1775
1454110 1777
1454120 1777
1454130 1779
1454140 1782
1454150 1784
1454160 1784
1454170 1787
1454180 1793
1454190 1793
1454200 1798
1454210 1803
1454220 1803
1454230 1808
1454240 1812
1454250 1812
1454260 1816
1454270 1823
1454280 1823
1454290 1827
1454300 1832
1454310 1832
1454320 1837
1454330 1840
1454340 1840
1454350 1845
1454360 1848
1454370 1848
1454380 1851
1454390 1854
1454400 1854
1454410 1858
1454420 1862
1454430 1865
1454440 1865
1454450 1867
1454460 1870
1454470 1870
1454480 1873
1454490 1876
1454500 1876
1454510 1879
1454520 1883
1454530 1883
1454540 1887
1454550 1891
1454560 1891
1454570 1895
1454580 1898
1454590 1898
1454600 1899
1454610 1900
1454620 1900
1454630 1901
1454640 1902
1454650 1902
1454660 1903
1454670 1904
1454680 1904
1454690 1904
1454700 1905
1454710 1905
1454720 1905
1454730 1904
1454740 1903
1454750 1903
1454760 1903
1454770 1901
1454780 1901
1454790 1901
1454800 1902
1454810 1902
1454820 1902
1454830 1902
1454840 1902
1454850 1903
1454860 1903
1454870 1903
1454880 1903
1454890 1903
1454900 1903
1454910 1904
1454920 1905
1454930 1905
1454940 1906
1454950 1906
1454960 1906
1454970 1907
1454980 1908
1454990 1908
1455000 1908
1455010 1907
1455020 1905
1455030 1905
1455040 1904
1455050 1903
1455060 1903
1455070 1902
1455080 1899
1455090 1899
1455100 1897
1455110 1894
1455120 1894
1455130 1890
1455140 1887
1455150 1887
1455160 1884
1455170 1879
1455180 1879
1455190 1876
1455200 1874
1455210 1874
1455220 1872
1455230 1871
1455240 1871
1455250 1871
1455260 1871
1455270 1871
1455280 1870
1455290 1868
1455300 1866
1455310 1866
1455320 1863
1455330 1859
1455340 1859
1455350 1856
1455360 1851
1455370 1851
1455380 1846
1455390 1841
1455400 1841
1455410 1837
1455420 1833
1455430 1833
1455440 1830
1455450 1826
1455460 1826
1455470 1823
1455480 1821
1455490 1821
1455500 1818
1455510 1817
1455520 1817
1455530 1817
1455540 1816
1455550 1816
1455560 1815
1455570 1813
1455580 1810
1455590 1810
1455600 1808
1455610 1807
1455620 1807
1455630 1807
1455640 1807
1455650 1807
1455660 1806
1455670 1806
1455680 1806
1455690 1804
1455700 1803
1455710 1803
1455720 1801
1455730 1800
1455740 1800
1455750 1800
1455760 1799
1455770 1799
1455780 1798
1455790 1797
1455800 1797
1455810 1795
1455820 1794
1455830 1794
1455840 1792
1455850 1790
1455860 1787
1455870 1787
1455880 1785
1455890 1783
1455900 1783
1455910 1781
1455920 1779
1455930 1779
1455940 1777
1455950 1775
1455960 1775
1455970 1772
1455980 1770
1455990 1770
1456000 1766
1456010 1763
1456020 1763
1456030 1759
1456040 1756
1456050 1756
1456060 1752
1456070 1748
1456080 1748
1456090 1744
1456100 1740
1456110 1740
1456120 1736
1456130 1730
1456140 1722
1456150 1722
1456160 1715
1456170 1708
1456180 1708
1456190 1704
1456200 1703
1456210 1703
1456220 1700
1456230 1696
1456240 1696
1456250 1692
1456260 1689
1456270 1689
1456280 1685
1456290 1682
1456300 1682
1456310 1679
1456320 1673
1456330 1673
1456340 1669
1456350 1666
1456360 1666
1456370 1662
1456380 1658
1456390 1658
1456400 1657
1456410 1654
1456420 1654
1456430 1650
1456440 1647
1456450 1646
1456460 1646
1456470 1645
1456480 1642
1456490 1642
1456500 1641
1456510 1643
1456520 1643
1456530 1646
1456540 1647
1456550 1647
1456560 1648
1456570 1648
1456580 1648
1456590 1644
1456600 1643
1456610 1643
1456620 1641
1456630 1641
1456640 1641
1456650 1640
1456660 1637
1456670 1637
1456680 1635
1456690 1634
1456700 1634
1456710 1632
1456720 1631
1456730 1631
1456740 1631
1456750 1631
1456760 1631
1456770 1631
1456780 1631
1456790 1631
1456800 1631
1456810 1631
1456820 1632
1456830 1632
1456840 1634
1456850 1634
1456860 1634
1456870 1632
1456880 1631
1456890 1631
1456900 1629
1456910 1628
1456920 1628
1456930 1625
1456940 1623
1456950 1623
1456960 1621
1456970 1618
1456980 1618
1456990 1612
1457000 1609
1457010 1607
1457020 1607
1457030 1604
1457040 1603
1457050 1603
1457060 1600
1457070 1597
1457080 1597
1457090 1594
1457100 1591
1457110 1591
1457120 1588
1457130 1587
1457140 1587
1457150 1585
1457160 1582
1457170 1582
1457180 1580
1457190 1577
1457200 1577
1457210 1573
1457220 1570
1457230 1570
1457240 1568
1457250 1567
1457260 1567
1457270 1567
1457280 1567
1457290 1565
1457300 1565
1457310 1563
1457320 1561
1457330 1561
1457340 1557
1457350 1555
1457360 1555
1457370 1553
1457380 1551
1457390 1551
1457400 1549
1457410 1546
1457420 1546
1457430 1544
1457440 1542
1457450 1542
1457460 1539
1457470 1537
1457480 1537
1457490 1534
1457500 1530
1457510 1530
1457520 1527
1457530 1525
1457540 1525
1457550 1522
1457560 1519
1457570 1519
1457580 1517
1457590 1514
1457600 1512
1457610 1512
1457620 1509
1457630 1508
1457640 1508
1457650 1506
1457660 1504
1457670 1504
1457680 1501
1457690 1499
1457700 1499
1457710 1497
1457720 1496
1457730 1496
1457740 1494
1457750 1492
1457760 1492
1457770 1489
1457780 1488
1457790 1488
1457800 1486
1457810 1483
1457820 1483
1457830 1480
1457840 1478
1457850 1478
1457860 1475
1457870 1472
1457880 1469
1457890 1469
1457900 1466
1457910 1464
1457920 1464
1457930 1462
1457940 1460
1457950 1460
1457960 1457
1457970 1456
1457980 1456
1457990 1453
1458000 1451
1458010 1451
1458020 1449
1458030 1445
1458040 1445
1458050 1442
1458060 1439
1458070 1439
1458080 1435
1458090 1431
1458100 1431
1458110 1429
1458120 1427
1458130 1427
1458140 1423
1458150 1418
1458160 1416
1458170 1416
1458180 1414
1458190 1411
1458200 1411
1458210 1408
1458220 1405
1458230 1405
1458240 1401
1458250 1397
1458260 1397
1458270 1393
1458280 1389
1458290 1389
1458300 1385
1458310 1381
1458320 1381
1458330 1376
1458340 1372
1458350 1372
1458360 1368
1458370 1365
1458380 1365
1458390 1361
1458400 1358
1458410 1358
1458420 1354
1458430 1349
1458440 1346
1458450 1346
1458460 1341
1458470 1337
1458480 1337
1458490 1334
1458500 1331
1458510 1331
1458520 1328
1458530 1324
1458540 1324
1458550 1318
1458560 1314
1458570 1314
1458580 1311
1458590 1308
1458600 1308
1458610 1305
1458620 1303
1458630 1303
1458640 1301
1458650 1299
1458660 1299
1458670 1297
1458680 1295
1458690 1295
1458700 1292
1458710 1289
1458720 1286
1458730 1286
1458740 1284
1458750 1283
1458760 1283
1458770 1283
1458780 1282
1458790 1282
1458800 1281
1458810 1282
1458820 1282
1458830 1284
1458840 1285
1458850 1285
1458860 1285
1458870 1284
1458880 1284
1458890 1283
1458900 1283
1458910 1283
1458920 1283
1458930 1282
1458940 1282
1458950 1281
1458960 1281
1458970 1281
1458980 1281
1458990 1280
1459000 1280
1459010 1278
1459020 1277
1459030 1277
1459040 1277
1459050 1277
1459060 1277
1459070 1277
1459080 1278
1459090 1279
1459100 1279
1459110 1280
1459120 1280
1459130 1280
1459140 1279
1459150 1279
1459160 1279
1459170 1281
1459180 1281
1459190 1281
1459200 1282
1459210 1283
1459220 1283
1459230 1283
1459240 1283
1459250 1283
1459260 1283
1459270 1283
1459280 1283
1459290 1283
1459300 1284
1459310 1284
1459320 1284
1459330 1284
1459340 1284
1459350 1284
1459360 1283
1459370 1285
1459380 1285
1459390 1285
1459400 1285
1459410 1285
1459420 1285
1459430 1284
1459440 1284
1459450 1285
1459460 1284
1459470 1284
1459480 1285
1459490 1285
1459500 1285
1459510 1285
1459520 1282
1459530 1282
1459540 1279
1459550 1276
1459560 1276
1459570 1275
1459580 1273
1459590 1273
1459600 1273
1459610 1273
1459620 1273
1459630 1273
1459640 1276
1459650 1279
1459660 1279
1459670 1282
1459680 1285
1459690 1285
1459700 1286
1459710 1287
1459720 1287
1459730 1286
1459740 1285
1459750 1285
1459760 1284
1459770 1283
1459780 1283
1459790 1281
1459800 1279
1459810 1279
1459820 1277
1459830 1272
1459840 1272
1459850 1265
1459860 1258
1459870 1252
1459880 1252
1459890 1245
1459900 1238
1459910 1238
1459920 1233
1459930 1227
1459940 1227
1459950 1223
1459960 1219
1459970 1219
1459980 1213
1459990 1208
