1440000 1289
1440010 1286
1440020 1286
1440030 1281
1440040 1274
1440050 1274
1440060 1269
1440070 1265
1440080 1265
1440090 1261
1440100 1259
1440110 1259
1440120 1257
1440130 1254
1440140 1254
1440150 1253
1440160 1249
1440170 1246
1440180 1246
1440190 1243
1440200 1239
1440210 1239
1440220 1235
1440230 1230
1440240 1230
1440250 1224
1440260 1220
1440270 1220
1440280 1216
1440290 1212
1440300 1214
1440310 1209
1440320 1205
1440330 1205
1440340 1201
1440350 1199
1440360 1199
1440370 1196
1440380 1191
1440390 1191
1440400 1187
1440410 1184
1440420 1184
1440430 1180
1440440 1177
1440450 1174
1440460 1174
1440470 1174
1440480 1174
1440490 1174
1440500 1172
1440510 1169
1440520 1169
1440530 1165
1440540 1160
1440550 1160
1440560 1157
1440570 1154
1440580 1154
1440590 1152
1440600 1151
1440610 1151
1440620 1149
1440630 1145
1440640 1145
1440650 1139
1440660 1132
1440670 1132
1440680 1126
1440690 1121
1440700 1121
1440710 1116
1440720 1112
1440730 1112
1440740 1106
1440750 1101
1440760 1096
1440770 1096
1440780 1090
1440790 1085
1440800 1085
1440810 1080
1440820 1076
1440830 1076
1440840 1070
1440850 1063
1440860 1063
1440870 1054
1440880 1047
1440890 1047
1440900 1044
1440910 1045
1440920 1045
1440930 1047
1440940 1054
1440950 1054
1440960 1061
1440970 1067
1440980 1067
1440990 1073
1441000 1078
1441010 1078
1441020 1083
1441030 1087
1441040 1089
1441050 1089
1441060 1092
1441070 1096
1441080 1096
1441090 1101
1441100 1106
1441110 1106
1441120 1113
1441130 1122
1441140 1122
1441150 1132
1441160 1140
1441170 1140
1441180 1144
1441190 1147
1441200 1147
1441210 1151
1441220 1155
1441230 1155
1441240 1161
1441250 1169
1441260 1169
1441270 1175
1441280 1180
1441290 1180
1441300 1184
1441310 1189
1441320 1194
1441330 1194
1441340 1199
1441350 1204
1441360 1204
1441370 1208
1441380 1211
1441390 1211
1441400 1215
1441410 1219
1441420 1219
1441430 1223
1441440 1228
1441450 1228
1441460 1232
1441470 1235
1441480 1235
1441490 1238
1441500 1241
1441510 1241
1441520 1244
1441530 1247
1441540 1247
1441550 1250
1441560 1253
1441570 1253
1441580 1255
1441590 1258
1441600 1260
1441610 1260
1441620 1263
1441630 1265
1441640 1265
1441650 1268
1441660 1271
1441670 1271
1441680 1274
1441690 1277
1441700 1277
1441710 1280
1441720 1283
1441730 1283
1441740 1286
1441750 1290
1441760 1290
1441770 1295
1441780 1300
1441790 1300
1441800 1303
1441810 1306
1441820 1306
1441830 1311
1441840 1313
1441850 1313
1441860 1317
1441870 1320
1441880 1320
1441890 1322
1441900 1326
1441910 1330
1441920 1330
1441930 1334
1441940 1338
1441950 1338
1441960 1342
1441970 1346
1441980 1346
1441990 1349
1442000 1353
1442010 1353
1442020 1356
1442030 1359
1442040 1359
1442050 1362
1442060 1366
1442070 1366
1442080 1370
1442090 1373
1442100 1373
1442110 1378
1442120 1382
1442130 1382
1442140 1387
1442150 1392
1442160 1392
1442170 1396
1442180 1400
1442190 1407
1442200 1407
1442210 1414
1442220 1420
1442230 1420
1442240 1426
1442250 1432
1442260 1432
1442270 1437
1442280 1442
1442290 1442
1442300 1446
1442310 1449
1442320 1449
1442330 1452
1442340 1454
1442350 1454
1442360 1456
1442370 1458
1442380 1458
1442390 1460
1442400 1462
1442410 1462
1442420 1464
1442430 1465
1442440 1465
1442450 1466
1442460 1465
1442470 1465
1442480 1465
1442490 1464
1442500 1464
1442510 1464
1442520 1465
1442530 1464
1442540 1464
1442550 1465
1442560 1468
1442570 1468
1442580 1471
1442590 1473
1442600 1473
1442610 1475
1442620 1477
1442630 1477
1442640 1479
1442650 1483
1442660 1483
1442670 1487
1442680 1489
1442690 1489
1442700 1491
1442710 1493
1442720 1493
1442730 1494
1442740 1495
1442750 1497
1442760 1497
1442770 1498
1442780 1499
1442790 1499
1442800 1499
1442810 1498
1442820 1498
1442830 1497
1442840 1495
1442850 1495
1442860 1493
1442870 1491
1442880 1491
1442890 1489
1442900 1489
1442910 1489
1442920 1490
1442930 1490
1442940 1490
1442950 1488
1442960 1488
1442970 1488
1442980 1488
1442990 1488
1443000 1488
1443010 1489
1443020 1494
1443030 1494
1443040 1496
1443050 1497
1443060 1499
1443070 1499
1443080 1504
1443090 1505
1443100 1505
1443110 1504
1443120 1506
1443130 1506
1443140 1508
1443150 1512
1443160 1512
1443170 1516
1443180 1520
1443190 1520
1443200 1522
1443210 1524
1443220 1524
1443230 1524
1443240 1527
1443250 1527
1443260 1530
1443270 1533
1443280 1536
1443290 1539
1443300 1542
1443310 1542
1443320 1544
1443330 1546
1443340 1548
1443350 1548
1443360 1550
1443370 1552
1443380 1552
1443390 1554
1443400 1556
1443410 1556
1443420 1557
1443430 1558
1443440 1558
1443450 1559
1443460 1561
1443470 1561
1443480 1565
1443490 1568
1443500 1568
1443510 1572
1443520 1575
1443530 1575
1443540 1578
1443550 1581
1443560 1581
1443570 1581
1443580 1584
1443590 1584
1443600 1587
1443610 1590
1443620 1593
1443630 1593
1443640 1595
1443650 1596
1443660 1596
1443670 1599
1443680 1597
1443690 1597
1443700 1594
1443710 1593
1443720 1593
1443730 1595
1443740 1598
1443750 1598
1443760 1600
1443770 1601
1443780 1601
1443790 1603
1443800 1607
1443810 1607
1443820 1610
1443830 1612
1443840 1612
1443850 1612
1443860 1611
1443870 1611
1443880 1614
1443890 1617
1443900 1617
1443910 1619
1443920 1619
1443930 1618
1443940 1618
1443950 1617
1443960 1615
1443970 1615
1443980 1615
1443990 1618
1444000 1618
1444010 1621
1444020 1618
1444030 1618
1444040 1611
1444050 1607
1444060 1607
1444070 1605
1444080 1608
1444090 1608
1444100 1614
1444110 1616
1444120 1616
1444130 1612
1444140 1604
1444150 1604
1444160 1597
1444170 1592
1444180 1592
1444190 1587
1444200 1581
1444210 1578
1444220 1578
1444230 1574
1444240 1570
1444250 1570
1444260 1566
1444270 1563
1444280 1563
1444290 1562
1444300 1560
1444310 1560
1444320 1557
1444330 1554
1444340 1554
1444350 1552
1444360 1547
1444370 1547
1444380 1543
1444390 1540
1444400 1540
1444410 1537
1444420 1535
1444430 1535
1444440 1534
1444450 1533
1444460 1533
1444470 1532
1444480 1532
1444490 1532
1444500 1532
1444510 1531
1444520 1530
1444530 1530
1444540 1528
1444550 1525
1444560 1525
1444570 1524
1444580 1525
1444590 1525
1444600 1523
1444610 1522
1444620 1522
1444630 1521
1444640 1520
1444650 1520
1444660 1519
1444670 1517
1444680 1517
1444690 1515
1444700 1511
1444710 1511
1444720 1508
1444730 1506
1444740 1506
1444750 1504
1444760 1501
1444770 1498
1444780 1498
1444790 1493
1444800 1494
1444810 1494
1444820 1491
1444830 1488
1444840 1488
1444850 1490
1444860 1488
1444870 1488
1444880 1488
1444890 1488
1444900 1488
1444910 1488
1444920 1488
1444930 1488
1444940 1488
1444950 1487
1444960 1487
1444970 1486
1444980 1486
1444990 1486
1445000 1485
1445010 1483
1445020 1483
1445030 1482
1445040 1482
1445050 1482
1445060 1481
1445070 1480
1445080 1478
1445090 1478
1445100 1476
1445110 1473
1445120 1473
1445130 1471
1445140 1469
1445150 1469
1445160 1466
1445170 1463
1445180 1463
1445190 1458
1445200 1454
1445210 1454
1445220 1449
1445230 1446
1445240 1446
1445250 1443
1445260 1440
1445270 1440
1445280 1436
1445290 1433
1445300 1433
1445310 1428
1445320 1423
1445330 1423
1445340 1419
1445350 1415
1445360 1413
1445370 1413
1445380 1411
1445390 1408
1445400 1408
1445410 1404
1445420 1400
1445430 1400
1445440 1396
1445450 1394
1445460 1394
1445470 1391
1445480 1388
1445490 1388
1445500 1385
1445510 1382
1445520 1382
1445530 1378
1445540 1374
1445550 1374
1445560 1370
1445570 1367
1445580 1367
1445590 1364
1445600 1361
1445610 1361
1445620 1358
1445630 1355
1445640 1351
1445650 1351
1445660 1347
1445670 1343
1445680 1343
1445690 1340
1445700 1336
1445710 1336
1445720 1334
1445730 1331
1445740 1331
1445750 1328
1445760 1324
1445770 1324
1445780 1321
1445790 1319
1445800 1319
1445810 1317
1445820 1313
1445830 1313
1445840 1309
1445850 1306
1445860 1306
1445870 1304
1445880 1301
1445890 1301
1445900 1298
1445910 1295
1445920 1291
1445930 1291
1445940 1287
1445950 1283
1445960 1283
1445970 1278
1445980 1274
1445990 1274
1446000 1269
1446010 1265
1446020 1265
1446030 1262
1446040 1256
1446050 1256
1446060 1250
1446070 1248
1446080 1248
1446090 1245
1446100 1242
1446110 1242
1446120 1238
1446130 1233
1446140 1233
1446150 1226
1446160 1223
1446170 1223
1446180 1219
1446190 1216
1446200 1216
1446210 1214
1446220 1211
1446230 1207
1446240 1207
1446250 1202
1446260 1197
1446270 1197
1446280 1191
1446290 1185
1446300 1185
1446310 1180
1446320 1176
1446330 1176
1446340 1173
1446350 1171
1446360 1171
1446370 1167
1446380 1163
1446390 1163
1446400 1159
1446410 1155
1446420 1155
1446430 1149
1446440 1145
1446450 1145
1446460 1141
1446470 1137
1446480 1137
1446490 1134
1446500 1130
1446510 1129
1446520 1129
1446530 1124
1446540 1119
1446550 1119
1446560 1115
1446570 1111
1446580 1111
1446590 1109
1446600 1106
1446610 1106
1446620 1100
1446630 1096
1446640 1096
1446650 1095
1446660 1094
1446670 1094
1446680 1091
1446690 1088
1446700 1088
1446710 1084
1446720 1082
1446730 1082
1446740 1080
1446750 1077
1446760 1077
1446770 1074
1446780 1071
1446790 1068
1446800 1068
1446810 1066
1446820 1064
1446830 1064
1446840 1063
1446850 1060
1446860 1060
1446870 1055
1446880 1050
1446890 1050
1446900 1044
1446910 1035
1446920 1035
1446930 1028
1446940 1023
1446950 1023
1446960 1019
1446970 1013
1446980 1013
1446990 1008
1447000 1008
1447010 1008
1447020 1008
1447030 1006
1447040 1006
1447050 1003
1447060 1009
1447070 1018
1447080 1018
1447090 1025
1447100 1030
1447110 1030
1447120 1036
1447130 1041
1447140 1041
1447150 1047
1447160 1051
1447170 1051
1447180 1057
1447190 1062
1447200 1062
1447210 1066
1447220 1071
1447230 1071
1447240 1075
1447250 1080
1447260 1080
1447270 1084
1447280 1089
1447290 1089
1447300 1093
1447310 1098
1447320 1098
1447330 1102
1447340 1106
1447350 1106
1447360 1110
1447370 1113
1447380 1116
1447390 1116
1447400 1117
1447410 1119
1447420 1119
1447430 1121
1447440 1124
1447450 1124
1447460 1125
1447470 1128
1447480 1128
1447490 1130
1447500 1134
1447510 1134
1447520 1140
1447530 1145
1447540 1145
1447550 1151
1447560 1158
1447570 1158
1447580 1165
1447590 1174
1447600 1174
1447610 1182
1447620 1189
1447630 1189
1447640 1197
1447650 1202
1447660 1206
1447670 1206
1447680 1211
1447690 1214
1447700 1214
1447710 1216
1447720 1219
1447730 1219
1447740 1222
1447750 1226
1447760 1226
1447770 1229
1447780 1232
1447790 1232
1447800 1233
1447810 1236
1447820 1236
1447830 1240
1447840 1243
1447850 1243
1447860 1246
1447870 1247
1447880 1247
1447890 1250
1447900 1252
1447910 1252
1447920 1254
1447930 1256
1447940 1258
1447950 1258
1447960 1259
1447970 1261
1447980 1261
1447990 1263
1448000 1268
1448010 1268
1448020 1275
1448030 1282
1448040 1282
1448050 1287
1448060 1292
1448070 1292
1448080 1296
1448090 1298
1448100 1298
1448110 1299
1448120 1302
1448130 1302
1448140 1306
1448150 1309
1448160 1309
1448170 1311
1448180 1313
1448190 1313
1448200 1316
1448210 1319
1448220 1319
1448230 1324
1448240 1329
1448250 1334
1448260 1334
1448270 1339
1448280 1344
1448290 1344
1448300 1349
1448310 1353
1448320 1353
1448330 1356
1448340 1358
1448350 1358
1448360 1360
1448370 1361
1448380 1361
1448390 1363
1448400 1365
1448410 1365
1448420 1369
1448430 1372
1448440 1372
1448450 1376
1448460 1379
1448470 1379
1448480 1383
1448490 1387
1448500 1387
1448510 1389
1448520 1395
1448530 1402
1448540 1402
1448550 1407
1448560 1412
1448570 1412
1448580 1416
1448590 1420
1448600 1420
1448610 1424
1448620 1428
1448630 1428
1448640 1432
1448650 1436
1448660 1436
1448670 1440
1448680 1443
1448690 1443
1448700 1446
1448710 1448
1448720 1448
1448730 1449
1448740 1450
1448750 1450
1448760 1453
1448770 1455
1448780 1455
1448790 1458
1448800 1461
1448810 1466
1448820 1466
1448830 1472
1448840 1480
1448850 1480
1448860 1491
1448870 1498
1448880 1498
1448890 1503
1448900 1507
1448910 1507
1448920 1512
1448930 1518
1448940 1518
1448950 1523
1448960 1528
1448970 1528
1448980 1534
1448990 1538
1449000 1538
1449010 1543
1449020 1549
1449030 1549
1449040 1554
1449050 1559
1449060 1559
1449070 1563
1449080 1567
1449090 1571
1449100 1571
1449110 1574
1449120 1577
1449130 1577
1449140 1579
1449150 1581
1449160 1581
1449170 1583
1449180 1583
1449190 1583
1449200 1584
1449210 1585
1449220 1585
1449230 1585
1449240 1585
1449250 1585
1449260 1586
1449270 1587
1449280 1587
1449290 1588
1449300 1590
1449310 1590
1449320 1592
1449330 1595
1449340 1595
1449350 1597
1449360 1598
1449370 1598
1449380 1599
1449390 1600
1449400 1601
1449410 1601
1449420 1601
1449430 1600
1449440 1600
1449450 1599
1449460 1596
1449470 1596
1449480 1592
1449490 1587
1449500 1587
1449510 1585
1449520 1583
1449530 1583
1449540 1582
1449550 1581
1449560 1581
1449570 1578
1449580 1576
1449590 1576
1449600 1573
1449610 1570
1449620 1570
1449630 1566
1449640 1562
1449650 1562
1449660 1557
1449670 1554
1449680 1554
1449690 1554
1449700 1553
1449710 1552
1449720 1552
1449730 1551
1449740 1549
1449750 1549
1449760 1548
1449770 1545
1449780 1545
1449790 1542
1449800 1537
1449810 1537
1449820 1533
1449830 1526
1449840 1526
1449850 1522
1449860 1520
1449870 1520
1449880 1517
1449890 1514
1449900 1514
1449910 1513
1449920 1516
1449930 1516
1449940 1519
1449950 1522
1449960 1525
1449970 1525
1449980 1528
1449990 1531
1450000 1531
1450010 1532
1450020 1529
1450030 1529
1450040 1529
1450050 1528
1450060 1528
1450070 1527
1450080 1524
1450090 1524
1450100 1522
1450110 1522
1450120 1522
1450130 1523
1450140 1525
1450150 1525
1450160 1527
1450170 1527
1450180 1527
1450190 1528
1450200 1529
1450210 1529
1450220 1530
1450230 1531
1450240 1532
1450250 1532
1450260 1532
1450270 1532
1450280 1532
1450290 1531
1450300 1532
1450310 1532
1450320 1533
1450330 1532
1450340 1532
1450350 1533
1450360 1533
1450370 1533
1450380 1534
1450390 1534
1450400 1534
1450410 1534
1450420 1533
1450430 1533
1450440 1532
1450450 1532
1450460 1532
1450470 1534
1450480 1536
1450490 1536
1450500 1537
1450510 1537
1450520 1537
1450530 1538
1450540 1538
1450550 1537
1450560 1537
1450570 1538
1450580 1538
1450590 1538
1450600 1537
1450610 1537
1450620 1537
1450630 1538
1450640 1536
1450650 1536
1450660 1534
1450670 1535
1450680 1535
1450690 1537
1450700 1540
1450710 1540
1450720 1544
1450730 1547
1450740 1547
1450750 1551
1450760 1555
1450770 1555
1450780 1558
1450790 1560
1450800 1560
1450810 1563
1450820 1566
1450830 1567
1450840 1567
1450850 1568
1450860 1569
1450870 1569
1450880 1570
1450890 1570
1450900 1570
1450910 1575
1450920 1580
1450930 1580
1450940 1585
1450950 1589
1450960 1589
1450970 1593
1450980 1599
1450990 1599
1451000 1605
1451010 1610
1451020 1610
1451030 1614
1451040 1616
1451050 1616
1451060 1621
1451070 1625
1451080 1625
1451090 1629
1451100 1634
1451110 1639
1451120 1639
1451130 1643
1451140 1646
1451150 1646
1451160 1649
1451170 1657
1451180 1657
1451190 1661
1451200 1664
1451210 1664
1451220 1666
1451230 1669
1451240 1669
1451250 1674
1451260 1680
1451270 1680
1451280 1685
1451290 1690
1451300 1690
1451310 1693
1451320 1696
1451330 1696
1451340 1697
1451350 1700
1451360 1700
1451370 1707
1451380 1714
1451390 1720
1451400 1720
1451410 1723
1451420 1724
1451430 1724
1451440 1726
1451450 1729
1451460 1729
1451470 1733
1451480 1736
1451490 1736
1451500 1739
1451510 1742
1451520 1742
1451530 1745
1451540 1748
1451550 1748
1451560 1752
1451570 1755
1451580 1755
1451590 1759
1451600 1762
1451610 1762
1451620 1765
1451630 1769
1451640 1769
1451650 1773
1451660 1776
1451670 1776
1451680 1780
1451690 1782
1451700 1785
1451710 1785
1451720 1788
1451730 1790
1451740 1790
1451750 1794
1451760 1797
1451770 1797
1451780 1800
1451790 1803
1451800 1803
1451810 1807
1451820 1810
1451830 1810
1451840 1815
1451850 1819
1451860 1819
1451870 1823
1451880 1827
1451890 1827
1451900 1832
1451910 1836
1451920 1836
1451930 1836
1451940 1833
1451950 1833
1451960 1831
1451970 1829
1451980 1826
1451990 1826
1452000 1824
1452010 1821
1452020 1821
1452030 1818
1452040 1815
1452050 1815
1452060 1812
1452070 1809
1452080 1809
1452090 1806
1452100 1802
1452110 1802
1452120 1796
1452130 1790
1452140 1790
1452150 1784
1452160 1780
1452170 1780
1452180 1776
1452190 1773
1452200 1773
1452210 1771
1452220 1767
1452230 1767
1452240 1763
1452250 1759
1452260 1755
1452270 1755
1452280 1750
1452290 1745
1452300 1745
1452310 1741
1452320 1738
1452330 1738
1452340 1735
1452350 1733
1452360 1733
1452370 1731
1452380 1729
1452390 1729
1452400 1726
1452410 1723
1452420 1723
1452430 1719
1452440 1716
1452450 1716
1452460 1712
1452470 1707
1452480 1707
1452490 1703
1452500 1699
1452510 1699
1452520 1695
1452530 1694
1452540 1693
1452550 1693
1452560 1691
1452570 1690
1452580 1690
1452590 1689
1452600 1688
1452610 1688
1452620 1686
1452630 1685
1452640 1685
1452650 1684
1452660 1682
1452670 1682
1452680 1681
1452690 1679
1452700 1679
1452710 1678
1452720 1674
1452730 1674
1452740 1671
1452750 1668
1452760 1668
1452770 1666
1452780 1664
1452790 1664
1452800 1663
1452810 1664
1452820 1664
1452830 1665
1452840 1664
1452850 1663
1452860 1663
1452870 1663
1452880 1662
1452890 1662
1452900 1660
1452910 1658
1452920 1658
1452930 1655
1452940 1653
1452950 1653
1452960 1652
1452970 1652
1452980 1652
1452990 1652
1453000 1651
1453010 1651
1453020 1651
1453030 1649
1453040 1649
1453050 1644
1453060 1642
1453070 1642
1453080 1640
1453090 1637
1453100 1637
1453110 1636
1453120 1635
1453130 1633
1453140 1633
1453150 1632
1453160 1630
1453170 1630
1453180 1627
1453190 1625
1453200 1625
1453210 1618
1453220 1617
1453230 1617
1453240 1621
1453250 1624
1453260 1624
1453270 1628
1453280 1628
1453290 1628
1453300 1629
1453310 1632
1453320 1632
1453330 1636
1453340 1640
1453350 1640
1453360 1640
1453370 1640
1453380 1640
1453390 1639
1453400 1638
1453410 1636
1453420 1636
1453430 1635
1453440 1632
1453450 1632
1453460 1631
1453470 1630
1453480 1630
1453490 1632
1453500 1633
1453510 1633
1453520 1634
1453530 1635
1453540 1635
1453550 1635
1453560 1635
1453570 1635
1453580 1636
1453590 1636
1453600 1636
1453610 1637
1453620 1637
1453630 1637
1453640 1638
1453650 1639
1453660 1639
1453670 1640
1453680 1641
1453690 1641
1453700 1642
1453710 1643
1453720 1645
1453730 1645
1453740 1647
1453750 1649
1453760 1649
1453770 1649
1453780 1650
1453790 1650
1453800 1649
1453810 1648
1453820 1648
1453830 1648
1453840 1647
1453850 1647
1453860 1647
1453870 1648
1453880 1648
1453890 1647
1453900 1645
1453910 1645
1453920 1647
1453930 1649
1453940 1649
1453950 1649
1453960 1649
1453970 1649
1453980 1647
1453990 1642
1454000 1638
1454010 1638
1454020 1634
1454030 1630
1454040 1630
1454050 1634
1454060 1637
1454070 1637
1454080 1637
1454090 1637
1454100 1637
1454110 1636
1454120 1634
1454130 1634
1454140 1635
1454150 1636
1454160 1636
1454170 1636
1454180 1636
1454190 1636
1454200 1636
1454210 1636
1454220 1636
1454230 1637
1454240 1637
1454250 1637
1454260 1636
1454270 1637
1454280 1638
1454290 1638
1454300 1639
1454310 1639
1454320 1639
1454330 1638
1454340 1638
1454350 1638
1454360 1637
1454370 1636
1454380 1636
1454390 1637
1454400 1637
1454410 1637
1454420 1637
1454430 1637
1454440 1637
1454450 1636
1454460 1637
1454470 1637
1454480 1637
1454490 1636
1454500 1636
1454510 1636
1454520 1635
1454530 1635
1454540 1633
1454550 1631
1454560 1633
1454570 1633
1454580 1635
1454590 1636
1454600 1636
1454610 1637
1454620 1637
1454630 1637
1454640 1638
1454650 1643
1454660 1643
1454670 1648
1454680 1651
1454690 1651
1454700 1653
1454710 1656
1454720 1656
1454730 1661
1454740 1667
1454750 1667
1454760 1671
1454770 1675
1454780 1675
1454790 1679
1454800 1682
1454810 1682
1454820 1686
1454830 1689
1454840 1689
1454850 1692
1454860 1695
1454870 1699
1454880 1699
1454890 1704
1454900 1712
1454910 1712
1454920 1718
1454930 1724
1454940 1724
1454950 1730
1454960 1736
1454970 1736
1454980 1739
1454990 1743
1455000 1743
1455010 1749
1455020 1755
1455030 1755
1455040 1761
1455050 1766
1455060 1766
1455070 1767
1455080 1770
1455090 1770
1455100 1776
1455110 1779
1455120 1779
1455130 1782
1455140 1788
1455150 1794
1455160 1794
1455170 1796
1455180 1799
1455190 1799
1455200 1802
1455210 1802
1455220 1802
1455230 1805
1455240 1813
1455250 1813
1455260 1819
1455270 1819
1455280 1819
1455290 1819
1455300 1824
1455310 1824
1455320 1830
1455330 1836
1455340 1836
1455350 1835
1455360 1834
1455370 1834
1455380 1833
1455390 1831
1455400 1831
1455410 1829
1455420 1827
1455430 1824
1455440 1824
1455450 1822
1455460 1821
1455470 1821
1455480 1819
1455490 1817
1455500 1817
1455510 1815
1455520 1813
1455530 1813
1455540 1810
1455550 1807
1455560 1807
1455570 1803
1455580 1800
1455590 1800
1455600 1797
1455610 1793
1455620 1793
1455630 1790
1455640 1786
1455650 1786
1455660 1782
1455670 1778
1455680 1778
1455690 1774
1455700 1770
1455710 1766
1455720 1766
1455730 1762
1455740 1758
1455750 1758
1455760 1752
1455770 1747
1455780 1747
1455790 1741
1455800 1737
1455810 1737
1455820 1736
1455830 1734
1455840 1734
1455850 1733
1455860 1731
1455870 1731
1455880 1728
1455890 1726
1455900 1726
1455910 1724
1455920 1721
1455930 1721
1455940 1719
1455950 1715
1455960 1715
1455970 1712
1455980 1711
1455990 1711
1456000 1708
1456010 1705
1456020 1703
1456030 1703
1456040 1700
1456050 1698
1456060 1698
1456070 1697
1456080 1697
1456090 1697
1456100 1699
1456110 1698
1456120 1698
1456130 1693
1456140 1690
1456150 1690
1456160 1692
1456170 1691
1456180 1691
1456190 1691
1456200 1690
1456210 1690
1456220 1688
1456230 1686
1456240 1686
1456250 1685
1456260 1684
1456270 1684
1456280 1682
1456290 1679
1456300 1678
1456310 1678
1456320 1676
1456330 1675
1456340 1675
1456350 1672
1456360 1670
1456370 1670
1456380 1668
1456390 1666
1456400 1666
1456410 1665
1456420 1660
1456430 1660
1456440 1656
1456450 1652
1456460 1652
1456470 1645
1456480 1638
1456490 1638
1456500 1633
1456510 1629
1456520 1629
1456530 1625
1456540 1622
1456550 1622
1456560 1620
1456570 1618
1456580 1620
1456590 1620
1456600 1619
1456610 1614
1456620 1614
1456630 1609
1456640 1604
1456650 1604
1456660 1602
1456670 1597
1456680 1597
1456690 1590
1456700 1584
1456710 1584
1456720 1579
1456730 1575
1456740 1575
1456750 1572
1456760 1571
1456770 1571
1456780 1568
1456790 1564
1456800 1564
1456810 1562
1456820 1559
1456830 1559
1456840 1557
1456850 1553
1456860 1549
1456870 1549
1456880 1544
1456890 1540
1456900 1540
1456910 1536
1456920 1533
1456930 1533
1456940 1530
1456950 1525
1456960 1525
1456970 1521
1456980 1514
1456990 1514
1457000 1505
1457010 1503
1457020 1503
1457030 1499
1457040 1498
1457050 1498
1457060 1497
1457070 1496
1457080 1496
1457090 1495
1457100 1494
1457110 1494
1457120 1494
1457130 1494
1457140 1494
1457150 1490
1457160 1482
1457170 1477
1457180 1477
1457190 1472
1457200 1469
1457210 1469
1457220 1466
1457230 1463
1457240 1463
1457250 1459
1457260 1454
1457270 1454
1457280 1450
1457290 1447
1457300 1447
1457310 1444
1457320 1441
1457330 1441
1457340 1437
1457350 1432
1457360 1432
1457370 1428
1457380 1423
1457390 1423
1457400 1419
1457410 1415
1457420 1415
1457430 1412
1457440 1408
1457450 1403
1457460 1403
1457470 1399
1457480 1396
1457490 1396
1457500 1395
1457510 1391
1457520 1391
1457530 1388
1457540 1388
1457550 1388
1457560 1387
1457570 1385
1457580 1385
1457590 1384
1457600 1382
1457610 1382
1457620 1381
1457630 1379
1457640 1379
1457650 1378
1457660 1373
1457670 1373
1457680 1370
1457690 1367
1457700 1367
1457710 1364
1457720 1362
1457730 1360
1457740 1360
1457750 1358
1457760 1355
1457770 1355
1457780 1352
1457790 1348
1457800 1348
1457810 1343
1457820 1340
1457830 1340
1457840 1339
1457850 1338
1457860 1338
1457870 1336
1457880 1333
1457890 1333
1457900 1331
1457910 1330
1457920 1330
1457930 1328
1457940 1327
1457950 1327
1457960 1325
1457970 1321
1457980 1321
1457990 1315
1458000 1310
1458010 1304
1458020 1304
1458030 1298
1458040 1291
1458050 1291
1458060 1283
1458070 1276
1458080 1276
1458090 1269
1458100 1264
1458110 1264
1458120 1261
1458130 1257
1458140 1257
1458150 1254
1458160 1250
1458170 1250
1458180 1248
1458190 1246
1458200 1246
1458210 1243
1458220 1240
1458230 1240
1458240 1237
1458250 1234
1458260 1234
1458270 1231
1458280 1228
1458290 1228
1458300 1223
1458310 1219
1458320 1215
1458330 1215
1458340 1212
1458350 1209
1458360 1209
1458370 1206
1458380 1203
1458390 1203
1458400 1199
1458410 1193
1458420 1193
1458430 1188
1458440 1183
1458450 1183
1458460 1177
1458470 1172
1458480 1172
1458490 1168
1458500 1163
1458510 1163
1458520 1158
1458530 1159
1458540 1159
1458550 1164
1458560 1169
1458570 1169
1458580 1173
1458590 1176
1458600 1178
1458610 1178
1458620 1179
1458630 1179
1458640 1179
1458650 1179
1458660 1178
1458670 1178
1458680 1178
1458690 1176
1458700 1176
1458710 1175
1458720 1175
1458730 1175
1458740 1174
1458750 1172
1458760 1172
1458770 1169
1458780 1168
1458790 1168
1458800 1167
1458810 1165
1458820 1165
1458830 1164
1458840 1163
1458850 1163
1458860 1161
1458870 1160
1458880 1159
1458890 1159
1458900 1159
1458910 1158
1458920 1158
1458930 1157
1458940 1156
1458950 1156
1458960 1154
1458970 1152
1458980 1152
1458990 1151
1459000 1149
1459010 1149
1459020 1147
1459030 1145
1459040 1145
1459050 1143
1459060 1141
1459070 1141
1459080 1139
1459090 1133
1459100 1133
1459110 1128
1459120 1122
1459130 1122
1459140 1118
1459150 1113
1459160 1108
1459170 1108
1459180 1114
1459190 1122
1459200 1122
1459210 1127
1459220 1128
1459230 1128
1459240 1130
1459250 1130
1459260 1130
1459270 1129
1459280 1127
1459290 1127
1459300 1127
1459310 1127
1459320 1127
1459330 1126
1459340 1126
1459350 1126
1459360 1124
1459370 1123
1459380 1123
1459390 1120
1459400 1119
1459410 1119
1459420 1117
1459430 1111
1459440 1111
1459450 1104
1459460 1097
1459470 1092
1459480 1092
1459490 1095
1459500 1100
1459510 1100
1459520 1103
1459530 1105
1459540 1105
1459550 1107
1459560 1108
1459570 1108
1459580 1108
1459590 1107
1459600 1107
1459610 1103
1459620 1098
1459630 1098
1459640 1091
1459650 1081
1459660 1081
1459670 1079
1459680 1083
1459690 1083
1459700 1085
1459710 1089
1459720 1089
1459730 1092
1459740 1093
1459750 1094
1459760 1094
1459770 1095
1459780 1096
1459790 1096
1459800 1099
1459810 1102
1459820 1102
1459830 1105
1459840 1108
1459850 1108
1459860 1109
1459870 1108
1459880 1108
1459890 1108
1459900 1107
1459910 1107
1459920 1106
1459930 1106
1459940 1106
1459950 1105
1459960 1104
1459970 1104
1459980 1103
1459990 1101
