1440000 1143
1440010 1143
1440020 1142
1440030 1142
1440040 1141
1440050 1143
1440060 1143
1440070 1148
1440080 1151
1440090 1150
1440100 1150
1440110 1149
1440120 1147
1440130 1147
1440140 1145
1440150 1143
1440160 1143
1440170 1140
1440180 1138
1440190 1138
1440200 1136
1440210 1135
1440220 1135
1440230 1135
1440240 1134
1440250 1134
1440260 1134
1440270 1134
1440280 1134
1440290 1133
1440300 1132
1440310 1132
1440320 1131
1440330 1129
1440340 1129
1440350 1128
1440360 1126
1440370 1126
1440380 1124
1440390 1121
1440400 1119
1440410 1119
1440420 1117
1440430 1117
1440440 1117
1440450 1118
1440460 1118
1440470 1118
1440480 1117
1440490 1117
1440500 1117
1440510 1117
1440520 1118
1440530 1118
1440540 1118
1440550 1118
1440560 1118
1440570 1119
1440580 1119
1440590 1119
1440600 1119
1440610 1117
1440620 1117
1440630 1114
1440640 1111
1440650 1111
1440660 1111
1440670 1113
1440680 1115
1440690 1115
1440700 1117
1440710 1118
1440720 1118
1440730 1119
1440740 1119
1440750 1119
1440760 1119
1440770 1119
1440780 1119
1440790 1119
1440800 1118
1440810 1118
1440820 1117
1440830 1114
1440840 1114
1440850 1110
1440860 1106
1440870 1106
1440880 1103
1440890 1100
1440900 1100
1440910 1099
1440920 1098
1440930 1098
1440940 1098
1440950 1098
1440960 1098
1440970 1100
1440980 1101
1440990 1104
1441000 1104
1441010 1106
1441020 1107
1441030 1107
1441040 1107
1441050 1107
1441060 1107
1441070 1107
1441080 1106
1441090 1106
1441100 1105
1441110 1105
1441120 1105
1441130 1104
1441140 1104
1441150 1104
1441160 1103
1441170 1102
1441180 1102
1441190 1101
1441200 1099
1441210 1099
1441220 1095
1441230 1092
1441240 1092
1441250 1089
1441260 1087
1441270 1083
1441280 1083
1441290 1082
1441300 1081
1441310 1081
1441320 1082
1441330 1081
1441340 1081
1441350 1078
1441360 1074
1441370 1074
1441380 1071
1441390 1071
1441400 1071
1441410 1071
1441420 1072
1441430 1072
1441440 1072
1441450 1072
1441460 1072
1441470 1072
1441480 1072
1441490 1072
1441500 1071
1441510 1069
1441520 1069
1441530 1067
1441540 1065
1441550 1065
1441560 1063
1441570 1060
1441580 1058
1441590 1058
1441600 1057
1441610 1056
1441620 1056
1441630 1056
1441640 1057
1441650 1057
1441660 1057
1441670 1056
1441680 1056
1441690 1054
1441700 1052
1441710 1052
1441720 1046
1441730 1045
1441740 1045
1441750 1044
1441760 1042
1441770 1042
1441780 1040
1441790 1039
1441800 1039
1441810 1038
1441820 1037
1441830 1037
1441840 1036
1441850 1036
1441860 1036
1441870 1036
1441880 1036
1441890 1035
1441900 1035
1441910 1034
1441920 1033
1441930 1033
1441940 1032
1441950 1032
1441960 1032
1441970 1030
1441980 1029
1441990 1029
1442000 1027
1442010 1025
1442020 1025
1442030 1024
1442040 1023
1442050 1023
1442060 1022
1442070 1021
1442080 1021
1442090 1020
1442100 1017
1442110 1017
1442120 1014
1442130 1014
1442140 1014
1442150 1015
1442160 1013
1442170 1011
1442180 1011
1442190 1009
1442200 1006
1442210 1006
1442220 1004
1442230 1001
1442240 1001
1442250 999
1442260 996
1442270 996
1442280 992
1442290 990
1442300 990
1442310 989
1442320 987
1442330 987
1442340 985
1442350 983
1442360 983
1442370 984
1442380 985
1442390 985
1442400 985
1442410 985
1442420 985
1442430 984
1442440 983
1442450 983
1442460 981
1442470 979
1442480 978
1442490 978
1442500 978
1442510 976
1442520 976
1442530 975
1442540 975
1442550 975
1442560 974
1442570 973
1442580 973
1442590 973
1442600 973
1442610 973
1442620 971
1442630 969
1442640 969
1442650 966
1442660 963
1442670 963
1442680 959
1442690 956
1442700 956
1442710 953
1442720 951
1442730 951
1442740 948
1442750 945
1442760 944
1442770 944
1442780 943
1442790 945
1442800 945
1442810 948
1442820 950
1442830 950
1442840 952
1442850 953
1442860 953
1442870 955
1442880 957
1442890 957
1442900 959
1442910 961
1442920 961
1442930 962
1442940 962
1442950 962
1442960 966
1442970 970
1442980 970
1442990 972
1443000 974
1443010 974
1443020 976
1443030 977
1443040 977
1443050 978
1443060 978
1443070 980
1443080 980
1443090 983
1443100 986
1443110 986
1443120 991
1443130 996
1443140 996
1443150 1000
1443160 1001
1443170 1001
1443180 1001
1443190 1001
1443200 1001
1443210 1002
1443220 1005
1443230 1005
1443240 1007
1443250 1009
1443260 1009
1443270 1012
1443280 1014
1443290 1014
1443300 1018
1443310 1022
1443320 1022
1443330 1026
1443340 1029
1443350 1033
1443360 1033
1443370 1037
1443380 1040
1443390 1040
1443400 1042
1443410 1045
1443420 1045
1443430 1049
1443440 1054
1443450 1054
1443460 1059
1443470 1062
1443480 1062
1443490 1067
1443500 1071
1443510 1071
1443520 1074
1443530 1077
1443540 1077
1443550 1080
1443560 1081
1443570 1081
1443580 1078
1443590 1072
1443600 1072
1443610 1072
1443620 1076
1443630 1076
1443640 1076
1443650 1075
1443660 1077
1443670 1077
1443680 1082
1443690 1089
1443700 1089
1443710 1099
1443720 1106
1443730 1106
1443740 1110
1443750 1114
1443760 1114
1443770 1118
1443780 1122
1443790 1122
1443800 1123
1443810 1122
1443820 1122
1443830 1120
1443840 1122
1443850 1122
1443860 1130
1443870 1138
1443880 1138
1443890 1141
1443900 1145
1443910 1145
1443920 1149
1443930 1154
1443940 1161
1443950 1161
1443960 1167
1443970 1172
1443980 1172
1443990 1177
1444000 1182
1444010 1182
1444020 1186
1444030 1190
1444040 1190
1444050 1196
1444060 1201
1444070 1201
1444080 1206
1444090 1211
1444100 1211
1444110 1217
1444120 1223
1444130 1223
1444140 1230
1444150 1236
1444160 1236
1444170 1240
1444180 1246
1444190 1246
1444200 1252
1444210 1257
1444220 1257
1444230 1260
1444240 1262
1444250 1264
1444260 1264
1444270 1268
1444280 1275
1444290 1275
1444300 1282
1444310 1289
1444320 1289
1444330 1297
1444340 1303
1444350 1303
1444360 1306
1444370 1310
1444380 1310
1444390 1314
1444400 1320
1444410 1320
1444420 1326
1444430 1332
1444440 1332
1444450 1337
1444460 1341
1444470 1341
1444480 1347
1444490 1352
1444500 1352
1444510 1359
1444520 1364
1444530 1367
1444540 1367
1444550 1369
1444560 1374
1444570 1374
1444580 1376
1444590 1377
1444600 1377
1444610 1377
1444620 1377
1444630 1377
1444640 1376
1444650 1376
1444660 1376
1444670 1376
1444680 1377
1444690 1377
1444700 1377
1444710 1377
1444720 1377
1444730 1376
1444740 1375
1444750 1375
1444760 1372
1444770 1368
1444780 1368
1444790 1363
1444800 1360
1444810 1360
1444820 1362
1444830 1361
1444840 1360
1444850 1360
1444860 1358
1444870 1356
1444880 1356
1444890 1354
1444900 1356
1444910 1356
1444920 1357
1444930 1357
1444940 1357
1444950 1360
1444960 1362
1444970 1362
1444980 1362
1444990 1362
1445000 1362
1445010 1360
1445020 1358
1445030 1358
1445040 1356
1445050 1357
1445060 1357
1445070 1358
1445080 1360
1445090 1360
1445100 1366
1445110 1370
1445120 1372
1445130 1372
1445140 1372
1445150 1374
1445160 1374
1445170 1378
1445180 1380
1445190 1380
1445200 1382
1445210 1383
1445220 1383
1445230 1383
1445240 1383
1445250 1383
1445260 1383
1445270 1385
1445280 1385
1445290 1385
1445300 1386
1445310 1386
1445320 1386
1445330 1385
1445340 1385
1445350 1386
1445360 1387
1445370 1387
1445380 1387
1445390 1389
1445400 1389
1445410 1392
1445420 1395
1445430 1397
1445440 1397
1445450 1400
1445460 1402
1445470 1402
1445480 1404
1445490 1407
1445500 1407
1445510 1409
1445520 1410
1445530 1410
1445540 1412
1445550 1413
1445560 1413
1445570 1413
1445580 1414
1445590 1414
1445600 1414
1445610 1414
1445620 1414
1445630 1415
1445640 1415
1445650 1415
1445660 1416
1445670 1417
1445680 1417
1445690 1418
1445700 1418
1445710 1418
1445720 1418
1445730 1417
1445740 1417
1445750 1417
1445760 1416
1445770 1412
1445780 1412
1445790 1411
1445800 1410
1445810 1410
1445820 1406
1445830 1410
1445840 1410
1445850 1410
1445860 1409
1445870 1409
1445880 1408
1445890 1407
1445900 1407
1445910 1406
1445920 1405
1445930 1405
1445940 1402
1445950 1403
1445960 1403
1445970 1403
1445980 1403
1445990 1403
1446000 1402
1446010 1402
1446020 1400
1446030 1400
1446040 1398
1446050 1397
1446060 1397
1446070 1397
1446080 1396
1446090 1396
1446100 1395
1446110 1395
1446120 1395
1446130 1394
1446140 1390
1446150 1390
1446160 1383
1446170 1387
1446180 1387
1446190 1387
1446200 1385
1446210 1385
1446220 1386
1446230 1386
1446240 1386
1446250 1387
1446260 1389
1446270 1389
1446280 1393
1446290 1395
1446300 1395
1446310 1393
1446320 1393
1446330 1396
1446340 1396
1446350 1401
1446360 1405
1446370 1405
1446380 1405
1446390 1406
1446400 1406
1446410 1407
1446420 1407
1446430 1407
1446440 1407
1446450 1408
1446460 1408
1446470 1408
1446480 1407
1446490 1407
1446500 1407
1446510 1405
1446520 1405
1446530 1404
1446540 1404
1446550 1404
1446560 1403
1446570 1401
1446580 1401
1446590 1396
1446600 1394
1446610 1393
1446620 1393
1446630 1392
1446640 1388
1446650 1388
1446660 1385
1446670 1391
1446680 1391
1446690 1392
1446700 1392
1446710 1392
1446720 1391
1446730 1388
1446740 1388
1446750 1384
1446760 1378
1446770 1378
1446780 1379
1446790 1383
1446800 1383
1446810 1383
1446820 1382
1446830 1382
1446840 1381
1446850 1379
1446860 1379
1446870 1374
1446880 1368
1446890 1368
1446900 1369
1446910 1369
1446920 1370
1446930 1370
1446940 1369
1446950 1367
1446960 1367
1446970 1364
1446980 1362
1446990 1362
1447000 1359
1447010 1357
1447020 1357
1447030 1355
1447040 1353
1447050 1353
1447060 1351
1447070 1347
1447080 1347
1447090 1347
1447100 1348
1447110 1348
1447120 1347
1447130 1344
1447140 1344
1447150 1342
1447160 1340
1447170 1340
1447180 1338
1447190 1338
1447200 1336
1447210 1336
1447220 1335
1447230 1334
1447240 1334
1447250 1334
1447260 1333
1447270 1333
1447280 1332
1447290 1331
1447300 1331
1447310 1329
1447320 1327
1447330 1327
1447340 1324
1447350 1322
1447360 1322
1447370 1319
1447380 1317
1447390 1317
1447400 1314
1447410 1312
1447420 1312
1447430 1310
1447440 1308
1447450 1308
1447460 1306
1447470 1305
1447480 1305
1447490 1303
1447500 1302
1447510 1300
1447520 1300
1447530 1296
1447540 1295
1447550 1295
1447560 1294
1447570 1294
1447580 1294
1447590 1293
1447600 1293
1447610 1293
1447620 1293
1447630 1292
1447640 1292
1447650 1293
1447660 1292
1447670 1292
1447680 1291
1447690 1289
1447700 1289
1447710 1287
1447720 1286
1447730 1286
1447740 1284
1447750 1283
1447760 1283
1447770 1283
1447780 1281
1447790 1279
1447800 1279
1447810 1277
1447820 1274
1447830 1274
1447840 1271
1447850 1267
1447860 1267
1447870 1263
1447880 1256
1447890 1256
1447900 1253
1447910 1251
1447920 1251
1447930 1246
1447940 1245
1447950 1245
1447960 1245
1447970 1245
1447980 1245
1447990 1246
1448000 1246
1448010 1246
1448020 1246
1448030 1247
1448040 1247
1448050 1249
1448060 1251
1448070 1251
1448080 1255
1448090 1259
1448100 1264
1448110 1264
1448120 1268
1448130 1271
1448140 1271
1448150 1271
1448160 1270
1448170 1270
1448180 1260
1448190 1258
1448200 1258
1448210 1254
1448220 1252
1448230 1252
1448240 1253
1448250 1253
1448260 1253
1448270 1252
1448280 1250
1448290 1250
1448300 1247
1448310 1244
1448320 1244
1448330 1241
1448340 1239
1448350 1239
1448360 1236
1448370 1233
1448380 1230
1448390 1230
1448400 1227
1448410 1227
1448420 1227
1448430 1226
1448440 1225
1448450 1225
1448460 1224
1448470 1222
1448480 1222
1448490 1219
1448500 1218
1448510 1218
1448520 1217
1448530 1216
1448540 1216
1448550 1215
1448560 1213
1448570 1213
1448580 1211
1448590 1209
1448600 1209
1448610 1206
1448620 1204
1448630 1204
1448640 1207
1448650 1211
1448660 1211
1448670 1215
1448680 1221
1448690 1224
1448700 1224
1448710 1227
1448720 1233
1448730 1233
1448740 1240
1448750 1246
1448760 1246
1448770 1251
1448780 1251
1448790 1251
1448800 1248
1448810 1245
1448820 1245
1448830 1240
1448840 1234
1448850 1234
1448860 1230
1448870 1226
1448880 1226
1448890 1222
1448900 1222
1448910 1222
1448920 1222
1448930 1222
1448940 1222
1448950 1221
1448960 1224
1448970 1227
1448980 1227
1448990 1230
1449000 1233
1449010 1233
1449020 1236
1449030 1238
1449040 1238
1449050 1240
1449060 1242
1449070 1242
1449080 1245
1449090 1246
1449100 1246
1449110 1243
1449120 1242
1449130 1242
1449140 1248
1449150 1257
1449160 1257
1449170 1264
1449180 1269
1449190 1269
1449200 1271
1449210 1271
1449220 1271
1449230 1272
1449240 1273
1449250 1273
1449260 1274
1449270 1275
1449280 1275
1449290 1275
1449300 1276
1449310 1276
1449320 1276
1449330 1276
1449340 1276
1449350 1276
1449360 1277
1449370 1278
1449380 1278
1449390 1280
1449400 1282
1449410 1282
1449420 1283
1449430 1283
1449440 1283
1449450 1284
1449460 1285
1449470 1285
1449480 1285
1449490 1286
1449500 1286
1449510 1287
1449520 1288
1449530 1288
1449540 1289
1449550 1289
1449560 1289
1449570 1289
1449580 1288
1449590 1288
1449600 1288
1449610 1286
1449620 1285
1449630 1285
1449640 1285
1449650 1285
1449660 1285
1449670 1285
1449680 1286
1449690 1286
1449700 1289
1449710 1292
1449720 1292
1449730 1294
1449740 1296
1449750 1296
1449760 1297
1449770 1299
1449780 1299
1449790 1300
1449800 1302
1449810 1302
1449820 1302
1449830 1302
1449840 1302
1449850 1299
1449860 1293
1449870 1286
1449880 1286
1449890 1278
1449900 1272
1449910 1272
1449920 1268
1449930 1264
1449940 1264
1449950 1260
1449960 1253
1449970 1253
1449980 1245
1449990 1238
1450000 1238
1450010 1233
1450020 1229
1450030 1229
1450040 1224
1450050 1222
1450060 1222
1450070 1221
1450080 1224
1450090 1224
1450100 1233
1450110 1240
1450120 1240
1450130 1245
1450140 1252
1450150 1256
1450160 1256
1450170 1258
1450180 1261
1450190 1261
1450200 1266
1450210 1269
1450220 1269
1450230 1271
1450240 1272
1450250 1272
1450260 1274
1450270 1278
1450280 1278
1450290 1281
1450300 1281
1450310 1281
1450320 1281
1450330 1285
1450340 1285
1450350 1289
1450360 1292
1450370 1292
1450380 1294
1450390 1296
1450400 1296
1450410 1299
1450420 1302
1450430 1302
1450440 1306
1450450 1310
1450460 1315
1450470 1315
1450480 1317
1450490 1319
1450500 1319
1450510 1320
1450520 1322
1450530 1322
1450540 1323
1450550 1325
1450560 1325
1450570 1327
1450580 1329
1450590 1329
1450600 1331
1450610 1334
1450620 1334
1450630 1336
1450640 1337
1450650 1337
1450660 1339
1450670 1341
1450680 1341
1450690 1345
1450700 1348
1450710 1348
1450720 1351
1450730 1354
1450740 1354
1450750 1356
1450760 1358
1450770 1360
1450780 1360
1450790 1361
1450800 1363
1450810 1363
1450820 1365
1450830 1367
1450840 1367
1450850 1369
1450860 1370
1450870 1370
1450880 1372
1450890 1374
1450900 1374
1450910 1376
1450920 1377
1450930 1377
1450940 1377
1450950 1378
1450960 1378
1450970 1378
1450980 1378
1450990 1378
1451000 1378
1451010 1377
1451020 1377
1451030 1376
1451040 1377
1451050 1378
1451060 1378
1451070 1378
1451080 1378
1451090 1378
1451100 1377
1451110 1376
1451120 1376
1451130 1376
1451140 1376
1451150 1376
1451160 1377
1451170 1377
1451180 1377
1451190 1377
1451200 1378
1451210 1378
1451220 1377
1451230 1377
1451240 1377
1451250 1377
1451260 1378
1451270 1378
1451280 1377
1451290 1379
1451300 1379
1451310 1381
1451320 1382
1451330 1382
1451340 1383
1451350 1382
1451360 1381
1451370 1381
1451380 1377
1451390 1370
1451400 1370
1451410 1363
1451420 1359
1451430 1359
1451440 1357
1451450 1356
1451460 1356
1451470 1354
1451480 1353
1451490 1353
1451500 1355
1451510 1357
1451520 1357
1451530 1359
1451540 1364
1451550 1364
1451560 1368
1451570 1368
1451580 1368
1451590 1372
1451600 1376
1451610 1376
1451620 1378
1451630 1381
1451640 1382
1451650 1382
1451660 1383
1451670 1386
1451680 1386
1451690 1391
1451700 1398
1451710 1398
1451720 1402
1451730 1403
1451740 1403
1451750 1403
1451760 1401
1451770 1401
1451780 1397
1451790 1393
1451800 1393
1451810 1389
1451820 1381
1451830 1381
1451840 1375
1451850 1375
1451860 1375
1451870 1385
1451880 1393
1451890 1393
1451900 1400
1451910 1405
1451920 1405
1451930 1405
1451940 1402
1451950 1398
1451960 1398
1451970 1402
1451980 1405
1451990 1405
1452000 1408
1452010 1411
1452020 1411
1452030 1413
1452040 1418
1452050 1418
1452060 1422
1452070 1425
1452080 1425
1452090 1427
1452100 1428
1452110 1428
1452120 1430
1452130 1428
1452140 1428
1452150 1420
1452160 1419
1452170 1419
1452180 1427
1452190 1432
1452200 1432
1452210 1435
1452220 1437
1452230 1439
1452240 1439
1452250 1441
1452260 1442
1452270 1442
1452280 1440
1452290 1437
1452300 1437
1452310 1435
1452320 1439
1452330 1439
1452340 1443
1452350 1446
1452360 1446
1452370 1448
1452380 1448
1452390 1448
1452400 1447
1452410 1450
1452420 1450
1452430 1452
1452440 1451
1452450 1451
1452460 1451
1452470 1452
1452480 1452
1452490 1456
1452500 1456
1452510 1456
1452520 1459
1452530 1461
1452540 1462
1452550 1462
1452560 1461
1452570 1455
1452580 1455
1452590 1451
1452600 1449
1452610 1449
1452620 1444
1452630 1442
1452640 1442
1452650 1443
1452660 1443
1452670 1443
1452680 1445
1452690 1446
1452700 1446
1452710 1448
1452720 1450
1452730 1450
1452740 1452
1452750 1454
1452760 1454
1452770 1457
1452780 1458
1452790 1458
1452800 1459
1452810 1460
1452820 1465
1452830 1465
1452840 1470
1452850 1473
1452860 1473
1452870 1475
1452880 1478
1452890 1478
1452900 1481
1452910 1484
1452920 1484
1452930 1486
1452940 1486
1452950 1486
1452960 1488
1452970 1492
1452980 1492
1452990 1498
1453000 1504
1453010 1504
1453020 1510
1453030 1517
1453040 1517
1453050 1524
1453060 1530
1453070 1530
1453080 1536
1453090 1535
1453100 1535
1453110 1531
1453120 1528
1453130 1526
1453140 1526
1453150 1528
1453160 1529
1453170 1529
1453180 1532
1453190 1535
1453200 1535
1453210 1539
1453220 1545
1453230 1545
1453240 1547
1453250 1544
1453260 1544
1453270 1540
1453280 1538
1453290 1538
1453300 1536
1453310 1535
1453320 1535
1453330 1536
1453340 1536
1453350 1536
1453360 1537
1453370 1537
1453380 1537
1453390 1538
1453400 1541
1453410 1543
1453420 1543
1453430 1547
1453440 1549
1453450 1549
1453460 1553
1453470 1557
1453480 1557
1453490 1564
1453500 1569
1453510 1569
1453520 1567
1453530 1566
1453540 1566
1453550 1567
1453560 1565
1453570 1565
1453580 1562
1453590 1561
1453600 1561
1453610 1561
1453620 1557
1453630 1557
1453640 1553
1453650 1549
1453660 1549
1453670 1546
1453680 1544
1453690 1544
1453700 1544
1453710 1540
1453720 1533
1453730 1533
1453740 1528
1453750 1527
1453760 1527
1453770 1524
1453780 1521
1453790 1521
1453800 1521
1453810 1520
1453820 1520
1453830 1517
1453840 1514
1453850 1514
1453860 1512
1453870 1509
1453880 1509
1453890 1504
1453900 1499
1453910 1499
1453920 1496
1453930 1491
1453940 1491
1453950 1487
1453960 1483
1453970 1483
1453980 1478
1453990 1476
1454000 1474
1454010 1474
1454020 1473
1454030 1472
1454040 1472
1454050 1472
1454060 1471
1454070 1471
1454080 1470
1454090 1467
1454100 1467
1454110 1466
1454120 1463
1454130 1463
1454140 1461
1454150 1459
1454160 1459
1454170 1457
1454180 1455
1454190 1455
1454200 1451
1454210 1448
1454220 1448
1454230 1444
1454240 1439
1454250 1439
1454260 1435
1454270 1434
1454280 1434
1454290 1432
1454300 1430
1454310 1428
1454320 1428
1454330 1425
1454340 1419
1454350 1419
1454360 1412
1454370 1410
1454380 1410
1454390 1412
1454400 1413
1454410 1413
1454420 1414
1454430 1413
1454440 1413
1454450 1409
1454460 1406
1454470 1406
1454480 1405
1454490 1404
1454500 1404
1454510 1400
1454520 1395
1454530 1395
1454540 1395
1454550 1393
1454560 1393
1454570 1391
1454580 1388
1454590 1386
1454600 1386
1454610 1382
1454620 1378
1454630 1378
1454640 1380
1454650 1385
1454660 1385
1454670 1388
1454680 1390
1454690 1390
1454700 1390
1454710 1392
1454720 1392
1454730 1394
1454740 1397
1454750 1397
1454760 1398
1454770 1398
1454780 1398
1454790 1397
1454800 1395
1454810 1395
1454820 1394
1454830 1393
1454840 1393
1454850 1391
1454860 1391
1454870 1391
1454880 1393
1454890 1394
1454900 1395
1454910 1395
1454920 1396
1454930 1395
1454940 1395
1454950 1396
1454960 1396
1454970 1396
1454980 1395
1454990 1394
1455000 1394
1455010 1393
1455020 1394
1455030 1394
1455040 1396
1455050 1394
1455060 1394
1455070 1391
1455080 1386
1455090 1386
1455100 1381
1455110 1379
1455120 1379
1455130 1375
1455140 1368
1455150 1368
1455160 1361
1455170 1354
1455180 1354
1455190 1348
1455200 1343
1455210 1338
1455220 1338
1455230 1334
1455240 1330
1455250 1330
1455260 1326
1455270 1324
1455280 1324
1455290 1323
1455300 1323
1455310 1323
1455320 1323
1455330 1322
1455340 1322
1455350 1321
1455360 1321
1455370 1321
1455380 1321
1455390 1320
1455400 1320
1455410 1320
1455420 1320
1455430 1320
1455440 1319
1455450 1320
1455460 1320
1455470 1319
1455480 1319
1455490 1320
1455500 1320
1455510 1319
1455520 1318
1455530 1318
1455540 1316
1455550 1314
1455560 1314
1455570 1308
1455580 1302
1455590 1302
1455600 1297
1455610 1292
1455620 1292
1455630 1289
1455640 1289
1455650 1289
1455660 1289
1455670 1292
1455680 1292
1455690 1296
1455700 1291
1455710 1291
1455720 1291
1455730 1290
1455740 1290
1455750 1291
1455760 1291
1455770 1291
1455780 1290
1455790 1290
1455800 1290
1455810 1290
1455820 1292
1455830 1292
1455840 1292
1455850 1292
1455860 1291
1455870 1291
1455880 1287
1455890 1279
1455900 1279
1455910 1272
1455920 1270
1455930 1270
1455940 1275
1455950 1283
1455960 1283
1455970 1290
1455980 1295
1455990 1295
1456000 1295
1456010 1295
1456020 1295
1456030 1290
1456040 1289
1456050 1289
1456060 1289
1456070 1287
1456080 1286
1456090 1286
1456100 1287
1456110 1288
1456120 1288
1456130 1289
1456140 1291
1456150 1291
1456160 1294
1456170 1295
1456180 1295
1456190 1296
1456200 1296
1456210 1296
1456220 1294
1456230 1290
1456240 1290
1456250 1287
1456260 1287
1456270 1287
1456280 1286
1456290 1286
1456300 1286
1456310 1285
1456320 1283
1456330 1283
1456340 1282
1456350 1282
1456360 1282
1456370 1282
1456380 1282
1456390 1282
1456400 1282
1456410 1277
1456420 1270
1456430 1270
1456440 1264
1456450 1261
1456460 1261
1456470 1261
1456480 1261
1456490 1261
1456500 1259
1456510 1258
1456520 1258
1456530 1259
1456540 1258
1456550 1258
1456560 1258
1456570 1256
1456580 1256
1456590 1257
1456600 1261
1456610 1261
1456620 1267
1456630 1270
1456640 1270
1456650 1270
1456660 1270
1456670 1274
1456680 1274
1456690 1278
1456700 1281
1456710 1281
1456720 1283
1456730 1284
1456740 1284
1456750 1286
1456760 1288
1456770 1288
1456780 1291
1456790 1294
1456800 1294
1456810 1296
1456820 1299
1456830 1299
1456840 1300
1456850 1301
1456860 1301
1456870 1304
1456880 1303
1456890 1303
1456900 1302
1456910 1304
1456920 1304
1456930 1306
1456940 1306
1456950 1306
1456960 1307
1456970 1308
1456980 1308
1456990 1308
1457000 1308
1457010 1308
1457020 1308
1457030 1305
1457040 1301
1457050 1301
1457060 1302
1457070 1306
1457080 1306
1457090 1309
1457100 1313
1457110 1313
1457120 1317
1457130 1319
1457140 1319
1457150 1319
1457160 1317
1457170 1317
1457180 1314
1457190 1312
1457200 1312
1457210 1312
1457220 1314
1457230 1314
1457240 1314
1457250 1317
1457260 1319
1457270 1319
1457280 1321
1457290 1321
1457300 1321
1457310 1322
1457320 1323
1457330 1323
1457340 1323
1457350 1323
1457360 1323
1457370 1321
1457380 1320
1457390 1320
1457400 1322
1457410 1319
1457420 1319
1457430 1316
1457440 1316
1457450 1316
1457460 1315
1457470 1315
1457480 1315
1457490 1316
1457500 1318
1457510 1318
1457520 1318
1457530 1318
1457540 1318
1457550 1318
1457560 1318
1457570 1318
1457580 1318
1457590 1319
1457600 1319
1457610 1319
1457620 1319
1457630 1319
1457640 1319
1457650 1318
1457660 1317
1457670 1317
1457680 1316
1457690 1315
1457700 1315
1457710 1313
1457720 1312
1457730 1312
1457740 1310
1457750 1309
1457760 1309
1457770 1307
1457780 1304
1457790 1304
1457800 1301
1457810 1297
1457820 1297
1457830 1292
1457840 1288
1457850 1282
1457860 1282
1457870 1275
1457880 1273
1457890 1273
1457900 1277
1457910 1278
1457920 1278
1457930 1278
1457940 1279
1457950 1279
1457960 1280
1457970 1282
1457980 1282
1457990 1283
1458000 1284
1458010 1284
1458020 1285
1458030 1289
1458040 1289
1458050 1290
1458060 1287
1458070 1287
1458080 1286
1458090 1286
1458100 1286
1458110 1287
1458120 1290
1458130 1290
1458140 1296
1458150 1302
1458160 1307
1458170 1307
1458180 1313
1458190 1319
1458200 1319
1458210 1325
1458220 1330
1458230 1330
1458240 1335
1458250 1339
1458260 1339
1458270 1343
1458280 1346
1458290 1346
1458300 1347
1458310 1346
1458320 1346
1458330 1344
1458340 1343
1458350 1343
1458360 1341
1458370 1340
1458380 1340
1458390 1338
1458400 1336
1458410 1336
1458420 1334
1458430 1332
1458440 1329
1458450 1329
1458460 1327
1458470 1324
1458480 1324
1458490 1320
1458500 1317
1458510 1317
1458520 1315
1458530 1313
1458540 1313
1458550 1312
1458560 1310
1458570 1310
1458580 1309
1458590 1307
1458600 1307
1458610 1305
1458620 1303
1458630 1303
1458640 1303
1458650 1303
1458660 1303
1458670 1301
1458680 1299
1458690 1299
1458700 1297
1458710 1295
1458720 1295
1458730 1292
1458740 1290
1458750 1287
1458760 1287
1458770 1285
1458780 1284
1458790 1284
1458800 1283
1458810 1282
1458820 1282
1458830 1281
1458840 1281
1458850 1281
1458860 1280
1458870 1280
1458880 1280
1458890 1280
1458900 1281
1458910 1281
1458920 1280
1458930 1279
1458940 1279
1458950 1277
1458960 1274
1458970 1274
1458980 1271
1458990 1266
1459000 1266
1459010 1261
1459020 1258
1459030 1255
1459040 1255
1459050 1251
1459060 1247
1459070 1247
1459080 1242
1459090 1237
1459100 1237
1459110 1232
1459120 1226
1459130 1226
1459140 1221
1459150 1215
1459160 1215
1459170 1209
1459180 1203
1459190 1203
1459200 1198
1459210 1195
1459220 1195
1459230 1192
1459240 1189
1459250 1189
1459260 1187
1459270 1183
1459280 1183
1459290 1176
1459300 1169
1459310 1169
1459320 1163
1459330 1156
1459340 1152
1459350 1152
1459360 1146
1459370 1145
1459380 1145
1459390 1141
1459400 1134
1459410 1134
1459420 1126
1459430 1119
1459440 1119
1459450 1118
1459460 1122
1459470 1122
1459480 1123
1459490 1123
1459500 1123
1459510 1125
1459520 1129
1459530 1129
1459540 1135
1459550 1140
1459560 1140
1459570 1144
1459580 1147
1459590 1147
1459600 1151
1459610 1156
1459620 1156
1459630 1163
1459640 1168
1459650 1173
1459660 1173
1459670 1179
1459680 1187
1459690 1187
1459700 1195
1459710 1202
1459720 1202
1459730 1209
1459740 1215
1459750 1215
1459760 1223
1459770 1230
1459780 1230
1459790 1237
1459800 1243
1459810 1243
1459820 1248
1459830 1254
1459840 1254
1459850 1260
1459860 1264
1459870 1264
1459880 1270
1459890 1275
1459900 1275
1459910 1279
1459920 1284
1459930 1287
1459940 1287
1459950 1291
1459960 1293
1459970 1293
1459980 1297
1459990 1302
