1440000 1032
1440010 1035
1440020 1035
1440030 1035
1440040 1036
1440050 1036
1440060 1036
1440070 1033
1440080 1030
1440090 1030
1440100 1028
1440110 1027
1440120 1027
1440130 1026
1440140 1025
1440150 1025
1440160 1025
1440170 1024
1440180 1024
1440190 1023
1440200 1022
1440210 1022
1440220 1021
1440230 1020
1440240 1020
1440250 1019
1440260 1018
1440270 1018
1440280 1017
1440290 1015
1440300 1015
1440310 1014
1440320 1013
1440330 1013
1440340 1012
1440350 1011
1440360 1009
1440370 1009
1440380 1008
1440390 1007
1440400 1007
1440410 1005
1440420 1004
1440430 1004
1440440 1002
1440450 999
1440460 999
1440470 994
1440480 990
1440490 990
1440500 987
1440510 985
1440520 985
1440530 984
1440540 983
1440550 983
1440560 982
1440570 981
1440580 981
1440590 979
1440600 976
1440610 976
1440620 973
1440630 971
1440640 971
1440650 969
1440660 967
1440670 964
1440680 964
1440690 961
1440700 959
1440710 959
1440720 957
1440730 956
1440740 956
1440750 956
1440760 956
1440770 956
1440780 955
1440790 954
1440800 954
1440810 955
1440820 955
1440830 955
1440840 954
1440850 951
1440860 951
1440870 949
1440880 947
1440890 947
1440900 945
1440910 942
1440920 942
1440930 940
1440940 936
1440950 935
1440960 935
1440970 936
1440980 934
1440990 934
1441000 931
1441010 926
1441020 926
1441030 921
1441040 919
1441050 919
1441060 918
1441070 915
1441080 915
1441090 912
1441100 911
1441110 911
1441120 910
1441130 909
1441140 909
1441150 905
1441160 903
1441170 903
1441180 904
1441190 903
1441200 903
1441210 902
1441220 904
1441230 904
1441240 907
1441250 910
1441260 912
1441270 912
1441280 915
1441290 917
1441300 917
1441310 920
1441320 925
1441330 925
1441340 928
1441350 930
1441360 930
1441370 931
1441380 932
1441390 932
1441400 933
1441410 934
1441420 934
1441430 937
1441440 938
1441450 938
1441460 939
1441470 939
1441480 939
1441490 942
1441500 945
1441510 945
1441520 947
1441530 949
1441540 951
1441550 951
1441560 955
1441570 957
1441580 957
1441590 958
1441600 962
1441610 962
1441620 965
1441630 966
1441640 966
1441650 968
1441660 969
1441670 969
1441680 970
1441690 972
1441700 972
1441710 973
1441720 975
1441730 975
1441740 976
1441750 979
1441760 979
1441770 981
1441780 984
1441790 984
1441800 986
1441810 988
1441820 988
1441830 990
1441840 990
1441850 991
1441860 991
1441870 992
1441880 994
1441890 994
1441900 997
1441910 998
1441920 998
1441930 1000
1441940 1001
1441950 1001
1441960 1003
1441970 1007
1441980 1007
1441990 1012
1442000 1016
1442010 1016
1442020 1019
1442030 1022
1442040 1022
1442050 1026
1442060 1029
1442070 1029
1442080 1031
1442090 1033
1442100 1033
1442110 1035
1442120 1038
1442130 1040
1442140 1040
1442150 1042
1442160 1042
1442170 1042
1442180 1044
1442190 1046
1442200 1046
1442210 1047
1442220 1045
1442230 1045
1442240 1045
1442250 1051
1442260 1051
1442270 1055
1442280 1059
1442290 1059
1442300 1061
1442310 1063
1442320 1067
1442330 1068
1442340 1069
1442350 1069
1442360 1069
1442370 1069
1442380 1069
1442390 1069
1442400 1070
1442410 1072
1442420 1072
1442430 1073
1442440 1073
1442450 1073
1442460 1074
1442470 1077
1442480 1077
1442490 1079
1442500 1080
1442510 1080
1442520 1080
1442530 1079
1442540 1079
1442550 1079
1442560 1078
1442570 1078
1442580 1077
1442590 1078
1442600 1078
1442610 1079
1442620 1080
1442630 1080
1442640 1082
1442650 1083
1442660 1083
1442670 1084
1442680 1085
1442690 1085
1442700 1082
1442710 1081
1442720 1083
1442730 1083
1442740 1083
1442750 1081
1442760 1081
1442770 1082
1442780 1084
1442790 1084
1442800 1084
1442810 1084
1442820 1084
1442830 1085
1442840 1086
1442850 1086
1442860 1086
1442870 1086
1442880 1086
1442890 1085
1442900 1083
1442910 1083
1442920 1083
1442930 1083
1442940 1083
1442950 1084
1442960 1084
1442970 1084
1442980 1084
1442990 1085
1443000 1086
1443010 1086
1443020 1086
1443030 1086
1443040 1086
1443050 1086
1443060 1087
1443070 1087
1443080 1088
1443090 1090
1443100 1090
1443110 1090
1443120 1088
1443130 1088
1443140 1085
1443150 1085
1443160 1085
1443170 1088
1443180 1091
1443190 1091
1443200 1091
1443210 1090
1443220 1090
1443230 1094
1443240 1097
1443250 1097
1443260 1096
1443270 1095
1443280 1095
1443290 1096
1443300 1097
1443310 1099
1443320 1099
1443330 1101
1443340 1104
1443350 1104
1443360 1109
1443370 1116
1443380 1116
1443390 1121
1443400 1125
1443410 1125
1443420 1130
1443430 1135
1443440 1135
1443450 1141
1443460 1144
1443470 1144
1443480 1148
1443490 1153
1443500 1153
1443510 1159
1443520 1164
1443530 1164
1443540 1170
1443550 1175
1443560 1175
1443570 1179
1443580 1184
1443590 1188
1443600 1188
1443610 1192
1443620 1195
1443630 1195
1443640 1199
1443650 1202
1443660 1202
1443670 1206
1443680 1210
1443690 1210
1443700 1213
1443710 1217
1443720 1217
1443730 1221
1443740 1225
1443750 1225
1443760 1229
1443770 1234
1443780 1234
1443790 1238
1443800 1242
1443810 1242
1443820 1242
1443830 1243
1443840 1243
1443850 1246
1443860 1248
1443870 1248
1443880 1249
1443890 1251
1443900 1253
1443910 1253
1443920 1255
1443930 1257
1443940 1257
1443950 1260
1443960 1264
1443970 1264
1443980 1267
1443990 1268
1444000 1268
1444010 1269
1444020 1270
1444030 1270
1444040 1270
1444050 1269
1444060 1269
1444070 1269
1444080 1269
1444090 1269
1444100 1270
1444110 1271
1444120 1271
1444130 1275
1444140 1278
1444150 1278
1444160 1282
1444170 1288
1444180 1293
1444190 1293
1444200 1298
1444210 1302
1444220 1302
1444230 1305
1444240 1308
1444250 1308
1444260 1312
1444270 1316
1444280 1316
1444290 1321
1444300 1325
1444310 1325
1444320 1329
1444330 1333
1444340 1333
1444350 1339
1444360 1344
1444370 1344
1444380 1349
1444390 1352
1444400 1352
1444410 1354
1444420 1360
1444430 1360
1444440 1365
1444450 1368
1444460 1368
1444470 1371
1444480 1375
1444490 1380
1444500 1380
1444510 1386
1444520 1390
1444530 1390
1444540 1393
1444550 1395
1444560 1395
1444570 1397
1444580 1398
1444590 1398
1444600 1399
1444610 1402
1444620 1402
1444630 1406
1444640 1409
1444650 1409
1444660 1413
1444670 1417
1444680 1417
1444690 1422
1444700 1426
1444710 1426
1444720 1430
1444730 1434
1444740 1434
1444750 1437
1444760 1440
1444770 1443
1444780 1443
1444790 1446
1444800 1449
1444810 1449
1444820 1451
1444830 1456
1444840 1456
1444850 1461
1444860 1466
1444870 1466
1444880 1471
1444890 1475
1444900 1475
1444910 1477
1444920 1480
1444930 1480
1444940 1485
1444950 1490
1444960 1490
1444970 1495
1444980 1499
1444990 1499
1445000 1505
1445010 1510
1445020 1510
1445030 1513
1445040 1516
1445050 1516
1445060 1520
1445070 1526
1445080 1534
1445090 1534
1445100 1543
1445110 1551
1445120 1551
1445130 1557
1445140 1565
1445150 1565
1445160 1570
1445170 1570
1445180 1570
1445190 1572
1445200 1574
1445210 1574
1445220 1576
1445230 1579
1445240 1579
1445250 1582
1445260 1584
1445270 1584
1445280 1585
1445290 1586
1445300 1586
1445310 1586
1445320 1588
1445330 1588
1445340 1590
1445350 1593
1445360 1594
1445370 1594
1445380 1594
1445390 1595
1445400 1595
1445410 1596
1445420 1597
1445430 1597
1445440 1599
1445450 1601
1445460 1604
1445470 1606
1445480 1607
1445490 1607
1445500 1608
1445510 1609
1445520 1609
1445530 1612
1445540 1614
1445550 1614
1445560 1616
1445570 1618
1445580 1618
1445590 1619
1445600 1621
1445610 1621
1445620 1623
1445630 1623
1445640 1623
1445650 1622
1445660 1622
1445670 1623
1445680 1623
1445690 1624
1445700 1618
1445710 1618
1445720 1612
1445730 1608
1445740 1608
1445750 1604
1445760 1601
1445770 1601
1445780 1597
1445790 1594
1445800 1594
1445810 1595
1445820 1594
1445830 1594
1445840 1593
1445850 1593
1445860 1593
1445870 1592
1445880 1591
1445890 1591
1445900 1590
1445910 1590
1445920 1590
1445930 1591
1445940 1592
1445950 1592
1445960 1592
1445970 1592
1445980 1592
1445990 1592
1446000 1592
1446010 1592
1446020 1592
1446030 1591
1446040 1591
1446050 1591
1446060 1592
1446070 1594
1446080 1594
1446090 1595
1446100 1595
1446110 1595
1446120 1595
1446130 1593
1446140 1593
1446150 1592
1446160 1590
1446170 1590
1446180 1589
1446190 1586
1446200 1586
1446210 1584
1446220 1581
1446230 1581
1446240 1579
1446250 1575
1446260 1571
1446270 1571
1446280 1567
1446290 1563
1446300 1563
1446310 1561
1446320 1558
1446330 1558
1446340 1555
1446350 1553
1446360 1553
1446370 1550
1446380 1547
1446390 1547
1446400 1545
1446410 1542
1446420 1542
1446430 1539
1446440 1537
1446450 1537
1446460 1534
1446470 1531
1446480 1531
1446490 1528
1446500 1525
1446510 1525
1446520 1523
1446530 1520
1446540 1517
1446550 1517
1446560 1513
1446570 1509
1446580 1509
1446590 1505
1446600 1500
1446610 1500
1446620 1496
1446630 1492
1446640 1492
1446650 1488
1446660 1485
1446670 1485
1446680 1483
1446690 1482
1446700 1482
1446710 1481
1446720 1480
1446730 1480
1446740 1479
1446750 1476
1446760 1476
1446770 1470
1446780 1464
1446790 1464
1446800 1461
1446810 1459
1446820 1459
1446830 1457
1446840 1455
1446850 1453
1446860 1453
1446870 1451
1446880 1447
1446890 1447
1446900 1444
1446910 1441
1446920 1441
1446930 1439
1446940 1436
1446950 1436
1446960 1432
1446970 1428
1446980 1428
1446990 1427
1447000 1427
1447010 1427
1447020 1426
1447030 1426
1447040 1426
1447050 1425
1447060 1424
1447070 1424
1447080 1422
1447090 1422
1447100 1422
1447110 1422
1447120 1422
1447130 1420
1447140 1420
1447150 1418
1447160 1416
1447170 1416
1447180 1415
1447190 1416
1447200 1416
1447210 1416
1447220 1414
1447230 1414
1447240 1411
1447250 1409
1447260 1409
1447270 1407
1447280 1405
1447290 1405
1447300 1403
1447310 1400
1447320 1400
1447330 1399
1447340 1397
1447350 1397
1447360 1394
1447370 1393
1447380 1393
1447390 1391
1447400 1390
1447410 1390
1447420 1389
1447430 1387
1447440 1385
1447450 1385
1447460 1381
1447470 1377
1447480 1377
1447490 1374
1447500 1370
1447510 1370
1447520 1366
1447530 1363
1447540 1363
1447550 1360
1447560 1358
1447570 1358
1447580 1357
1447590 1356
1447600 1356
1447610 1354
1447620 1353
1447630 1353
1447640 1352
1447650 1351
1447660 1351
1447670 1347
1447680 1342
1447690 1342
1447700 1336
1447710 1333
1447720 1331
1447730 1331
1447740 1328
1447750 1326
1447760 1326
1447770 1323
1447780 1320
1447790 1320
1447800 1318
1447810 1315
1447820 1315
1447830 1313
1447840 1310
1447850 1310
1447860 1306
1447870 1303
1447880 1303
1447890 1302
1447900 1300
1447910 1300
1447920 1297
1447930 1293
1447940 1293
1447950 1288
1447960 1284
1447970 1284
1447980 1279
1447990 1276
1448000 1276
1448010 1274
1448020 1271
1448030 1268
1448040 1268
1448050 1266
1448060 1264
1448070 1264
1448080 1263
1448090 1262
1448100 1262
1448110 1262
1448120 1262
1448130 1262
1448140 1262
1448150 1262
1448160 1262
1448170 1262
1448180 1262
1448190 1262
1448200 1262
1448210 1262
1448220 1262
1448230 1264
1448240 1265
1448250 1265
1448260 1266
1448270 1265
1448280 1265
1448290 1262
1448300 1260
1448310 1258
1448320 1258
1448330 1258
1448340 1257
1448350 1257
1448360 1255
1448370 1253
1448380 1253
1448390 1250
1448400 1248
1448410 1248
1448420 1245
1448430 1240
1448440 1240
1448450 1235
1448460 1229
1448470 1229
1448480 1227
1448490 1226
1448500 1226
1448510 1226
1448520 1225
1448530 1225
1448540 1222
1448550 1220
1448560 1220
1448570 1219
1448580 1217
1448590 1214
1448600 1214
1448610 1212
1448620 1210
1448630 1210
1448640 1208
1448650 1207
1448660 1207
1448670 1203
1448680 1200
1448690 1200
1448700 1199
1448710 1198
1448720 1198
1448730 1195
1448740 1190
1448750 1190
1448760 1184
1448770 1176
1448780 1176
1448790 1168
1448800 1160
1448810 1160
1448820 1153
1448830 1144
1448840 1144
1448850 1136
1448860 1132
1448870 1132
1448880 1134
1448890 1139
1448900 1142
1448910 1142
1448920 1146
1448930 1150
1448940 1150
1448950 1153
1448960 1157
1448970 1157
1448980 1161
1448990 1163
1449000 1163
1449010 1165
1449020 1169
1449030 1169
1449040 1173
1449050 1175
1449060 1175
1449070 1179
1449080 1187
1449090 1187
1449100 1195
1449110 1200
1449120 1200
1449130 1203
1449140 1203
1449150 1203
1449160 1202
1449170 1201
1449180 1200
1449190 1200
1449200 1199
1449210 1197
1449220 1197
1449230 1195
1449240 1194
1449250 1194
1449260 1192
1449270 1191
1449280 1191
1449290 1188
1449300 1186
1449310 1186
1449320 1185
1449330 1184
1449340 1184
1449350 1184
1449360 1183
1449370 1183
1449380 1182
1449390 1179
1449400 1179
1449410 1173
1449420 1169
1449430 1169
1449440 1166
1449450 1160
1449460 1160
1449470 1157
1449480 1154
1449490 1152
1449500 1152
1449510 1149
1449520 1148
1449530 1148
1449540 1146
1449550 1144
1449560 1144
1449570 1143
1449580 1142
1449590 1142
1449600 1142
1449610 1143
1449620 1143
1449630 1148
1449640 1154
1449650 1154
1449660 1157
1449670 1161
1449680 1161
1449690 1164
1449700 1169
1449710 1169
1449720 1173
1449730 1175
1449740 1175
1449750 1176
1449760 1178
1449770 1181
1449780 1181
1449790 1184
1449800 1189
1449810 1189
1449820 1193
1449830 1197
1449840 1197
1449850 1202
1449860 1205
1449870 1205
1449880 1205
1449890 1205
1449900 1205
1449910 1208
1449920 1210
1449930 1210
1449940 1212
1449950 1213
1449960 1213
1449970 1214
1449980 1216
1449990 1216
1450000 1217
1450010 1217
1450020 1217
1450030 1218
1450040 1219
1450050 1219
1450060 1219
1450070 1220
1450080 1220
1450090 1220
1450100 1221
1450110 1218
1450120 1218
1450130 1209
1450140 1203
1450150 1203
1450160 1200
1450170 1198
1450180 1198
1450190 1198
1450200 1204
1450210 1204
1450220 1207
1450230 1210
1450240 1210
1450250 1213
1450260 1216
1450270 1216
1450280 1219
1450290 1223
1450300 1223
1450310 1228
1450320 1235
1450330 1235
1450340 1238
1450350 1239
1450360 1241
1450370 1241
1450380 1242
1450390 1243
1450400 1243
1450410 1244
1450420 1245
1450430 1245
1450440 1246
1450450 1248
1450460 1248
1450470 1249
1450480 1250
1450490 1250
1450500 1251
1450510 1251
1450520 1251
1450530 1252
1450540 1253
1450550 1253
1450560 1254
1450570 1256
1450580 1256
1450590 1257
1450600 1258
1450610 1258
1450620 1259
1450630 1260
1450640 1260
1450650 1260
1450660 1260
1450670 1261
1450680 1261
1450690 1261
1450700 1261
1450710 1261
1450720 1261
1450730 1262
1450740 1262
1450750 1262
1450760 1263
1450770 1263
1450780 1263
1450790 1264
1450800 1264
1450810 1266
1450820 1266
1450830 1266
1450840 1267
1450850 1267
1450860 1267
1450870 1268
1450880 1269
1450890 1269
1450900 1270
1450910 1270
1450920 1270
1450930 1271
1450940 1271
1450950 1272
1450960 1272
1450970 1273
1450980 1275
1450990 1275
1451000 1276
1451010 1278
1451020 1278
1451030 1277
1451040 1277
1451050 1277
1451060 1277
1451070 1277
1451080 1277
1451090 1277
1451100 1278
1451110 1278
1451120 1279
1451130 1280
1451140 1280
1451150 1280
1451160 1281
1451170 1281
1451180 1282
1451190 1283
1451200 1283
1451210 1285
1451220 1286
1451230 1286
1451240 1288
1451250 1289
1451260 1290
1451270 1290
1451280 1292
1451290 1295
1451300 1295
1451310 1296
1451320 1297
1451330 1297
1451340 1299
1451350 1300
1451360 1300
1451370 1302
1451380 1304
1451390 1304
1451400 1307
1451410 1309
1451420 1309
1451430 1308
1451440 1307
1451450 1307
1451460 1306
1451470 1307
1451480 1307
1451490 1307
1451500 1308
1451510 1308
1451520 1310
1451530 1310
1451540 1308
1451550 1308
1451560 1309
1451570 1311
1451580 1311
1451590 1309
1451600 1309
1451610 1309
1451620 1310
1451630 1311
1451640 1311
1451650 1310
1451660 1311
1451670 1311
1451680 1313
1451690 1315
1451700 1315
1451710 1316
1451720 1317
1451730 1317
1451740 1318
1451750 1318
1451760 1318
1451770 1319
1451780 1319
1451790 1319
1451800 1321
1451810 1322
1451820 1322
1451830 1319
1451840 1323
1451850 1325
1451860 1325
1451870 1325
1451880 1325
1451890 1325
1451900 1326
1451910 1327
1451920 1327
1451930 1328
1451940 1328
1451950 1328
1451960 1328
1451970 1328
1451980 1328
1451990 1330
1452000 1333
1452010 1333
1452020 1334
1452030 1333
1452040 1333
1452050 1334
1452060 1336
1452070 1336
1452080 1337
1452090 1337
1452100 1337
1452110 1338
1452120 1338
1452130 1337
1452140 1337
1452150 1336
1452160 1334
1452170 1334
1452180 1333
1452190 1335
1452200 1335
1452210 1336
1452220 1337
1452230 1337
1452240 1338
1452250 1338
1452260 1338
1452270 1338
1452280 1337
1452290 1337
1452300 1337
1452310 1336
1452320 1336
1452330 1337
1452340 1337
1452350 1337
1452360 1337
1452370 1337
1452380 1337
1452390 1338
1452400 1338
1452410 1338
1452420 1337
1452430 1336
1452440 1337
1452450 1337
1452460 1336
1452470 1336
1452480 1336
1452490 1335
1452500 1336
1452510 1336
1452520 1336
1452530 1336
1452540 1336
1452550 1336
1452560 1336
1452570 1336
1452580 1337
1452590 1337
1452600 1337
1452610 1337
1452620 1338
1452630 1338
1452640 1338
1452650 1338
1452660 1338
1452670 1339
1452680 1339
1452690 1339
1452700 1339
1452710 1339
1452720 1339
1452730 1339
1452740 1339
1452750 1339
1452760 1339
1452770 1340
1452780 1341
1452790 1341
1452800 1342
1452810 1343
1452820 1343
1452830 1344
1452840 1345
1452850 1345
1452860 1346
1452870 1347
1452880 1347
1452890 1348
1452900 1349
1452910 1349
1452920 1350
1452930 1351
1452940 1351
1452950 1352
1452960 1352
1452970 1352
1452980 1353
1452990 1353
1453000 1353
1453010 1353
1453020 1353
1453030 1353
1453040 1353
1453050 1353
1453060 1353
1453070 1353
1453080 1353
1453090 1353
1453100 1353
1453110 1353
1453120 1353
1453130 1353
1453140 1354
1453150 1354
1453160 1354
1453170 1354
1453180 1355
1453190 1355
1453200 1355
1453210 1355
1453220 1355
1453230 1356
1453240 1356
1453250 1356
1453260 1357
1453270 1357
1453280 1357
1453290 1358
1453300 1358
1453310 1358
1453320 1358
1453330 1358
1453340 1358
1453350 1358
1453360 1358
1453370 1358
1453380 1358
1453390 1359
1453400 1359
1453410 1359
1453420 1359
1453430 1360
1453440 1360
1453450 1360
1453460 1360
1453470 1360
1453480 1360
1453490 1360
1453500 1360
1453510 1360
1453520 1360
1453530 1360
1453540 1359
1453550 1358
1453560 1358
1453570 1357
1453580 1356
1453590 1356
1453600 1355
1453610 1354
1453620 1353
1453630 1353
1453640 1352
1453650 1353
1453660 1353
1453670 1353
1453680 1352
1453690 1352
1453700 1352
1453710 1351
1453720 1351
1453730 1350
1453740 1349
1453750 1349
1453760 1346
1453770 1345
1453780 1345
1453790 1344
1453800 1343
1453810 1343
1453820 1342
1453830 1342
1453840 1342
1453850 1341
1453860 1341
1453870 1341
1453880 1340
1453890 1339
1453900 1337
1453910 1337
1453920 1336
1453930 1335
1453940 1335
1453950 1333
1453960 1332
1453970 1332
1453980 1331
1453990 1330
1454000 1330
1454010 1329
1454020 1329
1454030 1329
1454040 1328
1454050 1327
1454060 1327
1454070 1327
1454080 1327
1454090 1327
1454100 1326
1454110 1326
1454120 1326
1454130 1326
1454140 1325
1454150 1325
1454160 1325
1454170 1326
1454180 1326
1454190 1326
1454200 1326
1454210 1328
1454220 1328
1454230 1331
1454240 1332
1454250 1332
1454260 1333
1454270 1334
1454280 1334
1454290 1335
1454300 1336
1454310 1336
1454320 1336
1454330 1335
1454340 1335
1454350 1335
1454360 1334
1454370 1334
1454380 1332
1454390 1328
1454400 1328
1454410 1324
1454420 1322
1454430 1322
1454440 1319
1454450 1318
1454460 1318
1454470 1318
1454480 1317
1454490 1316
1454500 1316
1454510 1316
1454520 1315
1454530 1315
1454540 1315
1454550 1314
1454560 1314
1454570 1314
1454580 1314
1454590 1314
1454600 1312
1454610 1310
1454620 1310
1454630 1307
1454640 1302
1454650 1302
1454660 1303
1454670 1309
1454680 1309
1454690 1315
1454700 1318
1454710 1318
1454720 1319
1454730 1319
1454740 1319
1454750 1320
1454760 1321
1454770 1321
1454780 1321
1454790 1321
1454800 1320
1454810 1320
1454820 1320
1454830 1319
1454840 1319
1454850 1318
1454860 1316
1454870 1316
1454880 1315
1454890 1314
1454900 1314
1454910 1313
1454920 1313
1454930 1313
1454940 1312
1454950 1311
1454960 1311
1454970 1310
1454980 1310
1454990 1310
1455000 1309
1455010 1308
1455020 1308
1455030 1307
1455040 1305
1455050 1305
1455060 1303
1455070 1301
1455080 1300
1455090 1300
1455100 1299
1455110 1298
1455120 1298
1455130 1297
1455140 1297
1455150 1297
1455160 1296
1455170 1290
1455180 1290
1455190 1284
1455200 1275
1455210 1275
1455220 1268
1455230 1262
1455240 1262
1455250 1258
1455260 1261
1455270 1261
1455280 1266
1455290 1270
1455300 1270
1455310 1272
1455320 1273
1455330 1273
1455340 1273
1455350 1272
1455360 1272
1455370 1272
1455380 1272
1455390 1271
1455400 1271
1455410 1271
1455420 1269
1455430 1269
1455440 1267
1455450 1266
1455460 1266
1455470 1266
1455480 1267
1455490 1267
1455500 1268
1455510 1269
1455520 1269
1455530 1269
1455540 1270
1455550 1270
1455560 1271
1455570 1274
1455580 1274
1455590 1277
1455600 1280
1455610 1280
1455620 1281
1455630 1281
1455640 1281
1455650 1280
1455660 1278
1455670 1276
1455680 1276
1455690 1276
1455700 1275
1455710 1275
1455720 1275
1455730 1275
1455740 1275
1455750 1275
1455760 1274
1455770 1274
1455780 1273
1455790 1271
1455800 1271
1455810 1267
1455820 1263
1455830 1263
1455840 1259
1455850 1257
1455860 1257
1455870 1255
1455880 1255
1455890 1255
1455900 1253
1455910 1251
1455920 1251
1455930 1251
1455940 1251
1455950 1251
1455960 1251
1455970 1250
1455980 1250
1455990 1250
1456000 1250
1456010 1250
1456020 1250
1456030 1250
1456040 1250
1456050 1250
1456060 1249
1456070 1249
1456080 1249
1456090 1249
1456100 1249
1456110 1249
1456120 1250
1456130 1252
1456140 1252
1456150 1252
1456160 1251
1456170 1251
1456180 1250
1456190 1249
1456200 1249
1456210 1246
1456220 1243
1456230 1243
1456240 1240
1456250 1238
1456260 1236
1456270 1236
1456280 1237
1456290 1239
1456300 1239
1456310 1240
1456320 1240
1456330 1240
1456340 1239
1456350 1238
1456360 1238
1456370 1236
1456380 1233
1456390 1233
1456400 1231
1456410 1229
1456420 1229
1456430 1228
1456440 1225
1456450 1225
1456460 1222
1456470 1220
1456480 1220
1456490 1217
1456500 1216
1456510 1216
1456520 1217
1456530 1216
1456540 1216
1456550 1216
1456560 1215
1456570 1215
1456580 1215
1456590 1216
1456600 1215
1456610 1215
1456620 1213
1456630 1211
1456640 1211
1456650 1211
1456660 1212
1456670 1212
1456680 1210
1456690 1209
1456700 1209
1456710 1209
1456720 1207
1456730 1207
1456740 1205
1456750 1203
1456760 1203
1456770 1201
1456780 1197
1456790 1197
1456800 1194
1456810 1191
1456820 1191
1456830 1188
1456840 1186
1456850 1182
1456860 1182
1456870 1179
1456880 1178
1456890 1178
1456900 1179
1456910 1179
1456920 1179
1456930 1177
1456940 1176
1456950 1176
1456960 1175
1456970 1174
1456980 1174
1456990 1173
1457000 1172
1457010 1172
1457020 1171
1457030 1170
1457040 1170
1457050 1170
1457060 1170
1457070 1170
1457080 1170
1457090 1171
1457100 1171
1457110 1172
1457120 1172
1457130 1173
1457140 1173
1457150 1174
1457160 1174
1457170 1174
1457180 1171
1457190 1168
1457200 1168
1457210 1162
1457220 1159
1457230 1159
1457240 1156
1457250 1154
1457260 1154
1457270 1152
1457280 1151
1457290 1151
1457300 1149
1457310 1148
1457320 1148
1457330 1146
1457340 1143
1457350 1143
1457360 1138
1457370 1134
1457380 1134
1457390 1131
1457400 1127
1457410 1127
1457420 1122
1457430 1119
1457440 1117
1457450 1117
1457460 1113
1457470 1110
1457480 1110
1457490 1104
1457500 1100
1457510 1100
1457520 1097
1457530 1095
1457540 1095
1457550 1093
1457560 1093
1457570 1093
1457580 1093
1457590 1090
1457600 1090
1457610 1089
1457620 1087
1457630 1087
1457640 1086
1457650 1084
1457660 1084
1457670 1084
1457680 1083
1457690 1083
1457700 1083
1457710 1084
1457720 1086
1457730 1086
1457740 1088
1457750 1089
1457760 1089
1457770 1090
1457780 1091
1457790 1091
1457800 1091
1457810 1091
1457820 1091
1457830 1092
1457840 1093
1457850 1093
1457860 1091
1457870 1091
1457880 1091
1457890 1093
1457900 1093
1457910 1093
1457920 1092
1457930 1091
1457940 1091
1457950 1090
1457960 1090
1457970 1090
1457980 1089
1457990 1089
1458000 1089
1458010 1088
1458020 1087
1458030 1087
1458040 1087
1458050 1089
1458060 1091
1458070 1091
1458080 1092
1458090 1094
1458100 1094
1458110 1097
1458120 1103
1458130 1103
1458140 1107
1458150 1110
1458160 1110
1458170 1112
1458180 1112
1458190 1112
1458200 1113
1458210 1118
1458220 1118
1458230 1123
1458240 1126
1458250 1126
1458260 1129
1458270 1132
1458280 1132
1458290 1134
1458300 1138
1458310 1140
1458320 1140
1458330 1143
1458340 1145
1458350 1145
1458360 1149
1458370 1152
1458380 1152
1458390 1154
1458400 1158
1458410 1158
1458420 1161
1458430 1165
1458440 1165
1458450 1168
1458460 1172
1458470 1172
1458480 1176
1458490 1180
1458500 1180
1458510 1183
1458520 1186
1458530 1186
1458540 1189
1458550 1192
1458560 1192
1458570 1196
1458580 1200
1458590 1200
1458600 1203
1458610 1206
1458620 1210
1458630 1210
1458640 1213
1458650 1215
1458660 1215
1458670 1217
1458680 1218
1458690 1218
1458700 1217
1458710 1215
1458720 1215
1458730 1212
1458740 1211
1458750 1211
1458760 1210
1458770 1211
1458780 1211
1458790 1212
1458800 1213
1458810 1213
1458820 1214
1458830 1214
1458840 1214
1458850 1215
1458860 1214
1458870 1214
1458880 1214
1458890 1214
1458900 1213
1458910 1213
1458920 1213
1458930 1213
1458940 1213
1458950 1213
1458960 1212
1458970 1212
1458980 1208
1458990 1205
1459000 1205
1459010 1198
1459020 1192
1459030 1192
1459040 1187
1459050 1184
1459060 1184
1459070 1182
1459080 1179
1459090 1179
1459100 1178
1459110 1175
1459120 1175
1459130 1171
1459140 1166
1459150 1166
1459160 1162
1459170 1160
1459180 1160
1459190 1156
1459200 1151
1459210 1144
1459220 1144
1459230 1138
1459240 1132
1459250 1132
1459260 1129
1459270 1124
1459280 1124
1459290 1120
1459300 1113
1459310 1113
1459320 1104
1459330 1095
1459340 1095
1459350 1089
1459360 1080
1459370 1080
1459380 1073
1459390 1067
1459400 1067
1459410 1060
1459420 1055
1459430 1055
1459440 1058
1459450 1063
1459460 1063
1459470 1069
1459480 1075
1459490 1084
1459500 1084
1459510 1091
1459520 1093
1459530 1093
1459540 1095
1459550 1099
1459560 1099
1459570 1102
1459580 1106
1459590 1106
1459600 1109
1459610 1112
1459620 1112
1459630 1115
1459640 1119
1459650 1119
1459660 1122
1459670 1125
1459680 1125
1459690 1130
1459700 1134
1459710 1134
1459720 1138
1459730 1143
1459740 1143
1459750 1147
1459760 1151
1459770 1154
1459780 1154
1459790 1156
1459800 1158
1459810 1158
1459820 1160
1459830 1163
1459840 1163
1459850 1166
1459860 1168
1459870 1168
1459880 1171
1459890 1174
1459900 1174
1459910 1177
1459920 1178
1459930 1178
1459940 1178
1459950 1180
1459960 1180
1459970 1181
1459980 1183
1459990 1183
