1440000 1113
1440010 1114
1440020 1114
1440030 1114
1440040 1113
1440050 1111
1440060 1109
1440070 1109
1440080 1106
1440090 1105
1440100 1105
1440110 1104
1440120 1106
1440130 1106
1440140 1109
1440150 1109
1440160 1109
1440170 1108
1440180 1108
1440190 1108
1440200 1107
1440210 1106
1440220 1106
1440230 1105
1440240 1102
1440250 1102
1440260 1101
1440270 1101
1440280 1101
1440290 1100
1440300 1100
1440310 1100
1440320 1099
1440330 1099
1440340 1099
1440350 1097
1440360 1096
1440370 1096
1440380 1096
1440390 1096
1440400 1096
1440410 1096
1440420 1098
1440430 1101
1440440 1101
1440450 1102
1440460 1102
1440470 1102
1440480 1101
1440490 1100
1440500 1100
1440510 1099
1440520 1099
1440530 1099
1440540 1100
1440550 1100
1440560 1100
1440570 1099
1440580 1100
1440590 1100
1440600 1101
1440610 1103
1440620 1103
1440630 1104
1440640 1104
1440650 1104
1440660 1104
1440670 1104
1440680 1104
1440690 1104
1440700 1105
1440710 1106
1440720 1106
1440730 1107
1440740 1108
1440750 1108
1440760 1109
1440770 1109
1440780 1109
1440790 1110
1440800 1108
1440810 1108
1440820 1106
1440830 1106
1440840 1106
1440850 1108
1440860 1111
1440870 1111
1440880 1114
1440890 1116
1440900 1116
1440910 1117
1440920 1117
1440930 1117
1440940 1118
1440950 1118
1440960 1119
1440970 1119
1440980 1119
1440990 1119
1441000 1119
1441010 1120
1441020 1120
1441030 1120
1441040 1120
1441050 1119
1441060 1119
1441070 1119
1441080 1120
1441090 1120
1441100 1120
1441110 1119
1441120 1119
1441130 1119
1441140 1118
1441150 1118
1441160 1117
1441170 1117
1441180 1117
1441190 1117
1441200 1117
1441210 1117
1441220 1116
1441230 1116
1441240 1115
1441250 1115
1441260 1113
1441270 1112
1441280 1112
1441290 1110
1441300 1107
1441310 1107
1441320 1106
1441330 1105
1441340 1105
1441350 1104
1441360 1103
1441370 1103
1441380 1102
1441390 1099
1441400 1099
1441410 1097
1441420 1098
1441430 1098
1441440 1098
1441450 1098
1441460 1098
1441470 1096
1441480 1094
1441490 1094
1441500 1093
1441510 1091
1441520 1091
1441530 1090
1441540 1088
1441550 1087
1441560 1087
1441570 1086
1441580 1086
1441590 1086
1441600 1085
1441610 1085
1441620 1085
1441630 1085
1441640 1083
1441650 1083
1441660 1081
1441670 1078
1441680 1078
1441690 1076
1441700 1074
1441710 1074
1441720 1072
1441730 1071
1441740 1071
1441750 1070
1441760 1066
1441770 1066
1441780 1061
1441790 1058
1441800 1058
1441810 1056
1441820 1054
1441830 1052
1441840 1052
1441850 1051
1441860 1050
1441870 1050
1441880 1049
1441890 1047
1441900 1047
1441910 1046
1441920 1045
1441930 1045
1441940 1043
1441950 1042
1441960 1042
1441970 1042
1441980 1041
1441990 1041
1442000 1039
1442010 1038
1442020 1038
1442030 1037
1442040 1037
1442050 1034
1442060 1035
1442070 1036
1442080 1036
1442090 1035
1442100 1034
1442110 1034
1442120 1033
1442130 1031
1442140 1028
1442150 1028
1442160 1024
1442170 1022
1442180 1022
1442190 1020
1442200 1018
1442210 1018
1442220 1016
1442230 1015
1442240 1015
1442250 1014
1442260 1013
1442270 1013
1442280 1012
1442290 1012
1442300 1012
1442310 1012
1442320 1012
1442330 1012
1442340 1011
1442350 1010
1442360 1010
1442370 1009
1442380 1008
1442390 1008
1442400 1006
1442410 1003
1442420 1002
1442430 1002
1442440 1001
1442450 999
1442460 999
1442470 997
1442480 996
1442490 996
1442500 993
1442510 988
1442520 988
1442530 986
1442540 985
1442550 985
1442560 986
1442570 986
1442580 986
1442590 984
1442600 982
1442610 982
1442620 980
1442630 979
1442640 979
1442650 977
1442660 975
1442670 975
1442680 971
1442690 968
1442700 968
1442710 966
1442720 963
1442730 961
1442740 961
1442750 961
1442760 960
1442770 960
1442780 959
1442790 959
1442800 959
1442810 958
1442820 953
1442830 953
1442840 948
1442850 947
1442860 947
1442870 945
1442880 948
1442890 948
1442900 952
1442910 955
1442920 955
1442930 958
1442940 960
1442950 960
1442960 962
1442970 965
1442980 965
1442990 967
1443000 968
1443010 970
1443020 970
1443030 972
1443040 975
1443050 975
1443060 977
1443070 978
1443080 978
1443090 980
1443100 983
1443110 983
1443120 984
1443130 986
1443140 986
1443150 989
1443160 991
1443170 991
1443180 992
1443190 993
1443200 993
1443210 994
1443220 995
1443230 995
1443240 996
1443250 998
1443260 998
1443270 1000
1443280 1005
1443290 1005
1443300 1011
1443310 1015
1443320 1018
1443330 1018
1443340 1020
1443350 1023
1443360 1023
1443370 1023
1443380 1021
1443390 1021
1443400 1022
1443410 1025
1443420 1025
1443430 1027
1443440 1029
1443450 1029
1443460 1031
1443470 1034
1443480 1034
1443490 1038
1443500 1040
1443510 1040
1443520 1042
1443530 1044
1443540 1044
1443550 1047
1443560 1049
1443570 1049
1443580 1051
1443590 1057
1443600 1057
1443610 1063
1443620 1066
1443630 1070
1443640 1070
1443650 1074
1443660 1077
1443670 1077
1443680 1081
1443690 1086
1443700 1086
1443710 1090
1443720 1098
1443730 1098
1443740 1104
1443750 1108
1443760 1108
1443770 1113
1443780 1120
1443790 1120
1443800 1126
1443810 1131
1443820 1131
1443830 1136
1443840 1141
1443850 1141
1443860 1146
1443870 1152
1443880 1152
1443890 1157
1443900 1162
1443910 1165
1443920 1165
1443930 1169
1443940 1173
1443950 1173
1443960 1177
1443970 1183
1443980 1183
1443990 1187
1444000 1191
1444010 1191
1444020 1196
1444030 1199
1444040 1199
1444050 1205
1444060 1210
1444070 1210
1444080 1214
1444090 1218
1444100 1218
1444110 1223
1444120 1229
1444130 1229
1444140 1233
1444150 1238
1444160 1238
1444170 1244
1444180 1251
1444190 1251
1444200 1258
1444210 1265
1444220 1273
1444230 1273
1444240 1278
1444250 1283
1444260 1283
1444270 1288
1444280 1292
1444290 1292
1444300 1297
1444310 1301
1444320 1301
1444330 1303
1444340 1306
1444350 1306
1444360 1309
1444370 1313
1444380 1313
1444390 1319
1444400 1325
1444410 1325
1444420 1331
1444430 1339
1444440 1339
1444450 1345
1444460 1348
1444470 1348
1444480 1350
1444490 1354
1444500 1356
1444510 1356
1444520 1357
1444530 1359
1444540 1359
1444550 1360
1444560 1358
1444570 1358
1444580 1357
1444590 1356
1444600 1356
1444610 1355
1444620 1355
1444630 1355
1444640 1355
1444650 1353
1444660 1353
1444670 1350
1444680 1349
1444690 1349
1444700 1348
1444710 1347
1444720 1347
1444730 1346
1444740 1344
1444750 1344
1444760 1343
1444770 1342
1444780 1342
1444790 1342
1444800 1341
1444810 1340
1444820 1340
1444830 1339
1444840 1339
1444850 1339
1444860 1338
1444870 1336
1444880 1336
1444890 1335
1444900 1335
1444910 1335
1444920 1335
1444930 1334
1444940 1334
1444950 1333
1444960 1332
1444970 1332
1444980 1330
1444990 1328
1445000 1328
1445010 1324
1445020 1323
1445030 1323
1445040 1322
1445050 1321
1445060 1321
1445070 1320
1445080 1319
1445090 1322
1445100 1322
1445110 1325
1445120 1329
1445130 1329
1445140 1333
1445150 1336
1445160 1336
1445170 1342
1445180 1345
1445190 1345
1445200 1348
1445210 1351
1445220 1351
1445230 1353
1445240 1354
1445250 1354
1445260 1356
1445270 1357
1445280 1357
1445290 1357
1445300 1354
1445310 1354
1445320 1358
1445330 1362
1445340 1362
1445350 1365
1445360 1367
1445370 1367
1445380 1369
1445390 1371
1445400 1374
1445410 1374
1445420 1376
1445430 1378
1445440 1378
1445450 1379
1445460 1380
1445470 1380
1445480 1380
1445490 1381
1445500 1381
1445510 1381
1445520 1381
1445530 1381
1445540 1381
1445550 1381
1445560 1381
1445570 1382
1445580 1382
1445590 1382
1445600 1381
1445610 1381
1445620 1381
1445630 1381
1445640 1382
1445650 1382
1445660 1383
1445670 1383
1445680 1383
1445690 1383
1445700 1381
1445710 1380
1445720 1380
1445730 1380
1445740 1380
1445750 1380
1445760 1380
1445770 1380
1445780 1380
1445790 1379
1445800 1377
1445810 1377
1445820 1370
1445830 1364
1445840 1364
1445850 1365
1445860 1371
1445870 1371
1445880 1376
1445890 1377
1445900 1377
1445910 1377
1445920 1376
1445930 1376
1445940 1373
1445950 1369
1445960 1369
1445970 1370
1445980 1372
1445990 1371
1446000 1371
1446010 1370
1446020 1369
1446030 1369
1446040 1369
1446050 1369
1446060 1369
1446070 1368
1446080 1367
1446090 1367
1446100 1367
1446110 1365
1446120 1365
1446130 1366
1446140 1367
1446150 1367
1446160 1366
1446170 1363
1446180 1363
1446190 1360
1446200 1356
1446210 1356
1446220 1355
1446230 1352
1446240 1352
1446250 1354
1446260 1358
1446270 1359
1446280 1359
1446290 1360
1446300 1361
1446310 1361
1446320 1361
1446330 1360
1446340 1360
1446350 1362
1446360 1365
1446370 1365
1446380 1366
1446390 1365
1446400 1365
1446410 1362
1446420 1366
1446430 1366
1446440 1367
1446450 1365
1446460 1365
1446470 1365
1446480 1364
1446490 1364
1446500 1363
1446510 1364
1446520 1364
1446530 1364
1446540 1363
1446550 1363
1446560 1360
1446570 1361
1446580 1362
1446590 1362
1446600 1361
1446610 1362
1446620 1362
1446630 1361
1446640 1360
1446650 1360
1446660 1359
1446670 1358
1446680 1358
1446690 1354
1446700 1352
1446710 1352
1446720 1351
1446730 1349
1446740 1349
1446750 1347
1446760 1345
1446770 1345
1446780 1342
1446790 1340
1446800 1340
1446810 1339
1446820 1338
1446830 1338
1446840 1337
1446850 1338
1446860 1338
1446870 1338
1446880 1336
1446890 1333
1446900 1333
1446910 1332
1446920 1327
1446930 1327
1446940 1321
1446950 1321
1446960 1321
1446970 1323
1446980 1320
1446990 1320
1447000 1318
1447010 1316
1447020 1316
1447030 1314
1447040 1313
1447050 1313
1447060 1311
1447070 1311
1447080 1311
1447090 1310
1447100 1309
1447110 1309
1447120 1310
1447130 1310
1447140 1310
1447150 1309
1447160 1308
1447170 1306
1447180 1306
1447190 1304
1447200 1306
1447210 1306
1447220 1306
1447230 1306
1447240 1306
1447250 1305
1447260 1305
1447270 1305
1447280 1305
1447290 1303
1447300 1303
1447310 1302
1447320 1302
1447330 1302
1447340 1300
1447350 1299
1447360 1299
1447370 1298
1447380 1297
1447390 1297
1447400 1296
1447410 1295
1447420 1295
1447430 1294
1447440 1292
1447450 1292
1447460 1290
1447470 1288
1447480 1287
1447490 1287
1447500 1286
1447510 1284
1447520 1284
1447530 1283
1447540 1282
1447550 1282
1447560 1281
1447570 1280
1447580 1280
1447590 1279
1447600 1278
1447610 1278
1447620 1277
1447630 1276
1447640 1276
1447650 1274
1447660 1273
1447670 1273
1447680 1272
1447690 1271
1447700 1271
1447710 1271
1447720 1271
1447730 1271
1447740 1271
1447750 1268
1447760 1266
1447770 1266
1447780 1268
1447790 1268
1447800 1268
1447810 1267
1447820 1267
1447830 1267
1447840 1266
1447850 1266
1447860 1266
1447870 1269
1447880 1274
1447890 1274
1447900 1276
1447910 1275
1447920 1275
1447930 1271
1447940 1273
1447950 1273
1447960 1278
1447970 1283
1447980 1283
1447990 1285
1448000 1285
1448010 1285
1448020 1286
1448030 1288
1448040 1288
1448050 1289
1448060 1289
1448070 1289
1448080 1289
1448090 1290
1448100 1290
1448110 1290
1448120 1290
1448130 1290
1448140 1290
1448150 1290
1448160 1290
1448170 1290
1448180 1289
1448190 1289
1448200 1289
1448210 1290
1448220 1290
1448230 1290
1448240 1291
1448250 1291
1448260 1291
1448270 1291
1448280 1291
1448290 1291
1448300 1291
1448310 1292
1448320 1292
1448330 1291
1448340 1288
1448350 1284
1448360 1284
1448370 1281
1448380 1278
1448390 1278
1448400 1275
1448410 1273
1448420 1273
1448430 1272
1448440 1272
1448450 1272
1448460 1273
1448470 1274
1448480 1274
1448490 1275
1448500 1274
1448510 1274
1448520 1269
1448530 1262
1448540 1262
1448550 1254
1448560 1246
1448570 1245
1448580 1237
1448590 1229
1448600 1229
1448610 1222
1448620 1216
1448630 1216
1448640 1213
1448650 1222
1448660 1231
1448670 1231
1448680 1241
1448690 1248
1448700 1248
1448710 1256
1448720 1262
1448730 1262
1448740 1266
1448750 1267
1448760 1267
1448770 1261
1448780 1256
1448790 1256
1448800 1253
1448810 1247
1448820 1247
1448830 1241
1448840 1237
1448850 1237
1448860 1236
1448870 1236
1448880 1236
1448890 1241
1448900 1246
1448910 1246
1448920 1252
1448930 1258
1448940 1263
1448950 1263
1448960 1268
1448970 1271
1448980 1271
1448990 1272
1449000 1272
1449010 1272
1449020 1272
1449030 1275
1449040 1275
1449050 1277
1449060 1278
1449070 1278
1449080 1280
1449090 1281
1449100 1281
1449110 1279
1449120 1274
1449130 1274
1449140 1267
1449150 1265
1449160 1265
1449170 1266
1449180 1272
1449190 1272
1449200 1280
1449210 1283
1449220 1283
1449230 1285
1449240 1287
1449250 1288
1449260 1288
1449270 1289
1449280 1290
1449290 1290
1449300 1290
1449310 1290
1449320 1290
1449330 1290
1449340 1291
1449350 1291
1449360 1292
1449370 1292
1449380 1292
1449390 1292
1449400 1292
1449410 1292
1449420 1292
1449430 1293
1449440 1293
1449450 1294
1449460 1294
1449470 1294
1449480 1295
1449490 1296
1449500 1296
1449510 1297
1449520 1299
1449530 1300
1449540 1300
1449550 1300
1449560 1301
1449570 1301
1449580 1301
1449590 1302
1449600 1302
1449610 1303
1449620 1304
1449630 1304
1449640 1306
1449650 1308
1449660 1308
1449670 1310
1449680 1311
1449690 1311
1449700 1311
1449710 1311
1449720 1311
1449730 1310
1449740 1311
1449750 1311
1449760 1313
1449770 1313
1449780 1313
1449790 1313
1449800 1311
1449810 1311
1449820 1307
1449830 1301
1449840 1296
1449850 1296
1449860 1291
1449870 1287
1449880 1287
1449890 1284
1449900 1281
1449910 1281
1449920 1278
1449930 1273
1449940 1273
1449950 1266
1449960 1258
1449970 1258
1449980 1251
1449990 1244
1450000 1244
1450010 1239
1450020 1234
1450030 1234
1450040 1232
1450050 1236
1450060 1236
1450070 1242
1450080 1248
1450090 1248
1450100 1255
1450110 1261
1450120 1261
1450130 1266
1450140 1271
1450150 1276
1450160 1276
1450170 1281
1450180 1286
1450190 1286
1450200 1291
1450210 1296
1450220 1296
1450230 1300
1450240 1304
1450250 1304
1450260 1307
1450270 1310
1450280 1310
1450290 1312
1450300 1314
1450310 1314
1450320 1315
1450330 1317
1450340 1317
1450350 1319
1450360 1321
1450370 1321
1450380 1322
1450390 1322
1450400 1322
1450410 1323
1450420 1326
1450430 1328
1450440 1328
1450450 1329
1450460 1330
1450470 1330
1450480 1332
1450490 1334
1450500 1334
1450510 1335
1450520 1337
1450530 1337
1450540 1338
1450550 1341
1450560 1341
1450570 1343
1450580 1344
1450590 1344
1450600 1347
1450610 1349
1450620 1349
1450630 1352
1450640 1353
1450650 1353
1450660 1356
1450670 1358
1450680 1358
1450690 1360
1450700 1361
1450710 1361
1450720 1363
1450730 1365
1450740 1367
1450750 1367
1450760 1369
1450770 1370
1450780 1370
1450790 1372
1450800 1373
1450810 1373
1450820 1375
1450830 1376
1450840 1376
1450850 1378
1450860 1379
1450870 1379
1450880 1380
1450890 1381
1450900 1381
1450910 1382
1450920 1383
1450930 1383
1450940 1383
1450950 1383
1450960 1383
1450970 1383
1450980 1384
1450990 1384
1451000 1384
1451010 1384
1451020 1385
1451030 1385
1451040 1385
1451050 1385
1451060 1385
1451070 1386
1451080 1386
1451090 1386
1451100 1387
1451110 1388
1451120 1388
1451130 1389
1451140 1389
1451150 1389
1451160 1390
1451170 1390
1451180 1390
1451190 1391
1451200 1393
1451210 1393
1451220 1394
1451230 1395
1451240 1395
1451250 1397
1451260 1398
1451270 1398
1451280 1399
1451290 1400
1451300 1400
1451310 1401
1451320 1402
1451330 1401
1451340 1401
1451350 1397
1451360 1392
1451370 1392
1451380 1388
1451390 1387
1451400 1387
1451410 1385
1451420 1384
1451430 1384
1451440 1384
1451450 1382
1451460 1382
1451470 1378
1451480 1384
1451490 1384
1451500 1392
1451510 1396
1451520 1396
1451530 1396
1451540 1399
1451550 1399
1451560 1400
1451570 1401
1451580 1401
1451590 1404
1451600 1406
1451610 1409
1451620 1409
1451630 1412
1451640 1414
1451650 1414
1451660 1415
1451670 1417
1451680 1417
1451690 1418
1451700 1419
1451710 1419
1451720 1420
1451730 1420
1451740 1420
1451750 1421
1451760 1421
1451770 1421
1451780 1425
1451790 1427
1451800 1427
1451810 1426
1451820 1425
1451830 1425
1451840 1424
1451850 1422
1451860 1422
1451870 1423
1451880 1422
1451890 1422
1451900 1421
1451910 1414
1451920 1418
1451930 1418
1451940 1424
1451950 1430
1451960 1430
1451970 1435
1451980 1438
1451990 1438
1452000 1437
1452010 1436
1452020 1436
1452030 1436
1452040 1438
1452050 1438
1452060 1441
1452070 1444
1452080 1444
1452090 1446
1452100 1448
1452110 1448
1452120 1451
1452130 1451
1452140 1451
1452150 1451
1452160 1449
1452170 1449
1452180 1452
1452190 1455
1452200 1457
1452210 1457
1452220 1458
1452230 1461
1452240 1461
1452250 1463
1452260 1465
1452270 1465
1452280 1468
1452290 1470
1452300 1466
1452310 1468
1452320 1470
1452330 1470
1452340 1469
1452350 1469
1452360 1469
1452370 1471
1452380 1474
1452390 1474
1452400 1476
1452410 1478
1452420 1478
1452430 1479
1452440 1480
1452450 1480
1452460 1480
1452470 1481
1452480 1481
1452490 1482
1452500 1482
1452510 1482
1452520 1482
1452530 1482
1452540 1483
1452550 1483
1452560 1484
1452570 1485
1452580 1485
1452590 1486
1452600 1482
1452610 1482
1452620 1479
1452630 1483
1452640 1483
1452650 1485
1452660 1483
1452670 1483
1452680 1478
1452690 1474
1452700 1474
1452710 1476
1452720 1477
1452730 1477
1452740 1478
1452750 1479
1452760 1479
1452770 1481
1452780 1482
1452790 1482
1452800 1482
1452810 1483
1452820 1484
1452830 1484
1452840 1486
1452850 1487
1452860 1487
1452870 1489
1452880 1492
1452890 1492
1452900 1493
1452910 1495
1452920 1495
1452930 1499
1452940 1503
1452950 1503
1452960 1508
1452970 1512
1452980 1512
1452990 1515
1453000 1518
1453010 1518
1453020 1521
1453030 1525
1453040 1525
1453050 1530
1453060 1533
1453070 1533
1453080 1536
1453090 1539
1453100 1542
1453110 1542
1453120 1547
1453130 1553
1453140 1553
1453150 1557
1453160 1561
1453170 1561
1453180 1564
1453190 1568
1453200 1568
1453210 1570
1453220 1575
1453230 1575
1453240 1582
1453250 1586
1453260 1586
1453270 1590
1453280 1591
1453290 1591
1453300 1591
1453310 1588
1453320 1588
1453330 1584
1453340 1581
1453350 1581
1453360 1577
1453370 1578
1453380 1582
1453390 1582
1453400 1586
1453410 1590
1453420 1590
1453430 1593
1453440 1595
1453450 1595
1453460 1593
1453470 1593
1453480 1593
1453490 1594
1453500 1591
1453510 1591
1453520 1586
1453530 1581
1453540 1581
1453550 1576
1453560 1573
1453570 1573
1453580 1570
1453590 1568
1453600 1568
1453610 1567
1453620 1565
1453630 1565
1453640 1563
1453650 1561
1453660 1561
1453670 1558
1453680 1553
1453690 1548
1453700 1548
1453710 1548
1453720 1546
1453730 1546
1453740 1544
1453750 1540
1453760 1540
1453770 1537
1453780 1535
1453790 1535
1453800 1534
1453810 1533
1453820 1533
1453830 1532
1453840 1530
1453850 1530
1453860 1528
1453870 1527
1453880 1527
1453890 1525
1453900 1523
1453910 1523
1453920 1520
1453930 1516
1453940 1516
1453950 1511
1453960 1507
1453970 1507
1453980 1505
1453990 1502
1454000 1499
1454010 1499
1454020 1498
1454030 1495
1454040 1495
1454050 1493
1454060 1491
1454070 1491
1454080 1489
1454090 1486
1454100 1486
1454110 1485
1454120 1481
1454130 1481
1454140 1476
1454150 1475
1454160 1475
1454170 1474
1454180 1472
1454190 1472
1454200 1469
1454210 1467
1454220 1467
1454230 1464
1454240 1463
1454250 1463
1454260 1462
1454270 1461
1454280 1459
1454290 1459
1454300 1457
1454310 1452
1454320 1452
1454330 1449
1454340 1446
1454350 1446
1454360 1444
1454370 1441
1454380 1441
1454390 1437
1454400 1434
1454410 1434
1454420 1431
1454430 1428
1454440 1428
1454450 1424
1454460 1422
1454470 1422
1454480 1420
1454490 1419
1454500 1419
1454510 1415
1454520 1412
1454530 1412
1454540 1410
1454550 1409
1454560 1409
1454570 1406
1454580 1403
1454590 1403
1454600 1403
1454610 1405
1454620 1405
1454630 1405
1454640 1405
1454650 1406
1454660 1406
1454670 1408
1454680 1409
1454690 1409
1454700 1407
1454710 1406
1454720 1406
1454730 1407
1454740 1408
1454750 1408
1454760 1408
1454770 1407
1454780 1407
1454790 1406
1454800 1407
1454810 1407
1454820 1409
1454830 1410
1454840 1410
1454850 1407
1454860 1406
1454870 1406
1454880 1406
1454890 1404
1454900 1402
1454910 1402
1454920 1402
1454930 1402
1454940 1402
1454950 1404
1454960 1407
1454970 1407
1454980 1406
1454990 1401
1455000 1401
1455010 1396
1455020 1393
1455030 1393
1455040 1386
1455050 1380
1455060 1380
1455070 1373
1455080 1367
1455090 1367
1455100 1361
1455110 1355
1455120 1355
1455130 1350
1455140 1348
1455150 1348
1455160 1346
1455170 1341
1455180 1338
1455190 1338
1455200 1337
1455210 1336
1455220 1336
1455230 1335
1455240 1335
1455250 1335
1455260 1334
1455270 1334
1455280 1334
1455290 1333
1455300 1333
1455310 1333
1455320 1333
1455330 1333
1455340 1333
1455350 1332
1455360 1332
1455370 1332
1455380 1332
1455390 1331
1455400 1331
1455410 1331
1455420 1331
1455430 1331
1455440 1330
1455450 1330
1455460 1329
1455470 1329
1455480 1329
1455490 1329
1455500 1329
1455510 1329
1455520 1326
1455530 1326
1455540 1325
1455550 1324
1455560 1324
1455570 1324
1455580 1323
1455590 1323
1455600 1323
1455610 1322
1455620 1322
1455630 1321
1455640 1321
1455650 1321
1455660 1321
1455670 1320
1455680 1320
1455690 1319
1455700 1317
1455710 1317
1455720 1314
1455730 1309
1455740 1309
1455750 1301
1455760 1299
1455770 1296
1455780 1296
1455790 1297
1455800 1294
1455810 1294
1455820 1295
1455830 1298
1455840 1298
1455850 1302
1455860 1308
1455870 1308
1455880 1314
1455890 1319
1455900 1319
1455910 1322
1455920 1324
1455930 1324
1455940 1327
1455950 1328
1455960 1328
1455970 1328
1455980 1326
1455990 1326
1456000 1325
1456010 1324
1456020 1324
1456030 1323
1456040 1319
1456050 1315
1456060 1315
1456070 1311
1456080 1308
1456090 1308
1456100 1306
1456110 1306
1456120 1306
1456130 1307
1456140 1305
1456150 1305
1456160 1304
1456170 1304
1456180 1304
1456190 1304
1456200 1305
1456210 1305
1456220 1307
1456230 1307
1456240 1307
1456250 1305
1456260 1301
1456270 1301
1456280 1299
1456290 1298
1456300 1298
1456310 1297
1456320 1298
1456330 1298
1456340 1299
1456350 1301
1456360 1303
1456370 1303
1456380 1305
1456390 1306
1456400 1306
1456410 1309
1456420 1311
1456430 1311
1456440 1311
1456450 1310
1456460 1310
1456470 1308
1456480 1300
1456490 1300
1456500 1293
1456510 1287
1456520 1284
1456530 1277
1456540 1278
1456550 1278
1456560 1282
1456570 1287
1456580 1287
1456590 1292
1456600 1299
1456610 1299
1456620 1302
1456630 1305
1456640 1306
1456650 1306
1456660 1305
1456670 1308
1456680 1308
1456690 1314
1456700 1319
1456710 1319
1456720 1323
1456730 1326
1456740 1326
1456750 1329
1456760 1332
1456770 1332
1456780 1335
1456790 1337
1456800 1337
1456810 1339
1456820 1341
1456830 1341
1456840 1344
1456850 1345
1456860 1345
1456870 1347
1456880 1348
1456890 1348
1456900 1349
1456910 1349
1456920 1349
1456930 1349
1456940 1349
1456950 1349
1456960 1349
1456970 1350
1456980 1350
1456990 1350
1457000 1350
1457010 1351
1457020 1351
1457030 1351
1457040 1350
1457050 1350
1457060 1347
1457070 1351
1457080 1351
1457090 1352
1457100 1351
1457110 1351
1457120 1352
1457130 1355
1457140 1355
1457150 1357
1457160 1360
1457170 1360
1457180 1362
1457190 1362
1457200 1362
1457210 1359
1457220 1357
1457230 1357
1457240 1358
1457250 1358
1457260 1360
1457270 1360
1457280 1361
1457290 1363
1457300 1363
1457310 1365
1457320 1365
1457330 1365
1457340 1365
1457350 1366
1457360 1366
1457370 1366
1457380 1366
1457390 1366
1457400 1365
1457410 1364
1457420 1364
1457430 1364
1457440 1363
1457450 1363
1457460 1362
1457470 1361
1457480 1361
1457490 1360
1457500 1359
1457510 1359
1457520 1358
1457530 1357
1457540 1355
1457550 1355
1457560 1353
1457570 1351
1457580 1351
1457590 1349
1457600 1347
1457610 1347
1457620 1345
1457630 1343
1457640 1343
1457650 1340
1457660 1336
1457670 1336
1457680 1332
1457690 1330
1457700 1330
1457710 1328
1457720 1326
1457730 1326
1457740 1324
1457750 1322
1457760 1322
1457770 1318
1457780 1312
1457790 1312
1457800 1304
1457810 1298
1457820 1298
1457830 1298
1457840 1302
1457850 1305
1457860 1305
1457870 1305
1457880 1305
1457890 1305
1457900 1306
1457910 1306
1457920 1306
1457930 1306
1457940 1306
1457950 1306
1457960 1306
1457970 1306
1457980 1306
1457990 1306
1458000 1307
1458010 1307
1458020 1309
1458030 1310
1458040 1310
1458050 1310
1458060 1311
1458070 1311
1458080 1312
1458090 1313
1458100 1313
1458110 1313
1458120 1313
1458130 1315
1458140 1315
1458150 1317
1458160 1318
1458170 1318
1458180 1319
1458190 1321
1458200 1321
1458210 1323
1458220 1325
1458230 1325
1458240 1326
1458250 1327
1458260 1327
1458270 1329
1458280 1331
1458290 1331
1458300 1332
1458310 1332
1458320 1332
1458330 1332
1458340 1332
1458350 1332
1458360 1332
1458370 1333
1458380 1333
1458390 1333
1458400 1334
1458410 1334
1458420 1335
1458430 1336
1458440 1336
1458450 1336
1458460 1335
1458470 1333
1458480 1333
1458490 1332
1458500 1331
1458510 1331
1458520 1330
1458530 1329
1458540 1329
1458550 1327
1458560 1326
1458570 1326
1458580 1324
1458590 1322
1458600 1322
1458610 1321
1458620 1320
1458630 1320
1458640 1318
1458650 1314
1458660 1314
1458670 1311
1458680 1310
1458690 1310
1458700 1308
1458710 1304
1458720 1303
1458730 1303
1458740 1301
1458750 1300
1458760 1300
1458770 1298
1458780 1297
1458790 1297
1458800 1297
1458810 1297
1458820 1297
1458830 1297
1458840 1297
1458850 1297
1458860 1297
1458870 1295
1458880 1295
1458890 1293
1458900 1291
1458910 1291
1458920 1289
1458930 1286
1458940 1286
1458950 1283
1458960 1279
1458970 1279
1458980 1275
1458990 1271
1459000 1271
1459010 1269
1459020 1268
1459030 1264
1459040 1264
1459050 1258
1459060 1252
1459070 1252
1459080 1245
1459090 1239
1459100 1239
1459110 1232
1459120 1226
1459130 1226
1459140 1220
1459150 1216
1459160 1216
1459170 1214
1459180 1213
1459190 1213
1459200 1208
1459210 1204
1459220 1204
1459230 1202
1459240 1199
1459250 1199
1459260 1197
1459270 1194
1459280 1194
1459290 1193
1459300 1188
1459310 1182
1459320 1182
1459330 1179
1459340 1178
1459350 1178
1459360 1171
1459370 1157
1459380 1157
1459390 1147
1459400 1138
1459410 1138
1459420 1140
1459430 1149
1459440 1149
1459450 1157
1459460 1166
1459470 1166
1459480 1175
1459490 1179
1459500 1179
1459510 1181
1459520 1183
1459530 1183
1459540 1184
1459550 1184
1459560 1184
1459570 1184
1459580 1176
1459590 1176
1459600 1160
1459610 1155
1459620 1156
1459630 1156
1459640 1164
1459650 1173
1459660 1173
1459670 1184
1459680 1193
1459690 1193
1459700 1199
1459710 1204
1459720 1204
1459730 1210
1459740 1216
1459750 1216
1459760 1223
1459770 1231
1459780 1231
1459790 1240
1459800 1249
1459810 1249
1459820 1255
1459830 1260
1459840 1260
1459850 1265
1459860 1271
1459870 1271
1459880 1276
1459890 1281
1459900 1288
1459910 1288
1459920 1294
1459930 1299
1459940 1299
1459950 1304
1459960 1308
1459970 1308
1459980 1311
1459990 1316
