1440000 1013
1440010 1021
1440020 1021
1440030 1027
1440040 1031
1440050 1031
1440060 1036
1440070 1040
1440080 1040
1440090 1045
1440100 1050
1440110 1055
1440120 1055
1440130 1060
1440140 1065
1440150 1065
1440160 1071
1440170 1076
1440180 1076
1440190 1080
1440200 1084
1440210 1084
1440220 1089
1440230 1094
1440240 1094
1440250 1100
1440260 1106
1440270 1106
1440280 1109
1440290 1113
1440300 1113
1440310 1115
1440320 1118
1440330 1118
1440340 1121
1440350 1127
1440360 1127
1440370 1135
1440380 1139
1440390 1139
1440400 1145
1440410 1146
1440420 1146
1440430 1146
1440440 1150
1440450 1154
1440460 1154
1440470 1156
1440480 1159
1440490 1159
1440500 1161
1440510 1163
1440520 1163
1440530 1169
1440540 1175
1440550 1175
1440560 1182
1440570 1188
1440580 1188
1440590 1192
1440600 1199
1440610 1199
1440620 1207
1440630 1214
1440640 1214
1440650 1221
1440660 1227
1440670 1227
1440680 1234
1440690 1240
1440700 1240
1440710 1247
1440720 1252
1440730 1258
1440740 1258
1440750 1264
1440760 1266
1440770 1266
1440780 1270
1440790 1272
1440800 1272
1440810 1273
1440820 1276
1440830 1276
1440840 1277
1440850 1279
1440860 1279
1440870 1281
1440880 1282
1440890 1282
1440900 1284
1440910 1285
1440920 1285
1440930 1287
1440940 1289
1440950 1289
1440960 1291
1440970 1293
1440980 1293
1440990 1295
1441000 1295
1441010 1295
1441020 1294
1441030 1293
1441040 1294
1441050 1294
1441060 1295
1441070 1297
1441080 1297
1441090 1299
1441100 1301
1441110 1301
1441120 1302
1441130 1303
1441140 1303
1441150 1303
1441160 1302
1441170 1302
1441180 1301
1441190 1301
1441200 1301
1441210 1303
1441220 1303
1441230 1303
1441240 1303
1441250 1304
1441260 1304
1441270 1306
1441280 1310
1441290 1310
1441300 1312
1441310 1313
1441320 1313
1441330 1314
1441340 1313
1441350 1314
1441360 1314
1441370 1315
1441380 1316
1441390 1316
1441400 1316
1441410 1318
1441420 1318
1441430 1320
1441440 1322
1441450 1322
1441460 1316
1441470 1317
1441480 1317
1441490 1317
1441500 1317
1441510 1317
1441520 1318
1441530 1317
1441540 1317
1441550 1315
1441560 1314
1441570 1314
1441580 1316
1441590 1318
1441600 1318
1441610 1317
1441620 1317
1441630 1317
1441640 1319
1441650 1317
1441660 1315
1441670 1315
1441680 1315
1441690 1319
1441700 1319
1441710 1318
1441720 1311
1441730 1311
1441740 1309
1441750 1306
1441760 1306
1441770 1305
1441780 1311
1441790 1311
1441800 1320
1441810 1328
1441820 1328
1441830 1333
1441840 1340
1441850 1340
1441860 1347
1441870 1353
1441880 1353
1441890 1360
1441900 1366
1441910 1366
1441920 1374
1441930 1380
1441940 1380
1441950 1387
1441960 1393
1441970 1399
1441980 1399
1441990 1405
1442000 1410
1442010 1410
1442020 1415
1442030 1418
1442040 1418
1442050 1420
1442060 1420
1442070 1420
1442080 1420
1442090 1419
1442100 1419
1442110 1418
1442120 1416
1442130 1416
1442140 1413
1442150 1410
1442160 1410
1442170 1406
1442180 1400
1442190 1400
1442200 1396
1442210 1392
1442220 1392
1442230 1389
1442240 1385
1442250 1382
1442260 1382
1442270 1380
1442280 1378
1442290 1378
1442300 1376
1442310 1373
1442320 1373
1442330 1370
1442340 1368
1442350 1368
1442360 1365
1442370 1362
1442380 1362
1442390 1360
1442400 1358
1442410 1358
1442420 1355
1442430 1352
1442440 1352
1442450 1348
1442460 1343
1442470 1343
1442480 1340
1442490 1338
1442500 1338
1442510 1334
1442520 1331
1442530 1331
1442540 1327
1442550 1322
1442560 1318
1442570 1318
1442580 1313
1442590 1309
1442600 1309
1442610 1305
1442620 1299
1442630 1299
1442640 1293
1442650 1288
1442660 1288
1442670 1284
1442680 1279
1442690 1279
1442700 1273
1442710 1265
1442720 1265
1442730 1264
1442740 1271
1442750 1271
1442760 1278
1442770 1284
1442780 1284
1442790 1288
1442800 1291
1442810 1291
1442820 1292
1442830 1294
1442840 1294
1442850 1301
1442860 1303
1442870 1303
1442880 1303
1442890 1301
1442900 1297
1442910 1297
1442920 1293
1442930 1290
1442940 1290
1442950 1286
1442960 1281
1442970 1281
1442980 1276
1442990 1272
1443000 1272
1443010 1269
1443020 1266
1443030 1266
1443040 1263
1443050 1259
1443060 1259
1443070 1253
1443080 1247
1443090 1247
1443100 1242
1443110 1235
1443120 1235
1443130 1229
1443140 1224
1443150 1224
1443160 1218
1443170 1218
1443180 1220
1443190 1220
1443200 1226
1443210 1230
1443220 1230
1443230 1232
1443240 1233
1443250 1233
1443260 1233
1443270 1233
1443280 1233
1443290 1233
1443300 1234
1443310 1234
1443320 1234
1443330 1235
1443340 1235
1443350 1240
1443360 1247
1443370 1247
1443380 1252
1443390 1256
1443400 1256
1443410 1260
1443420 1265
1443430 1265
1443440 1269
1443450 1274
1443460 1274
1443470 1279
1443480 1284
1443490 1289
1443500 1289
1443510 1295
1443520 1301
1443530 1301
1443540 1308
1443550 1314
1443560 1314
1443570 1321
1443580 1327
1443590 1327
1443600 1334
1443610 1341
1443620 1341
1443630 1349
1443640 1357
1443650 1357
1443660 1364
1443670 1372
1443680 1372
1443690 1379
1443700 1386
1443710 1386
1443720 1393
1443730 1401
1443740 1401
1443750 1408
1443760 1416
1443770 1416
1443780 1424
1443790 1431
1443800 1438
1443810 1438
1443820 1445
1443830 1452
1443840 1452
1443850 1459
1443860 1466
1443870 1466
1443880 1472
1443890 1478
1443900 1478
1443910 1484
1443920 1489
1443930 1489
1443940 1494
1443950 1499
1443960 1499
1443970 1503
1443980 1507
1443990 1507
1444000 1511
1444010 1514
1444020 1514
1444030 1515
1444040 1516
1444050 1516
1444060 1517
1444070 1515
1444080 1515
1444090 1512
1444100 1508
1444110 1504
1444120 1504
1444130 1500
1444140 1496
1444150 1496
1444160 1493
1444170 1490
1444180 1490
1444190 1488
1444200 1486
1444210 1486
1444220 1483
1444230 1480
1444240 1480
1444250 1475
1444260 1470
1444270 1470
1444280 1465
1444290 1461
1444300 1461
1444310 1458
1444320 1456
1444330 1456
1444340 1454
1444350 1450
1444360 1450
1444370 1446
1444380 1441
1444390 1441
1444400 1439
1444410 1439
1444420 1438
1444430 1438
1444440 1433
1444450 1430
1444460 1430
1444470 1429
1444480 1427
1444490 1427
1444500 1421
1444510 1415
1444520 1415
1444530 1418
1444540 1419
1444550 1419
1444560 1427
1444570 1433
1444580 1433
1444590 1439
1444600 1445
1444610 1445
1444620 1450
1444630 1455
1444640 1455
1444650 1460
1444660 1464
1444670 1464
1444680 1468
1444690 1472
1444700 1477
1444710 1477
1444720 1480
1444730 1480
1444740 1480
1444750 1478
1444760 1475
1444770 1475
1444780 1471
1444790 1467
1444800 1467
1444810 1463
1444820 1461
1444830 1461
1444840 1459
1444850 1458
1444860 1458
1444870 1457
1444880 1456
1444890 1456
1444900 1453
1444910 1450
1444920 1450
1444930 1442
1444940 1432
1444950 1432
1444960 1425
1444970 1419
1444980 1419
1444990 1414
1445000 1411
1445010 1413
1445020 1413
1445030 1415
1445040 1415
1445050 1415
1445060 1413
1445070 1409
1445080 1409
1445090 1403
1445100 1396
1445110 1396
1445120 1389
1445130 1384
1445140 1384
1445150 1380
1445160 1376
1445170 1376
1445180 1371
1445190 1364
1445200 1364
1445210 1359
1445220 1355
1445230 1355
1445240 1353
1445250 1349
1445260 1349
1445270 1345
1445280 1339
1445290 1339
1445300 1333
1445310 1327
1445320 1320
1445330 1320
1445340 1313
1445350 1304
1445360 1304
1445370 1294
1445380 1285
1445390 1285
1445400 1277
1445410 1270
1445420 1270
1445430 1264
1445440 1257
1445450 1257
1445460 1250
1445470 1243
1445480 1243
1445490 1236
1445500 1232
1445510 1232
1445520 1232
1445530 1231
1445540 1231
1445550 1231
1445560 1230
1445570 1230
1445580 1228
1445590 1223
1445600 1223
1445610 1217
1445620 1214
1445630 1213
1445640 1213
1445650 1211
1445660 1208
1445670 1208
1445680 1206
1445690 1204
1445700 1204
1445710 1203
1445720 1204
1445730 1204
1445740 1205
1445750 1204
1445760 1204
1445770 1204
1445780 1202
1445790 1202
1445800 1201
1445810 1200
1445820 1200
1445830 1198
1445840 1197
1445850 1197
1445860 1195
1445870 1194
1445880 1194
1445890 1192
1445900 1191
1445910 1191
1445920 1190
1445930 1188
1445940 1186
1445950 1186
1445960 1185
1445970 1182
1445980 1182
1445990 1178
1446000 1177
1446010 1177
1446020 1176
1446030 1176
1446040 1176
1446050 1175
1446060 1173
1446070 1173
1446080 1171
1446090 1170
1446100 1170
1446110 1168
1446120 1166
1446130 1166
1446140 1164
1446150 1162
1446160 1162
1446170 1161
1446180 1158
1446190 1158
1446200 1157
1446210 1155
1446220 1155
1446230 1153
1446240 1152
1446250 1150
1446260 1150
1446270 1148
1446280 1147
1446290 1147
1446300 1145
1446310 1144
1446320 1144
1446330 1142
1446340 1140
1446350 1140
1446360 1134
1446370 1127
1446380 1127
1446390 1121
1446400 1120
1446410 1120
1446420 1120
1446430 1123
1446440 1123
1446450 1123
1446460 1123
1446470 1123
1446480 1126
1446490 1130
1446500 1130
1446510 1135
1446520 1140
1446530 1140
1446540 1147
1446550 1155
1446560 1162
1446570 1162
1446580 1168
1446590 1173
1446600 1173
1446610 1174
1446620 1176
1446630 1176
1446640 1177
1446650 1178
1446660 1178
1446670 1178
1446680 1179
1446690 1179
1446700 1180
1446710 1179
1446720 1179
1446730 1180
1446740 1180
1446750 1180
1446760 1181
1446770 1183
1446780 1183
1446790 1184
1446800 1186
1446810 1186
1446820 1187
1446830 1189
1446840 1189
1446850 1191
1446860 1194
1446870 1196
1446880 1196
1446890 1197
1446900 1200
1446910 1200
1446920 1203
1446930 1206
1446940 1206
1446950 1208
1446960 1209
1446970 1209
1446980 1208
1446990 1205
1447000 1205
1447010 1200
1447020 1196
1447030 1196
1447040 1192
1447050 1189
1447060 1189
1447070 1185
1447080 1182
1447090 1182
1447100 1179
1447110 1174
1447120 1174
1447130 1169
1447140 1165
1447150 1163
1447160 1163
1447170 1164
1447180 1165
1447190 1165
1447200 1165
1447210 1165
1447220 1165
1447230 1165
1447240 1165
1447250 1165
1447260 1165
1447270 1167
1447280 1167
1447290 1170
1447300 1177
1447310 1177
1447320 1182
1447330 1187
1447340 1187
1447350 1194
1447360 1201
1447370 1201
1447380 1206
1447390 1211
1447400 1211
1447410 1214
1447420 1216
1447430 1216
1447440 1218
1447450 1219
1447460 1219
1447470 1219
1447480 1220
1447490 1220
1447500 1220
1447510 1219
1447520 1218
1447530 1218
1447540 1218
1447550 1219
1447560 1219
1447570 1221
1447580 1223
1447590 1223
1447600 1226
1447610 1231
1447620 1231
1447630 1234
1447640 1235
1447650 1235
1447660 1237
1447670 1239
1447680 1239
1447690 1241
1447700 1244
1447710 1244
1447720 1247
1447730 1250
1447740 1250
1447750 1253
1447760 1257
1447770 1261
1447780 1261
1447790 1264
1447800 1268
1447810 1268
1447820 1271
1447830 1274
1447840 1274
1447850 1276
1447860 1285
1447870 1285
1447880 1286
1447890 1286
1447900 1286
1447910 1286
1447920 1286
1447930 1286
1447940 1283
1447950 1280
1447960 1280
1447970 1281
1447980 1282
1447990 1282
1448000 1279
1448010 1279
1448020 1279
1448030 1279
1448040 1278
1448050 1278
1448060 1278
1448070 1277
1448080 1277
1448090 1277
1448100 1277
1448110 1279
1448120 1279
1448130 1282
1448140 1284
1448150 1284
1448160 1286
1448170 1288
1448180 1288
1448190 1290
1448200 1294
1448210 1294
1448220 1302
1448230 1310
1448240 1310
1448250 1316
1448260 1320
1448270 1320
1448280 1322
1448290 1327
1448300 1327
1448310 1332
1448320 1338
1448330 1338
1448340 1344
1448350 1351
1448360 1351
1448370 1353
1448380 1363
1448390 1374
1448400 1374
1448410 1388
1448420 1399
1448430 1399
1448440 1404
1448450 1409
1448460 1409
1448470 1415
1448480 1420
1448490 1420
1448500 1425
1448510 1432
1448520 1432
1448530 1441
1448540 1449
1448550 1449
1448560 1457
1448570 1460
1448580 1460
1448590 1464
1448600 1469
1448610 1469
1448620 1471
1448630 1480
1448640 1480
1448650 1493
1448660 1499
1448670 1499
1448680 1505
1448690 1514
1448700 1520
1448710 1520
1448720 1531
1448730 1535
1448740 1535
1448750 1537
1448760 1539
1448770 1539
1448780 1544
1448790 1551
1448800 1551
1448810 1559
1448820 1566
1448830 1566
1448840 1575
1448850 1586
1448860 1586
1448870 1604
1448880 1612
1448890 1612
1448900 1617
1448910 1623
1448920 1623
1448930 1629
1448940 1634
1448950 1634
1448960 1638
1448970 1644
1448980 1644
1448990 1649
1449000 1655
1449010 1662
1449020 1662
1449030 1662
1449040 1661
1449050 1661
1449060 1660
1449070 1659
1449080 1659
1449090 1660
1449100 1658
1449110 1658
1449120 1658
1449130 1658
1449140 1658
1449150 1658
1449160 1657
1449170 1657
1449180 1656
1449190 1657
1449200 1657
1449210 1659
1449220 1659
1449230 1659
1449240 1659
1449250 1659
1449260 1659
1449270 1656
1449280 1655
1449290 1655
1449300 1654
1449310 1660
1449320 1669
1449330 1669
1449340 1676
1449350 1684
1449360 1684
1449370 1707
1449380 1751
1449390 1751
1449400 1760
1449410 1765
1449420 1765
1449430 1775
1449440 1790
1449450 1790
1449460 1805
1449470 1814
1449480 1814
1449490 1819
1449500 1816
1449510 1816
1449520 1809
1449530 1803
1449540 1803
1449550 1797
1449560 1796
1449570 1796
1449580 1798
1449590 1797
1449600 1792
1449610 1792
1449620 1810
1449630 1820
1449640 1820
1449650 1830
1449660 1838
1449670 1838
1449680 1851
1449690 1870
1449700 1870
1449710 1872
1449720 1876
1449730 1876
1449740 1894
1449750 1904
1449760 1904
1449770 1911
1449780 1920
1449790 1920
1449800 1928
1449810 1926
1449820 1926
1449830 1920
1449840 1919
1449850 1919
1449860 1927
1449870 1938
1449880 1938
1449890 1948
1449900 1957
1449910 1965
1449920 1965
1449930 1982
1449940 1991
1449950 1991
1449960 1997
1449970 2005
1449980 2005
1449990 2013
1450000 2017
1450010 2017
1450020 2019
1450030 2014
1450040 2014
1450050 1997
1450060 1987
1450070 1987
1450080 1987
1450090 1993
1450100 1993
1450110 2009
1450120 2030
1450130 2030
1450140 2027
1450150 2037
1450160 2037
1450170 2041
1450180 2040
1450190 2040
1450200 2044
1450210 2050
1450220 2045
1450230 2045
1450240 2034
1450250 2023
1450260 2023
1450270 2022
1450280 2022
1450290 2022
1450300 2025
1450310 2030
1450320 2030
1450330 2079
1450340 2106
1450350 2106
1450360 2111
1450370 2115
1450380 2115
1450390 2114
1450400 2120
1450410 2120
1450420 2123
1450430 2128
1450440 2128
1450450 2131
1450460 2137
1450470 2137
1450480 2141
1450490 2147
1450500 2147
1450510 2158
1450520 2166
1450530 2172
1450540 2172
1450550 2169
1450560 2170
1450570 2170
1450580 2183
1450590 2212
1450600 2212
1450610 2220
1450620 2222
1450630 2222
1450640 2227
1450650 2230
1450660 2230
1450670 2233
1450680 2240
1450690 2240
1450700 2242
1450710 2242
1450720 2242
1450730 2250
1450740 2256
1450750 2256
1450760 2257
1450770 2256
1450780 2256
1450790 2274
1450800 2288
1450810 2288
1450820 2299
1450830 2312
1450840 2325
1450850 2325
1450860 2344
1450870 2359
1450880 2359
1450890 2353
1450900 2346
1450910 2346
1450920 2349
1450930 2362
1450940 2362
1450950 2375
1450960 2380
1450970 2380
1450980 2382
1450990 2382
1451000 2382
1451010 2383
1451020 2384
1451030 2384
1451040 2387
1451050 2404
1451060 2404
1451070 2437
1451080 2453
1451090 2453
1451100 2452
1451110 2464
1451120 2464
1451130 2476
1451140 2485
1451150 2495
1451160 2495
1451170 2505
1451180 2515
1451190 2515
1451200 2518
1451210 2515
1451220 2515
1451230 2513
1451240 2511
1451250 2511
1451260 2512
1451270 2518
1451280 2518
1451290 2526
1451300 2536
1451310 2536
1451320 2551
1451330 2569
1451340 2569
1451350 2578
1451360 2590
1451370 2590
1451380 2595
1451390 2602
1451400 2602
1451410 2612
1451420 2632
1451430 2632
1451440 2688
1451450 2723
1451460 2760
1451470 2760
1451480 2764
1451490 2761
1451500 2761
1451510 2756
1451520 2755
1451530 2759
1451540 2762
1451550 2763
1451560 2763
1451570 2765
1451580 2768
1451590 2768
1451600 2769
1451610 2773
1451620 2773
1451630 2775
1451640 2777
1451650 2777
1451660 2777
1451670 2780
1451680 2780
1451690 2786
1451700 2790
1451710 2790
1451720 2794
1451730 2797
1451740 2796
1451750 2796
1451760 2795
1451770 2794
1451780 2794
1451790 2792
1451800 2790
1451810 2790
1451820 2788
1451830 2784
1451840 2784
1451850 2780
1451860 2777
1451870 2777
1451880 2775
1451890 2775
1451900 2775
1451910 2775
1451920 2775
1451930 2775
1451940 2775
1451950 2778
1451960 2778
1451970 2780
1451980 2783
1451990 2783
1452000 2786
1452010 2784
1452020 2784
1452030 2782
1452040 2779
1452050 2777
1452060 2777
1452070 2775
1452080 2772
1452090 2772
1452100 2772
1452110 2771
1452120 2771
1452130 2770
1452140 2770
1452150 2770
1452160 2769
1452170 2769
1452180 2769
1452190 2768
1452200 2768
1452210 2768
1452220 2767
1452230 2766
1452240 2766
1452250 2766
1452260 2765
1452270 2765
1452280 2764
1452290 2763
1452300 2763
1452310 2762
1452320 2762
1452330 2762
1452340 2762
1452350 2761
1452360 2761
1452370 2761
1452380 2761
1452390 2761
1452400 2761
1452410 2760
1452420 2760
1452430 2760
1452440 2760
1452450 2760
1452460 2760
1452470 2759
1452480 2759
1452490 2759
1452500 2759
1452510 2759
1452520 2759
1452530 2759
1452540 2759
1452550 2759
1452560 2759
1452570 2759
1452580 2759
1452590 2759
1452600 2759
1452610 2759
1452620 2759
1452630 2759
1452640 2759
1452650 2760
1452660 2760
1452670 2760
1452680 2760
1452690 2761
1452700 2761
1452710 2761
1452720 2762
1452730 2762
1452740 2762
1452750 2763
1452760 2764
1452770 2764
1452780 2764
1452790 2765
1452800 2765
1452810 2766
1452820 2767
1452830 2767
1452840 2767
1452850 2768
1452860 2768
1452870 2769
1452880 2770
1452890 2770
1452900 2771
1452910 2771
1452920 2771
1452930 2772
1452940 2773
1452950 2773
1452960 2777
1452970 2778
1452980 2779
1452990 2779
1453000 2780
1453010 2780
1453020 2780
1453030 2778
1453040 2776
1453050 2776
1453060 2776
1453070 2778
1453080 2778
1453090 2775
1453100 2770
1453110 2770
1453120 2769
1453130 2769
1453140 2769
1453150 2769
1453160 2769
1453170 2769
1453180 2769
1453190 2769
1453200 2769
1453210 2770
1453220 2771
1453230 2771
1453240 2773
1453250 2777
1453260 2777
1453270 2779
1453280 2780
1453290 2779
1453300 2779
1453310 2776
1453320 2773
1453330 2773
1453340 2771
1453350 2769
1453360 2769
1453370 2766
1453380 2762
1453390 2762
1453400 2759
1453410 2758
1453420 2758
1453430 2758
1453440 2758
1453450 2758
1453460 2758
1453470 2758
1453480 2758
1453490 2759
1453500 2759
1453510 2759
1453520 2759
1453530 2759
1453540 2759
1453550 2758
1453560 2758
1453570 2758
1453580 2757
1453590 2757
1453600 2756
1453610 2756
1453620 2755
1453630 2754
1453640 2754
1453650 2754
1453660 2753
1453670 2753
1453680 2752
1453690 2751
1453700 2751
1453710 2751
1453720 2750
1453730 2750
1453740 2750
1453750 2750
1453760 2750
1453770 2751
1453780 2753
1453790 2753
1453800 2752
1453810 2756
1453820 2756
1453830 2755
1453840 2755
1453850 2755
1453860 2755
1453870 2750
1453880 2750
1453890 2750
1453900 2748
1453910 2748
1453920 2748
1453930 2747
1453940 2747
1453950 2747
1453960 2746
1453970 2746
1453980 2746
1453990 2745
1454000 2745
1454010 2745
1454020 2744
1454030 2744
1454040 2744
1454050 2744
1454060 2744
1454070 2744
1454080 2744
1454090 2744
1454100 2744
1454110 2744
1454120 2744
1454130 2744
1454140 2744
1454150 2744
1454160 2744
1454170 2744
1454180 2744
1454190 2745
1454200 2745
1454210 2745
1454220 2746
1454230 2746
1454240 2746
1454250 2747
1454260 2747
1454270 2748
1454280 2749
1454290 2749
1454300 2749
1454310 2749
1454320 2749
1454330 2753
1454340 2754
1454350 2754
1454360 2756
1454370 2757
1454380 2757
1454390 2760
1454400 2762
1454410 2762
1454420 2761
1454430 2760
1454440 2760
1454450 2759
1454460 2761
1454470 2761
1454480 2762
1454490 2762
1454500 2760
1454510 2760
1454520 2757
1454530 2754
1454540 2754
1454550 2754
1454560 2751
1454570 2751
1454580 2746
1454590 2745
1454600 2745
1454610 2746
1454620 2745
1454630 2745
1454640 2742
1454650 2749
1454660 2749
1454670 2760
1454680 2762
1454690 2762
1454700 2758
1454710 2751
1454720 2751
1454730 2751
1454740 2753
1454750 2753
1454760 2751
1454770 2751
1454780 2751
1454790 2748
1454800 2744
1454810 2741
1454820 2741
1454830 2737
1454840 2737
1454850 2737
1454860 2737
1454870 2736
1454880 2736
1454890 2740
1454900 2746
1454910 2746
1454920 2745
1454930 2741
1454940 2741
1454950 2742
1454960 2740
1454970 2740
1454980 2738
1454990 2735
1455000 2735
1455010 2726
1455020 2721
1455030 2721
1455040 2718
1455050 2716
1455060 2716
1455070 2715
1455080 2714
1455090 2714
1455100 2714
1455110 2716
1455120 2718
1455130 2718
1455140 2721
1455150 2719
1455160 2719
1455170 2723
1455180 2723
1455190 2723
1455200 2722
1455210 2720
1455220 2720
1455230 2723
1455240 2726
1455250 2726
1455260 2731
1455270 2732
1455280 2732
1455290 2728
1455300 2728
1455310 2728
1455320 2729
1455330 2728
1455340 2728
1455350 2722
1455360 2721
1455370 2721
1455380 2716
1455390 2713
1455400 2713
1455410 2711
1455420 2709
1455430 2705
1455440 2705
1455450 2700
1455460 2695
1455470 2695
1455480 2691
1455490 2689
1455500 2689
1455510 2685
1455520 2682
1455530 2682
1455540 2679
1455550 2677
1455560 2677
1455570 2675
1455580 2679
1455590 2679
1455600 2684
1455610 2688
1455620 2688
1455630 2692
1455640 2699
1455650 2699
1455660 2699
1455670 2700
1455680 2700
1455690 2699
1455700 2695
1455710 2695
1455720 2692
1455730 2691
1455740 2691
1455750 2691
1455760 2689
1455770 2686
1455780 2686
1455790 2682
1455800 2678
1455810 2678
1455820 2673
1455830 2669
1455840 2669
1455850 2667
1455860 2665
1455870 2665
1455880 2664
1455890 2663
1455900 2663
1455910 2662
1455920 2661
1455930 2661
1455940 2660
1455950 2659
1455960 2659
1455970 2658
1455980 2657
1455990 2657
1456000 2657
1456010 2656
1456020 2656
1456030 2656
1456040 2657
1456050 2658
1456060 2658
1456070 2662
1456080 2664
1456090 2664
1456100 2668
1456110 2667
1456120 2667
1456130 2668
1456140 2668
1456150 2668
1456160 2671
1456170 2673
1456180 2673
1456190 2675
1456200 2675
1456210 2675
1456220 2674
1456230 2671
1456240 2671
1456250 2671
1456260 2670
1456270 2670
1456280 2670
1456290 2680
1456300 2680
1456310 2691
1456320 2698
1456330 2701
1456340 2701
1456350 2704
1456360 2705
1456370 2705
1456380 2706
1456390 2708
1456400 2708
1456410 2709
1456420 2712
1456430 2712
1456440 2713
1456450 2714
1456460 2714
1456470 2712
1456480 2708
1456490 2708
1456500 2706
1456510 2704
1456520 2704
1456530 2700
1456540 2692
1456550 2692
1456560 2684
1456570 2674
1456580 2674
1456590 2667
1456600 2663
1456610 2663
1456620 2659
1456630 2650
1456640 2644
1456650 2644
1456660 2637
1456670 2631
1456680 2631
1456690 2632
1456700 2635
1456710 2635
1456720 2636
1456730 2636
1456740 2636
1456750 2633
1456760 2629
1456770 2629
1456780 2629
1456790 2632
1456800 2632
1456810 2633
1456820 2634
1456830 2634
1456840 2637
1456850 2641
1456860 2641
1456870 2643
1456880 2645
1456890 2645
1456900 2648
1456910 2653
1456920 2653
1456930 2657
1456940 2659
1456950 2659
1456960 2659
1456970 2658
1456980 2659
1456990 2659
1457000 2661
1457010 2659
1457020 2659
1457030 2653
1457040 2648
1457050 2648
1457060 2644
1457070 2641
1457080 2641
1457090 2643
1457100 2645
1457110 2645
1457120 2640
1457130 2633
1457140 2633
1457150 2626
1457160 2617
1457170 2617
1457180 2611
1457190 2611
1457200 2611
1457210 2612
1457220 2611
1457230 2611
1457240 2605
1457250 2602
1457260 2596
1457270 2596
1457280 2585
1457290 2576
1457300 2576
1457310 2567
1457320 2559
1457330 2559
1457340 2554
1457350 2549
1457360 2549
1457370 2545
1457380 2539
1457390 2539
1457400 2530
1457410 2525
1457420 2525
1457430 2522
1457440 2519
1457450 2519
1457460 2519
1457470 2520
1457480 2520
1457490 2521
1457500 2524
1457510 2524
1457520 2526
1457530 2525
1457540 2525
1457550 2525
1457560 2524
1457570 2524
1457580 2524
1457590 2523
1457600 2522
1457610 2522
1457620 2521
1457630 2519
1457640 2519
1457650 2515
1457660 2516
1457670 2516
1457680 2519
1457690 2523
1457700 2523
1457710 2525
1457720 2524
1457730 2524
1457740 2521
1457750 2517
1457760 2517
1457770 2511
1457780 2511
1457790 2511
1457800 2511
1457810 2513
1457820 2513
1457830 2516
1457840 2520
1457850 2520
1457860 2525
1457870 2529
1457880 2532
1457890 2532
1457900 2533
1457910 2533
1457920 2533
1457930 2539
1457940 2548
1457950 2548
1457960 2558
1457970 2565
1457980 2565
1457990 2570
1458000 2576
1458010 2576
1458020 2581
1458030 2584
1458040 2584
1458050 2585
1458060 2586
1458070 2586
1458080 2585
1458090 2583
1458100 2583
1458110 2581
1458120 2578
1458130 2578
1458140 2575
1458150 2571
1458160 2571
1458170 2568
1458180 2562
1458190 2552
1458200 2552
1458210 2533
1458220 2522
1458230 2522
1458240 2523
1458250 2537
1458260 2537
1458270 2540
1458280 2534
1458290 2534
1458300 2521
1458310 2500
1458320 2500
1458330 2493
1458340 2501
1458350 2501
1458360 2494
1458370 2469
1458380 2469
1458390 2449
1458400 2441
1458410 2441
1458420 2438
1458430 2436
1458440 2436
1458450 2434
1458460 2430
1458470 2424
1458480 2424
1458490 2418
1458500 2409
1458510 2409
1458520 2393
1458530 2378
1458540 2378
1458550 2368
1458560 2360
1458570 2360
1458580 2355
1458590 2352
1458600 2352
1458610 2351
1458620 2351
1458630 2351
1458640 2350
1458650 2346
1458660 2346
1458670 2341
1458680 2336
1458690 2336
1458700 2333
1458710 2330
1458720 2330
1458730 2327
1458740 2325
1458750 2325
1458760 2326
1458770 2327
1458780 2325
1458790 2325
1458800 2323
1458810 2325
1458820 2325
1458830 2322
1458840 2316
1458850 2316
1458860 2312
1458870 2309
1458880 2309
1458890 2304
1458900 2300
1458910 2300
1458920 2295
1458930 2290
1458940 2290
1458950 2285
1458960 2277
1458970 2277
1458980 2272
1458990 2269
1459000 2269
1459010 2267
1459020 2265
1459030 2265
1459040 2262
1459050 2256
1459060 2256
1459070 2251
1459080 2247
1459090 2246
1459100 2246
1459110 2246
1459120 2240
1459130 2240
1459140 2232
1459150 2227
1459160 2227
1459170 2224
1459180 2222
1459190 2222
1459200 2220
1459210 2219
1459220 2219
1459230 2222
1459240 2227
1459250 2227
1459260 2225
1459270 2225
1459280 2225
1459290 2225
1459300 2222
1459310 2222
1459320 2220
1459330 2219
1459340 2219
1459350 2214
1459360 2210
1459370 2210
1459380 2209
1459390 2208
1459400 2206
1459410 2206
1459420 2201
1459430 2195
1459440 2195
1459450 2188
1459460 2181
1459470 2181
1459480 2174
1459490 2169
1459500 2169
1459510 2165
1459520 2160
1459530 2160
1459540 2155
1459550 2150
1459560 2150
1459570 2145
1459580 2141
1459590 2141
1459600 2136
1459610 2129
1459620 2129
1459630 2121
1459640 2115
1459650 2115
1459660 2109
1459670 2105
1459680 2105
1459690 2102
1459700 2100
1459710 2099
1459720 2099
1459730 2099
1459740 2101
1459750 2101
1459760 2104
1459770 2113
1459780 2113
1459790 2125
1459800 2132
1459810 2132
1459820 2140
1459830 2143
1459840 2143
1459850 2147
1459860 2152
1459870 2152
1459880 2161
1459890 2175
1459900 2175
1459910 2182
1459920 2190
1459930 2190
1459940 2197
1459950 2204
1459960 2204
1459970 2212
1459980 2216
1459990 2216
