1440000 1336
1440010 1336
1440020 1338
1440030 1339
1440040 1339
1440050 1339
1440060 1339
1440070 1338
1440080 1338
1440090 1337
1440100 1337
1440110 1337
1440120 1336
1440130 1334
1440140 1334
1440150 1333
1440160 1333
1440170 1333
1440180 1335
1440190 1329
1440200 1329
1440210 1322
1440220 1319
1440230 1319
1440240 1319
1440250 1321
1440260 1321
1440270 1321
1440280 1327
1440290 1327
1440300 1334
1440310 1341
1440320 1341
1440330 1348
1440340 1357
1440350 1357
1440360 1365
1440370 1370
1440380 1376
1440390 1376
1440400 1383
1440410 1390
1440420 1390
1440430 1398
1440440 1406
1440450 1406
1440460 1414
1440470 1424
1440480 1424
1440490 1430
1440500 1434
1440510 1434
1440520 1444
1440530 1459
1440540 1459
1440550 1467
1440560 1473
1440570 1473
1440580 1478
1440590 1483
1440600 1483
1440610 1493
1440620 1503
1440630 1503
1440640 1505
1440650 1506
1440660 1506
1440670 1508
1440680 1512
1440690 1515
1440700 1515
1440710 1512
1440720 1510
1440730 1510
1440740 1507
1440750 1505
1440760 1505
1440770 1510
1440780 1515
1440790 1515
1440800 1515
1440810 1513
1440820 1513
1440830 1514
1440840 1516
1440850 1516
1440860 1514
1440870 1515
1440880 1515
1440890 1515
1440900 1516
1440910 1516
1440920 1519
1440930 1522
1440940 1522
1440950 1523
1440960 1514
1440970 1514
1440980 1515
1440990 1518
1441000 1520
1441010 1520
1441020 1522
1441030 1523
1441040 1523
1441050 1525
1441060 1521
1441070 1521
1441080 1516
1441090 1512
1441100 1512
1441110 1517
1441120 1521
1441130 1521
1441140 1518
1441150 1515
1441160 1515
1441170 1514
1441180 1512
1441190 1512
1441200 1510
1441210 1511
1441220 1511
1441230 1516
1441240 1520
1441250 1520
1441260 1529
1441270 1533
1441280 1533
1441290 1536
1441300 1543
1441310 1548
1441320 1548
1441330 1552
1441340 1557
1441350 1557
1441360 1562
1441370 1566
1441380 1566
1441390 1566
1441400 1563
1441410 1563
1441420 1560
1441430 1561
1441440 1561
1441450 1564
1441460 1569
1441470 1569
1441480 1578
1441490 1581
1441500 1581
1441510 1584
1441520 1595
1441530 1595
1441540 1602
1441550 1610
1441560 1610
1441570 1613
1441580 1613
1441590 1613
1441600 1613
1441610 1613
1441620 1613
1441630 1613
1441640 1612
1441650 1613
1441660 1613
1441670 1615
1441680 1617
1441690 1617
1441700 1616
1441710 1616
1441720 1616
1441730 1614
1441740 1611
1441750 1611
1441760 1607
1441770 1605
1441780 1605
1441790 1604
1441800 1600
1441810 1600
1441820 1595
1441830 1590
1441840 1590
1441850 1589
1441860 1592
1441870 1592
1441880 1596
1441890 1600
1441900 1600
1441910 1604
1441920 1608
1441930 1614
1441940 1614
1441950 1621
1441960 1626
1441970 1626
1441980 1639
1441990 1654
1442000 1654
1442010 1662
1442020 1662
1442030 1662
1442040 1663
1442050 1674
1442060 1674
1442070 1681
1442080 1687
1442090 1687
1442100 1692
1442110 1696
1442120 1696
1442130 1702
1442140 1706
1442150 1706
1442160 1710
1442170 1716
1442180 1716
1442190 1723
1442200 1733
1442210 1733
1442220 1742
1442230 1748
1442240 1751
1442250 1751
1442260 1757
1442270 1768
1442280 1768
1442290 1778
1442300 1785
1442310 1785
1442320 1793
1442330 1799
1442340 1799
1442350 1801
1442360 1803
1442370 1803
1442380 1810
1442390 1816
1442400 1816
1442410 1820
1442420 1823
1442430 1823
1442440 1830
1442450 1839
1442460 1839
1442470 1844
1442480 1849
1442490 1849
1442500 1854
1442510 1859
1442520 1859
1442530 1866
1442540 1874
1442550 1883
1442560 1883
1442570 1897
1442580 1916
1442590 1916
1442600 1931
1442610 1938
1442620 1938
1442630 1945
1442640 1953
1442650 1953
1442660 1961
1442670 1968
1442680 1968
1442690 1975
1442700 1981
1442710 1981
1442720 1987
1442730 1993
1442740 1993
1442750 1997
1442760 1997
1442770 1997
1442780 1995
1442790 1992
1442800 1992
1442810 1989
1442820 1989
1442830 1989
1442840 1990
1442850 1993
1442860 1994
1442870 1994
1442880 1995
1442890 1991
1442900 1991
1442910 1988
1442920 1987
1442930 1987
1442940 1983
1442950 1975
1442960 1975
1442970 1971
1442980 1970
1442990 1970
1443000 1966
1443010 1966
1443020 1966
1443030 1966
1443040 1969
1443050 1969
1443060 1974
1443070 1982
1443080 1982
1443090 1986
1443100 1982
1443110 1982
1443120 1970
1443130 1958
1443140 1958
1443150 1946
1443160 1933
1443170 1917
1443180 1917
1443190 1903
1443200 1893
1443210 1893
1443220 1886
1443230 1886
1443240 1886
1443250 1888
1443260 1892
1443270 1892
1443280 1895
1443290 1896
1443300 1896
1443310 1891
1443320 1880
1443330 1880
1443340 1874
1443350 1863
1443360 1863
1443370 1848
1443380 1845
1443390 1845
1443400 1841
1443410 1843
1443420 1843
1443430 1845
1443440 1849
1443450 1849
1443460 1854
1443470 1854
1443480 1853
1443490 1853
1443500 1850
1443510 1850
1443520 1850
1443530 1853
1443540 1858
1443550 1858
1443560 1860
1443570 1857
1443580 1857
1443590 1860
1443600 1861
1443610 1861
1443620 1863
1443630 1866
1443640 1866
1443650 1864
1443660 1863
1443670 1863
1443680 1868
1443690 1868
1443700 1868
1443710 1867
1443720 1866
1443730 1866
1443740 1865
1443750 1862
1443760 1862
1443770 1858
1443780 1865
1443790 1876
1443800 1876
1443810 1883
1443820 1888
1443830 1888
1443840 1893
1443850 1900
1443860 1900
1443870 1908
1443880 1923
1443890 1923
1443900 1932
1443910 1936
1443920 1936
1443930 1945
1443940 1957
1443950 1957
1443960 1966
1443970 1975
1443980 1975
1443990 1984
1444000 1996
1444010 1996
1444020 2006
1444030 2012
1444040 2012
1444050 2014
1444060 2016
1444070 2016
1444080 2024
1444090 2032
1444100 2041
1444110 2041
1444120 2048
1444130 2053
1444140 2053
1444150 2060
1444160 2069
1444170 2069
1444180 2075
1444190 2076
1444200 2076
1444210 2083
1444220 2087
1444230 2087
1444240 2091
1444250 2095
1444260 2095
1444270 2097
1444280 2096
1444290 2096
1444300 2093
1444310 2089
1444320 2089
1444330 2089
1444340 2090
1444350 2090
1444360 2092
1444370 2094
1444380 2094
1444390 2097
1444400 2098
1444410 2103
1444420 2103
1444430 2103
1444440 2105
1444450 2105
1444460 2105
1444470 2107
1444480 2107
1444490 2107
1444500 2106
1444510 2106
1444520 2105
1444530 2101
1444540 2101
1444550 2094
1444560 2092
1444570 2092
1444580 2090
1444590 2088
1444600 2088
1444610 2086
1444620 2084
1444630 2084
1444640 2082
1444650 2085
1444660 2085
1444670 2085
1444680 2084
1444690 2084
1444700 2089
1444710 2098
1444720 2110
1444730 2110
1444740 2118
1444750 2128
1444760 2128
1444770 2130
1444780 2125
1444790 2125
1444800 2126
1444810 2130
1444820 2130
1444830 2151
1444840 2171
1444850 2171
1444860 2174
1444870 2172
1444880 2172
1444890 2171
1444900 2144
1444910 2144
1444920 2135
1444930 2131
1444940 2131
1444950 2137
1444960 2144
1444970 2144
1444980 2132
1444990 2124
1445000 2124
1445010 2115
1445020 2093
1445030 2077
1445040 2077
1445050 2068
1445060 2052
1445070 2052
1445080 2041
1445090 2024
1445100 2024
1445110 1986
1445120 1977
1445130 1977
1445140 1972
1445150 1966
1445160 1966
1445170 1961
1445180 1957
1445190 1957
1445200 1952
1445210 1948
1445220 1948
1445230 1944
1445240 1940
1445250 1940
1445260 1937
1445270 1934
1445280 1934
1445290 1931
1445300 1929
1445310 1929
1445320 1927
1445330 1924
1445340 1920
1445350 1920
1445360 1916
1445370 1913
1445380 1913
1445390 1908
1445400 1904
1445410 1904
1445420 1901
1445430 1900
1445440 1900
1445450 1898
1445460 1897
1445470 1897
1445480 1896
1445490 1892
1445500 1892
1445510 1886
1445520 1881
1445530 1881
1445540 1876
1445550 1871
1445560 1871
1445570 1867
1445580 1868
1445590 1868
1445600 1864
1445610 1860
1445620 1860
1445630 1859
1445640 1855
1445650 1850
1445660 1850
1445670 1845
1445680 1842
1445690 1842
1445700 1838
1445710 1836
1445720 1836
1445730 1833
1445740 1831
1445750 1831
1445760 1829
1445770 1827
1445780 1827
1445790 1825
1445800 1823
1445810 1823
1445820 1821
1445830 1817
1445840 1817
1445850 1814
1445860 1813
1445870 1813
1445880 1812
1445890 1810
1445900 1810
1445910 1806
1445920 1802
1445930 1802
1445940 1798
1445950 1795
1445960 1791
1445970 1791
1445980 1788
1445990 1784
1446000 1784
1446010 1780
1446020 1775
1446030 1775
1446040 1770
1446050 1764
1446060 1764
1446070 1760
1446080 1756
1446090 1756
1446100 1751
1446110 1746
1446120 1746
1446130 1742
1446140 1742
1446150 1742
1446160 1742
1446170 1739
1446180 1739
1446190 1737
1446200 1734
1446210 1734
1446220 1731
1446230 1728
1446240 1728
1446250 1729
1446260 1730
1446270 1730
1446280 1730
1446290 1728
1446300 1723
1446310 1723
1446320 1719
1446330 1717
1446340 1717
1446350 1714
1446360 1710
1446370 1710
1446380 1704
1446390 1697
1446400 1697
1446410 1693
1446420 1687
1446430 1687
1446440 1681
1446450 1678
1446460 1678
1446470 1677
1446480 1677
1446490 1677
1446500 1673
1446510 1667
1446520 1667
1446530 1661
1446540 1655
1446550 1655
1446560 1649
1446570 1643
1446580 1644
1446590 1644
1446600 1644
1446610 1639
1446620 1639
1446630 1636
1446640 1634
1446650 1634
1446660 1632
1446670 1626
1446680 1626
1446690 1619
1446700 1612
1446710 1612
1446720 1606
1446730 1599
1446740 1599
1446750 1593
1446760 1590
1446770 1590
1446780 1588
1446790 1589
1446800 1589
1446810 1584
1446820 1578
1446830 1578
1446840 1573
1446850 1570
1446860 1570
1446870 1569
1446880 1572
1446890 1571
1446900 1571
1446910 1564
1446920 1556
1446930 1556
1446940 1555
1446950 1555
1446960 1555
1446970 1553
1446980 1552
1446990 1552
1447000 1553
1447010 1551
1447020 1551
1447030 1549
1447040 1549
1447050 1549
1447060 1555
1447070 1561
1447080 1561
1447090 1566
1447100 1557
1447110 1557
1447120 1553
1447130 1554
1447140 1554
1447150 1557
1447160 1563
1447170 1563
1447180 1569
1447190 1577
1447200 1579
1447210 1579
1447220 1583
1447230 1592
1447240 1592
1447250 1596
1447260 1613
1447270 1613
1447280 1623
1447290 1609
1447300 1609
1447310 1606
1447320 1609
1447330 1609
1447340 1609
1447350 1603
1447360 1603
1447370 1603
1447380 1604
1447390 1604
1447400 1601
1447410 1596
1447420 1596
1447430 1597
1447440 1600
1447450 1600
1447460 1613
1447470 1627
1447480 1627
1447490 1637
1447500 1642
1447510 1648
1447520 1648
1447530 1659
1447540 1663
1447550 1663
1447560 1662
1447570 1658
1447580 1658
1447590 1661
1447600 1667
1447610 1667
1447620 1668
1447630 1669
1447640 1669
1447650 1671
1447660 1679
1447670 1679
1447680 1689
1447690 1699
1447700 1699
1447710 1701
1447720 1700
1447730 1700
1447740 1699
1447750 1698
1447760 1698
1447770 1697
1447780 1692
1447790 1692
1447800 1686
1447810 1685
1447820 1683
1447830 1683
1447840 1680
1447850 1671
1447860 1671
1447870 1662
1447880 1655
1447890 1655
1447900 1651
1447910 1647
1447920 1647
1447930 1645
1447940 1650
1447950 1650
1447960 1659
1447970 1670
1447980 1670
1447990 1680
1448000 1673
1448010 1673
1448020 1664
1448030 1655
1448040 1655
1448050 1643
1448060 1632
1448070 1632
1448080 1626
1448090 1621
1448100 1621
1448110 1616
1448120 1613
1448130 1607
1448140 1607
1448150 1601
1448160 1597
1448170 1597
1448180 1593
1448190 1586
1448200 1586
1448210 1585
1448220 1586
1448230 1586
1448240 1584
1448250 1581
1448260 1581
1448270 1576
1448280 1576
1448290 1576
1448300 1577
1448310 1578
1448320 1578
1448330 1578
1448340 1578
1448350 1578
1448360 1580
1448370 1581
1448380 1581
1448390 1581
1448400 1581
1448410 1581
1448420 1581
1448430 1579
1448440 1579
1448450 1579
1448460 1581
1448470 1584
1448480 1584
1448490 1586
1448500 1588
1448510 1588
1448520 1590
1448530 1591
1448540 1591
1448550 1592
1448560 1593
1448570 1593
1448580 1595
1448590 1597
1448600 1597
1448610 1600
1448620 1603
1448630 1603
1448640 1606
1448650 1609
1448660 1609
1448670 1613
1448680 1616
1448690 1616
1448700 1619
1448710 1622
1448720 1622
1448730 1625
1448740 1627
1448750 1631
1448760 1631
1448770 1634
1448780 1637
1448790 1637
1448800 1640
1448810 1642
1448820 1642
1448830 1645
1448840 1649
1448850 1649
1448860 1654
1448870 1659
1448880 1659
1448890 1664
1448900 1668
1448910 1668
1448920 1673
1448930 1678
1448940 1678
1448950 1682
1448960 1685
1448970 1685
1448980 1690
1448990 1693
1449000 1693
1449010 1696
1449020 1699
1449030 1699
1449040 1703
1449050 1706
1449060 1706
1449070 1711
1449080 1714
1449090 1717
1449100 1717
1449110 1718
1449120 1720
1449130 1720
1449140 1723
1449150 1725
1449160 1725
1449170 1743
1449180 1770
1449190 1770
1449200 1790
1449210 1809
1449220 1809
1449230 1827
1449240 1842
1449250 1842
1449260 1875
1449270 1910
1449280 1910
1449290 1924
1449300 1928
1449310 1928
1449320 1936
1449330 1945
1449340 1945
1449350 1939
1449360 1940
1449370 1940
1449380 1957
1449390 1966
1449400 1971
1449410 1971
1449420 2000
1449430 2016
1449440 2016
1449450 2028
1449460 2030
1449470 2030
1449480 2028
1449490 2024
1449500 2024
1449510 2020
1449520 2018
1449530 2018
1449540 2017
1449550 2015
1449560 2015
1449570 2013
1449580 2012
1449590 2012
1449600 2012
1449610 2018
1449620 2018
1449630 2020
1449640 2021
1449650 2021
1449660 2023
1449670 2024
1449680 2024
1449690 2024
1449700 2026
1449710 2029
1449720 2029
1449730 2031
1449740 2031
1449750 2031
1449760 2038
1449770 2041
1449780 2041
1449790 2041
1449800 2044
1449810 2044
1449820 2046
1449830 2047
1449840 2047
1449850 2049
1449860 2052
1449870 2052
1449880 2057
1449890 2062
1449900 2062
1449910 2068
1449920 2074
1449930 2074
1449940 2079
1449950 2085
1449960 2085
1449970 2090
1449980 2096
1449990 2096
1450000 2102
1450010 2107
1450020 2112
1450030 2112
1450040 2118
1450050 2123
1450060 2123
1450070 2129
1450080 2134
1450090 2134
1450100 2139
1450110 2146
1450120 2146
1450130 2153
1450140 2161
1450150 2161
1450160 2178
1450170 2194
1450180 2194
1450190 2209
1450200 2215
1450210 2215
1450220 2221
1450230 2231
1450240 2231
1450250 2242
1450260 2249
1450270 2249
1450280 2256
1450290 2262
1450300 2262
1450310 2269
1450320 2275
1450330 2282
1450340 2282
1450350 2289
1450360 2302
1450370 2302
1450380 2317
1450390 2334
1450400 2334
1450410 2347
1450420 2357
1450430 2357
1450440 2365
1450450 2369
1450460 2369
1450470 2373
1450480 2382
1450490 2382
1450500 2397
1450510 2407
1450520 2407
1450530 2415
1450540 2424
1450550 2424
1450560 2430
1450570 2436
1450580 2436
1450590 2441
1450600 2444
1450610 2444
1450620 2448
1450630 2456
1450640 2458
1450650 2458
1450660 2460
1450670 2469
1450680 2469
1450690 2475
1450700 2481
1450710 2481
1450720 2488
1450730 2497
1450740 2497
1450750 2506
1450760 2514
1450770 2514
1450780 2523
1450790 2539
1450800 2539
1450810 2551
1450820 2561
1450830 2561
1450840 2564
1450850 2568
1450860 2568
1450870 2569
1450880 2569
1450890 2569
1450900 2586
1450910 2583
1450920 2583
1450930 2581
1450940 2579
1450950 2581
1450960 2581
1450970 2582
1450980 2578
1450990 2578
1451000 2558
1451010 2544
1451020 2544
1451030 2528
1451040 2513
1451050 2513
1451060 2499
1451070 2488
1451080 2488
1451090 2481
1451100 2473
1451110 2473
1451120 2466
1451130 2461
1451140 2461
1451150 2454
1451160 2449
1451170 2449
1451180 2442
1451190 2433
1451200 2433
1451210 2426
1451220 2419
1451230 2419
1451240 2413
1451250 2408
1451260 2403
1451270 2403
1451280 2398
1451290 2392
1451300 2392
1451310 2387
1451320 2380
1451330 2380
1451340 2374
1451350 2369
1451360 2369
1451370 2363
1451380 2359
1451390 2359
1451400 2353
1451410 2351
1451420 2351
1451430 2349
1451440 2354
1451450 2354
1451460 2356
1451470 2358
1451480 2358
1451490 2362
1451500 2365
1451510 2365
1451520 2364
1451530 2366
1451540 2366
1451550 2367
1451560 2366
1451570 2365
1451580 2365
1451590 2360
1451600 2355
1451610 2355
1451620 2352
1451630 2348
1451640 2348
1451650 2344
1451660 2339
1451670 2339
1451680 2334
1451690 2329
1451700 2329
1451710 2327
1451720 2325
1451730 2325
1451740 2321
1451750 2318
1451760 2318
1451770 2317
1451780 2313
1451790 2313
1451800 2312
1451810 2309
1451820 2309
1451830 2309
1451840 2307
1451850 2307
1451860 2307
1451870 2307
1451880 2306
1451890 2306
1451900 2304
1451910 2308
1451920 2308
1451930 2309
1451940 2307
1451950 2307
1451960 2303
1451970 2301
1451980 2301
1451990 2299
1452000 2299
1452010 2299
1452020 2300
1452030 2302
1452040 2302
1452050 2303
1452060 2307
1452070 2307
1452080 2310
1452090 2314
1452100 2314
1452110 2318
1452120 2318
1452130 2318
1452140 2319
1452150 2319
1452160 2319
1452170 2320
1452180 2323
1452190 2329
1452200 2329
1452210 2333
1452220 2338
1452230 2338
1452240 2343
1452250 2348
1452260 2348
1452270 2351
1452280 2354
1452290 2354
1452300 2356
1452310 2357
1452320 2357
1452330 2360
1452340 2364
1452350 2364
1452360 2369
1452370 2374
1452380 2374
1452390 2378
1452400 2381
1452410 2381
1452420 2384
1452430 2386
1452440 2386
1452450 2392
1452460 2396
1452470 2396
1452480 2396
1452490 2394
1452500 2396
1452510 2396
1452520 2399
1452530 2404
1452540 2404
1452550 2407
1452560 2411
1452570 2411
1452580 2421
1452590 2424
1452600 2424
1452610 2424
1452620 2424
1452630 2424
1452640 2424
1452650 2425
1452660 2425
1452670 2426
1452680 2427
1452690 2427
1452700 2428
1452710 2429
1452720 2429
1452730 2429
1452740 2431
1452750 2431
1452760 2433
1452770 2434
1452780 2434
1452790 2434
1452800 2438
1452810 2441
1452820 2441
1452830 2443
1452840 2443
1452850 2443
1452860 2446
1452870 2450
1452880 2450
1452890 2452
1452900 2454
1452910 2454
1452920 2458
1452930 2459
1452940 2459
1452950 2458
1452960 2460
1452970 2460
1452980 2461
1452990 2459
1453000 2459
1453010 2457
1453020 2454
1453030 2454
1453040 2452
1453050 2449
1453060 2449
1453070 2447
1453080 2447
1453090 2447
1453100 2445
1453110 2443
1453120 2443
1453130 2443
1453140 2443
1453150 2443
1453160 2443
1453170 2441
1453180 2438
1453190 2438
1453200 2433
1453210 2432
1453220 2432
1453230 2433
1453240 2435
1453250 2435
1453260 2433
1453270 2432
1453280 2432
1453290 2431
1453300 2430
1453310 2430
1453320 2428
1453330 2426
1453340 2426
1453350 2425
1453360 2426
1453370 2426
1453380 2427
1453390 2432
1453400 2432
1453410 2435
1453420 2438
1453430 2439
1453440 2439
1453450 2439
1453460 2440
1453470 2440
1453480 2441
1453490 2443
1453500 2443
1453510 2445
1453520 2447
1453530 2447
1453540 2449
1453550 2449
1453560 2449
1453570 2448
1453580 2450
1453590 2450
1453600 2452
1453610 2454
1453620 2454
1453630 2457
1453640 2456
1453650 2456
1453660 2453
1453670 2452
1453680 2452
1453690 2452
1453700 2451
1453710 2451
1453720 2447
1453730 2442
1453740 2439
1453750 2439
1453760 2434
1453770 2423
1453780 2423
1453790 2417
1453800 2413
1453810 2413
1453820 2411
1453830 2413
1453840 2413
1453850 2413
1453860 2413
1453870 2413
1453880 2412
1453890 2411
1453900 2411
1453910 2409
1453920 2407
1453930 2407
1453940 2406
1453950 2404
1453960 2404
1453970 2404
1453980 2406
1453990 2406
1454000 2409
1454010 2411
1454020 2411
1454030 2412
1454040 2415
1454050 2416
1454060 2416
1454070 2416
1454080 2414
1454090 2414
1454100 2413
1454110 2412
1454120 2412
1454130 2413
1454140 2414
1454150 2414
1454160 2417
1454170 2418
1454180 2418
1454190 2418
1454200 2418
1454210 2418
1454220 2416
1454230 2413
1454240 2413
1454250 2411
1454260 2409
1454270 2409
1454280 2405
1454290 2402
1454300 2402
1454310 2398
1454320 2394
1454330 2394
1454340 2391
1454350 2391
1454360 2389
1454370 2389
1454380 2389
1454390 2392
1454400 2392
1454410 2391
1454420 2387
1454430 2387
1454440 2389
1454450 2391
1454460 2391
1454470 2388
1454480 2391
1454490 2391
1454500 2392
1454510 2393
1454520 2393
1454530 2396
1454540 2397
1454550 2397
1454560 2396
1454570 2395
1454580 2395
1454590 2396
1454600 2398
1454610 2398
1454620 2401
1454630 2403
1454640 2403
1454650 2404
1454660 2404
1454670 2404
1454680 2404
1454690 2404
1454700 2402
1454710 2402
1454720 2399
1454730 2395
1454740 2395
1454750 2398
1454760 2397
1454770 2397
1454780 2392
1454790 2389
1454800 2389
1454810 2388
1454820 2387
1454830 2387
1454840 2384
1454850 2386
1454860 2386
1454870 2390
1454880 2391
1454890 2391
1454900 2391
1454910 2392
1454920 2392
1454930 2395
1454940 2393
1454950 2393
1454960 2391
1454970 2390
1454980 2387
1454990 2387
1455000 2387
1455010 2387
1455020 2387
1455030 2386
1455040 2384
1455050 2384
1455060 2383
1455070 2383
1455080 2383
1455090 2382
1455100 2381
1455110 2381
1455120 2380
1455130 2378
1455140 2378
1455150 2373
1455160 2370
1455170 2370
1455180 2371
1455190 2370
1455200 2370
1455210 2367
1455220 2362
1455230 2362
1455240 2356
1455250 2348
1455260 2348
1455270 2347
1455280 2348
1455290 2344
1455300 2344
1455310 2346
1455320 2350
1455330 2350
1455340 2354
1455350 2358
1455360 2358
1455370 2364
1455380 2364
1455390 2364
1455400 2364
1455410 2367
1455420 2367
1455430 2373
1455440 2381
1455450 2381
1455460 2388
1455470 2392
1455480 2392
1455490 2394
1455500 2398
1455510 2398
1455520 2403
1455530 2409
1455540 2409
1455550 2415
1455560 2420
1455570 2420
1455580 2422
1455590 2425
1455600 2427
1455610 2427
1455620 2430
1455630 2431
1455640 2431
1455650 2430
1455660 2429
1455670 2429
1455680 2430
1455690 2433
1455700 2433
1455710 2433
1455720 2433
1455730 2433
1455740 2430
1455750 2428
1455760 2428
1455770 2427
1455780 2427
1455790 2427
1455800 2427
1455810 2426
1455820 2426
1455830 2422
1455840 2421
1455850 2421
1455860 2421
1455870 2421
1455880 2421
1455890 2414
1455900 2413
1455910 2413
1455920 2413
1455930 2414
1455940 2413
1455950 2413
1455960 2412
1455970 2413
1455980 2413
1455990 2411
1456000 2408
1456010 2408
1456020 2409
1456030 2410
1456040 2410
1456050 2409
1456060 2407
1456070 2407
1456080 2409
1456090 2411
1456100 2411
1456110 2412
1456120 2415
1456130 2415
1456140 2418
1456150 2416
1456160 2416
1456170 2420
1456180 2432
1456190 2432
1456200 2442
1456210 2448
1456220 2453
1456230 2453
1456240 2456
1456250 2458
1456260 2458
1456270 2459
1456280 2461
1456290 2461
1456300 2461
1456310 2460
1456320 2460
1456330 2461
1456340 2460
1456350 2460
1456360 2458
1456370 2459
1456380 2459
1456390 2461
1456400 2462
1456410 2462
1456420 2462
1456430 2458
1456440 2458
1456450 2454
1456460 2453
1456470 2453
1456480 2450
1456490 2449
1456500 2449
1456510 2450
1456520 2451
1456530 2451
1456540 2451
1456550 2450
1456560 2447
1456570 2447
1456580 2446
1456590 2446
1456600 2446
1456610 2445
1456620 2443
1456630 2443
1456640 2447
1456650 2451
1456660 2451
1456670 2452
1456680 2450
1456690 2450
1456700 2447
1456710 2443
1456720 2443
1456730 2441
1456740 2440
1456750 2440
1456760 2439
1456770 2435
1456780 2435
1456790 2431
1456800 2424
1456810 2424
1456820 2421
1456830 2420
1456840 2419
1456850 2419
1456860 2419
1456870 2419
1456880 2419
1456890 2419
1456900 2420
1456910 2420
1456920 2421
1456930 2420
1456940 2420
1456950 2418
1456960 2418
1456970 2418
1456980 2419
1456990 2421
1457000 2421
1457010 2427
1457020 2434
1457030 2434
1457040 2441
1457050 2451
1457060 2451
1457070 2459
1457080 2468
1457090 2468
1457100 2476
1457110 2483
1457120 2483
1457130 2488
1457140 2494
1457150 2500
1457160 2500
1457170 2506
1457180 2519
1457190 2519
1457200 2529
1457210 2537
1457220 2537
1457230 2545
1457240 2553
1457250 2553
1457260 2563
1457270 2572
1457280 2572
1457290 2579
1457300 2584
1457310 2584
1457320 2589
1457330 2594
1457340 2594
1457350 2600
1457360 2609
1457370 2609
1457380 2620
1457390 2630
1457400 2630
1457410 2630
1457420 2622
1457430 2622
1457440 2612
1457450 2604
1457460 2597
1457470 2597
1457480 2588
1457490 2577
1457500 2577
1457510 2570
1457520 2566
1457530 2566
1457540 2563
1457550 2561
1457560 2561
1457570 2559
1457580 2557
1457590 2557
1457600 2553
1457610 2551
1457620 2551
1457630 2549
1457640 2546
1457650 2546
1457660 2547
1457670 2550
1457680 2550
1457690 2550
1457700 2552
1457710 2552
1457720 2556
1457730 2558
1457740 2558
1457750 2561
1457760 2564
1457770 2567
1457780 2567
1457790 2569
1457800 2572
1457810 2572
1457820 2576
1457830 2580
1457840 2580
1457850 2584
1457860 2590
1457870 2590
1457880 2595
1457890 2601
1457900 2601
1457910 2605
1457920 2611
1457930 2611
1457940 2615
1457950 2620
1457960 2620
1457970 2624
1457980 2628
1457990 2628
1458000 2633
1458010 2637
1458020 2637
1458030 2640
1458040 2642
1458050 2642
1458060 2641
1458070 2639
1458080 2636
1458090 2636
1458100 2633
1458110 2629
1458120 2629
1458130 2624
1458140 2616
1458150 2616
1458160 2611
1458170 2606
1458180 2606
1458190 2601
1458200 2594
1458210 2594
1458220 2588
1458230 2582
1458240 2582
1458250 2577
1458260 2573
1458270 2573
1458280 2568
1458290 2564
1458300 2564
1458310 2559
1458320 2554
1458330 2554
1458340 2549
1458350 2543
1458360 2543
1458370 2538
1458380 2537
1458390 2535
1458400 2535
1458410 2532
1458420 2531
1458430 2531
1458440 2529
1458450 2525
1458460 2525
1458470 2525
1458480 2527
1458490 2527
1458500 2526
1458510 2525
1458520 2525
1458530 2523
1458540 2520
1458550 2520
1458560 2519
1458570 2517
1458580 2517
1458590 2513
1458600 2510
1458610 2510
1458620 2507
1458630 2506
1458640 2506
1458650 2508
1458660 2514
1458670 2514
1458680 2520
1458690 2522
1458700 2522
1458710 2522
1458720 2528
1458730 2537
1458740 2537
1458750 2544
1458760 2548
1458770 2548
1458780 2552
1458790 2557
1458800 2557
1458810 2563
1458820 2563
1458830 2563
1458840 2562
1458850 2561
1458860 2561
1458870 2559
1458880 2556
1458890 2556
1458900 2552
1458910 2548
1458920 2548
1458930 2544
1458940 2539
1458950 2539
1458960 2531
1458970 2521
1458980 2521
1458990 2516
1459000 2507
1459010 2498
1459020 2498
1459030 2490
1459040 2489
1459050 2489
1459060 2480
1459070 2465
1459080 2465
1459090 2451
1459100 2447
1459110 2447
1459120 2450
1459130 2440
1459140 2440
1459150 2425
1459160 2409
1459170 2409
1459180 2383
1459190 2348
1459200 2348
1459210 2332
1459220 2321
1459230 2321
1459240 2308
1459250 2300
1459260 2300
1459270 2294
1459280 2289
1459290 2289
1459300 2284
1459310 2280
1459320 2276
1459330 2276
1459340 2272
1459350 2268
1459360 2268
1459370 2264
1459380 2261
1459390 2261
1459400 2257
1459410 2253
1459420 2253
1459430 2249
1459440 2246
1459450 2246
1459460 2243
1459470 2241
1459480 2241
1459490 2238
1459500 2235
1459510 2235
1459520 2232
1459530 2230
1459540 2230
1459550 2229
1459560 2229
1459570 2229
1459580 2227
1459590 2220
1459600 2220
1459610 2219
1459620 2218
1459630 2217
1459640 2217
1459650 2215
1459660 2211
1459670 2211
1459680 2209
1459690 2206
1459700 2206
1459710 2204
1459720 2202
1459730 2202
1459740 2201
1459750 2199
1459760 2199
1459770 2196
1459780 2192
1459790 2192
1459800 2190
1459810 2187
1459820 2187
1459830 2188
1459840 2188
1459850 2188
1459860 2187
1459870 2186
1459880 2186
1459890 2185
1459900 2186
1459910 2186
1459920 2187
1459930 2186
1459940 2184
1459950 2184
1459960 2184
1459970 2188
1459980 2188
1459990 2199
