1440000 1522
1440010 1519
1440020 1517
1440030 1517
1440040 1515
1440050 1513
1440060 1513
1440070 1509
1440080 1505
1440090 1505
1440100 1506
1440110 1504
1440120 1504
1440130 1497
1440140 1494
1440150 1494
1440160 1495
1440170 1497
1440180 1497
1440190 1502
1440200 1503
1440210 1503
1440220 1502
1440230 1503
1440240 1503
1440250 1504
1440260 1506
1440270 1506
1440280 1508
1440290 1507
1440300 1507
1440310 1504
1440320 1502
1440330 1499
1440340 1499
1440350 1497
1440360 1496
1440370 1496
1440380 1497
1440390 1499
1440400 1499
1440410 1501
1440420 1508
1440430 1508
1440440 1514
1440450 1516
1440460 1516
1440470 1517
1440480 1516
1440490 1516
1440500 1517
1440510 1521
1440520 1521
1440530 1527
1440540 1535
1440550 1535
1440560 1541
1440570 1545
1440580 1545
1440590 1549
1440600 1552
1440610 1552
1440620 1553
1440630 1555
1440640 1559
1440650 1559
1440660 1561
1440670 1564
1440680 1564
1440690 1566
1440700 1568
1440710 1568
1440720 1567
1440730 1564
1440740 1564
1440750 1561
1440760 1559
1440770 1559
1440780 1558
1440790 1555
1440800 1555
1440810 1552
1440820 1550
1440830 1550
1440840 1550
1440850 1552
1440860 1552
1440870 1556
1440880 1561
1440890 1561
1440900 1567
1440910 1572
1440920 1572
1440930 1577
1440940 1583
1440950 1589
1440960 1589
1440970 1595
1440980 1603
1440990 1603
1441000 1610
1441010 1618
1441020 1618
1441030 1625
1441040 1632
1441050 1632
1441060 1638
1441070 1645
1441080 1645
1441090 1652
1441100 1659
1441110 1659
1441120 1666
1441130 1673
1441140 1673
1441150 1678
1441160 1683
1441170 1683
1441180 1691
1441190 1699
1441200 1699
1441210 1722
1441220 1746
1441230 1746
1441240 1753
1441250 1753
1441260 1757
1441270 1757
1441280 1768
1441290 1780
1441300 1780
1441310 1793
1441320 1808
1441330 1808
1441340 1822
1441350 1835
1441360 1835
1441370 1844
1441380 1856
1441390 1856
1441400 1866
1441410 1871
1441420 1871
1441430 1873
1441440 1874
1441450 1874
1441460 1876
1441470 1882
1441480 1882
1441490 1890
1441500 1899
1441510 1899
1441520 1925
1441530 1955
1441540 1955
1441550 1971
1441560 1992
1441570 2005
1441580 2005
1441590 2017
1441600 2032
1441610 2032
1441620 2040
1441630 2046
1441640 2046
1441650 2051
1441660 2051
1441670 2051
1441680 2048
1441690 2050
1441700 2050
1441710 2055
1441720 2050
1441730 2050
1441740 2062
1441750 2081
1441760 2081
1441770 2089
1441780 2102
1441790 2102
1441800 2118
1441810 2132
1441820 2132
1441830 2150
1441840 2167
1441850 2167
1441860 2181
1441870 2179
1441880 2177
1441890 2177
1441900 2174
1441910 2172
1441920 2172
1441930 2178
1441940 2198
1441950 2198
1441960 2214
1441970 2219
1441980 2219
1441990 2219
1442000 2218
1442010 2218
1442020 2221
1442030 2221
1442040 2221
1442050 2223
1442060 2217
1442070 2217
1442080 2208
1442090 2198
1442100 2198
1442110 2188
1442120 2177
1442130 2177
1442140 2169
1442150 2163
1442160 2163
1442170 2165
1442180 2170
1442190 2176
1442200 2176
1442210 2178
1442220 2189
1442230 2189
1442240 2193
1442250 2184
1442260 2184
1442270 2179
1442280 2188
1442290 2188
1442300 2194
1442310 2191
1442320 2191
1442330 2189
1442340 2186
1442350 2186
1442360 2185
1442370 2181
1442380 2181
1442390 2174
1442400 2166
1442410 2166
1442420 2162
1442430 2165
1442440 2165
1442450 2167
1442460 2166
1442470 2166
1442480 2169
1442490 2173
1442500 2173
1442510 2180
1442520 2188
1442530 2195
1442540 2195
1442550 2203
1442560 2211
1442570 2211
1442580 2218
1442590 2225
1442600 2225
1442610 2232
1442620 2239
1442630 2239
1442640 2245
1442650 2250
1442660 2250
1442670 2256
1442680 2263
1442690 2263
1442700 2271
1442710 2280
1442720 2280
1442730 2290
1442740 2300
1442750 2300
1442760 2302
1442770 2301
1442780 2301
1442790 2304
1442800 2309
1442810 2309
1442820 2313
1442830 2316
1442840 2330
1442850 2324
1442860 2340
1442870 2349
1442880 2349
1442890 2354
1442900 2357
1442910 2357
1442920 2379
1442930 2431
1442940 2431
1442950 2469
1442960 2433
1442970 2433
1442980 2442
1442990 2473
1443000 2473
1443010 2492
1443020 2503
1443030 2503
1443040 2511
1443050 2517
1443060 2517
1443070 2523
1443080 2549
1443090 2549
1443100 2574
1443110 2594
1443120 2594
1443130 2620
1443140 2619
1443150 2616
1443160 2616
1443170 2611
1443180 2604
1443190 2604
1443200 2598
1443210 2593
1443220 2593
1443230 2590
1443240 2590
1443250 2590
1443260 2581
1443270 2569
1443280 2569
1443290 2558
1443300 2551
1443310 2551
1443320 2544
1443330 2534
1443340 2534
1443350 2529
1443360 2525
1443370 2525
1443380 2522
1443390 2517
1443400 2517
1443410 2510
1443420 2493
1443430 2493
1443440 2471
1443450 2453
1443460 2440
1443470 2440
1443480 2431
1443490 2422
1443500 2422
1443510 2414
1443520 2409
1443530 2409
1443540 2404
1443550 2400
1443560 2400
1443570 2396
1443580 2389
1443590 2389
1443600 2383
1443610 2378
1443620 2378
1443630 2374
1443640 2363
1443650 2363
1443660 2356
1443670 2352
1443680 2352
1443690 2350
1443700 2350
1443710 2350
1443720 2354
1443730 2361
1443740 2361
1443750 2369
1443760 2380
1443770 2392
1443780 2392
1443790 2401
1443800 2403
1443810 2403
1443820 2404
1443830 2412
1443840 2412
1443850 2420
1443860 2426
1443870 2426
1443880 2437
1443890 2444
1443900 2444
1443910 2453
1443920 2461
1443930 2461
1443940 2468
1443950 2473
1443960 2473
1443970 2478
1443980 2481
1443990 2481
1444000 2480
1444010 2480
1444020 2480
1444030 2479
1444040 2479
1444050 2479
1444060 2478
1444070 2479
1444080 2477
1444090 2477
1444100 2474
1444110 2473
1444120 2473
1444130 2472
1444140 2471
1444150 2471
1444160 2471
1444170 2471
1444180 2471
1444190 2471
1444200 2470
1444210 2470
1444220 2470
1444230 2470
1444240 2470
1444250 2471
1444260 2472
1444270 2472
1444280 2475
1444290 2476
1444300 2476
1444310 2475
1444320 2475
1444330 2475
1444340 2477
1444350 2479
1444360 2479
1444370 2480
1444380 2480
1444390 2480
1444400 2480
1444410 2481
1444420 2481
1444430 2481
1444440 2478
1444450 2478
1444460 2478
1444470 2477
1444480 2476
1444490 2476
1444500 2478
1444510 2479
1444520 2479
1444530 2479
1444540 2477
1444550 2477
1444560 2475
1444570 2477
1444580 2477
1444590 2479
1444600 2480
1444610 2480
1444620 2480
1444630 2482
1444640 2482
1444650 2481
1444660 2481
1444670 2481
1444680 2484
1444690 2487
1444700 2489
1444710 2489
1444720 2490
1444730 2493
1444740 2493
1444750 2499
1444760 2504
1444770 2504
1444780 2506
1444790 2508
1444800 2508
1444810 2503
1444820 2490
1444830 2490
1444840 2481
1444850 2467
1444860 2467
1444870 2455
1444880 2444
1444890 2444
1444900 2431
1444910 2415
1444920 2415
1444930 2405
1444940 2389
1444950 2389
1444960 2375
1444970 2366
1444980 2366
1444990 2351
1445000 2339
1445010 2328
1445020 2328
1445030 2318
1445040 2309
1445050 2309
1445060 2287
1445070 2243
1445080 2243
1445090 2226
1445100 2205
1445110 2205
1445120 2192
1445130 2181
1445140 2181
1445150 2177
1445160 2176
1445170 2176
1445180 2176
1445190 2175
1445200 2175
1445210 2177
1445220 2184
1445230 2184
1445240 2187
1445250 2190
1445260 2190
1445270 2199
1445280 2197
1445290 2197
1445300 2192
1445310 2181
1445320 2181
1445330 2178
1445340 2180
1445350 2190
1445360 2190
1445370 2210
1445380 2219
1445390 2219
1445400 2215
1445410 2214
1445420 2214
1445430 2231
1445440 2247
1445450 2247
1445460 2252
1445470 2252
1445480 2252
1445490 2245
1445500 2245
1445510 2245
1445520 2255
1445530 2254
1445540 2254
1445550 2251
1445560 2251
1445570 2251
1445580 2242
1445590 2233
1445600 2233
1445610 2228
1445620 2225
1445630 2225
1445640 2220
1445650 2216
1445660 2204
1445670 2204
1445680 2193
1445690 2199
1445700 2199
1445710 2213
1445720 2210
1445730 2210
1445740 2211
1445750 2217
1445760 2217
1445770 2213
1445780 2205
1445790 2205
1445800 2192
1445810 2185
1445820 2185
1445830 2178
1445840 2167
1445850 2167
1445860 2163
1445870 2185
1445880 2185
1445890 2205
1445900 2224
1445910 2224
1445920 2241
1445930 2250
1445940 2250
1445950 2275
1445960 2290
1445970 2276
1445980 2276
1445990 2263
1446000 2247
1446010 2247
1446020 2234
1446030 2225
1446040 2216
1446050 2210
1446060 2211
1446070 2211
1446080 2206
1446090 2190
1446100 2190
1446110 2162
1446120 2150
1446130 2150
1446140 2151
1446150 2144
1446160 2144
1446170 2137
1446180 2126
1446190 2126
1446200 2118
1446210 2109
1446220 2109
1446230 2098
1446240 2091
1446250 2091
1446260 2091
1446270 2084
1446280 2076
1446290 2076
1446300 2069
1446310 2062
1446320 2062
1446330 2064
1446340 2063
1446350 2063
1446360 2057
1446370 2051
1446380 2051
1446390 2046
1446400 2037
1446410 2037
1446420 2026
1446430 2019
1446440 2019
1446450 2013
1446460 2008
1446470 2008
1446480 2001
1446490 1995
1446500 1995
1446510 1998
1446520 1994
1446530 1994
1446540 1990
1446550 1988
1446560 1988
1446570 1989
1446580 1985
1446590 1979
1446600 1979
1446610 1980
1446620 1986
1446630 1986
1446640 1993
1446650 2003
1446660 2003
1446670 2007
1446680 2003
1446690 2003
1446700 1994
1446710 1986
1446720 1986
1446730 1983
1446740 1980
1446750 1980
1446760 1977
1446770 1975
1446780 1975
1446790 1973
1446800 1971
1446810 1971
1446820 1969
1446830 1966
1446840 1966
1446850 1963
1446860 1960
1446870 1960
1446880 1954
1446890 1952
1446900 1952
1446910 1952
1446920 1950
1446930 1943
1446940 1943
1446950 1943
1446960 1946
1446970 1946
1446980 1952
1446990 1956
1447000 1956
1447010 1960
1447020 1964
1447030 1964
1447040 1968
1447050 1971
1447060 1971
1447070 1974
1447080 1977
1447090 1977
1447100 1976
1447110 1975
1447120 1975
1447130 1978
1447140 1980
1447150 1980
1447160 1983
1447170 1989
1447180 1989
1447190 2011
1447200 2041
1447210 2065
1447220 2065
1447230 2076
1447240 2084
1447250 2084
1447260 2102
1447270 2122
1447280 2122
1447290 2131
1447300 2137
1447310 2137
1447320 2154
1447330 2164
1447340 2164
1447350 2172
1447360 2179
1447370 2179
1447380 2182
1447390 2188
1447400 2188
1447410 2191
1447420 2194
1447430 2194
1447440 2195
1447450 2196
1447460 2196
1447470 2199
1447480 2207
1447490 2207
1447500 2224
1447510 2222
1447520 2219
1447530 2219
1447540 2213
1447550 2210
1447560 2210
1447570 2207
1447580 2203
1447590 2203
1447600 2202
1447610 2199
1447620 2199
1447630 2197
1447640 2194
1447650 2194
1447660 2189
1447670 2182
1447680 2182
1447690 2178
1447700 2174
1447710 2174
1447720 2169
1447730 2167
1447740 2167
1447750 2171
1447760 2172
1447770 2172
1447780 2173
1447790 2182
1447800 2182
1447810 2193
1447820 2199
1447830 2203
1447840 2203
1447850 2205
1447860 2208
1447870 2208
1447880 2208
1447890 2209
1447900 2209
1447910 2212
1447920 2217
1447930 2217
1447940 2224
1447950 2231
1447960 2231
1447970 2231
1447980 2234
1447990 2234
1448000 2236
1448010 2234
1448020 2234
1448030 2226
1448040 2218
1448050 2218
1448060 2215
1448070 2217
1448080 2217
1448090 2220
1448100 2225
1448110 2225
1448120 2230
1448130 2229
1448140 2229
1448150 2225
1448160 2220
1448170 2219
1448180 2219
1448190 2218
1448200 2209
1448210 2209
1448220 2200
1448230 2190
1448240 2190
1448250 2180
1448260 2171
1448270 2171
1448280 2162
1448290 2152
1448300 2152
1448310 2143
1448320 2136
1448330 2136
1448340 2129
1448350 2119
1448360 2119
1448370 2110
1448380 2102
1448390 2102
1448400 2094
1448410 2083
1448420 2083
1448430 2076
1448440 2069
1448450 2069
1448460 2063
1448470 2057
1448480 2050
1448490 2050
1448500 2047
1448510 2048
1448520 2048
1448530 2047
1448540 2049
1448550 2049
1448560 2053
1448570 2057
1448580 2057
1448590 2061
1448600 2060
1448610 2060
1448620 2053
1448630 2052
1448640 2052
1448650 2063
1448660 2069
1448670 2069
1448680 2074
1448690 2083
1448700 2083
1448710 2088
1448720 2090
1448730 2090
1448740 2088
1448750 2089
1448760 2089
1448770 2088
1448780 2087
1448790 2102
1448800 2102
1448810 2104
1448820 2103
1448830 2103
1448840 2098
1448850 2093
1448860 2093
1448870 2092
1448880 2084
1448890 2084
1448900 2081
1448910 2075
1448920 2075
1448930 2073
1448940 2071
1448950 2071
1448960 2070
1448970 2069
1448980 2069
1448990 2067
1449000 2065
1449010 2065
1449020 2063
1449030 2058
1449040 2058
1449050 2055
1449060 2051
1449070 2051
1449080 2049
1449090 2049
1449100 2049
1449110 2049
1449120 2050
1449130 2049
1449140 2049
1449150 2049
1449160 2046
1449170 2046
1449180 2040
1449190 2035
1449200 2035
1449210 2032
1449220 2032
1449230 2032
1449240 2033
1449250 2034
1449260 2034
1449270 2036
1449280 2039
1449290 2039
1449300 2041
1449310 2045
1449320 2045
1449330 2050
1449340 2054
1449350 2054
1449360 2058
1449370 2063
1449380 2063
1449390 2066
1449400 2070
1449410 2075
1449420 2075
1449430 2081
1449440 2087
1449450 2087
1449460 2093
1449470 2099
1449480 2099
1449490 2108
1449500 2115
1449510 2115
1449520 2115
1449530 2130
1449540 2130
1449550 2141
1449560 2159
1449570 2159
1449580 2182
1449590 2208
1449600 2208
1449610 2221
1449620 2232
1449630 2232
1449640 2243
1449650 2246
1449660 2246
1449670 2261
1449680 2254
1449690 2254
1449700 2245
1449710 2244
1449720 2243
1449730 2243
1449740 2251
1449750 2250
1449760 2250
1449770 2226
1449780 2212
1449790 2212
1449800 2205
1449810 2202
1449820 2202
1449830 2202
1449840 2205
1449850 2205
1449860 2210
1449870 2213
1449880 2213
1449890 2214
1449900 2218
1449910 2218
1449920 2225
1449930 2232
1449940 2232
1449950 2239
1449960 2246
1449970 2246
1449980 2251
1449990 2258
1450000 2258
1450010 2263
1450020 2271
1450030 2279
1450040 2279
1450050 2287
1450060 2295
1450070 2295
1450080 2308
1450090 2318
1450100 2318
1450110 2325
1450120 2328
1450130 2328
1450140 2325
1450150 2319
1450160 2319
1450170 2311
1450180 2305
1450190 2305
1450200 2299
1450210 2294
1450220 2294
1450230 2289
1450240 2284
1450250 2284
1450260 2280
1450270 2274
1450280 2274
1450290 2268
1450300 2263
1450310 2263
1450320 2259
1450330 2255
1450340 2252
1450350 2252
1450360 2249
1450370 2247
1450380 2247
1450390 2245
1450400 2242
1450410 2242
1450420 2239
1450430 2235
1450440 2235
1450450 2230
1450460 2225
1450470 2225
1450480 2219
1450490 2214
1450500 2214
1450510 2207
1450520 2196
1450530 2196
1450540 2180
1450550 2160
1450560 2160
1450570 2145
1450580 2130
1450590 2130
1450600 2113
1450610 2087
1450620 2087
1450630 2069
1450640 2057
1450650 2065
1450660 2065
1450670 2071
1450680 2077
1450690 2077
1450700 2085
1450710 2091
1450720 2091
1450730 2101
1450740 2104
1450750 2104
1450760 2103
1450770 2105
1450780 2105
1450790 2104
1450800 2098
1450810 2098
1450820 2076
1450830 2062
1450840 2062
1450850 2050
1450860 2037
1450870 2037
1450880 2020
1450890 2007
1450900 2007
1450910 1984
1450920 1965
1450930 1965
1450940 1934
1450950 1915
1450960 1915
1450970 1899
1450980 1878
1450990 1861
1451000 1861
1451010 1850
1451020 1829
1451030 1829
1451040 1817
1451050 1805
1451060 1805
1451070 1797
1451080 1788
1451090 1788
1451100 1776
1451110 1765
1451120 1765
1451130 1759
1451140 1758
1451150 1758
1451160 1754
1451170 1747
1451180 1747
1451190 1739
1451200 1731
1451210 1731
1451220 1722
1451230 1714
1451240 1714
1451250 1706
1451260 1699
1451270 1699
1451280 1692
1451290 1682
1451300 1663
1451310 1663
1451320 1647
1451330 1634
1451340 1634
1451350 1627
1451360 1620
1451370 1620
1451380 1615
1451390 1612
1451400 1612
1451410 1613
1451420 1619
1451430 1619
1451440 1633
1451450 1645
1451460 1645
1451470 1651
1451480 1663
1451490 1663
1451500 1675
1451510 1673
1451520 1673
1451530 1662
1451540 1646
1451550 1646
1451560 1636
1451570 1624
1451580 1624
1451590 1618
1451600 1625
1451610 1634
1451620 1634
1451630 1644
1451640 1665
1451650 1665
1451660 1688
1451670 1718
1451680 1718
1451690 1729
1451700 1734
1451710 1734
1451720 1741
1451730 1749
1451740 1749
1451750 1753
1451760 1756
1451770 1756
1451780 1760
1451790 1759
1451800 1759
1451810 1746
1451820 1736
1451830 1736
1451840 1728
1451850 1721
1451860 1721
1451870 1715
1451880 1707
1451890 1707
1451900 1694
1451910 1697
1451920 1725
1451930 1725
1451940 1741
1451950 1747
1451960 1747
1451970 1757
1451980 1755
1451990 1755
1452000 1759
1452010 1763
1452020 1763
1452030 1755
1452040 1764
1452050 1764
1452060 1773
1452070 1770
1452080 1770
1452090 1754
1452100 1749
1452110 1749
1452120 1756
1452130 1747
1452140 1747
1452150 1737
1452160 1728
1452170 1728
1452180 1716
1452190 1688
1452200 1688
1452210 1672
1452220 1646
1452230 1640
1452240 1640
1452250 1639
1452260 1632
1452270 1632
1452280 1616
1452290 1615
1452300 1615
1452310 1614
1452320 1612
1452330 1612
1452340 1607
1452350 1606
1452360 1606
1452370 1610
1452380 1610
1452390 1610
1452400 1615
1452410 1618
1452420 1618
1452430 1623
1452440 1628
1452450 1628
1452460 1632
1452470 1638
1452480 1638
1452490 1647
1452500 1633
1452510 1633
1452520 1619
1452530 1618
1452540 1616
1452550 1616
1452560 1615
1452570 1619
1452580 1619
1452590 1627
1452600 1632
1452610 1632
1452620 1638
1452630 1644
1452640 1644
1452650 1651
1452660 1655
1452670 1655
1452680 1659
1452690 1649
1452700 1649
1452710 1637
1452720 1627
1452730 1627
1452740 1620
1452750 1639
1452760 1639
1452770 1688
1452780 1694
1452790 1694
1452800 1698
1452810 1700
1452820 1700
1452830 1700
1452840 1703
1452850 1708
1452860 1708
1452870 1712
1452880 1718
1452890 1718
1452900 1725
1452910 1734
1452920 1734
1452930 1742
1452940 1750
1452950 1750
1452960 1758
1452970 1765
1452980 1765
1452990 1773
1453000 1779
1453010 1779
1453020 1786
1453030 1791
1453040 1791
1453050 1797
1453060 1800
1453070 1800
1453080 1805
1453090 1808
1453100 1808
1453110 1825
1453120 1913
1453130 1913
1453140 1944
1453150 1966
1453160 1998
1453170 1998
1453180 2006
1453190 2009
1453200 2009
1453210 2017
1453220 2034
1453230 2034
1453240 2038
1453250 2040
1453260 2040
1453270 2040
1453280 2051
1453290 2051
1453300 2054
1453310 2058
1453320 2058
1453330 2063
1453340 2068
1453350 2068
1453360 2075
1453370 2093
1453380 2093
1453390 2158
1453400 2177
1453410 2177
1453420 2190
1453430 2194
1453440 2194
1453450 2198
1453460 2201
1453470 2203
1453480 2203
1453490 2204
1453500 2206
1453510 2206
1453520 2209
1453530 2208
1453540 2208
1453550 2205
1453560 2205
1453570 2205
1453580 2204
1453590 2204
1453600 2204
1453610 2204
1453620 2208
1453630 2208
1453640 2213
1453650 2223
1453660 2223
1453670 2235
1453680 2239
1453690 2239
1453700 2242
1453710 2244
1453720 2244
1453730 2245
1453740 2246
1453750 2246
1453760 2250
1453770 2258
1453780 2258
1453790 2266
1453800 2273
1453810 2281
1453820 2281
1453830 2288
1453840 2296
1453850 2296
1453860 2307
1453870 2314
1453880 2314
1453890 2318
1453900 2322
1453910 2322
1453920 2327
1453930 2331
1453940 2331
1453950 2333
1453960 2339
1453970 2339
1453980 2341
1453990 2341
1454000 2341
1454010 2341
1454020 2338
1454030 2338
1454040 2336
1454050 2333
1454060 2333
1454070 2332
1454080 2332
1454090 2332
1454100 2331
1454110 2330
1454120 2328
1454130 2328
1454140 2328
1454150 2327
1454160 2327
1454170 2325
1454180 2323
1454190 2323
1454200 2320
1454210 2317
1454220 2317
1454230 2315
1454240 2312
1454250 2312
1454260 2308
1454270 2308
1454280 2308
1454290 2308
1454300 2309
1454310 2309
1454320 2310
1454330 2307
1454340 2307
1454350 2306
1454360 2306
1454370 2306
1454380 2307
1454390 2308
1454400 2308
1454410 2308
1454420 2307
1454430 2307
1454440 2307
1454450 2305
1454460 2301
1454470 2301
1454480 2298
1454490 2295
1454500 2295
1454510 2293
1454520 2291
1454530 2291
1454540 2291
1454550 2292
1454560 2292
1454570 2294
1454580 2296
1454590 2296
1454600 2297
1454610 2295
1454620 2295
1454630 2296
1454640 2299
1454650 2299
1454660 2302
1454670 2303
1454680 2303
1454690 2306
1454700 2308
1454710 2308
1454720 2310
1454730 2311
1454740 2309
1454750 2309
1454760 2308
1454770 2311
1454780 2311
1454790 2314
1454800 2318
1454810 2318
1454820 2307
1454830 2295
1454840 2295
1454850 2292
1454860 2296
1454870 2296
1454880 2301
1454890 2310
1454900 2310
1454910 2313
1454920 2321
1454930 2321
1454940 2329
1454950 2333
1454960 2333
1454970 2348
1454980 2354
1454990 2354
1455000 2361
1455010 2362
1455020 2362
1455030 2363
1455040 2365
1455050 2363
1455060 2363
1455070 2341
1455080 2288
1455090 2288
1455100 2238
1455110 2219
1455120 2219
1455130 2205
1455140 2202
1455150 2202
1455160 2188
1455170 2170
1455180 2170
1455190 2151
1455200 2127
1455210 2127
1455220 2102
1455230 2068
1455240 2068
1455250 2058
1455260 2047
1455270 2047
1455280 2038
1455290 2033
1455300 2033
1455310 2030
1455320 2025
1455330 2025
1455340 2018
1455350 1986
1455360 1951
1455370 1951
1455380 1942
1455390 1929
1455400 1929
1455410 1923
1455420 1918
1455430 1918
1455440 1913
1455450 1913
1455460 1913
1455470 1919
1455480 1924
1455490 1924
1455500 1927
1455510 1929
1455520 1929
1455530 1939
1455540 1945
1455550 1945
1455560 1951
1455570 1958
1455580 1958
1455590 1964
1455600 1969
1455610 1969
1455620 1983
1455630 2013
1455640 2013
1455650 2032
1455660 2039
1455670 2045
1455680 2045
1455690 2051
1455700 2063
1455710 2063
1455720 2078
1455730 2087
1455740 2087
1455750 2095
1455760 2136
1455770 2136
1455780 2146
1455790 2146
1455800 2146
1455810 2145
1455820 2146
1455830 2146
1455840 2148
1455850 2148
1455860 2148
1455870 2154
1455880 2161
1455890 2161
1455900 2170
1455910 2179
1455920 2179
1455930 2191
1455940 2202
1455950 2202
1455960 2207
1455970 2212
1455980 2217
1455990 2217
1456000 2222
1456010 2234
1456020 2234
1456030 2258
1456040 2275
1456050 2275
1456060 2275
1456070 2275
1456080 2275
1456090 2284
1456100 2293
1456110 2293
1456120 2303
1456130 2309
1456140 2309
1456150 2312
1456160 2313
1456170 2313
1456180 2310
1456190 2308
1456200 2308
1456210 2308
1456220 2307
1456230 2307
1456240 2311
1456250 2316
1456260 2316
1456270 2322
1456280 2330
1456290 2337
1456300 2337
1456310 2341
1456320 2345
1456330 2345
1456340 2349
1456350 2355
1456360 2355
1456370 2357
1456380 2357
1456390 2357
1456400 2360
1456410 2361
1456420 2361
1456430 2362
1456440 2364
1456450 2364
1456460 2363
1456470 2362
1456480 2362
1456490 2365
1456500 2367
1456510 2367
1456520 2366
1456530 2364
1456540 2364
1456550 2361
1456560 2358
1456570 2358
1456580 2355
1456590 2356
1456600 2356
1456610 2357
1456620 2354
1456630 2352
1456640 2352
1456650 2351
1456660 2349
1456670 2349
1456680 2348
1456690 2347
1456700 2347
1456710 2344
1456720 2342
1456730 2342
1456740 2342
1456750 2345
1456760 2345
1456770 2347
1456780 2347
1456790 2347
1456800 2349
1456810 2348
1456820 2348
1456830 2346
1456840 2347
1456850 2347
1456860 2347
1456870 2345
1456880 2345
1456890 2343
1456900 2341
1456910 2341
1456920 2339
1456930 2336
1456940 2332
1456950 2332
1456960 2327
1456970 2323
1456980 2323
1456990 2319
1457000 2314
1457010 2314
1457020 2310
1457030 2310
1457040 2310
1457050 2310
1457060 2310
1457070 2310
1457080 2306
1457090 2302
1457100 2302
1457110 2301
1457120 2297
1457130 2297
1457140 2294
1457150 2288
1457160 2288
1457170 2285
1457180 2281
1457190 2281
1457200 2277
1457210 2271
1457220 2271
1457230 2265
1457240 2261
1457250 2266
1457260 2266
1457270 2272
1457280 2273
1457290 2273
1457300 2277
1457310 2279
1457320 2279
1457330 2278
1457340 2280
1457350 2280
1457360 2279
1457370 2279
1457380 2279
1457390 2280
1457400 2282
1457410 2282
1457420 2283
1457430 2281
1457440 2281
1457450 2280
1457460 2285
1457470 2285
1457480 2291
1457490 2295
1457500 2295
1457510 2296
1457520 2297
1457530 2297
1457540 2296
1457550 2291
1457560 2287
1457570 2287
1457580 2285
1457590 2288
1457600 2288
1457610 2291
1457620 2295
1457630 2295
1457640 2299
1457650 2302
1457660 2302
1457670 2303
1457680 2305
1457690 2305
1457700 2308
1457710 2308
1457720 2308
1457730 2308
1457740 2309
1457750 2309
1457760 2310
1457770 2317
1457780 2317
1457790 2320
1457800 2322
1457810 2322
1457820 2325
1457830 2328
1457840 2328
1457850 2329
1457860 2331
1457870 2333
1457880 2333
1457890 2336
1457900 2339
1457910 2339
1457920 2342
1457930 2344
1457940 2344
1457950 2350
1457960 2355
1457970 2355
1457980 2333
1457990 2308
1458000 2308
1458010 2299
1458020 2287
1458030 2287
1458040 2277
1458050 2270
1458060 2270
1458070 2263
1458080 2252
1458090 2252
1458100 2239
1458110 2234
1458120 2234
1458130 2232
1458140 2222
1458150 2222
1458160 2221
1458170 2226
1458180 2231
1458190 2231
1458200 2238
1458210 2236
1458220 2236
1458230 2226
1458240 2214
1458250 2214
1458260 2201
1458270 2192
1458280 2192
1458290 2184
1458300 2179
1458310 2179
1458320 2172
1458330 2165
1458340 2165
1458350 2160
1458360 2159
1458370 2159
1458380 2160
1458390 2162
1458400 2162
1458410 2163
1458420 2163
1458430 2163
1458440 2171
1458450 2182
1458460 2182
1458470 2188
1458480 2192
1458490 2197
1458500 2197
1458510 2203
1458520 2206
1458530 2206
1458540 2205
1458550 2205
1458560 2205
1458570 2209
1458580 2214
1458590 2214
1458600 2221
1458610 2227
1458620 2227
1458630 2226
1458640 2219
1458650 2219
1458660 2212
1458670 2208
1458680 2208
1458690 2210
1458700 2211
1458710 2211
1458720 2213
1458730 2215
1458740 2215
1458750 2212
1458760 2204
1458770 2204
1458780 2185
1458790 2163
1458800 2148
1458810 2148
1458820 2137
1458830 2133
1458840 2133
1458850 2126
1458860 2120
1458870 2120
1458880 2113
1458890 2107
1458900 2107
1458910 2104
1458920 2101
1458930 2101
1458940 2099
1458950 2099
1458960 2099
1458970 2098
1458980 2095
1458990 2095
1459000 2094
1459010 2094
1459020 2094
1459030 2095
1459040 2095
1459050 2095
1459060 2097
1459070 2099
1459080 2099
1459090 2104
1459100 2108
1459110 2114
1459120 2114
1459130 2121
1459140 2130
1459150 2130
1459160 2134
1459170 2136
1459180 2136
1459190 2136
1459200 2137
1459210 2137
1459220 2146
1459230 2153
1459240 2153
1459250 2158
1459260 2174
1459270 2174
1459280 2192
1459290 2204
1459300 2204
1459310 2209
1459320 2217
1459330 2217
1459340 2224
1459350 2228
1459360 2228
1459370 2233
1459380 2240
1459390 2240
1459400 2249
1459410 2253
1459420 2252
1459430 2252
1459440 2252
1459450 2252
1459460 2252
1459470 2251
1459480 2248
1459490 2248
1459500 2232
1459510 2204
1459520 2204
1459530 2192
1459540 2188
1459550 2188
1459560 2181
1459570 2172
1459580 2172
1459590 2164
1459600 2153
1459610 2153
1459620 2137
1459630 2122
1459640 2122
1459650 2109
1459660 2100
1459670 2100
1459680 2097
1459690 2097
1459700 2097
1459710 2102
1459720 2109
1459730 2109
1459740 2118
1459750 2124
1459760 2129
1459770 2129
1459780 2137
1459790 2155
1459800 2155
1459810 2172
1459820 2177
1459830 2177
1459840 2181
1459850 2191
1459860 2191
1459870 2189
1459880 2185
1459890 2185
1459900 2183
1459910 2180
1459920 2180
1459930 2176
1459940 2171
1459950 2171
1459960 2165
1459970 2154
1459980 2154
1459990 2139
