1440000 1746
1440010 1749
1440020 1753
1440030 1753
1440040 1756
1440050 1775
1440060 1789
1440070 1789
1440080 1794
1440090 1796
1440100 1796
1440110 1792
1440120 1786
1440130 1786
1440140 1780
1440150 1775
1440160 1775
1440170 1770
1440180 1766
1440190 1766
1440200 1763
1440210 1761
1440220 1761
1440230 1760
1440240 1757
1440250 1757
1440260 1754
1440270 1750
1440280 1750
1440290 1744
1440300 1738
1440310 1738
1440320 1733
1440330 1733
1440340 1733
1440350 1731
1440360 1729
1440370 1726
1440380 1726
1440390 1720
1440400 1713
1440410 1713
1440420 1702
1440430 1693
1440440 1693
1440450 1695
1440460 1703
1440470 1703
1440480 1710
1440490 1716
1440500 1716
1440510 1731
1440520 1744
1440530 1744
1440540 1756
1440550 1766
1440560 1766
1440570 1773
1440580 1779
1440590 1779
1440600 1784
1440610 1792
1440620 1792
1440630 1800
1440640 1805
1440650 1805
1440660 1805
1440670 1819
1440680 1849
1440690 1849
1440700 1887
1440710 1892
1440720 1892
1440730 1886
1440740 1885
1440750 1885
1440760 1895
1440770 1900
1440780 1900
1440790 1895
1440800 1893
1440810 1893
1440820 1887
1440830 1887
1440840 1887
1440850 1893
1440860 1887
1440870 1874
1440880 1860
1440890 1849
1440900 1849
1440910 1841
1440920 1846
1440930 1846
1440940 1856
1440950 1852
1440960 1852
1440970 1847
1440980 1838
1440990 1838
1441000 1829
1441010 1825
1441020 1824
1441030 1824
1441040 1825
1441050 1824
1441060 1824
1441070 1823
1441080 1821
1441090 1821
1441100 1820
1441110 1823
1441120 1823
1441130 1824
1441140 1821
1441150 1821
1441160 1820
1441170 1821
1441180 1821
1441190 1816
1441200 1810
1441210 1810
1441220 1808
1441230 1808
1441240 1808
1441250 1811
1441260 1815
1441270 1815
1441280 1815
1441290 1815
1441300 1815
1441310 1821
1441320 1830
1441330 1833
1441340 1833
1441350 1833
1441360 1838
1441370 1838
1441380 1843
1441390 1847
1441400 1847
1441410 1852
1441420 1859
1441430 1859
1441440 1866
1441450 1877
1441460 1877
1441470 1891
1441480 1918
1441490 1918
1441500 1962
1441510 1974
1441520 1974
1441530 1991
1441540 2008
1441550 2008
1441560 2005
1441570 2002
1441580 2002
1441590 1998
1441600 1994
1441610 1994
1441620 1985
1441630 1988
1441640 1995
1441650 1995
1441660 2015
1441670 2040
1441680 2040
1441690 2054
1441700 2060
1441710 2060
1441720 2071
1441730 2081
1441740 2081
1441750 2091
1441760 2096
1441770 2096
1441780 2096
1441790 2103
1441800 2103
1441810 2114
1441820 2119
1441830 2119
1441840 2117
1441850 2123
1441860 2123
1441870 2126
1441880 2124
1441890 2124
1441900 2120
1441910 2117
1441920 2117
1441930 2118
1441940 2118
1441950 2119
1441960 2119
1441970 2118
1441980 2126
1441990 2126
1442000 2132
1442010 2132
1442020 2132
1442030 2139
1442040 2150
1442050 2150
1442060 2159
1442070 2166
1442080 2166
1442090 2173
1442100 2179
1442110 2179
1442120 2189
1442130 2201
1442140 2201
1442150 2209
1442160 2214
1442170 2214
1442180 2216
1442190 2213
1442200 2213
1442210 2209
1442220 2209
1442230 2209
1442240 2209
1442250 2211
1442260 2209
1442270 2209
1442280 2212
1442290 2217
1442300 2217
1442310 2223
1442320 2229
1442330 2229
1442340 2236
1442350 2243
1442360 2243
1442370 2250
1442380 2257
1442390 2257
1442400 2267
1442410 2280
1442420 2280
1442430 2291
1442440 2302
1442450 2302
1442460 2318
1442470 2353
1442480 2353
1442490 2376
1442500 2391
1442510 2391
1442520 2402
1442530 2402
1442540 2402
1442550 2415
1442560 2433
1442570 2433
1442580 2445
1442590 2449
1442600 2452
1442610 2452
1442620 2456
1442630 2459
1442640 2459
1442650 2462
1442660 2461
1442670 2461
1442680 2458
1442690 2453
1442700 2453
1442710 2447
1442720 2441
1442730 2441
1442740 2437
1442750 2436
1442760 2436
1442770 2438
1442780 2440
1442790 2440
1442800 2443
1442810 2443
1442820 2443
1442830 2445
1442840 2450
1442850 2450
1442860 2455
1442870 2461
1442880 2461
1442890 2466
1442900 2470
1442910 2472
1442920 2472
1442930 2475
1442940 2479
1442950 2479
1442960 2482
1442970 2486
1442980 2486
1442990 2488
1443000 2491
1443010 2491
1443020 2495
1443030 2496
1443040 2496
1443050 2501
1443060 2503
1443070 2503
1443080 2507
1443090 2509
1443100 2509
1443110 2513
1443120 2519
1443130 2519
1443140 2525
1443150 2534
1443160 2534
1443170 2543
1443180 2558
1443190 2558
1443200 2581
1443210 2592
1443220 2598
1443230 2598
1443240 2604
1443250 2607
1443260 2607
1443270 2601
1443280 2593
1443290 2593
1443300 2584
1443310 2579
1443320 2579
1443330 2570
1443340 2562
1443350 2562
1443360 2546
1443370 2531
1443380 2531
1443390 2520
1443400 2513
1443410 2513
1443420 2503
1443430 2492
1443440 2492
1443450 2488
1443460 2487
1443470 2487
1443480 2482
1443490 2480
1443500 2480
1443510 2481
1443520 2479
1443530 2476
1443540 2476
1443550 2473
1443560 2471
1443570 2471
1443580 2469
1443590 2466
1443600 2466
1443610 2458
1443620 2451
1443630 2451
1443640 2448
1443650 2440
1443660 2440
1443670 2432
1443680 2425
1443690 2425
1443700 2421
1443710 2415
1443720 2415
1443730 2410
1443740 2408
1443750 2408
1443760 2406
1443770 2402
1443780 2402
1443790 2399
1443800 2397
1443810 2397
1443820 2397
1443830 2395
1443840 2394
1443850 2394
1443860 2394
1443870 2392
1443880 2392
1443890 2390
1443900 2389
1443910 2389
1443920 2387
1443930 2384
1443940 2384
1443950 2379
1443960 2376
1443970 2376
1443980 2375
1443990 2373
1444000 2373
1444010 2370
1444020 2367
1444030 2367
1444040 2365
1444050 2364
1444060 2364
1444070 2362
1444080 2357
1444090 2357
1444100 2356
1444110 2355
1444120 2355
1444130 2353
1444140 2349
1444150 2347
1444160 2347
1444170 2345
1444180 2340
1444190 2340
1444200 2338
1444210 2337
1444220 2337
1444230 2334
1444240 2332
1444250 2332
1444260 2331
1444270 2330
1444280 2330
1444290 2326
1444300 2324
1444310 2324
1444320 2322
1444330 2319
1444340 2319
1444350 2317
1444360 2320
1444370 2320
1444380 2321
1444390 2320
1444400 2320
1444410 2319
1444420 2320
1444430 2320
1444440 2322
1444450 2323
1444460 2323
1444470 2328
1444480 2334
1444490 2339
1444500 2339
1444510 2341
1444520 2344
1444530 2344
1444540 2347
1444550 2350
1444560 2350
1444570 2352
1444580 2353
1444590 2353
1444600 2354
1444610 2358
1444620 2358
1444630 2360
1444640 2362
1444650 2362
1444660 2362
1444670 2361
1444680 2361
1444690 2364
1444700 2367
1444710 2367
1444720 2370
1444730 2374
1444740 2374
1444750 2382
1444760 2385
1444770 2385
1444780 2388
1444790 2390
1444800 2394
1444810 2394
1444820 2403
1444830 2410
1444840 2410
1444850 2413
1444860 2414
1444870 2414
1444880 2414
1444890 2411
1444900 2411
1444910 2408
1444920 2409
1444930 2409
1444940 2411
1444950 2415
1444960 2415
1444970 2416
1444980 2418
1444990 2418
1445000 2422
1445010 2423
1445020 2423
1445030 2426
1445040 2430
1445050 2430
1445060 2434
1445070 2440
1445080 2440
1445090 2443
1445100 2441
1445110 2443
1445120 2443
1445130 2446
1445140 2449
1445150 2449
1445160 2449
1445170 2450
1445180 2450
1445190 2455
1445200 2461
1445210 2461
1445220 2468
1445230 2477
1445240 2477
1445250 2485
1445260 2495
1445270 2495
1445280 2506
1445290 2515
1445300 2515
1445310 2524
1445320 2532
1445330 2532
1445340 2525
1445350 2513
1445360 2513
1445370 2504
1445380 2496
1445390 2496
1445400 2490
1445410 2483
1445420 2476
1445430 2476
1445440 2469
1445450 2463
1445460 2463
1445470 2458
1445480 2454
1445490 2454
1445500 2450
1445510 2446
1445520 2446
1445530 2441
1445540 2436
1445550 2436
1445560 2431
1445570 2426
1445580 2426
1445590 2420
1445600 2414
1445610 2414
1445620 2409
1445630 2402
1445640 2402
1445650 2398
1445660 2394
1445670 2394
1445680 2389
1445690 2387
1445700 2387
1445710 2384
1445720 2381
1445730 2378
1445740 2378
1445750 2374
1445760 2371
1445770 2371
1445780 2371
1445790 2373
1445800 2373
1445810 2372
1445820 2367
1445830 2367
1445840 2367
1445850 2372
1445860 2372
1445870 2374
1445880 2375
1445890 2375
1445900 2374
1445910 2372
1445920 2372
1445930 2371
1445940 2373
1445950 2373
1445960 2373
1445970 2371
1445980 2371
1445990 2371
1446000 2369
1446010 2369
1446020 2370
1446030 2373
1446040 2373
1446050 2373
1446060 2370
1446070 2367
1446080 2367
1446090 2364
1446100 2364
1446110 2364
1446120 2366
1446130 2368
1446140 2368
1446150 2371
1446160 2372
1446170 2372
1446180 2372
1446190 2371
1446200 2371
1446210 2373
1446220 2376
1446230 2376
1446240 2377
1446250 2379
1446260 2379
1446270 2383
1446280 2386
1446290 2386
1446300 2388
1446310 2390
1446320 2390
1446330 2393
1446340 2397
1446350 2397
1446360 2404
1446370 2410
1446380 2414
1446390 2414
1446400 2417
1446410 2422
1446420 2422
1446430 2427
1446440 2432
1446450 2432
1446460 2434
1446470 2439
1446480 2439
1446490 2441
1446500 2437
1446510 2437
1446520 2437
1446530 2439
1446540 2439
1446550 2441
1446560 2442
1446570 2442
1446580 2444
1446590 2443
1446600 2443
1446610 2440
1446620 2440
1446630 2440
1446640 2440
1446650 2444
1446660 2444
1446670 2449
1446680 2454
1446690 2462
1446700 2462
1446710 2469
1446720 2474
1446730 2474
1446740 2480
1446750 2484
1446760 2484
1446770 2483
1446780 2480
1446790 2480
1446800 2479
1446810 2476
1446820 2476
1446830 2473
1446840 2467
1446850 2467
1446860 2462
1446870 2461
1446880 2461
1446890 2462
1446900 2463
1446910 2463
1446920 2461
1446930 2458
1446940 2458
1446950 2452
1446960 2448
1446970 2448
1446980 2445
1446990 2442
1447000 2440
1447010 2440
1447020 2438
1447030 2436
1447040 2436
1447050 2436
1447060 2442
1447070 2442
1447080 2448
1447090 2453
1447100 2453
1447110 2459
1447120 2467
1447130 2467
1447140 2476
1447150 2483
1447160 2483
1447170 2490
1447180 2494
1447190 2494
1447200 2499
1447210 2506
1447220 2506
1447230 2512
1447240 2518
1447250 2518
1447260 2524
1447270 2530
1447280 2530
1447290 2540
1447300 2557
1447310 2565
1447320 2565
1447330 2570
1447340 2577
1447350 2577
1447360 2582
1447370 2588
1447380 2588
1447390 2593
1447400 2596
1447410 2596
1447420 2598
1447430 2598
1447440 2598
1447450 2597
1447460 2595
1447470 2595
1447480 2593
1447490 2594
1447500 2594
1447510 2594
1447520 2593
1447530 2593
1447540 2590
1447550 2586
1447560 2586
1447570 2586
1447580 2587
1447590 2587
1447600 2587
1447610 2586
1447620 2587
1447630 2587
1447640 2590
1447650 2586
1447660 2586
1447670 2576
1447680 2568
1447690 2568
1447700 2558
1447710 2550
1447720 2550
1447730 2544
1447740 2540
1447750 2540
1447760 2537
1447770 2533
1447780 2533
1447790 2530
1447800 2532
1447810 2532
1447820 2536
1447830 2542
1447840 2542
1447850 2544
1447860 2549
1447870 2549
1447880 2554
1447890 2558
1447900 2558
1447910 2559
1447920 2559
1447930 2559
1447940 2556
1447950 2550
1447960 2540
1447970 2540
1447980 2523
1447990 2513
1448000 2513
1448010 2505
1448020 2493
1448030 2493
1448040 2482
1448050 2472
1448060 2472
1448070 2463
1448080 2449
1448090 2449
1448100 2437
1448110 2430
1448120 2430
1448130 2422
1448140 2414
1448150 2414
1448160 2409
1448170 2402
1448180 2402
1448190 2393
1448200 2386
1448210 2386
1448220 2380
1448230 2376
1448240 2376
1448250 2372
1448260 2372
1448270 2376
1448280 2376
1448290 2376
1448300 2375
1448310 2375
1448320 2376
1448330 2378
1448340 2378
1448350 2380
1448360 2383
1448370 2383
1448380 2383
1448390 2385
1448400 2385
1448410 2390
1448420 2392
1448430 2392
1448440 2395
1448450 2398
1448460 2398
1448470 2404
1448480 2413
1448490 2413
1448500 2423
1448510 2432
1448520 2432
1448530 2437
1448540 2448
1448550 2448
1448560 2456
1448570 2463
1448580 2478
1448590 2478
1448600 2485
1448610 2488
1448620 2488
1448630 2486
1448640 2487
1448650 2487
1448660 2488
1448670 2491
1448680 2491
1448690 2497
1448700 2502
1448710 2502
1448720 2503
1448730 2505
1448740 2505
1448750 2509
1448760 2509
1448770 2509
1448780 2505
1448790 2499
1448800 2499
1448810 2492
1448820 2487
1448830 2487
1448840 2481
1448850 2478
1448860 2478
1448870 2478
1448880 2479
1448890 2475
1448900 2475
1448910 2464
1448920 2459
1448930 2459
1448940 2459
1448950 2457
1448960 2457
1448970 2453
1448980 2444
1448990 2444
1449000 2437
1449010 2429
1449020 2429
1449030 2419
1449040 2412
1449050 2412
1449060 2407
1449070 2402
1449080 2402
1449090 2397
1449100 2391
1449110 2391
1449120 2382
1449130 2374
1449140 2374
1449150 2365
1449160 2360
1449170 2360
1449180 2357
1449190 2349
1449200 2336
1449210 2336
1449220 2328
1449230 2319
1449240 2319
1449250 2314
1449260 2311
1449270 2311
1449280 2308
1449290 2306
1449300 2306
1449310 2294
1449320 2285
1449330 2285
1449340 2277
1449350 2275
1449360 2275
1449370 2271
1449380 2271
1449390 2271
1449400 2270
1449410 2268
1449420 2268
1449430 2268
1449440 2272
1449450 2272
1449460 2274
1449470 2272
1449480 2272
1449490 2272
1449500 2272
1449510 2273
1449520 2273
1449530 2279
1449540 2282
1449550 2282
1449560 2282
1449570 2283
1449580 2283
1449590 2287
1449600 2290
1449610 2290
1449620 2292
1449630 2289
1449640 2289
1449650 2288
1449660 2286
1449670 2286
1449680 2283
1449690 2281
1449700 2281
1449710 2280
1449720 2278
1449730 2278
1449740 2278
1449750 2277
1449760 2277
1449770 2278
1449780 2281
1449790 2281
1449800 2281
1449810 2280
1449820 2280
1449830 2277
1449840 2274
1449850 2276
1449860 2276
1449870 2276
1449880 2276
1449890 2276
1449900 2277
1449910 2278
1449920 2278
1449930 2280
1449940 2281
1449950 2281
1449960 2281
1449970 2282
1449980 2282
1449990 2282
1450000 2283
1450010 2283
1450020 2285
1450030 2286
1450040 2286
1450050 2285
1450060 2286
1450070 2286
1450080 2288
1450090 2288
1450100 2288
1450110 2290
1450120 2293
1450130 2293
1450140 2285
1450150 2274
1450160 2254
1450170 2254
1450180 2222
1450190 2183
1450200 2183
1450210 2158
1450220 2136
1450230 2136
1450240 2120
1450250 2114
1450260 2114
1450270 2110
1450280 2108
1450290 2108
1450300 2106
1450310 2103
1450320 2103
1450330 2102
1450340 2103
1450350 2103
1450360 2089
1450370 2074
1450380 2074
1450390 2065
1450400 2054
1450410 2054
1450420 2054
1450430 2059
1450440 2059
1450450 2056
1450460 2049
1450470 2033
1450480 2033
1450490 2012
1450500 2010
1450510 2010
1450520 2011
1450530 2000
1450540 2000
1450550 1991
1450560 1983
1450570 1983
1450580 1967
1450590 1959
1450600 1959
1450610 1958
1450620 1948
1450630 1948
1450640 1938
1450650 1921
1450660 1921
1450670 1922
1450680 1922
1450690 1922
1450700 1911
1450710 1899
1450720 1899
1450730 1898
1450740 1887
1450750 1887
1450760 1881
1450770 1879
1450780 1865
1450790 1865
1450800 1854
1450810 1843
1450820 1843
1450830 1832
1450840 1826
1450850 1826
1450860 1821
1450870 1818
1450880 1818
1450890 1804
1450900 1775
1450910 1775
1450920 1739
1450930 1720
1450940 1720
1450950 1715
1450960 1719
1450970 1719
1450980 1722
1450990 1721
1451000 1721
1451010 1722
1451020 1724
1451030 1724
1451040 1713
1451050 1703
1451060 1703
1451070 1693
1451080 1683
1451090 1675
1451100 1675
1451110 1667
1451120 1659
1451130 1659
1451140 1651
1451150 1644
1451160 1644
1451170 1636
1451180 1629
1451190 1629
1451200 1623
1451210 1618
1451220 1618
1451230 1609
1451240 1602
1451250 1602
1451260 1595
1451270 1591
1451280 1591
1451290 1581
1451300 1568
1451310 1568
1451320 1559
1451330 1550
1451340 1550
1451350 1541
1451360 1537
1451370 1537
1451380 1533
1451390 1535
1451400 1535
1451410 1535
1451420 1528
1451430 1511
1451440 1511
1451450 1499
1451460 1490
1451470 1490
1451480 1481
1451490 1470
1451500 1470
1451510 1462
1451520 1453
1451530 1453
1451540 1445
1451550 1436
1451560 1436
1451570 1433
1451580 1429
1451590 1429
1451600 1426
1451610 1422
1451620 1422
1451630 1420
1451640 1416
1451650 1416
1451660 1414
1451670 1411
1451680 1411
1451690 1409
1451700 1407
1451710 1407
1451720 1404
1451730 1401
1451740 1398
1451750 1398
1451760 1396
1451770 1395
1451780 1395
1451790 1393
1451800 1391
1451810 1391
1451820 1388
1451830 1386
1451840 1386
1451850 1384
1451860 1382
1451870 1382
1451880 1380
1451890 1378
1451900 1378
1451910 1376
1451920 1374
1451930 1374
1451940 1371
1451950 1369
1451960 1369
1451970 1369
1451980 1368
1451990 1368
1452000 1366
1452010 1364
1452020 1364
1452030 1362
1452040 1361
1452050 1363
1452060 1363
1452070 1365
1452080 1365
1452090 1365
1452100 1364
1452110 1364
1452120 1364
1452130 1364
1452140 1363
1452150 1363
1452160 1361
1452170 1361
1452180 1361
1452190 1360
1452200 1361
1452210 1361
1452220 1362
1452230 1363
1452240 1363
1452250 1364
1452260 1364
1452270 1364
1452280 1362
1452290 1361
1452300 1361
1452310 1360
1452320 1360
1452330 1360
1452340 1359
1452350 1357
1452360 1356
1452370 1356
1452380 1356
1452390 1356
1452400 1356
1452410 1359
1452420 1364
1452430 1364
1452440 1362
1452450 1363
1452460 1363
1452470 1366
1452480 1366
1452490 1366
1452500 1367
1452510 1368
1452520 1368
1452530 1369
1452540 1370
1452550 1370
1452560 1369
1452570 1368
1452580 1368
1452590 1367
1452600 1366
1452610 1366
1452620 1366
1452630 1368
1452640 1368
1452650 1370
1452660 1370
1452670 1368
1452680 1368
1452690 1368
1452700 1369
1452710 1369
1452720 1371
1452730 1372
1452740 1372
1452750 1372
1452760 1372
1452770 1372
1452780 1372
1452790 1371
1452800 1371
1452810 1371
1452820 1372
1452830 1372
1452840 1372
1452850 1373
1452860 1373
1452870 1373
1452880 1373
1452890 1373
1452900 1372
1452910 1376
1452920 1376
1452930 1381
1452940 1385
1452950 1385
1452960 1389
1452970 1392
1452980 1390
1452990 1390
1453000 1388
1453010 1395
1453020 1395
1453030 1404
1453040 1409
1453050 1409
1453060 1417
1453070 1426
1453080 1426
1453090 1455
1453100 1464
1453110 1464
1453120 1473
1453130 1486
1453140 1486
1453150 1496
1453160 1503
1453170 1503
1453180 1506
1453190 1511
1453200 1511
1453210 1521
1453220 1527
1453230 1527
1453240 1528
1453250 1531
1453260 1531
1453270 1536
1453280 1547
1453290 1564
1453300 1564
1453310 1569
1453320 1575
1453330 1575
1453340 1582
1453350 1591
1453360 1591
1453370 1600
1453380 1608
1453390 1608
1453400 1615
1453410 1627
1453420 1627
1453430 1645
1453440 1659
1453450 1659
1453460 1671
1453470 1684
1453480 1684
1453490 1698
1453500 1722
1453510 1722
1453520 1741
1453530 1762
1453540 1762
1453550 1789
1453560 1829
1453570 1829
1453580 1859
1453590 1876
1453600 1876
1453610 1883
1453620 1896
1453630 1913
1453640 1913
1453650 1918
1453660 1921
1453670 1921
1453680 1922
1453690 1922
1453700 1922
1453710 1932
1453720 1982
1453730 1982
1453740 2015
1453750 2047
1453760 2047
1453770 2053
1453780 2057
1453790 2057
1453800 2067
1453810 2101
1453820 2101
1453830 2121
1453840 2136
1453850 2136
1453860 2146
1453870 2145
1453880 2145
1453890 2150
1453900 2164
1453910 2164
1453920 2160
1453930 2147
1453940 2138
1453950 2138
1453960 2132
1453970 2136
1453980 2136
1453990 2158
1454000 2196
1454010 2196
1454020 2220
1454030 2251
1454040 2251
1454050 2261
1454060 2268
1454070 2268
1454080 2274
1454090 2280
1454100 2280
1454110 2286
1454120 2292
1454130 2292
1454140 2298
1454150 2304
1454160 2304
1454170 2310
1454180 2316
1454190 2316
1454200 2321
1454210 2331
1454220 2331
1454230 2339
1454240 2348
1454250 2360
1454260 2360
1454270 2366
1454280 2372
1454290 2372
1454300 2382
1454310 2388
1454320 2388
1454330 2396
1454340 2401
1454350 2401
1454360 2404
1454370 2407
1454380 2407
1454390 2409
1454400 2412
1454410 2412
1454420 2414
1454430 2416
1454440 2416
1454450 2418
1454460 2419
1454470 2419
1454480 2420
1454490 2421
1454500 2421
1454510 2422
1454520 2422
1454530 2422
1454540 2421
1454550 2420
1454560 2419
1454570 2419
1454580 2415
1454590 2406
1454600 2406
1454610 2380
1454620 2360
1454630 2360
1454640 2335
1454650 2303
1454660 2303
1454670 2285
1454680 2272
1454690 2272
1454700 2252
1454710 2236
1454720 2236
1454730 2220
1454740 2202
1454750 2202
1454760 2188
1454770 2173
1454780 2173
1454790 2148
1454800 2141
1454810 2141
1454820 2121
1454830 2101
1454840 2101
1454850 2067
1454860 2034
1454870 2007
1454880 2007
1454890 1985
1454900 1955
1454910 1955
1454920 1929
1454930 1906
1454940 1906
1454950 1877
1454960 1855
1454970 1855
1454980 1839
1454990 1829
1455000 1829
1455010 1822
1455020 1814
1455030 1814
1455040 1802
1455050 1786
1455060 1786
1455070 1778
1455080 1770
1455090 1770
1455100 1762
1455110 1753
1455120 1753
1455130 1745
1455140 1733
1455150 1733
1455160 1718
1455170 1709
1455180 1699
1455190 1699
1455200 1687
1455210 1670
1455220 1670
1455230 1657
1455240 1633
1455250 1633
1455260 1618
1455270 1611
1455280 1611
1455290 1605
1455300 1601
1455310 1601
1455320 1598
1455330 1596
1455340 1596
1455350 1595
1455360 1595
1455370 1595
1455380 1596
1455390 1596
1455400 1596
1455410 1595
1455420 1599
1455430 1599
1455440 1602
1455450 1604
1455460 1604
1455470 1605
1455480 1606
1455490 1606
1455500 1607
1455510 1608
1455520 1609
1455530 1609
1455540 1610
1455550 1611
1455560 1611
1455570 1612
1455580 1614
1455590 1614
1455600 1619
1455610 1619
1455620 1619
1455630 1619
1455640 1620
1455650 1620
1455660 1619
1455670 1619
1455680 1619
1455690 1620
1455700 1622
1455710 1622
1455720 1624
1455730 1626
1455740 1626
1455750 1627
1455760 1629
1455770 1629
1455780 1631
1455790 1632
1455800 1632
1455810 1634
1455820 1636
1455830 1638
1455840 1638
1455850 1641
1455860 1645
1455870 1645
1455880 1648
1455890 1648
1455900 1648
1455910 1641
1455920 1633
1455930 1633
1455940 1627
1455950 1622
1455960 1622
1455970 1616
1455980 1611
1455990 1611
1456000 1612
1456010 1655
1456020 1655
1456030 1684
1456040 1697
1456050 1697
1456060 1721
1456070 1729
1456080 1729
1456090 1733
1456100 1750
1456110 1750
1456120 1770
1456130 1771
1456140 1776
1456150 1776
1456160 1791
1456170 1801
1456180 1801
1456190 1833
1456200 1873
1456210 1873
1456220 1903
1456230 1914
1456240 1914
1456250 1928
1456260 1930
1456270 1930
1456280 1952
1456290 1966
1456300 1966
1456310 1967
1456320 1972
1456330 1972
1456340 1986
1456350 1998
1456360 1998
1456370 2006
1456380 2027
1456390 2027
1456400 2039
1456410 2043
1456420 2043
1456430 2049
1456440 2057
1456450 2067
1456460 2067
1456470 2078
1456480 2082
1456490 2082
1456500 2085
1456510 2091
1456520 2091
1456530 2103
1456540 2110
1456550 2110
1456560 2115
1456570 2118
1456580 2118
1456590 2121
1456600 2125
1456610 2125
1456620 2137
1456630 2163
1456640 2163
1456650 2173
1456660 2184
1456670 2184
1456680 2195
1456690 2207
1456700 2207
1456710 2223
1456720 2238
1456730 2238
1456740 2298
1456750 2319
1456760 2344
1456770 2344
1456780 2366
1456790 2370
1456800 2370
1456810 2372
1456820 2374
1456830 2374
1456840 2376
1456850 2377
1456860 2377
1456870 2377
1456880 2377
1456890 2377
1456900 2376
1456910 2374
1456920 2374
1456930 2371
1456940 2366
1456950 2366
1456960 2363
1456970 2359
1456980 2359
1456990 2354
1457000 2349
1457010 2349
1457020 2343
1457030 2340
1457040 2340
1457050 2334
1457060 2338
1457070 2339
1457080 2339
1457090 2337
1457100 2334
1457110 2334
1457120 2332
1457130 2331
1457140 2331
1457150 2329
1457160 2327
1457170 2327
1457180 2324
1457190 2320
1457200 2320
1457210 2317
1457220 2317
1457230 2317
1457240 2316
1457250 2313
1457260 2313
1457270 2309
1457280 2305
1457290 2305
1457300 2303
1457310 2302
1457320 2302
1457330 2299
1457340 2296
1457350 2296
1457360 2292
1457370 2287
1457380 2287
1457390 2282
1457400 2278
1457410 2277
1457420 2277
1457430 2275
1457440 2273
1457450 2273
1457460 2270
1457470 2265
1457480 2265
1457490 2259
1457500 2249
1457510 2249
1457520 2237
1457530 2221
1457540 2221
1457550 2199
1457560 2172
1457570 2172
1457580 2178
1457590 2171
1457600 2171
1457610 2129
1457620 2108
1457630 2108
1457640 2100
1457650 2092
1457660 2092
1457670 2087
1457680 2080
1457690 2080
1457700 2069
1457710 2061
1457720 2058
1457730 2058
1457740 2054
1457750 2050
1457760 2050
1457770 2044
1457780 2038
1457790 2038
1457800 2032
1457810 2026
1457820 2026
1457830 2021
1457840 2016
1457850 2016
1457860 2012
1457870 2009
1457880 2009
1457890 2006
1457900 2002
1457910 2002
1457920 1998
1457930 1995
1457940 1995
1457950 1991
1457960 1987
1457970 1987
1457980 1982
1457990 1978
1458000 1978
1458010 1973
1458020 1967
1458030 1960
1458040 1960
1458050 1956
1458060 1946
1458070 1946
1458080 1936
1458090 1926
1458100 1926
1458110 1920
1458120 1917
1458130 1917
1458140 1915
1458150 1913
1458160 1913
1458170 1912
1458180 1911
1458190 1911
1458200 1910
1458210 1909
1458220 1909
1458230 1908
1458240 1905
1458250 1905
1458260 1901
1458270 1898
1458280 1898
1458290 1894
1458300 1892
1458310 1892
1458320 1888
1458330 1885
1458340 1883
1458350 1883
1458360 1881
1458370 1878
1458380 1878
1458390 1876
1458400 1874
1458410 1874
1458420 1872
1458430 1868
1458440 1868
1458450 1867
1458460 1864
1458470 1864
1458480 1861
1458490 1858
1458500 1858
1458510 1855
1458520 1851
1458530 1851
1458540 1845
1458550 1839
1458560 1839
1458570 1830
1458580 1821
1458590 1821
1458600 1810
1458610 1800
1458620 1800
1458630 1789
1458640 1777
1458650 1770
1458660 1770
1458670 1767
1458680 1764
1458690 1764
1458700 1760
1458710 1756
1458720 1756
1458730 1753
1458740 1752
1458750 1752
1458760 1750
1458770 1748
1458780 1748
1458790 1746
1458800 1743
1458810 1743
1458820 1738
1458830 1732
1458840 1732
1458850 1727
1458860 1723
1458870 1723
1458880 1719
1458890 1715
1458900 1715
1458910 1709
1458920 1703
1458930 1703
1458940 1695
1458950 1689
1458960 1683
1458970 1683
1458980 1674
1458990 1664
1459000 1664
1459010 1652
1459020 1646
1459030 1646
1459040 1644
1459050 1643
1459060 1643
1459070 1642
1459080 1641
1459090 1641
1459100 1639
1459110 1637
1459120 1637
1459130 1635
1459140 1634
1459150 1634
1459160 1631
1459170 1629
1459180 1629
1459190 1626
1459200 1623
1459210 1623
1459220 1619
1459230 1615
1459240 1615
1459250 1610
1459260 1603
1459270 1603
1459280 1595
1459290 1589
1459300 1585
1459310 1585
1459320 1582
1459330 1581
1459340 1581
1459350 1580
1459360 1575
1459370 1575
1459380 1571
1459390 1567
1459400 1567
1459410 1563
1459420 1559
1459430 1559
1459440 1557
1459450 1553
1459460 1553
1459470 1549
1459480 1545
1459490 1545
1459500 1541
1459510 1537
1459520 1537
1459530 1533
1459540 1529
1459550 1529
1459560 1524
1459570 1520
1459580 1520
1459590 1515
1459600 1510
1459610 1506
1459620 1506
1459630 1501
1459640 1497
1459650 1497
1459660 1492
1459670 1488
1459680 1488
1459690 1483
1459700 1479
1459710 1479
1459720 1475
1459730 1471
1459740 1471
1459750 1467
1459760 1463
1459770 1463
1459780 1460
1459790 1459
1459800 1459
1459810 1458
1459820 1457
1459830 1457
1459840 1456
1459850 1456
1459860 1456
1459870 1454
1459880 1449
1459890 1449
1459900 1444
1459910 1440
1459920 1437
1459930 1437
1459940 1439
1459950 1449
1459960 1449
1459970 1456
1459980 1461
1459990 1461
