1440000 1752
1440010 1757
1440020 1761
1440030 1761
1440040 1764
1440050 1773
1440060 1782
1440070 1782
1440080 1791
1440090 1799
1440100 1799
1440110 1797
1440120 1791
1440130 1791
1440140 1785
1440150 1780
1440160 1780
1440170 1775
1440180 1770
1440190 1770
1440200 1767
1440210 1765
1440220 1765
1440230 1762
1440240 1760
1440250 1760
1440260 1758
1440270 1751
1440280 1751
1440290 1745
1440300 1741
1440310 1741
1440320 1739
1440330 1741
1440340 1741
1440350 1738
1440360 1736
1440370 1735
1440380 1735
1440390 1731
1440400 1722
1440410 1722
1440420 1707
1440430 1696
1440440 1696
1440450 1701
1440460 1711
1440470 1711
1440480 1716
1440490 1728
1440500 1728
1440510 1743
1440520 1751
1440530 1751
1440540 1767
1440550 1778
1440560 1778
1440570 1783
1440580 1789
1440590 1789
1440600 1798
1440610 1803
1440620 1803
1440630 1809
1440640 1818
1440650 1818
1440660 1823
1440670 1830
1440680 1860
1440690 1860
1440700 1897
1440710 1906
1440720 1906
1440730 1901
1440740 1897
1440750 1897
1440760 1905
1440770 1909
1440780 1909
1440790 1909
1440800 1907
1440810 1907
1440820 1898
1440830 1897
1440840 1897
1440850 1904
1440860 1898
1440870 1898
1440880 1878
1440890 1866
1440900 1866
1440910 1869
1440920 1880
1440930 1880
1440940 1878
1440950 1865
1440960 1865
1440970 1856
1440980 1847
1440990 1841
1441000 1841
1441010 1837
1441020 1836
1441030 1836
1441040 1836
1441050 1835
1441060 1835
1441070 1834
1441080 1830
1441090 1830
1441100 1829
1441110 1834
1441120 1834
1441130 1833
1441140 1829
1441150 1829
1441160 1829
1441170 1828
1441180 1828
1441190 1821
1441200 1816
1441210 1816
1441220 1818
1441230 1819
1441240 1819
1441250 1820
1441260 1823
1441270 1823
1441280 1827
1441290 1826
1441300 1826
1441310 1829
1441320 1835
1441330 1843
1441340 1843
1441350 1845
1441360 1847
1441370 1847
1441380 1852
1441390 1856
1441400 1856
1441410 1860
1441420 1866
1441430 1866
1441440 1872
1441450 1887
1441460 1887
1441470 1912
1441480 1957
1441490 1957
1441500 1973
1441510 1991
1441520 1991
1441530 2016
1441540 2029
1441550 2029
1441560 2028
1441570 2024
1441580 2024
1441590 2024
1441600 2019
1441610 2019
1441620 2009
1441630 2005
1441640 2012
1441650 2012
1441660 2013
1441670 2032
1441680 2032
1441690 2043
1441700 2054
1441710 2054
1441720 2066
1441730 2074
1441740 2074
1441750 2088
1441760 2103
1441770 2103
1441780 2109
1441790 2120
1441800 2120
1441810 2133
1441820 2141
1441830 2141
1441840 2141
1441850 2147
1441860 2147
1441870 2148
1441880 2143
1441890 2143
1441900 2139
1441910 2126
1441920 2126
1441930 2127
1441940 2129
1441950 2128
1441960 2128
1441970 2129
1441980 2138
1441990 2138
1442000 2143
1442010 2144
1442020 2144
1442030 2144
1442040 2147
1442050 2147
1442060 2158
1442070 2167
1442080 2167
1442090 2175
1442100 2182
1442110 2182
1442120 2190
1442130 2202
1442140 2202
1442150 2214
1442160 2221
1442170 2221
1442180 2224
1442190 2223
1442200 2223
1442210 2219
1442220 2216
1442230 2216
1442240 2216
1442250 2217
1442260 2216
1442270 2216
1442280 2216
1442290 2221
1442300 2221
1442310 2227
1442320 2233
1442330 2233
1442340 2237
1442350 2244
1442360 2244
1442370 2251
1442380 2258
1442390 2258
1442400 2266
1442410 2279
1442420 2279
1442430 2292
1442440 2303
1442450 2303
1442460 2331
1442470 2358
1442480 2358
1442490 2380
1442500 2400
1442510 2400
1442520 2419
1442530 2422
1442540 2422
1442550 2436
1442560 2443
1442570 2452
1442580 2452
1442590 2455
1442600 2458
1442610 2458
1442620 2462
1442630 2465
1442640 2465
1442650 2467
1442660 2465
1442670 2465
1442680 2461
1442690 2456
1442700 2456
1442710 2451
1442720 2444
1442730 2444
1442740 2440
1442750 2437
1442760 2437
1442770 2438
1442780 2440
1442790 2440
1442800 2443
1442810 2444
1442820 2444
1442830 2448
1442840 2453
1442850 2453
1442860 2458
1442870 2463
1442880 2463
1442890 2467
1442900 2469
1442910 2471
1442920 2471
1442930 2474
1442940 2476
1442950 2476
1442960 2480
1442970 2483
1442980 2483
1442990 2486
1443000 2489
1443010 2489
1443020 2491
1443030 2492
1443040 2492
1443050 2495
1443060 2497
1443070 2497
1443080 2501
1443090 2505
1443100 2505
1443110 2509
1443120 2514
1443130 2514
1443140 2520
1443150 2529
1443160 2529
1443170 2537
1443180 2552
1443190 2552
1443200 2574
1443210 2587
1443220 2594
1443230 2594
1443240 2599
1443250 2603
1443260 2603
1443270 2598
1443280 2590
1443290 2590
1443300 2580
1443310 2572
1443320 2572
1443330 2562
1443340 2556
1443350 2556
1443360 2544
1443370 2527
1443380 2527
1443390 2517
1443400 2509
1443410 2509
1443420 2500
1443430 2490
1443440 2490
1443450 2485
1443460 2484
1443470 2484
1443480 2479
1443490 2477
1443500 2477
1443510 2479
1443520 2478
1443530 2474
1443540 2474
1443550 2470
1443560 2466
1443570 2466
1443580 2464
1443590 2460
1443600 2460
1443610 2452
1443620 2449
1443630 2449
1443640 2444
1443650 2434
1443660 2434
1443670 2425
1443680 2421
1443690 2421
1443700 2418
1443710 2414
1443720 2414
1443730 2410
1443740 2409
1443750 2409
1443760 2410
1443770 2407
1443780 2407
1443790 2399
1443800 2395
1443810 2395
1443820 2395
1443830 2392
1443840 2392
1443850 2392
1443860 2391
1443870 2388
1443880 2388
1443890 2387
1443900 2387
1443910 2387
1443920 2385
1443930 2384
1443940 2384
1443950 2382
1443960 2378
1443970 2378
1443980 2375
1443990 2373
1444000 2373
1444010 2371
1444020 2365
1444030 2365
1444040 2364
1444050 2363
1444060 2363
1444070 2361
1444080 2359
1444090 2359
1444100 2352
1444110 2350
1444120 2350
1444130 2349
1444140 2347
1444150 2345
1444160 2345
1444170 2342
1444180 2337
1444190 2337
1444200 2336
1444210 2337
1444220 2337
1444230 2333
1444240 2330
1444250 2330
1444260 2329
1444270 2329
1444280 2329
1444290 2328
1444300 2325
1444310 2325
1444320 2322
1444330 2318
1444340 2318
1444350 2318
1444360 2318
1444370 2318
1444380 2317
1444390 2318
1444400 2318
1444410 2316
1444420 2316
1444430 2316
1444440 2317
1444450 2319
1444460 2326
1444470 2326
1444480 2330
1444490 2333
1444500 2333
1444510 2337
1444520 2339
1444530 2339
1444540 2341
1444550 2345
1444560 2345
1444570 2347
1444580 2351
1444590 2351
1444600 2353
1444610 2357
1444620 2357
1444630 2359
1444640 2359
1444650 2359
1444660 2360
1444670 2361
1444680 2361
1444690 2362
1444700 2364
1444710 2364
1444720 2366
1444730 2367
1444740 2367
1444750 2373
1444760 2377
1444770 2377
1444780 2383
1444790 2392
1444800 2396
1444810 2396
1444820 2402
1444830 2406
1444840 2406
1444850 2407
1444860 2408
1444870 2408
1444880 2410
1444890 2412
1444900 2412
1444910 2413
1444920 2410
1444930 2410
1444940 2410
1444950 2410
1444960 2410
1444970 2410
1444980 2413
1444990 2413
1445000 2418
1445010 2423
1445020 2422
1445030 2426
1445040 2430
1445050 2430
1445060 2435
1445070 2441
1445080 2441
1445090 2442
1445100 2441
1445110 2443
1445120 2443
1445130 2445
1445140 2447
1445150 2447
1445160 2448
1445170 2450
1445180 2450
1445190 2456
1445200 2462
1445210 2462
1445220 2471
1445230 2481
1445240 2481
1445250 2491
1445260 2501
1445270 2501
1445280 2509
1445290 2520
1445300 2520
1445310 2528
1445320 2536
1445330 2536
1445340 2528
1445350 2515
1445360 2515
1445370 2505
1445380 2497
1445390 2497
1445400 2491
1445410 2484
1445420 2477
1445430 2477
1445440 2471
1445450 2465
1445460 2465
1445470 2459
1445480 2454
1445490 2454
1445500 2451
1445510 2447
1445520 2447
1445530 2441
1445540 2436
1445550 2436
1445560 2434
1445570 2427
1445580 2427
1445590 2421
1445600 2415
1445610 2415
1445620 2408
1445630 2400
1445640 2400
1445650 2395
1445660 2392
1445670 2392
1445680 2386
1445690 2384
1445700 2384
1445710 2383
1445720 2378
1445730 2373
1445740 2373
1445750 2370
1445760 2367
1445770 2367
1445780 2368
1445790 2369
1445800 2369
1445810 2369
1445820 2364
1445830 2364
1445840 2363
1445850 2368
1445860 2368
1445870 2370
1445880 2371
1445890 2371
1445900 2371
1445910 2369
1445920 2369
1445930 2369
1445940 2371
1445950 2371
1445960 2371
1445970 2371
1445980 2371
1445990 2369
1446000 2367
1446010 2367
1446020 2367
1446030 2370
1446040 2372
1446050 2372
1446060 2368
1446070 2365
1446080 2365
1446090 2363
1446100 2362
1446110 2362
1446120 2363
1446130 2364
1446140 2364
1446150 2366
1446160 2367
1446170 2367
1446180 2368
1446190 2369
1446200 2369
1446210 2369
1446220 2369
1446230 2369
1446240 2371
1446250 2373
1446260 2373
1446270 2377
1446280 2381
1446290 2381
1446300 2382
1446310 2385
1446320 2385
1446330 2387
1446340 2391
1446350 2399
1446360 2399
1446370 2404
1446380 2408
1446390 2408
1446400 2411
1446410 2415
1446420 2415
1446430 2419
1446440 2424
1446450 2424
1446460 2431
1446470 2436
1446480 2436
1446490 2437
1446500 2436
1446510 2436
1446520 2434
1446530 2434
1446540 2434
1446550 2435
1446560 2437
1446570 2437
1446580 2439
1446590 2439
1446600 2439
1446610 2438
1446620 2438
1446630 2438
1446640 2436
1446650 2440
1446660 2440
1446670 2445
1446680 2450
1446690 2456
1446700 2456
1446710 2462
1446720 2469
1446730 2469
1446740 2475
1446750 2479
1446760 2479
1446770 2479
1446780 2478
1446790 2478
1446800 2476
1446810 2473
1446820 2473
1446830 2470
1446840 2464
1446850 2464
1446860 2457
1446870 2453
1446880 2453
1446890 2455
1446900 2454
1446910 2454
1446920 2454
1446930 2454
1446940 2454
1446950 2450
1446960 2444
1446970 2444
1446980 2443
1446990 2441
1447000 2435
1447010 2435
1447020 2435
1447030 2430
1447040 2430
1447050 2428
1447060 2431
1447070 2431
1447080 2436
1447090 2444
1447100 2444
1447110 2452
1447120 2462
1447130 2462
1447140 2473
1447150 2481
1447160 2481
1447170 2489
1447180 2497
1447190 2497
1447200 2502
1447210 2507
1447220 2507
1447230 2513
1447240 2519
1447250 2519
1447260 2525
1447270 2532
1447280 2532
1447290 2540
1447300 2553
1447310 2562
1447320 2562
1447330 2569
1447340 2575
1447350 2575
1447360 2581
1447370 2587
1447380 2587
1447390 2592
1447400 2596
1447410 2596
1447420 2599
1447430 2601
1447440 2601
1447450 2600
1447460 2597
1447470 2597
1447480 2593
1447490 2589
1447500 2589
1447510 2590
1447520 2590
1447530 2590
1447540 2588
1447550 2585
1447560 2585
1447570 2582
1447580 2578
1447590 2578
1447600 2576
1447610 2578
1447620 2580
1447630 2580
1447640 2585
1447650 2588
1447660 2588
1447670 2577
1447680 2568
1447690 2568
1447700 2555
1447710 2546
1447720 2546
1447730 2540
1447740 2534
1447750 2534
1447760 2527
1447770 2523
1447780 2523
1447790 2525
1447800 2530
1447810 2530
1447820 2535
1447830 2537
1447840 2537
1447850 2537
1447860 2539
1447870 2539
1447880 2540
1447890 2539
1447900 2539
1447910 2537
1447920 2534
1447930 2527
1447940 2527
1447950 2517
1447960 2507
1447970 2507
1447980 2499
1447990 2491
1448000 2491
1448010 2484
1448020 2477
1448030 2477
1448040 2469
1448050 2457
1448060 2457
1448070 2445
1448080 2440
1448090 2440
1448100 2437
1448110 2433
1448120 2433
1448130 2426
1448140 2418
1448150 2418
1448160 2411
1448170 2410
1448180 2410
1448190 2404
1448200 2392
1448210 2392
1448220 2385
1448230 2378
1448240 2373
1448250 2373
1448260 2371
1448270 2370
1448280 2370
1448290 2375
1448300 2376
1448310 2376
1448320 2374
1448330 2374
1448340 2374
1448350 2383
1448360 2387
1448370 2387
1448380 2380
1448390 2376
1448400 2380
1448410 2382
1448420 2386
1448430 2386
1448440 2389
1448450 2391
1448460 2391
1448470 2396
1448480 2406
1448490 2406
1448500 2413
1448510 2423
1448520 2423
1448530 2427
1448540 2432
1448550 2432
1448560 2444
1448570 2452
1448580 2466
1448590 2466
1448600 2475
1448610 2485
1448620 2485
1448630 2488
1448640 2485
1448650 2485
1448660 2483
1448670 2485
1448680 2485
1448690 2490
1448700 2495
1448710 2495
1448720 2497
1448730 2499
1448740 2499
1448750 2504
1448760 2507
1448770 2507
1448780 2507
1448790 2503
1448800 2503
1448810 2495
1448820 2488
1448830 2488
1448840 2482
1448850 2477
1448860 2477
1448870 2475
1448880 2476
1448890 2475
1448900 2475
1448910 2467
1448920 2461
1448930 2461
1448940 2458
1448950 2457
1448960 2457
1448970 2457
1448980 2451
1448990 2451
1449000 2440
1449010 2432
1449020 2432
1449030 2423
1449040 2417
1449050 2417
1449060 2410
1449070 2407
1449080 2407
1449090 2401
1449100 2393
1449110 2393
1449120 2383
1449130 2375
1449140 2375
1449150 2364
1449160 2358
1449170 2358
1449180 2355
1449190 2350
1449200 2337
1449210 2337
1449220 2325
1449230 2318
1449240 2318
1449250 2312
1449260 2308
1449270 2308
1449280 2303
1449290 2302
1449300 2302
1449310 2293
1449320 2284
1449330 2284
1449340 2272
1449350 2269
1449360 2269
1449370 2266
1449380 2266
1449390 2266
1449400 2265
1449410 2263
1449420 2263
1449430 2261
1449440 2261
1449450 2261
1449460 2263
1449470 2265
1449480 2265
1449490 2265
1449500 2265
1449510 2265
1449520 2265
1449530 2267
1449540 2273
1449550 2273
1449560 2275
1449570 2278
1449580 2278
1449590 2282
1449600 2287
1449610 2287
1449620 2286
1449630 2285
1449640 2285
1449650 2286
1449660 2282
1449670 2282
1449680 2282
1449690 2280
1449700 2280
1449710 2280
1449720 2278
1449730 2278
1449740 2277
1449750 2275
1449760 2275
1449770 2277
1449780 2279
1449790 2279
1449800 2278
1449810 2275
1449820 2273
1449830 2273
1449840 2272
1449850 2273
1449860 2273
1449870 2274
1449880 2272
1449890 2272
1449900 2272
1449910 2274
1449920 2274
1449930 2274
1449940 2276
1449950 2276
1449960 2275
1449970 2275
1449980 2275
1449990 2276
1450000 2277
1450010 2277
1450020 2279
1450030 2280
1450040 2280
1450050 2278
1450060 2279
1450070 2279
1450080 2279
1450090 2281
1450100 2281
1450110 2283
1450120 2286
1450130 2286
1450140 2284
1450150 2275
1450160 2256
1450170 2256
1450180 2224
1450190 2188
1450200 2188
1450210 2154
1450220 2134
1450230 2134
1450240 2130
1450250 2125
1450260 2125
1450270 2122
1450280 2125
1450290 2125
1450300 2123
1450310 2117
1450320 2117
1450330 2111
1450340 2101
1450350 2101
1450360 2085
1450370 2074
1450380 2074
1450390 2071
1450400 2069
1450410 2069
1450420 2065
1450430 2065
1450440 2065
1450450 2063
1450460 2053
1450470 2035
1450480 2035
1450490 2017
1450500 2025
1450510 2025
1450520 2021
1450530 2012
1450540 2012
1450550 2002
1450560 1994
1450570 1994
1450580 1987
1450590 1976
1450600 1976
1450610 1972
1450620 1963
1450630 1963
1450640 1944
1450650 1934
1450660 1934
1450670 1933
1450680 1934
1450690 1934
1450700 1923
1450710 1913
1450720 1913
1450730 1907
1450740 1896
1450750 1896
1450760 1891
1450770 1884
1450780 1875
1450790 1875
1450800 1866
1450810 1857
1450820 1857
1450830 1852
1450840 1846
1450850 1846
1450860 1841
1450870 1831
1450880 1831
1450890 1820
1450900 1781
1450910 1781
1450920 1743
1450930 1720
1450940 1720
1450950 1702
1450960 1694
1450970 1694
1450980 1694
1450990 1696
1451000 1696
1451010 1698
1451020 1695
1451030 1695
1451040 1690
1451050 1687
1451060 1687
1451070 1681
1451080 1671
1451090 1659
1451100 1659
1451110 1654
1451120 1653
1451130 1653
1451140 1649
1451150 1632
1451160 1632
1451170 1611
1451180 1597
1451190 1597
1451200 1590
1451210 1589
1451220 1589
1451230 1588
1451240 1584
1451250 1584
1451260 1577
1451270 1571
1451280 1571
1451290 1573
1451300 1571
1451310 1571
1451320 1563
1451330 1554
1451340 1554
1451350 1547
1451360 1535
1451370 1535
1451380 1524
1451390 1514
1451400 1508
1451410 1508
1451420 1501
1451430 1496
1451440 1496
1451450 1491
1451460 1485
1451470 1485
1451480 1479
1451490 1475
1451500 1475
1451510 1468
1451520 1456
1451530 1456
1451540 1446
1451550 1438
1451560 1438
1451570 1435
1451580 1431
1451590 1431
1451600 1428
1451610 1424
1451620 1424
1451630 1421
1451640 1418
1451650 1418
1451660 1415
1451670 1412
1451680 1412
1451690 1408
1451700 1405
1451710 1402
1451720 1402
1451730 1399
1451740 1396
1451750 1396
1451760 1394
1451770 1391
1451780 1391
1451790 1389
1451800 1386
1451810 1386
1451820 1384
1451830 1382
1451840 1382
1451850 1380
1451860 1377
1451870 1377
1451880 1375
1451890 1374
1451900 1374
1451910 1371
1451920 1370
1451930 1370
1451940 1368
1451950 1365
1451960 1365
1451970 1364
1451980 1364
1451990 1364
1452000 1363
1452010 1360
1452020 1360
1452030 1359
1452040 1356
1452050 1357
1452060 1357
1452070 1359
1452080 1359
1452090 1359
1452100 1357
1452110 1357
1452120 1357
1452130 1361
1452140 1360
1452150 1360
1452160 1359
1452170 1358
1452180 1358
1452190 1357
1452200 1357
1452210 1357
1452220 1358
1452230 1360
1452240 1360
1452250 1360
1452260 1360
1452270 1360
1452280 1358
1452290 1357
1452300 1357
1452310 1357
1452320 1356
1452330 1356
1452340 1355
1452350 1355
1452360 1353
1452370 1353
1452380 1353
1452390 1354
1452400 1354
1452410 1356
1452420 1358
1452430 1358
1452440 1360
1452450 1361
1452460 1361
1452470 1362
1452480 1363
1452490 1363
1452500 1366
1452510 1366
1452520 1366
1452530 1367
1452540 1366
1452550 1366
1452560 1366
1452570 1366
1452580 1366
1452590 1364
1452600 1364
1452610 1364
1452620 1363
1452630 1365
1452640 1365
1452650 1367
1452660 1366
1452670 1364
1452680 1364
1452690 1365
1452700 1366
1452710 1366
1452720 1367
1452730 1368
1452740 1368
1452750 1368
1452760 1368
1452770 1368
1452780 1369
1452790 1368
1452800 1368
1452810 1368
1452820 1368
1452830 1368
1452840 1368
1452850 1370
1452860 1370
1452870 1370
1452880 1370
1452890 1370
1452900 1370
1452910 1373
1452920 1373
1452930 1377
1452940 1381
1452950 1381
1452960 1385
1452970 1387
1452980 1386
1452990 1386
1453000 1381
1453010 1386
1453020 1386
1453030 1394
1453040 1400
1453050 1400
1453060 1407
1453070 1416
1453080 1416
1453090 1446
1453100 1467
1453110 1467
1453120 1479
1453130 1485
1453140 1485
1453150 1493
1453160 1495
1453170 1495
1453180 1500
1453190 1507
1453200 1507
1453210 1511
1453220 1516
1453230 1516
1453240 1520
1453250 1523
1453260 1523
1453270 1528
1453280 1543
1453290 1556
1453300 1556
1453310 1563
1453320 1574
1453330 1574
1453340 1584
1453350 1592
1453360 1592
1453370 1601
1453380 1612
1453390 1612
1453400 1619
1453410 1625
1453420 1625
1453430 1638
1453440 1652
1453450 1652
1453460 1660
1453470 1672
1453480 1672
1453490 1683
1453500 1700
1453510 1700
1453520 1718
1453530 1752
1453540 1752
1453550 1784
1453560 1820
1453570 1820
1453580 1852
1453590 1866
1453600 1872
1453610 1872
1453620 1886
1453630 1899
1453640 1899
1453650 1910
1453660 1913
1453670 1913
1453680 1914
1453690 1915
1453700 1915
1453710 1915
1453720 1948
1453730 1948
1453740 1999
1453750 2020
1453760 2020
1453770 2034
1453780 2042
1453790 2042
1453800 2048
1453810 2066
1453820 2066
1453830 2097
1453840 2119
1453850 2119
1453860 2133
1453870 2124
1453880 2124
1453890 2127
1453900 2142
1453910 2142
1453920 2147
1453930 2137
1453940 2130
1453950 2130
1453960 2123
1453970 2125
1453980 2125
1453990 2138
1454000 2168
1454010 2168
1454020 2206
1454030 2236
1454040 2236
1454050 2258
1454060 2268
1454070 2268
1454080 2275
1454090 2282
1454100 2282
1454110 2287
1454120 2292
1454130 2292
1454140 2299
1454150 2305
1454160 2305
1454170 2311
1454180 2317
1454190 2317
1454200 2324
1454210 2331
1454220 2331
1454230 2339
1454240 2349
1454250 2361
1454260 2361
1454270 2371
1454280 2376
1454290 2376
1454300 2384
1454310 2391
1454320 2391
1454330 2395
1454340 2398
1454350 2398
1454360 2401
1454370 2404
1454380 2404
1454390 2406
1454400 2409
1454410 2409
1454420 2411
1454430 2413
1454440 2413
1454450 2415
1454460 2416
1454470 2416
1454480 2417
1454490 2417
1454500 2417
1454510 2417
1454520 2417
1454530 2417
1454540 2417
1454550 2416
1454560 2415
1454570 2415
1454580 2413
1454590 2405
1454600 2405
1454610 2369
1454620 2354
1454630 2354
1454640 2329
1454650 2303
1454660 2303
1454670 2282
1454680 2269
1454690 2269
1454700 2252
1454710 2229
1454720 2229
1454730 2208
1454740 2196
1454750 2196
1454760 2184
1454770 2159
1454780 2159
1454790 2136
1454800 2126
1454810 2126
1454820 2112
1454830 2096
1454840 2096
1454850 2065
1454860 2030
1454870 1989
1454880 1989
1454890 1955
1454900 1933
1454910 1933
1454920 1911
1454930 1882
1454940 1882
1454950 1863
1454960 1849
1454970 1849
1454980 1835
1454990 1817
1455000 1817
1455010 1806
1455020 1794
1455030 1794
1455040 1783
1455050 1773
1455060 1773
1455070 1767
1455080 1764
1455090 1764
1455100 1759
1455110 1749
1455120 1749
1455130 1736
1455140 1725
1455150 1725
1455160 1713
1455170 1691
1455180 1677
1455190 1677
1455200 1672
1455210 1663
1455220 1663
1455230 1651
1455240 1625
1455250 1625
1455260 1612
1455270 1602
1455280 1602
1455290 1594
1455300 1588
1455310 1588
1455320 1587
1455330 1586
1455340 1586
1455350 1586
1455360 1586
1455370 1586
1455380 1587
1455390 1587
1455400 1587
1455410 1588
1455420 1591
1455430 1591
1455440 1593
1455450 1595
1455460 1595
1455470 1597
1455480 1598
1455490 1599
1455500 1599
1455510 1600
1455520 1601
1455530 1601
1455540 1601
1455550 1603
1455560 1603
1455570 1603
1455580 1604
1455590 1604
1455600 1606
1455610 1608
1455620 1608
1455630 1609
1455640 1609
1455650 1609
1455660 1609
1455670 1610
1455680 1610
1455690 1612
1455700 1614
1455710 1614
1455720 1616
1455730 1618
1455740 1618
1455750 1620
1455760 1621
1455770 1621
1455780 1622
1455790 1623
1455800 1623
1455810 1625
1455820 1626
1455830 1628
1455840 1628
1455850 1631
1455860 1634
1455870 1634
1455880 1637
1455890 1637
1455900 1637
1455910 1632
1455920 1626
1455930 1626
1455940 1618
1455950 1613
1455960 1613
1455970 1609
1455980 1603
1455990 1603
1456000 1601
1456010 1616
1456020 1616
1456030 1643
1456040 1662
1456050 1662
1456060 1686
1456070 1705
1456080 1705
1456090 1705
1456100 1707
1456110 1707
1456120 1728
1456130 1739
1456140 1748
1456150 1748
1456160 1763
1456170 1775
1456180 1775
1456190 1793
1456200 1822
1456210 1822
1456220 1849
1456230 1868
1456240 1868
1456250 1884
1456260 1895
1456270 1895
1456280 1914
1456290 1942
1456300 1942
1456310 1940
1456320 1942
1456330 1942
1456340 1969
1456350 1985
1456360 1985
1456370 1991
1456380 2011
1456390 2011
1456400 2023
1456410 2033
1456420 2033
1456430 2044
1456440 2052
1456450 2061
1456460 2061
1456470 2067
1456480 2072
1456490 2072
1456500 2079
1456510 2086
1456520 2086
1456530 2096
1456540 2103
1456550 2103
1456560 2109
1456570 2110
1456580 2110
1456590 2115
1456600 2118
1456610 2118
1456620 2124
1456630 2146
1456640 2146
1456650 2159
1456660 2167
1456670 2167
1456680 2180
1456690 2191
1456700 2191
1456710 2207
1456720 2245
1456730 2245
1456740 2304
1456750 2330
1456760 2342
1456770 2342
1456780 2364
1456790 2367
1456800 2367
1456810 2370
1456820 2372
1456830 2372
1456840 2375
1456850 2377
1456860 2377
1456870 2377
1456880 2376
1456890 2376
1456900 2375
1456910 2374
1456920 2374
1456930 2371
1456940 2367
1456950 2367
1456960 2363
1456970 2360
1456980 2360
1456990 2355
1457000 2350
1457010 2350
1457020 2345
1457030 2343
1457040 2343
1457050 2342
1457060 2342
1457070 2338
1457080 2338
1457090 2335
1457100 2334
1457110 2334
1457120 2333
1457130 2332
1457140 2332
1457150 2329
1457160 2327
1457170 2327
1457180 2324
1457190 2322
1457200 2322
1457210 2320
1457220 2319
1457230 2319
1457240 2317
1457250 2314
1457260 2314
1457270 2311
1457280 2307
1457290 2307
1457300 2306
1457310 2304
1457320 2304
1457330 2300
1457340 2297
1457350 2297
1457360 2295
1457370 2292
1457380 2287
1457390 2287
1457400 2285
1457410 2282
1457420 2282
1457430 2281
1457440 2278
1457450 2278
1457460 2276
1457470 2273
1457480 2273
1457490 2268
1457500 2258
1457510 2258
1457520 2241
1457530 2217
1457540 2217
1457550 2195
1457560 2200
1457570 2200
1457580 2197
1457590 2187
1457600 2187
1457610 2171
1457620 2131
1457630 2131
1457640 2111
1457650 2100
1457660 2100
1457670 2093
1457680 2087
1457690 2087
1457700 2080
1457710 2068
1457720 2064
1457730 2064
1457740 2059
1457750 2053
1457760 2053
1457770 2047
1457780 2040
1457790 2040
1457800 2034
1457810 2028
1457820 2028
1457830 2024
1457840 2019
1457850 2019
1457860 2015
1457870 2012
1457880 2012
1457890 2008
1457900 2002
1457910 2002
1457920 1997
1457930 1992
1457940 1992
1457950 1988
1457960 1984
1457970 1984
1457980 1979
1457990 1974
1458000 1974
1458010 1970
1458020 1965
1458030 1957
1458040 1957
1458050 1948
1458060 1940
1458070 1940
1458080 1933
1458090 1927
1458100 1927
1458110 1923
1458120 1920
1458130 1920
1458140 1917
1458150 1915
1458160 1915
1458170 1912
1458180 1911
1458190 1911
1458200 1909
1458210 1908
1458220 1908
1458230 1906
1458240 1904
1458250 1904
1458260 1900
1458270 1896
1458280 1896
1458290 1893
1458300 1890
1458310 1890
1458320 1886
1458330 1884
1458340 1882
1458350 1882
1458360 1880
1458370 1878
1458380 1878
1458390 1876
1458400 1874
1458410 1874
1458420 1872
1458430 1869
1458440 1869
1458450 1866
1458460 1863
1458470 1863
1458480 1861
1458490 1857
1458500 1857
1458510 1854
1458520 1849
1458530 1849
1458540 1844
1458550 1836
1458560 1836
1458570 1826
1458580 1816
1458590 1816
1458600 1806
1458610 1797
1458620 1797
1458630 1786
1458640 1775
1458650 1764
1458660 1764
1458670 1763
1458680 1760
1458690 1760
1458700 1758
1458710 1754
1458720 1754
1458730 1751
1458740 1749
1458750 1749
1458760 1747
1458770 1746
1458780 1746
1458790 1744
1458800 1741
1458810 1741
1458820 1737
1458830 1732
1458840 1732
1458850 1726
1458860 1721
1458870 1721
1458880 1717
1458890 1712
1458900 1712
1458910 1707
1458920 1700
1458930 1700
1458940 1691
1458950 1681
1458960 1674
1458970 1674
1458980 1666
1458990 1657
1459000 1657
1459010 1646
1459020 1642
1459030 1642
1459040 1638
1459050 1637
1459060 1637
1459070 1636
1459080 1634
1459090 1634
1459100 1633
1459110 1631
1459120 1631
1459130 1629
1459140 1627
1459150 1627
1459160 1625
1459170 1623
1459180 1623
1459190 1620
1459200 1617
1459210 1617
1459220 1614
1459230 1610
1459240 1610
1459250 1606
1459260 1602
1459270 1602
1459280 1596
1459290 1589
1459300 1583
1459310 1583
1459320 1579
1459330 1578
1459340 1578
1459350 1578
1459360 1573
1459370 1573
1459380 1569
1459390 1564
1459400 1564
1459410 1561
1459420 1557
1459430 1557
1459440 1553
1459450 1550
1459460 1550
1459470 1546
1459480 1542
1459490 1542
1459500 1538
1459510 1534
1459520 1534
1459530 1530
1459540 1526
1459550 1526
1459560 1522
1459570 1518
1459580 1518
1459590 1514
1459600 1510
1459610 1506
1459620 1506
1459630 1501
1459640 1496
1459650 1496
1459660 1492
1459670 1487
1459680 1487
1459690 1483
1459700 1479
1459710 1479
1459720 1475
1459730 1471
1459740 1471
1459750 1466
1459760 1462
1459770 1462
1459780 1458
1459790 1455
1459800 1455
1459810 1452
1459820 1450
1459830 1450
1459840 1449
1459850 1449
1459860 1449
1459870 1449
1459880 1447
1459890 1447
1459900 1444
1459910 1440
1459920 1435
1459930 1435
1459940 1430
1459950 1424
1459960 1424
1459970 1420
1459980 1419
1459990 1419
