1440000 1974
1440010 1974
1440020 1973
1440030 1964
1440040 1964
1440050 1955
1440060 1947
1440070 1947
1440080 1941
1440090 1934
1440100 1934
1440110 1928
1440120 1923
1440130 1923
1440140 1920
1440150 1918
1440160 1918
1440170 1908
1440180 1903
1440190 1903
1440200 1906
1440210 1908
1440220 1905
1440230 1905
1440240 1903
1440250 1902
1440260 1902
1440270 1900
1440280 1897
1440290 1897
1440300 1893
1440310 1890
1440320 1890
1440330 1886
1440340 1879
1440350 1879
1440360 1878
1440370 1886
1440380 1886
1440390 1891
1440400 1895
1440410 1895
1440420 1897
1440430 1897
1440440 1897
1440450 1897
1440460 1903
1440470 1903
1440480 1911
1440490 1916
1440500 1916
1440510 1920
1440520 1923
1440530 1923
1440540 1923
1440550 1924
1440560 1929
1440570 1929
1440580 1931
1440590 1926
1440600 1926
1440610 1924
1440620 1929
1440630 1929
1440640 1944
1440650 1957
1440660 1957
1440670 1968
1440680 1977
1440690 1977
1440700 1987
1440710 1998
1440720 1998
1440730 2005
1440740 2011
1440750 2011
1440760 2025
1440770 2049
1440780 2049
1440790 2054
1440800 2048
1440810 2048
1440820 2042
1440830 2032
1440840 2032
1440850 2027
1440860 2027
1440870 2017
1440880 2017
1440890 2006
1440900 2000
1440910 2000
1440920 1999
1440930 1994
1440940 1994
1440950 1988
1440960 1985
1440970 1985
1440980 1981
1440990 1979
1441000 1979
1441010 1977
1441020 1975
1441030 1975
1441040 1978
1441050 1998
1441060 1998
1441070 2016
1441080 2025
1441090 2025
1441100 2031
1441110 2032
1441120 2032
1441130 2029
1441140 2020
1441150 2020
1441160 2011
1441170 2004
1441180 1998
1441190 1998
1441200 1989
1441210 1985
1441220 1985
1441230 1987
1441240 1987
1441250 1987
1441260 1989
1441270 1990
1441280 1990
1441290 1988
1441300 1992
1441310 1992
1441320 2002
1441330 2009
1441340 2009
1441350 2012
1441360 2012
1441370 2012
1441380 2014
1441390 2017
1441400 2017
1441410 2020
1441420 2019
1441430 2019
1441440 2016
1441450 2015
1441460 2015
1441470 2012
1441480 2016
1441490 2030
1441500 2030
1441510 2069
1441520 2103
1441530 2103
1441540 2127
1441550 2164
1441560 2164
1441570 2200
1441580 2223
1441590 2223
1441600 2219
1441610 2224
1441620 2224
1441630 2234
1441640 2244
1441650 2244
1441660 2255
1441670 2265
1441680 2265
1441690 2274
1441700 2289
1441710 2289
1441720 2306
1441730 2317
1441740 2317
1441750 2331
1441760 2359
1441770 2359
1441780 2347
1441790 2330
1441800 2328
1441810 2328
1441820 2331
1441830 2330
1441840 2330
1441850 2334
1441860 2338
1441870 2338
1441880 2344
1441890 2342
1441900 2342
1441910 2345
1441920 2349
1441930 2349
1441940 2348
1441950 2343
1441960 2343
1441970 2336
1441980 2332
1441990 2332
1442000 2324
1442010 2332
1442020 2332
1442030 2353
1442040 2377
1442050 2377
1442060 2404
1442070 2434
1442080 2434
1442090 2449
1442100 2451
1442110 2451
1442120 2451
1442130 2452
1442140 2451
1442150 2451
1442160 2452
1442170 2450
1442180 2450
1442190 2448
1442200 2447
1442210 2447
1442220 2447
1442230 2443
1442240 2443
1442250 2440
1442260 2435
1442270 2435
1442280 2430
1442290 2429
1442300 2429
1442310 2427
1442320 2425
1442330 2425
1442340 2420
1442350 2418
1442360 2418
1442370 2419
1442380 2415
1442390 2415
1442400 2412
1442410 2409
1442420 2409
1442430 2413
1442440 2411
1442450 2408
1442460 2408
1442470 2405
1442480 2409
1442490 2409
1442500 2409
1442510 2409
1442520 2409
1442530 2413
1442540 2414
1442550 2414
1442560 2415
1442570 2417
1442580 2417
1442590 2416
1442600 2416
1442610 2416
1442620 2414
1442630 2414
1442640 2414
1442650 2414
1442660 2411
1442670 2411
1442680 2408
1442690 2404
1442700 2404
1442710 2401
1442720 2397
1442730 2397
1442740 2394
1442750 2390
1442760 2388
1442770 2388
1442780 2384
1442790 2381
1442800 2381
1442810 2378
1442820 2369
1442830 2369
1442840 2360
1442850 2355
1442860 2355
1442870 2354
1442880 2356
1442890 2356
1442900 2361
1442910 2365
1442920 2365
1442930 2367
1442940 2373
1442950 2373
1442960 2379
1442970 2382
1442980 2382
1442990 2385
1443000 2386
1443010 2386
1443020 2389
1443030 2391
1443040 2391
1443050 2392
1443060 2394
1443070 2396
1443080 2396
1443090 2401
1443100 2406
1443110 2406
1443120 2412
1443130 2419
1443140 2419
1443150 2426
1443160 2433
1443170 2433
1443180 2440
1443190 2451
1443200 2451
1443210 2461
1443220 2475
1443230 2475
1443240 2487
1443250 2502
1443260 2502
1443270 2522
1443280 2537
1443290 2537
1443300 2549
1443310 2549
1443320 2549
1443330 2538
1443340 2523
1443350 2523
1443360 2511
1443370 2490
1443380 2477
1443390 2477
1443400 2469
1443410 2458
1443420 2458
1443430 2447
1443440 2440
1443450 2440
1443460 2433
1443470 2425
1443480 2425
1443490 2420
1443500 2417
1443510 2417
1443520 2415
1443530 2414
1443540 2414
1443550 2412
1443560 2410
1443570 2410
1443580 2409
1443590 2406
1443600 2406
1443610 2402
1443620 2393
1443630 2393
1443640 2385
1443650 2379
1443660 2379
1443670 2377
1443680 2376
1443690 2376
1443700 2376
1443710 2373
1443720 2372
1443730 2372
1443740 2372
1443750 2370
1443760 2370
1443770 2369
1443780 2368
1443790 2368
1443800 2364
1443810 2357
1443820 2357
1443830 2351
1443840 2345
1443850 2345
1443860 2341
1443870 2338
1443880 2338
1443890 2338
1443900 2334
1443910 2334
1443920 2331
1443930 2327
1443940 2327
1443950 2327
1443960 2325
1443970 2325
1443980 2320
1443990 2317
1444000 2317
1444010 2314
1444020 2308
1444030 2306
1444040 2306
1444050 2306
1444060 2304
1444070 2304
1444080 2303
1444090 2302
1444100 2302
1444110 2304
1444120 2304
1444130 2304
1444140 2304
1444150 2304
1444160 2304
1444170 2305
1444180 2306
1444190 2306
1444200 2308
1444210 2310
1444220 2310
1444230 2311
1444240 2310
1444250 2310
1444260 2310
1444270 2309
1444280 2309
1444290 2309
1444300 2307
1444310 2307
1444320 2304
1444330 2301
1444340 2301
1444350 2301
1444360 2301
1444370 2301
1444380 2301
1444390 2297
1444400 2298
1444410 2298
1444420 2300
1444430 2302
1444440 2302
1444450 2303
1444460 2305
1444470 2305
1444480 2306
1444490 2307
1444500 2307
1444510 2310
1444520 2315
1444530 2315
1444540 2318
1444550 2323
1444560 2323
1444570 2331
1444580 2334
1444590 2334
1444600 2338
1444610 2342
1444620 2342
1444630 2344
1444640 2346
1444650 2350
1444660 2350
1444670 2352
1444680 2354
1444690 2354
1444700 2358
1444710 2361
1444720 2361
1444730 2362
1444740 2363
1444750 2363
1444760 2367
1444770 2371
1444780 2371
1444790 2374
1444800 2376
1444810 2376
1444820 2378
1444830 2380
1444840 2380
1444850 2381
1444860 2383
1444870 2383
1444880 2384
1444890 2383
1444900 2383
1444910 2384
1444920 2386
1444930 2386
1444940 2387
1444950 2388
1444960 2388
1444970 2387
1444980 2388
1444990 2389
1445000 2389
1445010 2390
1445020 2393
1445030 2393
1445040 2396
1445050 2399
1445060 2399
1445070 2402
1445080 2405
1445090 2405
1445100 2406
1445110 2404
1445120 2406
1445130 2403
1445140 2403
1445150 2403
1445160 2403
1445170 2406
1445180 2406
1445190 2409
1445200 2412
1445210 2412
1445220 2418
1445230 2423
1445240 2423
1445250 2428
1445260 2434
1445270 2434
1445280 2440
1445290 2446
1445300 2455
1445310 2455
1445320 2464
1445330 2474
1445340 2474
1445350 2482
1445360 2486
1445370 2486
1445380 2490
1445390 2494
1445400 2494
1445410 2504
1445420 2518
1445430 2518
1445440 2532
1445450 2548
1445460 2548
1445470 2557
1445480 2549
1445490 2549
1445500 2534
1445510 2515
1445520 2515
1445530 2497
1445540 2487
1445550 2487
1445560 2471
1445570 2458
1445580 2458
1445590 2449
1445600 2442
1445610 2432
1445620 2432
1445630 2423
1445640 2411
1445650 2411
1445660 2403
1445670 2394
1445680 2394
1445690 2385
1445700 2378
1445710 2378
1445720 2371
1445730 2365
1445740 2365
1445750 2359
1445760 2352
1445770 2352
1445780 2346
1445790 2341
1445800 2341
1445810 2337
1445820 2333
1445830 2333
1445840 2329
1445850 2328
1445860 2328
1445870 2325
1445880 2320
1445890 2320
1445900 2317
1445910 2312
1445920 2309
1445930 2309
1445940 2307
1445950 2306
1445960 2306
1445970 2306
1445980 2307
1445990 2307
1446000 2307
1446010 2306
1446020 2306
1446030 2304
1446040 2303
1446050 2303
1446060 2302
1446070 2304
1446080 2304
1446090 2305
1446100 2307
1446110 2307
1446120 2308
1446130 2310
1446140 2310
1446150 2313
1446160 2316
1446170 2316
1446180 2317
1446190 2317
1446200 2317
1446210 2314
1446220 2315
1446230 2315
1446240 2315
1446250 2316
1446260 2317
1446270 2317
1446280 2319
1446290 2322
1446300 2322
1446310 2327
1446320 2329
1446330 2329
1446340 2331
1446350 2338
1446360 2338
1446370 2340
1446380 2345
1446390 2345
1446400 2349
1446410 2348
1446420 2348
1446430 2346
1446440 2348
1446450 2348
1446460 2352
1446470 2357
1446480 2357
1446490 2361
1446500 2366
1446510 2366
1446520 2372
1446530 2385
1446540 2385
1446550 2397
1446560 2401
1446570 2405
1446580 2405
1446590 2407
1446600 2407
1446610 2407
1446620 2407
1446630 2403
1446640 2403
1446650 2399
1446660 2397
1446670 2397
1446680 2394
1446690 2396
1446700 2396
1446710 2397
1446720 2393
1446730 2393
1446740 2392
1446750 2394
1446760 2394
1446770 2395
1446780 2398
1446790 2398
1446800 2398
1446810 2399
1446820 2399
1446830 2397
1446840 2397
1446850 2397
1446860 2394
1446870 2394
1446880 2394
1446890 2394
1446900 2391
1446910 2384
1446920 2384
1446930 2381
1446940 2382
1446950 2382
1446960 2375
1446970 2374
1446980 2374
1446990 2366
1447000 2358
1447010 2358
1447020 2347
1447030 2336
1447040 2336
1447050 2323
1447060 2319
1447070 2319
1447080 2317
1447090 2318
1447100 2318
1447110 2317
1447120 2316
1447130 2316
1447140 2315
1447150 2317
1447160 2317
1447170 2320
1447180 2318
1447190 2314
1447200 2314
1447210 2310
1447220 2314
1447230 2314
1447240 2319
1447250 2324
1447260 2324
1447270 2327
1447280 2326
1447290 2326
1447300 2327
1447310 2328
1447320 2328
1447330 2327
1447340 2327
1447350 2327
1447360 2329
1447370 2332
1447380 2332
1447390 2336
1447400 2339
1447410 2339
1447420 2342
1447430 2345
1447440 2345
1447450 2346
1447460 2348
1447470 2348
1447480 2350
1447490 2355
1447500 2361
1447510 2361
1447520 2367
1447530 2371
1447540 2371
1447550 2377
1447560 2389
1447570 2389
1447580 2404
1447590 2417
1447600 2417
1447610 2425
1447620 2431
1447630 2431
1447640 2436
1447650 2442
1447660 2442
1447670 2449
1447680 2457
1447690 2457
1447700 2463
1447710 2470
1447720 2470
1447730 2484
1447740 2495
1447750 2495
1447760 2505
1447770 2513
1447780 2513
1447790 2520
1447800 2527
1447810 2532
1447820 2532
1447830 2537
1447840 2541
1447850 2541
1447860 2544
1447870 2547
1447880 2547
1447890 2549
1447900 2537
1447910 2537
1447920 2519
1447930 2503
1447940 2503
1447950 2489
1447960 2479
1447970 2479
1447980 2470
1447990 2463
1448000 2463
1448010 2453
1448020 2443
1448030 2443
1448040 2436
1448050 2429
1448060 2429
1448070 2423
1448080 2418
1448090 2418
1448100 2415
1448110 2408
1448120 2408
1448130 2400
1448140 2392
1448150 2386
1448160 2386
1448170 2382
1448180 2378
1448190 2378
1448200 2374
1448210 2370
1448220 2370
1448230 2367
1448240 2364
1448250 2364
1448260 2360
1448270 2357
1448280 2357
1448290 2357
1448300 2358
1448310 2358
1448320 2354
1448330 2353
1448340 2353
1448350 2354
1448360 2356
1448370 2356
1448380 2357
1448390 2358
1448400 2358
1448410 2360
1448420 2360
1448430 2360
1448440 2361
1448450 2362
1448460 2362
1448470 2362
1448480 2361
1448490 2359
1448500 2359
1448510 2356
1448520 2351
1448530 2351
1448540 2346
1448550 2339
1448560 2339
1448570 2334
1448580 2330
1448590 2330
1448600 2330
1448610 2329
1448620 2329
1448630 2329
1448640 2329
1448650 2329
1448660 2330
1448670 2331
1448680 2331
1448690 2331
1448700 2331
1448710 2331
1448720 2331
1448730 2328
1448740 2328
1448750 2323
1448760 2319
1448770 2316
1448780 2316
1448790 2314
1448800 2307
1448810 2307
1448820 2301
1448830 2297
1448840 2297
1448850 2294
1448860 2293
1448870 2293
1448880 2294
1448890 2297
1448900 2297
1448910 2300
1448920 2300
1448930 2300
1448940 2298
1448950 2297
1448960 2297
1448970 2298
1448980 2301
1448990 2301
1449000 2301
1449010 2303
1449020 2303
1449030 2304
1449040 2305
1449050 2305
1449060 2305
1449070 2304
1449080 2305
1449090 2305
1449100 2306
1449110 2307
1449120 2307
1449130 2307
1449140 2308
1449150 2308
1449160 2308
1449170 2308
1449180 2308
1449190 2307
1449200 2305
1449210 2305
1449220 2302
1449230 2299
1449240 2299
1449250 2296
1449260 2293
1449270 2293
1449280 2293
1449290 2291
1449300 2291
1449310 2286
1449320 2284
1449330 2284
1449340 2280
1449350 2278
1449360 2278
1449370 2277
1449380 2278
1449390 2276
1449400 2276
1449410 2273
1449420 2268
1449430 2268
1449440 2253
1449450 2237
1449460 2237
1449470 2222
1449480 2208
1449490 2208
1449500 2195
1449510 2190
1449520 2190
1449530 2186
1449540 2188
1449550 2188
1449560 2192
1449570 2197
1449580 2197
1449590 2202
1449600 2207
1449610 2207
1449620 2213
1449630 2218
1449640 2218
1449650 2222
1449660 2237
1449670 2237
1449680 2243
1449690 2248
1449700 2248
1449710 2264
1449720 2285
1449730 2297
1449740 2297
1449750 2312
1449760 2323
1449770 2323
1449780 2347
1449790 2352
1449800 2352
1449810 2353
1449820 2350
1449830 2350
1449840 2347
1449850 2343
1449860 2343
1449870 2339
1449880 2336
1449890 2336
1449900 2334
1449910 2329
1449920 2329
1449930 2325
1449940 2320
1449950 2320
1449960 2315
1449970 2310
1449980 2310
1449990 2304
1450000 2303
1450010 2303
1450020 2302
1450030 2298
1450040 2294
1450050 2294
1450060 2291
1450070 2287
1450080 2287
1450090 2279
1450100 2276
1450110 2276
1450120 2275
1450130 2274
1450140 2274
1450150 2273
1450160 2272
1450170 2272
1450180 2272
1450190 2271
1450200 2271
1450210 2271
1450220 2274
1450230 2274
1450240 2275
1450250 2274
1450260 2274
1450270 2273
1450280 2272
1450290 2272
1450300 2270
1450310 2264
1450320 2264
1450330 2258
1450340 2232
1450350 2216
1450360 2216
1450370 2205
1450380 2194
1450390 2194
1450400 2190
1450410 2194
1450420 2194
1450430 2186
1450440 2176
1450450 2176
1450460 2182
1450470 2175
1450480 2175
1450490 2155
1450500 2143
1450510 2143
1450520 2139
1450530 2115
1450540 2115
1450550 2097
1450560 2082
1450570 2082
1450580 2066
1450590 2059
1450600 2059
1450610 2057
1450620 2055
1450630 2055
1450640 2046
1450650 2001
1450660 1968
1450670 1968
1450680 1957
1450690 1944
1450700 1944
1450710 1928
1450720 1901
1450730 1901
1450740 1871
1450750 1851
1450760 1851
1450770 1832
1450780 1829
1450790 1829
1450800 1830
1450810 1832
1450820 1832
1450830 1833
1450840 1821
1450850 1821
1450860 1793
1450870 1772
1450880 1772
1450890 1754
1450900 1738
1450910 1738
1450920 1730
1450930 1724
1450940 1724
1450950 1718
1450960 1711
1450970 1704
1450980 1704
1450990 1699
1451000 1695
1451010 1695
1451020 1693
1451030 1691
1451040 1691
1451050 1684
1451060 1678
1451070 1678
1451080 1676
1451090 1670
1451100 1670
1451110 1660
1451120 1660
1451130 1660
1451140 1656
1451150 1659
1451160 1659
1451170 1658
1451180 1656
1451190 1656
1451200 1653
1451210 1653
1451220 1653
1451230 1646
1451240 1634
1451250 1634
1451260 1624
1451270 1622
1451280 1622
1451290 1622
1451300 1610
1451310 1605
1451320 1605
1451330 1603
1451340 1594
1451350 1594
1451360 1586
1451370 1578
1451380 1578
1451390 1565
1451400 1544
1451410 1544
1451420 1531
1451430 1519
1451440 1519
1451450 1506
1451460 1494
1451470 1494
1451480 1482
1451490 1470
1451500 1470
1451510 1457
1451520 1457
1451530 1457
1451540 1456
1451550 1446
1451560 1446
1451570 1434
1451580 1424
1451590 1424
1451600 1416
1451610 1411
1451620 1407
1451630 1407
1451640 1404
1451650 1401
1451660 1401
1451670 1398
1451680 1394
1451690 1394
1451700 1391
1451710 1387
1451720 1387
1451730 1384
1451740 1378
1451750 1378
1451760 1372
1451770 1367
1451780 1367
1451790 1362
1451800 1358
1451810 1358
1451820 1355
1451830 1352
1451840 1352
1451850 1349
1451860 1346
1451870 1346
1451880 1343
1451890 1340
1451900 1340
1451910 1337
1451920 1332
1451930 1328
1451940 1328
1451950 1325
1451960 1323
1451970 1323
1451980 1321
1451990 1319
1452000 1319
1452010 1318
1452020 1316
1452030 1316
1452040 1314
1452050 1311
1452060 1311
1452070 1308
1452080 1305
1452090 1305
1452100 1303
1452110 1301
1452120 1301
1452130 1298
1452140 1296
1452150 1296
1452160 1294
1452170 1293
1452180 1293
1452190 1290
1452200 1288
1452210 1288
1452220 1287
1452230 1288
1452240 1291
1452250 1291
1452260 1293
1452270 1293
1452280 1293
1452290 1292
1452300 1292
1452310 1292
1452320 1290
1452330 1289
1452340 1289
1452350 1288
1452360 1287
1452370 1287
1452380 1287
1452390 1287
1452400 1287
1452410 1287
1452420 1288
1452430 1288
1452440 1289
1452450 1286
1452460 1286
1452470 1284
1452480 1282
1452490 1282
1452500 1279
1452510 1277
1452520 1277
1452530 1277
1452540 1277
1452550 1277
1452560 1277
1452570 1276
1452580 1276
1452590 1276
1452600 1277
1452610 1276
1452620 1276
1452630 1275
1452640 1274
1452650 1274
1452660 1272
1452670 1271
1452680 1271
1452690 1269
1452700 1269
1452710 1269
1452720 1269
1452730 1268
1452740 1268
1452750 1270
1452760 1271
1452770 1271
1452780 1273
1452790 1274
1452800 1274
1452810 1275
1452820 1276
1452830 1276
1452840 1277
1452850 1278
1452860 1278
1452870 1279
1452880 1280
1452890 1280
1452900 1280
1452910 1280
1452920 1281
1452930 1281
1452940 1282
1452950 1284
1452960 1284
1452970 1284
1452980 1286
1452990 1286
1453000 1288
1453010 1292
1453020 1292
1453030 1298
1453040 1303
1453050 1303
1453060 1309
1453070 1314
1453080 1314
1453090 1319
1453100 1323
1453110 1323
1453120 1328
1453130 1332
1453140 1332
1453150 1333
1453160 1341
1453170 1341
1453180 1351
1453190 1359
1453200 1366
1453210 1366
1453220 1373
1453230 1378
1453240 1378
1453250 1385
1453260 1404
1453270 1404
1453280 1428
1453290 1451
1453300 1451
1453310 1461
1453320 1468
1453330 1468
1453340 1478
1453350 1485
1453360 1485
1453370 1488
1453380 1490
1453390 1490
1453400 1495
1453410 1506
1453420 1506
1453430 1514
1453440 1518
1453450 1518
1453460 1527
1453470 1537
1453480 1537
1453490 1546
1453500 1564
1453510 1576
1453520 1576
1453530 1588
1453540 1603
1453550 1603
1453560 1605
1453570 1607
1453580 1607
1453590 1611
1453600 1617
1453610 1617
1453620 1621
1453630 1620
1453640 1620
1453650 1620
1453660 1625
1453670 1625
1453680 1633
1453690 1646
1453700 1646
1453710 1659
1453720 1671
1453730 1671
1453740 1685
1453750 1688
1453760 1688
1453770 1692
1453780 1705
1453790 1705
1453800 1719
1453810 1722
1453820 1725
1453830 1725
1453840 1737
1453850 1745
1453860 1745
1453870 1752
1453880 1772
1453890 1772
1453900 1795
1453910 1810
1453920 1810
1453930 1819
1453940 1833
1453950 1833
1453960 1839
1453970 1850
1453980 1850
1453990 1870
1454000 1887
1454010 1887
1454020 1903
1454030 1910
1454040 1910
1454050 1941
1454060 1953
1454070 1953
1454080 1962
1454090 1972
1454100 1972
1454110 1983
1454120 1994
1454130 1994
1454140 2013
1454150 2027
1454160 2034
1454170 2034
1454180 2046
1454190 2054
1454200 2054
1454210 2063
1454220 2081
1454230 2081
1454240 2090
1454250 2097
1454260 2097
1454270 2110
1454280 2118
1454290 2118
1454300 2122
1454310 2123
1454320 2123
1454330 2133
1454340 2149
1454350 2149
1454360 2167
1454370 2185
1454380 2185
1454390 2198
1454400 2205
1454410 2205
1454420 2200
1454430 2196
1454440 2196
1454450 2206
1454460 2215
1454470 2224
1454480 2224
1454490 2262
1454500 2274
1454510 2274
1454520 2275
1454530 2271
1454540 2271
1454550 2266
1454560 2260
1454570 2260
1454580 2260
1454590 2260
1454600 2260
1454610 2260
1454620 2258
1454630 2258
1454640 2236
1454650 2215
1454660 2215
1454670 2203
1454680 2193
1454690 2193
1454700 2187
1454710 2185
1454720 2185
1454730 2175
1454740 2163
1454750 2163
1454760 2144
1454770 2134
1454780 2130
1454790 2130
1454800 2126
1454810 2122
1454820 2122
1454830 2120
1454840 2108
1454850 2108
1454860 2088
1454870 2054
1454880 2054
1454890 2034
1454900 2020
1454910 2020
1454920 2010
1454930 1998
1454940 1998
1454950 1980
1454960 1967
1454970 1967
1454980 1911
1454990 1858
1455000 1858
1455010 1845
1455020 1828
1455030 1828
1455040 1807
1455050 1775
1455060 1775
1455070 1735
1455080 1694
1455090 1674
1455100 1674
1455110 1623
1455120 1598
1455130 1598
1455140 1572
1455150 1560
1455160 1560
1455170 1551
1455180 1541
1455190 1541
1455200 1533
1455210 1525
1455220 1525
1455230 1515
1455240 1507
1455250 1507
1455260 1505
1455270 1503
1455280 1503
1455290 1501
1455300 1498
1455310 1498
1455320 1496
1455330 1492
1455340 1492
1455350 1487
1455360 1483
1455370 1483
1455380 1479
1455390 1474
1455400 1470
1455410 1470
1455420 1467
1455430 1464
1455440 1464
1455450 1463
1455460 1465
1455470 1465
1455480 1466
1455490 1464
1455500 1464
1455510 1463
1455520 1466
1455530 1466
1455540 1471
1455550 1475
1455560 1475
1455570 1478
1455580 1482
1455590 1482
1455600 1485
1455610 1485
1455620 1485
1455630 1485
1455640 1485
1455650 1485
1455660 1485
1455670 1485
1455680 1485
1455690 1484
1455700 1482
1455710 1482
1455720 1482
1455730 1481
1455740 1480
1455750 1480
1455760 1480
1455770 1478
1455780 1478
1455790 1476
1455800 1474
1455810 1474
1455820 1471
1455830 1469
1455840 1469
1455850 1466
1455860 1462
1455870 1462
1455880 1455
1455890 1449
1455900 1449
1455910 1444
1455920 1438
1455930 1438
1455940 1433
1455950 1430
1455960 1430
1455970 1426
1455980 1417
1455990 1417
1456000 1414
1456010 1418
1456020 1418
1456030 1428
1456040 1433
1456050 1438
1456060 1438
1456070 1442
1456080 1447
1456090 1447
1456100 1451
1456110 1452
1456120 1452
1456130 1457
1456140 1465
1456150 1465
1456160 1473
1456170 1481
1456180 1481
1456190 1500
1456200 1521
1456210 1521
1456220 1548
1456230 1572
1456240 1572
1456250 1581
1456260 1589
1456270 1589
1456280 1594
1456290 1598
1456300 1598
1456310 1603
1456320 1603
1456330 1603
1456340 1604
1456350 1606
1456360 1611
1456370 1611
1456380 1618
1456390 1629
1456400 1629
1456410 1635
1456420 1647
1456430 1647
1456440 1678
1456450 1702
1456460 1702
1456470 1705
1456480 1722
1456490 1722
1456500 1715
1456510 1730
1456520 1730
1456530 1755
1456540 1782
1456550 1782
1456560 1808
1456570 1822
1456580 1822
1456590 1842
1456600 1873
1456610 1873
1456620 1912
1456630 1920
1456640 1920
1456650 1918
1456660 1913
1456670 1912
1456680 1912
1456690 1923
1456700 1941
1456710 1941
1456720 1956
1456730 1961
1456740 1961
1456750 1970
1456760 1980
1456770 1980
1456780 1996
1456790 2003
1456800 2003
1456810 2003
1456820 2006
1456830 2006
1456840 2010
1456850 2013
1456860 2013
1456870 2015
1456880 2022
1456890 2022
1456900 2031
1456910 2043
1456920 2043
1456930 2055
1456940 2070
1456950 2070
1456960 2086
1456970 2100
1456980 2112
1456990 2112
1457000 2129
1457010 2149
1457020 2149
1457030 2160
1457040 2171
1457050 2171
1457060 2183
1457070 2196
1457080 2196
1457090 2217
1457100 2233
1457110 2233
1457120 2247
1457130 2268
1457140 2268
1457150 2290
1457160 2319
1457170 2319
1457180 2342
1457190 2352
1457200 2352
1457210 2350
1457220 2348
1457230 2348
1457240 2346
1457250 2341
1457260 2341
1457270 2336
1457280 2332
1457290 2332
1457300 2328
1457310 2322
1457320 2314
1457330 2314
1457340 2304
1457350 2297
1457360 2297
1457370 2291
1457380 2285
1457390 2285
1457400 2278
1457410 2270
1457420 2270
1457430 2254
1457440 2243
1457450 2243
1457460 2235
1457470 2230
1457480 2230
1457490 2224
1457500 2217
1457510 2217
1457520 2211
1457530 2205
1457540 2205
1457550 2198
1457560 2192
1457570 2192
1457580 2185
1457590 2179
1457600 2179
1457610 2174
1457620 2170
1457630 2166
1457640 2166
1457650 2164
1457660 2159
1457670 2159
1457680 2154
1457690 2149
1457700 2149
1457710 2143
1457720 2137
1457730 2137
1457740 2132
1457750 2122
1457760 2122
1457770 2111
1457780 2102
1457790 2102
1457800 2095
1457810 2089
1457820 2089
1457830 2085
1457840 2085
1457850 2085
1457860 2087
1457870 2090
1457880 2090
1457890 2094
1457900 2095
1457910 2095
1457920 2094
1457930 2095
1457940 2096
1457950 2096
1457960 2097
1457970 2099
1457980 2099
1457990 2110
1458000 2125
1458010 2125
1458020 2156
1458030 2173
1458040 2173
1458050 2170
1458060 2163
1458070 2163
1458080 2156
1458090 2149
1458100 2149
1458110 2141
1458120 2132
1458130 2132
1458140 2122
1458150 2115
1458160 2115
1458170 2106
1458180 2097
1458190 2097
1458200 2087
1458210 2077
1458220 2077
1458230 2069
1458240 2061
1458250 2056
1458260 2056
1458270 2049
1458280 2041
1458290 2041
1458300 2031
1458310 2021
1458320 2021
1458330 2011
1458340 2011
1458350 2011
1458360 2009
1458370 2006
1458380 2006
1458390 1999
1458400 1981
1458410 1981
1458420 1964
1458430 1957
1458440 1957
1458450 1950
1458460 1943
1458470 1943
1458480 1939
1458490 1942
1458500 1942
1458510 1943
1458520 1940
1458530 1940
1458540 1937
1458550 1934
1458560 1926
1458570 1926
1458580 1925
1458590 1925
1458600 1925
1458610 1925
1458620 1924
1458630 1924
1458640 1919
1458650 1905
1458660 1905
1458670 1882
1458680 1864
1458690 1864
1458700 1847
1458710 1828
1458720 1828
1458730 1801
1458740 1768
1458750 1768
1458760 1695
1458770 1638
1458780 1638
1458790 1628
1458800 1622
1458810 1622
1458820 1616
1458830 1610
1458840 1610
1458850 1604
1458860 1598
1458870 1598
1458880 1591
1458890 1585
1458900 1579
1458910 1579
1458920 1574
1458930 1570
1458940 1570
1458950 1564
1458960 1551
1458970 1551
1458980 1543
1458990 1537
1459000 1537
1459010 1525
1459020 1516
1459030 1516
1459040 1510
1459050 1506
1459060 1506
1459070 1507
1459080 1510
1459090 1510
1459100 1513
1459110 1515
1459120 1515
1459130 1518
1459140 1518
1459150 1518
1459160 1518
1459170 1517
1459180 1517
1459190 1517
1459200 1516
1459210 1514
1459220 1514
1459230 1511
1459240 1510
1459250 1510
1459260 1510
1459270 1510
1459280 1510
1459290 1509
1459300 1509
1459310 1509
1459320 1507
1459330 1506
1459340 1506
1459350 1504
1459360 1501
1459370 1501
1459380 1498
1459390 1495
1459400 1495
1459410 1491
1459420 1487
1459430 1487
1459440 1483
1459450 1479
1459460 1479
1459470 1476
1459480 1472
1459490 1472
1459500 1468
1459510 1464
1459520 1459
1459530 1459
1459540 1454
1459550 1450
1459560 1450
1459570 1446
1459580 1441
1459590 1441
1459600 1436
1459610 1432
1459620 1432
1459630 1428
1459640 1425
1459650 1425
1459660 1421
1459670 1417
1459680 1417
1459690 1412
1459700 1407
1459710 1407
1459720 1403
1459730 1400
1459740 1400
1459750 1397
1459760 1394
1459770 1394
1459780 1392
1459790 1389
1459800 1389
1459810 1386
1459820 1382
1459830 1379
1459840 1379
1459850 1376
1459860 1372
1459870 1372
1459880 1370
1459890 1367
1459900 1367
1459910 1364
1459920 1360
1459930 1360
1459940 1357
1459950 1355
1459960 1355
1459970 1352
1459980 1349
1459990 1349
