1440000 2083
1440010 2083
1440020 2077
1440030 2070
1440040 2070
1440050 2062
1440060 2054
1440070 2054
1440080 2048
1440090 2046
1440100 2046
1440110 2044
1440120 2043
1440130 2043
1440140 2043
1440150 2043
1440160 2043
1440170 2043
1440180 2044
1440190 2045
1440200 2045
1440210 2044
1440220 2040
1440230 2040
1440240 2036
1440250 2030
1440260 2030
1440270 2024
1440280 2018
1440290 2018
1440300 2015
1440310 2018
1440320 2018
1440330 2023
1440340 2022
1440350 2022
1440360 2023
1440370 2028
1440380 2028
1440390 2037
1440400 2043
1440410 2043
1440420 2045
1440430 2049
1440440 2052
1440450 2052
1440460 2051
1440470 2054
1440480 2054
1440490 2059
1440500 2062
1440510 2062
1440520 2066
1440530 2071
1440540 2071
1440550 2077
1440560 2081
1440570 2081
1440580 2085
1440590 2089
1440600 2089
1440610 2091
1440620 2091
1440630 2091
1440640 2089
1440650 2088
1440660 2088
1440670 2087
1440680 2088
1440690 2088
1440700 2086
1440710 2085
1440720 2085
1440730 2089
1440740 2097
1440750 2101
1440760 2101
1440770 2105
1440780 2111
1440790 2111
1440800 2114
1440810 2117
1440820 2117
1440830 2120
1440840 2122
1440850 2122
1440860 2124
1440870 2122
1440880 2122
1440890 2121
1440900 2121
1440910 2121
1440920 2118
1440930 2120
1440940 2120
1440950 2124
1440960 2131
1440970 2131
1440980 2144
1440990 2151
1441000 2151
1441010 2151
1441020 2153
1441030 2153
1441040 2158
1441050 2164
1441060 2167
1441070 2167
1441080 2167
1441090 2157
1441100 2157
1441110 2140
1441120 2130
1441130 2130
1441140 2126
1441150 2123
1441160 2123
1441170 2120
1441180 2118
1441190 2118
1441200 2120
1441210 2121
1441220 2121
1441230 2121
1441240 2121
1441250 2121
1441260 2121
1441270 2124
1441280 2124
1441290 2127
1441300 2128
1441310 2128
1441320 2131
1441330 2132
1441340 2132
1441350 2137
1441360 2146
1441370 2146
1441380 2155
1441390 2160
1441400 2163
1441410 2163
1441420 2167
1441430 2169
1441440 2169
1441450 2173
1441460 2177
1441470 2177
1441480 2180
1441490 2181
1441500 2181
1441510 2185
1441520 2190
1441530 2190
1441540 2209
1441550 2248
1441560 2248
1441570 2290
1441580 2317
1441590 2317
1441600 2322
1441610 2324
1441620 2324
1441630 2326
1441640 2338
1441650 2338
1441660 2361
1441670 2380
1441680 2380
1441690 2395
1441700 2410
1441710 2417
1441720 2417
1441730 2420
1441740 2421
1441750 2421
1441760 2425
1441770 2429
1441780 2429
1441790 2433
1441800 2436
1441810 2436
1441820 2438
1441830 2438
1441840 2438
1441850 2436
1441860 2430
1441870 2430
1441880 2425
1441890 2420
1441900 2420
1441910 2416
1441920 2412
1441930 2412
1441940 2407
1441950 2402
1441960 2402
1441970 2401
1441980 2397
1441990 2397
1442000 2392
1442010 2387
1442020 2383
1442030 2383
1442040 2381
1442050 2380
1442060 2380
1442070 2376
1442080 2374
1442090 2374
1442100 2372
1442110 2368
1442120 2368
1442130 2364
1442140 2361
1442150 2361
1442160 2357
1442170 2354
1442180 2354
1442190 2350
1442200 2348
1442210 2348
1442220 2349
1442230 2344
1442240 2344
1442250 2338
1442260 2330
1442270 2330
1442280 2325
1442290 2324
1442300 2324
1442310 2322
1442320 2318
1442330 2312
1442340 2312
1442350 2311
1442360 2311
1442370 2311
1442380 2309
1442390 2303
1442400 2303
1442410 2309
1442420 2312
1442430 2312
1442440 2314
1442450 2315
1442460 2315
1442470 2315
1442480 2315
1442490 2315
1442500 2313
1442510 2316
1442520 2316
1442530 2322
1442540 2326
1442550 2326
1442560 2329
1442570 2333
1442580 2333
1442590 2332
1442600 2333
1442610 2333
1442620 2333
1442630 2333
1442640 2333
1442650 2332
1442660 2331
1442670 2329
1442680 2329
1442690 2327
1442700 2326
1442710 2326
1442720 2330
1442730 2332
1442740 2332
1442750 2335
1442760 2339
1442770 2339
1442780 2339
1442790 2338
1442800 2338
1442810 2336
1442820 2334
1442830 2334
1442840 2333
1442850 2340
1442860 2340
1442870 2345
1442880 2346
1442890 2346
1442900 2346
1442910 2349
1442920 2349
1442930 2351
1442940 2354
1442950 2354
1442960 2357
1442970 2361
1442980 2362
1442990 2362
1443000 2367
1443010 2373
1443020 2373
1443030 2378
1443040 2385
1443050 2385
1443060 2392
1443070 2396
1443080 2396
1443090 2399
1443100 2405
1443110 2405
1443120 2411
1443130 2417
1443140 2417
1443150 2423
1443160 2431
1443170 2431
1443180 2439
1443190 2447
1443200 2447
1443210 2464
1443220 2485
1443230 2485
1443240 2503
1443250 2525
1443260 2525
1443270 2526
1443280 2529
1443290 2530
1443300 2530
1443310 2519
1443320 2501
1443330 2501
1443340 2485
1443350 2477
1443360 2477
1443370 2470
1443380 2461
1443390 2461
1443400 2452
1443410 2441
1443420 2441
1443430 2431
1443440 2424
1443450 2424
1443460 2418
1443470 2411
1443480 2411
1443490 2405
1443500 2400
1443510 2400
1443520 2395
1443530 2390
1443540 2390
1443550 2386
1443560 2383
1443570 2383
1443580 2381
1443590 2377
1443600 2375
1443610 2375
1443620 2372
1443630 2368
1443640 2368
1443650 2365
1443660 2363
1443670 2363
1443680 2363
1443690 2363
1443700 2363
1443710 2361
1443720 2357
1443730 2357
1443740 2349
1443750 2346
1443760 2346
1443770 2342
1443780 2338
1443790 2338
1443800 2333
1443810 2330
1443820 2330
1443830 2329
1443840 2326
1443850 2326
1443860 2321
1443870 2317
1443880 2317
1443890 2315
1443900 2308
1443910 2308
1443920 2301
1443930 2295
1443940 2288
1443950 2288
1443960 2281
1443970 2276
1443980 2276
1443990 2270
1444000 2266
1444010 2266
1444020 2264
1444030 2262
1444040 2262
1444050 2262
1444060 2263
1444070 2263
1444080 2266
1444090 2268
1444100 2268
1444110 2269
1444120 2270
1444130 2270
1444140 2271
1444150 2274
1444160 2274
1444170 2278
1444180 2280
1444190 2280
1444200 2282
1444210 2282
1444220 2282
1444230 2282
1444240 2286
1444250 2290
1444260 2290
1444270 2292
1444280 2293
1444290 2293
1444300 2294
1444310 2294
1444320 2294
1444330 2294
1444340 2293
1444350 2293
1444360 2292
1444370 2291
1444380 2291
1444390 2290
1444400 2290
1444410 2290
1444420 2289
1444430 2286
1444440 2286
1444450 2288
1444460 2290
1444470 2290
1444480 2289
1444490 2288
1444500 2288
1444510 2287
1444520 2288
1444530 2288
1444540 2290
1444550 2289
1444560 2288
1444570 2288
1444580 2287
1444590 2290
1444600 2290
1444610 2300
1444620 2304
1444630 2304
1444640 2307
1444650 2309
1444660 2309
1444670 2311
1444680 2312
1444690 2312
1444700 2313
1444710 2314
1444720 2314
1444730 2315
1444740 2316
1444750 2316
1444760 2318
1444770 2321
1444780 2321
1444790 2324
1444800 2324
1444810 2324
1444820 2324
1444830 2323
1444840 2323
1444850 2323
1444860 2324
1444870 2323
1444880 2323
1444890 2322
1444900 2321
1444910 2321
1444920 2322
1444930 2322
1444940 2322
1444950 2323
1444960 2322
1444970 2322
1444980 2321
1444990 2323
1445000 2323
1445010 2322
1445020 2322
1445030 2322
1445040 2323
1445050 2324
1445060 2324
1445070 2325
1445080 2325
1445090 2325
1445100 2324
1445110 2325
1445120 2325
1445130 2327
1445140 2330
1445150 2330
1445160 2332
1445170 2332
1445180 2332
1445190 2332
1445200 2331
1445210 2332
1445220 2332
1445230 2331
1445240 2331
1445250 2331
1445260 2336
1445270 2341
1445280 2341
1445290 2344
1445300 2349
1445310 2349
1445320 2354
1445330 2360
1445340 2360
1445350 2365
1445360 2370
1445370 2370
1445380 2374
1445390 2377
1445400 2377
1445410 2381
1445420 2384
1445430 2384
1445440 2387
1445450 2392
1445460 2392
1445470 2403
1445480 2417
1445490 2417
1445500 2443
1445510 2459
1445520 2463
1445530 2463
1445540 2458
1445550 2457
1445560 2457
1445570 2459
1445580 2455
1445590 2455
1445600 2457
1445610 2472
1445620 2472
1445630 2476
1445640 2471
1445650 2471
1445660 2465
1445670 2456
1445680 2456
1445690 2437
1445700 2425
1445710 2425
1445720 2416
1445730 2402
1445740 2402
1445750 2387
1445760 2376
1445770 2376
1445780 2364
1445790 2355
1445800 2355
1445810 2349
1445820 2343
1445830 2335
1445840 2335
1445850 2325
1445860 2316
1445870 2316
1445880 2308
1445890 2304
1445900 2304
1445910 2300
1445920 2298
1445930 2298
1445940 2297
1445950 2294
1445960 2294
1445970 2293
1445980 2293
1445990 2293
1446000 2293
1446010 2291
1446020 2291
1446030 2289
1446040 2289
1446050 2289
1446060 2286
1446070 2285
1446080 2285
1446090 2285
1446100 2285
1446110 2285
1446120 2285
1446130 2285
1446140 2285
1446150 2285
1446160 2282
1446170 2279
1446180 2279
1446190 2282
1446200 2283
1446210 2283
1446220 2283
1446230 2287
1446240 2287
1446250 2293
1446260 2296
1446270 2296
1446280 2296
1446290 2298
1446300 2298
1446310 2300
1446320 2300
1446330 2300
1446340 2302
1446350 2306
1446360 2306
1446370 2310
1446380 2310
1446390 2310
1446400 2311
1446410 2313
1446420 2313
1446430 2318
1446440 2322
1446450 2326
1446460 2326
1446470 2329
1446480 2333
1446490 2333
1446500 2340
1446510 2347
1446520 2347
1446530 2350
1446540 2353
1446550 2353
1446560 2358
1446570 2363
1446580 2363
1446590 2363
1446600 2364
1446610 2364
1446620 2363
1446630 2361
1446640 2361
1446650 2358
1446660 2353
1446670 2353
1446680 2352
1446690 2349
1446700 2349
1446710 2343
1446720 2336
1446730 2336
1446740 2331
1446750 2326
1446760 2326
1446770 2320
1446780 2316
1446790 2315
1446800 2315
1446810 2313
1446820 2312
1446830 2312
1446840 2315
1446850 2315
1446860 2315
1446870 2316
1446880 2316
1446890 2316
1446900 2313
1446910 2307
1446920 2307
1446930 2303
1446940 2299
1446950 2299
1446960 2294
1446970 2289
1446980 2289
1446990 2288
1447000 2285
1447010 2285
1447020 2283
1447030 2287
1447040 2287
1447050 2287
1447060 2283
1447070 2283
1447080 2280
1447090 2278
1447100 2277
1447110 2277
1447120 2277
1447130 2275
1447140 2275
1447150 2272
1447160 2264
1447170 2264
1447180 2262
1447190 2265
1447200 2265
1447210 2265
1447220 2264
1447230 2264
1447240 2263
1447250 2264
1447260 2264
1447270 2265
1447280 2270
1447290 2270
1447300 2277
1447310 2281
1447320 2281
1447330 2283
1447340 2284
1447350 2284
1447360 2289
1447370 2293
1447380 2293
1447390 2297
1447400 2301
1447410 2302
1447420 2302
1447430 2305
1447440 2306
1447450 2306
1447460 2305
1447470 2308
1447480 2308
1447490 2311
1447500 2315
1447510 2315
1447520 2319
1447530 2326
1447540 2326
1447550 2332
1447560 2337
1447570 2337
1447580 2343
1447590 2349
1447600 2349
1447610 2355
1447620 2361
1447630 2361
1447640 2368
1447650 2374
1447660 2374
1447670 2383
1447680 2390
1447690 2390
1447700 2400
1447710 2413
1447720 2435
1447730 2435
1447740 2452
1447750 2472
1447760 2472
1447770 2496
1447780 2516
1447790 2516
1447800 2523
1447810 2529
1447820 2529
1447830 2534
1447840 2540
1447850 2540
1447860 2547
1447870 2553
1447880 2553
1447890 2562
1447900 2572
1447910 2572
1447920 2581
1447930 2584
1447940 2584
1447950 2586
1447960 2587
1447970 2587
1447980 2585
1447990 2582
1448000 2582
1448010 2577
1448020 2572
1448030 2572
1448040 2568
1448050 2559
1448060 2546
1448070 2546
1448080 2534
1448090 2526
1448100 2526
1448110 2518
1448120 2512
1448130 2512
1448140 2505
1448150 2499
1448160 2499
1448170 2493
1448180 2486
1448190 2486
1448200 2481
1448210 2474
1448220 2474
1448230 2468
1448240 2462
1448250 2462
1448260 2455
1448270 2454
1448280 2454
1448290 2449
1448300 2448
1448310 2448
1448320 2448
1448330 2448
1448340 2448
1448350 2447
1448360 2445
1448370 2444
1448380 2444
1448390 2444
1448400 2446
1448410 2446
1448420 2453
1448430 2461
1448440 2461
1448450 2466
1448460 2468
1448470 2468
1448480 2467
1448490 2465
1448500 2465
1448510 2462
1448520 2459
1448530 2459
1448540 2455
1448550 2452
1448560 2452
1448570 2448
1448580 2444
1448590 2444
1448600 2439
1448610 2434
1448620 2434
1448630 2429
1448640 2423
1448650 2423
1448660 2416
1448670 2409
1448680 2405
1448690 2405
1448700 2400
1448710 2393
1448720 2393
1448730 2387
1448740 2383
1448750 2383
1448760 2378
1448770 2374
1448780 2374
1448790 2369
1448800 2365
1448810 2365
1448820 2359
1448830 2354
1448840 2354
1448850 2349
1448860 2343
1448870 2343
1448880 2333
1448890 2321
1448900 2321
1448910 2316
1448920 2311
1448930 2311
1448940 2304
1448950 2290
1448960 2290
1448970 2279
1448980 2273
1448990 2269
1449000 2269
1449010 2267
1449020 2263
1449030 2263
1449040 2255
1449050 2249
1449060 2249
1449070 2251
1449080 2249
1449090 2249
1449100 2246
1449110 2244
1449120 2244
1449130 2243
1449140 2244
1449150 2244
1449160 2244
1449170 2243
1449180 2243
1449190 2242
1449200 2237
1449210 2237
1449220 2231
1449230 2224
1449240 2224
1449250 2216
1449260 2211
1449270 2211
1449280 2207
1449290 2203
1449300 2203
1449310 2199
1449320 2194
1449330 2189
1449340 2189
1449350 2187
1449360 2184
1449370 2184
1449380 2179
1449390 2177
1449400 2177
1449410 2177
1449420 2176
1449430 2176
1449440 2174
1449450 2172
1449460 2172
1449470 2167
1449480 2163
1449490 2163
1449500 2161
1449510 2159
1449520 2163
1449530 2160
1449540 2156
1449550 2156
1449560 2150
1449570 2144
1449580 2144
1449590 2139
1449600 2134
1449610 2134
1449620 2130
1449630 2131
1449640 2136
1449650 2136
1449660 2141
1449670 2147
1449680 2147
1449690 2152
1449700 2157
1449710 2157
1449720 2163
1449730 2168
1449740 2168
1449750 2173
1449760 2177
1449770 2177
1449780 2185
1449790 2202
1449800 2202
1449810 2217
1449820 2226
1449830 2226
1449840 2237
1449850 2254
1449860 2254
1449870 2262
1449880 2267
1449890 2267
1449900 2275
1449910 2286
1449920 2286
1449930 2293
1449940 2299
1449950 2305
1449960 2305
1449970 2309
1449980 2318
1449990 2318
1450000 2327
1450010 2346
1450020 2346
1450030 2371
1450040 2380
1450050 2380
1450060 2392
1450070 2403
1450080 2403
1450090 2406
1450100 2406
1450110 2406
1450120 2405
1450130 2404
1450140 2404
1450150 2403
1450160 2402
1450170 2402
1450180 2399
1450190 2396
1450200 2396
1450210 2393
1450220 2390
1450230 2390
1450240 2386
1450250 2380
1450260 2374
1450270 2374
1450280 2367
1450290 2362
1450300 2362
1450310 2358
1450320 2353
1450330 2353
1450340 2349
1450350 2344
1450360 2344
1450370 2337
1450380 2332
1450390 2332
1450400 2322
1450410 2311
1450420 2311
1450430 2307
1450440 2300
1450450 2300
1450460 2269
1450470 2214
1450480 2214
1450490 2194
1450500 2183
1450510 2183
1450520 2171
1450530 2160
1450540 2160
1450550 2152
1450560 2141
1450570 2130
1450580 2130
1450590 2124
1450600 2113
1450610 2113
1450620 2085
1450630 2079
1450640 2079
1450650 2069
1450660 2045
1450670 2045
1450680 2026
1450690 1998
1450700 1998
1450710 1970
1450720 1957
1450730 1957
1450740 1949
1450750 1941
1450760 1941
1450770 1939
1450780 1934
1450790 1934
1450800 1924
1450810 1914
1450820 1914
1450830 1907
1450840 1900
1450850 1900
1450860 1894
1450870 1889
1450880 1889
1450890 1884
1450900 1878
1450910 1878
1450920 1878
1450930 1877
1450940 1874
1450950 1874
1450960 1869
1450970 1864
1450980 1864
1450990 1858
1451000 1851
1451010 1851
1451020 1847
1451030 1846
1451040 1846
1451050 1842
1451060 1837
1451070 1837
1451080 1831
1451090 1823
1451100 1823
1451110 1816
1451120 1813
1451130 1813
1451140 1813
1451150 1813
1451160 1813
1451170 1808
1451180 1804
1451190 1804
1451200 1798
1451210 1797
1451220 1794
1451230 1794
1451240 1788
1451250 1785
1451260 1785
1451270 1781
1451280 1770
1451290 1770
1451300 1759
1451310 1750
1451320 1750
1451330 1739
1451340 1728
1451350 1728
1451360 1711
1451370 1689
1451380 1689
1451390 1667
1451400 1654
1451410 1654
1451420 1655
1451430 1659
1451440 1659
1451450 1658
1451460 1660
1451470 1660
1451480 1657
1451490 1656
1451500 1656
1451510 1652
1451520 1646
1451530 1637
1451540 1637
1451550 1623
1451560 1610
1451570 1610
1451580 1601
1451590 1587
1451600 1587
1451610 1571
1451620 1552
1451630 1552
1451640 1538
1451650 1527
1451660 1527
1451670 1518
1451680 1510
1451690 1510
1451700 1505
1451710 1496
1451720 1496
1451730 1487
1451740 1480
1451750 1480
1451760 1472
1451770 1430
1451780 1430
1451790 1400
1451800 1390
1451810 1390
1451820 1388
1451830 1372
1451840 1356
1451850 1356
1451860 1344
1451870 1333
1451880 1333
1451890 1323
1451900 1315
1451910 1315
1451920 1308
1451930 1301
1451940 1301
1451950 1295
1451960 1290
1451970 1290
1451980 1287
1451990 1284
1452000 1284
1452010 1281
1452020 1280
1452030 1280
1452040 1279
1452050 1277
1452060 1277
1452070 1274
1452080 1271
1452090 1271
1452100 1269
1452110 1268
1452120 1268
1452130 1267
1452140 1265
1452150 1265
1452160 1263
1452170 1261
1452180 1259
1452190 1259
1452200 1257
1452210 1254
1452220 1254
1452230 1253
1452240 1251
1452250 1251
1452260 1250
1452270 1249
1452280 1249
1452290 1247
1452300 1245
1452310 1245
1452320 1243
1452330 1241
1452340 1241
1452350 1241
1452360 1241
1452370 1241
1452380 1241
1452390 1241
1452400 1241
1452410 1241
1452420 1239
1452430 1239
1452440 1238
1452450 1236
1452460 1236
1452470 1234
1452480 1232
1452490 1231
1452500 1231
1452510 1229
1452520 1228
1452530 1228
1452540 1226
1452550 1224
1452560 1224
1452570 1222
1452580 1219
1452590 1219
1452600 1218
1452610 1216
1452620 1216
1452630 1215
1452640 1216
1452650 1216
1452660 1217
1452670 1217
1452680 1217
1452690 1216
1452700 1215
1452710 1215
1452720 1214
1452730 1214
1452740 1214
1452750 1214
1452760 1215
1452770 1215
1452780 1214
1452790 1216
1452800 1217
1452810 1217
1452820 1220
1452830 1223
1452840 1223
1452850 1226
1452860 1229
1452870 1229
1452880 1231
1452890 1235
1452900 1235
1452910 1238
1452920 1240
1452930 1240
1452940 1242
1452950 1245
1452960 1245
1452970 1247
1452980 1251
1452990 1251
1453000 1252
1453010 1254
1453020 1254
1453030 1256
1453040 1259
1453050 1259
1453060 1261
1453070 1264
1453080 1264
1453090 1267
1453100 1271
1453110 1275
1453120 1275
1453130 1279
1453140 1283
1453150 1283
1453160 1287
1453170 1288
1453180 1288
1453190 1287
1453200 1293
1453210 1293
1453220 1305
1453230 1318
1453240 1318
1453250 1324
1453260 1330
1453270 1330
1453280 1337
1453290 1347
1453300 1347
1453310 1359
1453320 1370
1453330 1370
1453340 1381
1453350 1391
1453360 1391
1453370 1401
1453380 1412
1453390 1412
1453400 1418
1453410 1418
1453420 1418
1453430 1417
1453440 1422
1453450 1438
1453460 1438
1453470 1465
1453480 1496
1453490 1496
1453500 1509
1453510 1520
1453520 1520
1453530 1556
1453540 1579
1453550 1579
1453560 1583
1453570 1581
1453580 1581
1453590 1588
1453600 1590
1453610 1590
1453620 1593
1453630 1598
1453640 1598
1453650 1632
1453660 1681
1453670 1681
1453680 1711
1453690 1730
1453700 1730
1453710 1736
1453720 1737
1453730 1737
1453740 1738
1453750 1739
1453760 1745
1453770 1745
1453780 1747
1453790 1747
1453800 1747
1453810 1748
1453820 1748
1453830 1748
1453840 1753
1453850 1791
1453860 1791
1453870 1827
1453880 1847
1453890 1847
1453900 1866
1453910 1865
1453920 1865
1453930 1872
1453940 1891
1453950 1891
1453960 1902
1453970 1897
1453980 1897
1453990 1910
1454000 1938
1454010 1938
1454020 1944
1454030 1955
1454040 1955
1454050 1960
1454060 1966
1454070 1976
1454080 1976
1454090 1993
1454100 2002
1454110 2002
1454120 2015
1454130 2047
1454140 2047
1454150 2074
1454160 2075
1454170 2075
1454180 2066
1454190 2064
1454200 2064
1454210 2064
1454220 2069
1454230 2069
1454240 2069
1454250 2066
1454260 2066
1454270 2062
1454280 2056
1454290 2056
1454300 2053
1454310 2050
1454320 2050
1454330 2049
1454340 2049
1454350 2049
1454360 2049
1454370 2049
1454380 2047
1454390 2047
1454400 2042
1454410 2037
1454420 2037
1454430 2032
1454440 2028
1454450 2028
1454460 2023
1454470 2019
1454480 2019
1454490 2017
1454500 2015
1454510 2015
1454520 2015
1454530 2016
1454540 2016
1454550 2015
1454560 2013
1454570 2013
1454580 2010
1454590 2009
1454600 2009
1454610 2004
1454620 1994
1454630 1994
1454640 1981
1454650 1974
1454660 1974
1454670 1947
1454680 1938
1454690 1938
1454700 1929
1454710 1922
1454720 1917
1454730 1917
1454740 1914
1454750 1911
1454760 1911
1454770 1908
1454780 1904
1454790 1904
1454800 1901
1454810 1895
1454820 1895
1454830 1889
1454840 1884
1454850 1884
1454860 1876
1454870 1869
1454880 1869
1454890 1863
1454900 1858
1454910 1858
1454920 1848
1454930 1821
1454940 1821
1454950 1779
1454960 1761
1454970 1761
1454980 1725
1454990 1663
1455000 1663
1455010 1633
1455020 1603
1455030 1585
1455040 1585
1455050 1573
1455060 1567
1455070 1567
1455080 1562
1455090 1561
1455100 1561
1455110 1558
1455120 1558
1455130 1558
1455140 1554
1455150 1548
1455160 1548
1455170 1534
1455180 1522
1455190 1522
1455200 1498
1455210 1476
1455220 1476
1455230 1463
1455240 1444
1455250 1444
1455260 1431
1455270 1425
1455280 1425
1455290 1421
1455300 1419
1455310 1419
1455320 1418
1455330 1414
1455340 1410
1455350 1410
1455360 1405
1455370 1400
1455380 1400
1455390 1395
1455400 1390
1455410 1390
1455420 1385
1455430 1381
1455440 1381
1455450 1377
1455460 1371
1455470 1371
1455480 1365
1455490 1359
1455500 1359
1455510 1353
1455520 1345
1455530 1345
1455540 1337
1455550 1330
1455560 1330
1455570 1328
1455580 1329
1455590 1329
1455600 1332
1455610 1336
1455620 1336
1455630 1341
1455640 1341
1455650 1338
1455660 1338
1455670 1336
1455680 1334
1455690 1334
1455700 1332
1455710 1332
1455720 1332
1455730 1329
1455740 1326
1455750 1326
1455760 1321
1455770 1317
1455780 1317
1455790 1317
1455800 1316
1455810 1316
1455820 1313
1455830 1312
1455840 1312
1455850 1310
1455860 1307
1455870 1307
1455880 1308
1455890 1309
1455900 1309
1455910 1309
1455920 1309
1455930 1309
1455940 1306
1455950 1305
1455960 1307
1455970 1307
1455980 1307
1455990 1304
1456000 1304
1456010 1298
1456020 1288
1456030 1288
1456040 1281
1456050 1278
1456060 1278
1456070 1278
1456080 1283
1456090 1283
1456100 1289
1456110 1290
1456120 1290
1456130 1294
1456140 1305
1456150 1305
1456160 1312
1456170 1317
1456180 1317
1456190 1324
1456200 1337
1456210 1337
1456220 1346
1456230 1354
1456240 1354
1456250 1368
1456260 1384
1456270 1384
1456280 1386
1456290 1395
1456300 1415
1456310 1415
1456320 1420
1456330 1425
1456340 1425
1456350 1426
1456360 1423
1456370 1423
1456380 1421
1456390 1419
1456400 1419
1456410 1417
1456420 1412
1456430 1412
1456440 1405
1456450 1396
1456460 1396
1456470 1391
1456480 1386
1456490 1386
1456500 1381
1456510 1378
1456520 1378
1456530 1373
1456540 1372
1456550 1372
1456560 1370
1456570 1367
1456580 1367
1456590 1368
1456600 1372
1456610 1383
1456620 1383
1456630 1411
1456640 1472
1456650 1472
1456660 1516
1456670 1531
1456680 1531
1456690 1539
1456700 1544
1456710 1544
1456720 1545
1456730 1549
1456740 1549
1456750 1558
1456760 1572
1456770 1572
1456780 1584
1456790 1597
1456800 1597
1456810 1609
1456820 1615
1456830 1615
1456840 1632
1456850 1647
1456860 1647
1456870 1660
1456880 1690
1456890 1690
1456900 1713
1456910 1728
1456920 1745
1456930 1745
1456940 1757
1456950 1801
1456960 1801
1456970 1896
1456980 1926
1456990 1926
1457000 1970
1457010 2009
1457020 2009
1457030 2038
1457040 2051
1457050 2051
1457060 2058
1457070 2061
1457080 2061
1457090 2068
1457100 2079
1457110 2079
1457120 2093
1457130 2102
1457140 2102
1457150 2106
1457160 2109
1457170 2109
1457180 2116
1457190 2131
1457200 2131
1457210 2147
1457220 2152
1457230 2161
1457240 2161
1457250 2172
1457260 2189
1457270 2189
1457280 2214
1457290 2228
1457300 2228
1457310 2231
1457320 2233
1457330 2233
1457340 2238
1457350 2251
1457360 2251
1457370 2260
1457380 2268
1457390 2268
1457400 2274
1457410 2276
1457420 2276
1457430 2279
1457440 2279
1457450 2279
1457460 2284
1457470 2293
1457480 2293
1457490 2294
1457500 2298
1457510 2298
1457520 2297
1457530 2293
1457540 2293
1457550 2287
1457560 2282
1457570 2274
1457580 2274
1457590 2269
1457600 2260
1457610 2260
1457620 2238
1457630 2212
1457640 2212
1457650 2184
1457660 2166
1457670 2166
1457680 2147
1457690 2132
1457700 2132
1457710 2116
1457720 2108
1457730 2108
1457740 2100
1457750 2087
1457760 2087
1457770 2069
1457780 2058
1457790 2058
1457800 2050
1457810 2044
1457820 2044
1457830 2037
1457840 2031
1457850 2031
1457860 2026
1457870 2021
1457880 2015
1457890 2015
1457900 2009
1457910 2004
1457920 2004
1457930 1998
1457940 1993
1457950 1993
1457960 1983
1457970 1975
1457980 1975
1457990 1975
1458000 1974
1458010 1974
1458020 1972
1458030 1972
1458040 1972
1458050 1977
1458060 1982
1458070 1982
1458080 1985
1458090 1988
1458100 1988
1458110 1991
1458120 1993
1458130 1993
1458140 1995
1458150 2000
1458160 2000
1458170 2005
1458180 2013
1458190 2020
1458200 2020
1458210 2030
1458220 2045
1458230 2045
1458240 2058
1458250 2054
1458260 2054
1458270 2041
1458280 2028
1458290 2028
1458300 2016
1458310 1999
1458320 1999
1458330 1988
1458340 1978
1458350 1978
1458360 1965
1458370 1950
1458380 1950
1458390 1927
1458400 1914
1458410 1914
1458420 1899
1458430 1882
1458440 1882
1458450 1869
1458460 1851
1458470 1851
1458480 1836
1458490 1822
1458500 1810
1458510 1810
1458520 1808
1458530 1801
1458540 1801
1458550 1794
1458560 1786
1458570 1786
1458580 1772
1458590 1757
1458600 1757
1458610 1750
1458620 1742
1458630 1742
1458640 1715
1458650 1692
1458660 1692
1458670 1684
1458680 1677
1458690 1677
1458700 1669
1458710 1660
1458720 1660
1458730 1652
1458740 1643
1458750 1643
1458760 1636
1458770 1631
1458780 1631
1458790 1629
1458800 1628
1458810 1628
1458820 1631
1458830 1625
1458840 1614
1458850 1614
1458860 1605
1458870 1597
1458880 1597
1458890 1594
1458900 1588
1458910 1588
1458920 1583
1458930 1576
1458940 1576
1458950 1566
1458960 1553
1458970 1553
1458980 1542
1458990 1534
1459000 1534
1459010 1525
1459020 1515
1459030 1515
1459040 1508
1459050 1497
1459060 1497
1459070 1485
1459080 1470
1459090 1470
1459100 1464
1459110 1461
1459120 1461
1459130 1459
1459140 1457
1459150 1454
1459160 1454
1459170 1450
1459180 1447
1459190 1447
1459200 1444
1459210 1442
1459220 1442
1459230 1440
1459240 1440
1459250 1440
1459260 1440
1459270 1439
1459280 1439
1459290 1437
1459300 1436
1459310 1436
1459320 1434
1459330 1433
1459340 1433
1459350 1432
1459360 1430
1459370 1430
1459380 1428
1459390 1427
1459400 1427
1459410 1426
1459420 1424
1459430 1424
1459440 1422
1459450 1420
1459460 1419
1459470 1419
1459480 1414
1459490 1410
1459500 1410
1459510 1408
1459520 1408
1459530 1408
1459540 1406
1459550 1401
1459560 1401
1459570 1396
1459580 1390
1459590 1390
1459600 1386
1459610 1382
1459620 1382
1459630 1377
1459640 1371
1459650 1371
1459660 1364
1459670 1358
1459680 1358
1459690 1354
1459700 1350
1459710 1350
1459720 1347
1459730 1344
1459740 1344
1459750 1341
1459760 1338
1459770 1335
1459780 1335
1459790 1334
1459800 1335
1459810 1335
1459820 1334
1459830 1332
1459840 1332
1459850 1330
1459860 1324
1459870 1324
1459880 1319
1459890 1316
1459900 1316
1459910 1316
1459920 1316
1459930 1316
1459940 1316
1459950 1315
1459960 1315
1459970 1315
1459980 1315
1459990 1315
