1440000 2225
1440010 2224
1440020 2222
1440030 2222
1440040 2217
1440050 2214
1440060 2214
1440070 2211
1440080 2210
1440090 2210
1440100 2209
1440110 2209
1440120 2209
1440130 2207
1440140 2206
1440150 2206
1440160 2206
1440170 2209
1440180 2209
1440190 2211
1440200 2213
1440210 2213
1440220 2214
1440230 2217
1440240 2217
1440250 2220
1440260 2223
1440270 2229
1440280 2229
1440290 2237
1440300 2247
1440310 2247
1440320 2252
1440330 2253
1440340 2253
1440350 2253
1440360 2250
1440370 2250
1440380 2248
1440390 2245
1440400 2245
1440410 2243
1440420 2241
1440430 2241
1440440 2238
1440450 2235
1440460 2235
1440470 2232
1440480 2228
1440490 2228
1440500 2223
1440510 2216
1440520 2216
1440530 2209
1440540 2200
1440550 2200
1440560 2190
1440570 2180
1440580 2172
1440590 2172
1440600 2164
1440610 2154
1440620 2154
1440630 2148
1440640 2145
1440650 2145
1440660 2141
1440670 2138
1440680 2138
1440690 2137
1440700 2137
1440710 2137
1440720 2138
1440730 2141
1440740 2141
1440750 2143
1440760 2144
1440770 2144
1440780 2143
1440790 2142
1440800 2142
1440810 2139
1440820 2134
1440830 2134
1440840 2129
1440850 2128
1440860 2128
1440870 2128
1440880 2128
1440890 2128
1440900 2127
1440910 2125
1440920 2122
1440930 2122
1440940 2119
1440950 2119
1440960 2119
1440970 2121
1440980 2123
1440990 2123
1441000 2125
1441010 2127
1441020 2127
1441030 2125
1441040 2125
1441050 2125
1441060 2123
1441070 2123
1441080 2123
1441090 2124
1441100 2122
1441110 2122
1441120 2116
1441130 2113
1441140 2113
1441150 2115
1441160 2118
1441170 2118
1441180 2119
1441190 2118
1441200 2118
1441210 2117
1441220 2116
1441230 2118
1441240 2118
1441250 2119
1441260 2123
1441270 2123
1441280 2124
1441290 2125
1441300 2125
1441310 2125
1441320 2123
1441330 2123
1441340 2121
1441350 2121
1441360 2121
1441370 2120
1441380 2120
1441390 2120
1441400 2120
1441410 2121
1441420 2121
1441430 2122
1441440 2124
1441450 2124
1441460 2125
1441470 2128
1441480 2128
1441490 2131
1441500 2134
1441510 2134
1441520 2138
1441530 2142
1441540 2145
1441550 2145
1441560 2146
1441570 2149
1441580 2149
1441590 2152
1441600 2156
1441610 2156
1441620 2158
1441630 2161
1441640 2161
1441650 2165
1441660 2167
1441670 2167
1441680 2169
1441690 2170
1441700 2170
1441710 2173
1441720 2173
1441730 2173
1441740 2174
1441750 2175
1441760 2175
1441770 2177
1441780 2177
1441790 2177
1441800 2175
1441810 2175
1441820 2175
1441830 2175
1441840 2175
1441850 2175
1441860 2176
1441870 2175
1441880 2176
1441890 2176
1441900 2178
1441910 2179
1441920 2179
1441930 2178
1441940 2176
1441950 2176
1441960 2174
1441970 2172
1441980 2172
1441990 2173
1442000 2173
1442010 2173
1442020 2171
1442030 2170
1442040 2170
1442050 2172
1442060 2172
1442070 2172
1442080 2170
1442090 2169
1442100 2169
1442110 2170
1442120 2173
1442130 2173
1442140 2174
1442150 2174
1442160 2174
1442170 2172
1442180 2172
1442190 2172
1442200 2172
1442210 2173
1442220 2172
1442230 2172
1442240 2171
1442250 2168
1442260 2168
1442270 2167
1442280 2165
1442290 2165
1442300 2162
1442310 2160
1442320 2160
1442330 2157
1442340 2153
1442350 2153
1442360 2151
1442370 2154
1442380 2154
1442390 2154
1442400 2155
1442410 2155
1442420 2157
1442430 2160
1442440 2160
1442450 2164
1442460 2167
1442470 2167
1442480 2166
1442490 2165
1442500 2166
1442510 2166
1442520 2167
1442530 2165
1442540 2165
1442550 2166
1442560 2170
1442570 2170
1442580 2173
1442590 2174
1442600 2174
1442610 2176
1442620 2178
1442630 2178
1442640 2178
1442650 2178
1442660 2178
1442670 2178
1442680 2182
1442690 2182
1442700 2186
1442710 2189
1442720 2189
1442730 2192
1442740 2196
1442750 2196
1442760 2197
1442770 2199
1442780 2199
1442790 2201
1442800 2201
1442810 2201
1442820 2203
1442830 2205
1442840 2207
1442850 2207
1442860 2206
1442870 2207
1442880 2207
1442890 2208
1442900 2209
1442910 2209
1442920 2210
1442930 2212
1442940 2212
1442950 2214
1442960 2216
1442970 2216
1442980 2216
1442990 2215
1443000 2215
1443010 2214
1443020 2217
1443030 2217
1443040 2223
1443050 2227
1443060 2227
1443070 2230
1443080 2234
1443090 2234
1443100 2238
1443110 2242
1443120 2242
1443130 2245
1443140 2247
1443150 2251
1443160 2251
1443170 2255
1443180 2257
1443190 2257
1443200 2261
1443210 2267
1443220 2267
1443230 2272
1443240 2275
1443250 2275
1443260 2278
1443270 2278
1443280 2278
1443290 2281
1443300 2284
1443310 2284
1443320 2287
1443330 2290
1443340 2290
1443350 2294
1443360 2298
1443370 2298
1443380 2302
1443390 2305
1443400 2305
1443410 2308
1443420 2310
1443430 2310
1443440 2311
1443450 2312
1443460 2312
1443470 2315
1443480 2317
1443490 2318
1443500 2318
1443510 2319
1443520 2321
1443530 2321
1443540 2325
1443550 2327
1443560 2327
1443570 2330
1443580 2332
1443590 2332
1443600 2335
1443610 2340
1443620 2340
1443630 2343
1443640 2343
1443650 2343
1443660 2344
1443670 2348
1443680 2348
1443690 2349
1443700 2347
1443710 2347
1443720 2346
1443730 2349
1443740 2349
1443750 2353
1443760 2358
1443770 2358
1443780 2360
1443790 2365
1443800 2368
1443810 2368
1443820 2371
1443830 2371
1443840 2371
1443850 2367
1443860 2362
1443870 2362
1443880 2357
1443890 2350
1443900 2350
1443910 2342
1443920 2336
1443930 2336
1443940 2331
1443950 2323
1443960 2323
1443970 2317
1443980 2312
1443990 2312
1444000 2309
1444010 2307
1444020 2307
1444030 2305
1444040 2300
1444050 2300
1444060 2296
1444070 2292
1444080 2292
1444090 2288
1444100 2284
1444110 2279
1444120 2279
1444130 2276
1444140 2274
1444150 2274
1444160 2271
1444170 2266
1444180 2266
1444190 2264
1444200 2264
1444210 2264
1444220 2262
1444230 2260
1444240 2260
1444250 2257
1444260 2255
1444270 2255
1444280 2253
1444290 2251
1444300 2251
1444310 2250
1444320 2249
1444330 2249
1444340 2249
1444350 2248
1444360 2248
1444370 2244
1444380 2243
1444390 2243
1444400 2241
1444410 2238
1444420 2238
1444430 2237
1444440 2237
1444450 2237
1444460 2237
1444470 2234
1444480 2233
1444490 2233
1444500 2232
1444510 2229
1444520 2229
1444530 2229
1444540 2228
1444550 2228
1444560 2224
1444570 2220
1444580 2220
1444590 2220
1444600 2219
1444610 2219
1444620 2220
1444630 2220
1444640 2220
1444650 2220
1444660 2219
1444670 2219
1444680 2217
1444690 2213
1444700 2213
1444710 2211
1444720 2210
1444730 2210
1444740 2209
1444750 2207
1444760 2207
1444770 2207
1444780 2208
1444790 2209
1444800 2209
1444810 2209
1444820 2207
1444830 2207
1444840 2206
1444850 2207
1444860 2207
1444870 2207
1444880 2206
1444890 2206
1444900 2202
1444910 2199
1444920 2199
1444930 2197
1444940 2197
1444950 2197
1444960 2197
1444970 2196
1444980 2196
1444990 2196
1445000 2196
1445010 2196
1445020 2196
1445030 2195
1445040 2195
1445050 2198
1445060 2200
1445070 2201
1445080 2201
1445090 2205
1445100 2207
1445110 2207
1445120 2208
1445130 2208
1445140 2208
1445150 2208
1445160 2207
1445170 2207
1445180 2210
1445190 2211
1445200 2211
1445210 2211
1445220 2211
1445230 2211
1445240 2211
1445250 2213
1445260 2213
1445270 2213
1445280 2213
1445290 2213
1445300 2212
1445310 2212
1445320 2212
1445330 2211
1445340 2210
1445350 2210
1445360 2209
1445370 2209
1445380 2209
1445390 2209
1445400 2208
1445410 2209
1445420 2209
1445430 2210
1445440 2210
1445450 2210
1445460 2210
1445470 2210
1445480 2210
1445490 2211
1445500 2212
1445510 2212
1445520 2211
1445530 2211
1445540 2211
1445550 2210
1445560 2207
1445570 2207
1445580 2206
1445590 2202
1445600 2202
1445610 2205
1445620 2208
1445630 2208
1445640 2210
1445650 2208
1445660 2208
1445670 2206
1445680 2207
1445690 2207
1445700 2206
1445710 2204
1445720 2201
1445730 2200
1445740 2198
1445750 2196
1445760 2196
1445770 2194
1445780 2192
1445790 2192
1445800 2190
1445810 2189
1445820 2189
1445830 2188
1445840 2186
1445850 2186
1445860 2185
1445870 2187
1445880 2187
1445890 2185
1445900 2182
1445910 2182
1445920 2182
1445930 2182
1445940 2182
1445950 2181
1445960 2177
1445970 2177
1445980 2172
1445990 2169
1446000 2169
1446010 2174
1446020 2177
1446030 2179
1446040 2179
1446050 2177
1446060 2176
1446070 2176
1446080 2179
1446090 2179
1446100 2179
1446110 2178
1446120 2178
1446130 2178
1446140 2176
1446150 2176
1446160 2176
1446170 2177
1446180 2177
1446190 2177
1446200 2176
1446210 2175
1446220 2175
1446230 2174
1446240 2171
1446250 2171
1446260 2165
1446270 2161
1446280 2161
1446290 2159
1446300 2160
1446310 2160
1446320 2160
1446330 2157
1446340 2157
1446350 2155
1446360 2153
1446370 2150
1446380 2150
1446390 2149
1446400 2149
1446410 2149
1446420 2154
1446430 2156
1446440 2156
1446450 2156
1446460 2159
1446470 2159
1446480 2160
1446490 2164
1446500 2164
1446510 2168
1446520 2166
1446530 2166
1446540 2164
1446550 2165
1446560 2165
1446570 2166
1446580 2167
1446590 2167
1446600 2169
1446610 2176
1446620 2176
1446630 2178
1446640 2177
1446650 2177
1446660 2180
1446670 2183
1446680 2183
1446690 2183
1446700 2182
1446710 2184
1446720 2184
1446730 2182
1446740 2180
1446750 2180
1446760 2183
1446770 2184
1446780 2184
1446790 2177
1446800 2172
1446810 2172
1446820 2176
1446830 2180
1446840 2180
1446850 2182
1446860 2184
1446870 2184
1446880 2188
1446890 2195
1446900 2195
1446910 2198
1446920 2198
1446930 2198
1446940 2197
1446950 2194
1446960 2194
1446970 2187
1446980 2179
1446990 2172
1447000 2172
1447010 2176
1447020 2182
1447030 2182
1447040 2184
1447050 2182
1447060 2182
1447070 2178
1447080 2173
1447090 2173
1447100 2168
1447110 2163
1447120 2163
1447130 2166
1447140 2169
1447150 2169
1447160 2169
1447170 2168
1447180 2168
1447190 2169
1447200 2167
1447210 2167
1447220 2164
1447230 2163
1447240 2163
1447250 2161
1447260 2161
1447270 2161
1447280 2159
1447290 2159
1447300 2159
1447310 2158
1447320 2157
1447330 2159
1447340 2159
1447350 2160
1447360 2159
1447370 2159
1447380 2159
1447390 2162
1447400 2162
1447410 2161
1447420 2169
1447430 2169
1447440 2172
1447450 2175
1447460 2175
1447470 2180
1447480 2184
1447490 2184
1447500 2184
1447510 2182
1447520 2182
1447530 2180
1447540 2179
1447550 2179
1447560 2180
1447570 2180
1447580 2180
1447590 2182
1447600 2189
1447610 2189
1447620 2195
1447630 2200
1447640 2204
1447650 2204
1447660 2204
1447670 2207
1447680 2207
1447690 2209
1447700 2208
1447710 2208
1447720 2211
1447730 2213
1447740 2213
1447750 2212
1447760 2210
1447770 2210
1447780 2208
1447790 2205
1447800 2205
1447810 2205
1447820 2207
1447830 2207
1447840 2208
1447850 2208
1447860 2208
1447870 2209
1447880 2210
1447890 2210
1447900 2211
1447910 2214
1447920 2214
1447930 2221
1447940 2221
1447950 2222
1447960 2222
1447970 2223
1447980 2225
1447990 2225
1448000 2226
1448010 2225
1448020 2225
1448030 2227
1448040 2232
1448050 2232
1448060 2235
1448070 2239
1448080 2239
1448090 2244
1448100 2250
1448110 2250
1448120 2256
1448130 2262
1448140 2262
1448150 2267
1448160 2274
1448170 2274
1448180 2280
1448190 2284
1448200 2284
1448210 2290
1448220 2297
1448230 2297
1448240 2303
1448250 2312
1448260 2312
1448270 2338
1448280 2369
1448290 2385
1448300 2385
1448310 2399
1448320 2415
1448330 2415
1448340 2423
1448350 2429
1448360 2429
1448370 2436
1448380 2442
1448390 2442
1448400 2450
1448410 2456
1448420 2456
1448430 2458
1448440 2458
1448450 2458
1448460 2459
1448470 2458
1448480 2458
1448490 2453
1448500 2445
1448510 2445
1448520 2440
1448530 2441
1448540 2441
1448550 2443
1448560 2439
1448570 2439
1448580 2435
1448590 2428
1448600 2424
1448610 2424
1448620 2420
1448630 2415
1448640 2415
1448650 2409
1448660 2404
1448670 2404
1448680 2399
1448690 2394
1448700 2394
1448710 2396
1448720 2395
1448730 2395
1448740 2394
1448750 2392
1448760 2392
1448770 2387
1448780 2385
1448790 2385
1448800 2381
1448810 2378
1448820 2378
1448830 2374
1448840 2372
1448850 2372
1448860 2368
1448870 2364
1448880 2364
1448890 2363
1448900 2360
1448910 2360
1448920 2354
1448930 2348
1448940 2349
1448950 2349
1448960 2345
1448970 2341
1448980 2341
1448990 2337
1449000 2333
1449010 2333
1449020 2331
1449030 2330
1449040 2330
1449050 2331
1449060 2333
1449070 2333
1449080 2337
1449090 2341
1449100 2341
1449110 2347
1449120 2352
1449130 2352
1449140 2357
1449150 2362
1449160 2362
1449170 2368
1449180 2377
1449190 2377
1449200 2382
1449210 2385
1449220 2385
1449230 2386
1449240 2387
1449250 2388
1449260 2388
1449270 2390
1449280 2385
1449290 2385
1449300 2370
1449310 2364
1449320 2364
1449330 2359
1449340 2352
1449350 2352
1449360 2347
1449370 2343
1449380 2343
1449390 2341
1449400 2331
1449410 2331
1449420 2315
1449430 2306
1449440 2306
1449450 2294
1449460 2277
1449470 2277
1449480 2259
1449490 2241
1449500 2241
1449510 2237
1449520 2222
1449530 2222
1449540 2206
1449550 2197
1449560 2186
1449570 2186
1449580 2120
1449590 2079
1449600 2079
1449610 2029
1449620 1990
1449630 1990
1449640 1970
1449650 1961
1449660 1961
1449670 1953
1449680 1946
1449690 1946
1449700 1938
1449710 1931
1449720 1931
1449730 1924
1449740 1917
1449750 1917
1449760 1909
1449770 1902
1449780 1902
1449790 1896
1449800 1889
1449810 1889
1449820 1884
1449830 1878
1449840 1878
1449850 1873
1449860 1864
1449870 1864
1449880 1859
1449890 1854
1449900 1848
1449910 1848
1449920 1842
1449930 1836
1449940 1836
1449950 1830
1449960 1825
1449970 1825
1449980 1820
1449990 1814
1450000 1814
1450010 1806
1450020 1800
1450030 1800
1450040 1794
1450050 1789
1450060 1789
1450070 1784
1450080 1779
1450090 1779
1450100 1775
1450110 1771
1450120 1771
1450130 1767
1450140 1763
1450150 1763
1450160 1759
1450170 1757
1450180 1757
1450190 1754
1450200 1752
1450210 1749
1450220 1749
1450230 1745
1450240 1739
1450250 1739
1450260 1733
1450270 1726
1450280 1726
1450290 1721
1450300 1718
1450310 1718
1450320 1714
1450330 1710
1450340 1710
1450350 1707
1450360 1703
1450370 1703
1450380 1698
1450390 1694
1450400 1694
1450410 1689
1450420 1682
1450430 1682
1450440 1676
1450450 1670
1450460 1670
1450470 1664
1450480 1659
1450490 1659
1450500 1653
1450510 1649
1450520 1642
1450530 1642
1450540 1636
1450550 1630
1450560 1630
1450570 1625
1450580 1616
1450590 1616
1450600 1609
1450610 1606
1450620 1606
1450630 1601
1450640 1593
1450650 1593
1450660 1585
1450670 1578
1450680 1578
1450690 1572
1450700 1565
1450710 1565
1450720 1556
1450730 1546
1450740 1546
1450750 1536
1450760 1529
1450770 1529
1450780 1523
1450790 1517
1450800 1517
1450810 1514
1450820 1514
1450830 1514
1450840 1514
1450850 1513
1450860 1511
1450870 1511
1450880 1510
1450890 1507
1450900 1507
1450910 1506
1450920 1505
1450930 1505
1450940 1502
1450950 1500
1450960 1500
1450970 1498
1450980 1496
1450990 1496
1451000 1494
1451010 1491
1451020 1491
1451030 1489
1451040 1487
1451050 1487
1451060 1487
1451070 1485
1451080 1485
1451090 1482
1451100 1479
1451110 1479
1451120 1476
1451130 1473
1451140 1473
1451150 1471
1451160 1469
1451170 1467
1451180 1467
1451190 1464
1451200 1461
1451210 1461
1451220 1458
1451230 1455
1451240 1455
1451250 1452
1451260 1451
1451270 1451
1451280 1451
1451290 1452
1451300 1452
1451310 1453
1451320 1454
1451330 1454
1451340 1454
1451350 1452
1451360 1452
1451370 1451
1451380 1450
1451390 1450
1451400 1448
1451410 1447
1451420 1447
1451430 1445
1451440 1443
1451450 1443
1451460 1441
1451470 1439
1451480 1438
1451490 1438
1451500 1437
1451510 1436
1451520 1436
1451530 1435
1451540 1432
1451550 1432
1451560 1429
1451570 1426
1451580 1426
1451590 1423
1451600 1420
1451610 1420
1451620 1416
1451630 1411
1451640 1411
1451650 1407
1451660 1403
1451670 1403
1451680 1397
1451690 1391
1451700 1391
1451710 1385
1451720 1379
1451730 1379
1451740 1374
1451750 1370
1451760 1370
1451770 1367
1451780 1364
1451790 1364
1451800 1360
1451810 1358
1451820 1355
1451830 1355
1451840 1354
1451850 1352
1451860 1352
1451870 1350
1451880 1348
1451890 1348
1451900 1346
1451910 1344
1451920 1344
1451930 1342
1451940 1339
1451950 1339
1451960 1336
1451970 1332
1451980 1332
1451990 1327
1452000 1323
1452010 1323
1452020 1320
1452030 1317
1452040 1317
1452050 1315
1452060 1311
1452070 1311
1452080 1307
1452090 1301
1452100 1301
1452110 1296
1452120 1291
1452130 1285
1452140 1285
1452150 1279
1452160 1272
1452170 1272
1452180 1266
1452190 1259
1452200 1259
1452210 1252
1452220 1245
1452230 1245
1452240 1239
1452250 1232
1452260 1232
1452270 1226
1452280 1220
1452290 1220
1452300 1214
1452310 1208
1452320 1208
1452330 1202
1452340 1196
1452350 1196
1452360 1191
1452370 1185
1452380 1185
1452390 1179
1452400 1174
1452410 1174
1452420 1169
1452430 1164
1452440 1159
1452450 1159
1452460 1154
1452470 1149
1452480 1149
1452490 1144
1452500 1140
1452510 1140
1452520 1137
1452530 1129
1452540 1129
1452550 1122
1452560 1120
1452570 1120
1452580 1117
1452590 1110
1452600 1110
1452610 1103
1452620 1096
1452630 1096
1452640 1088
1452650 1085
1452660 1085
1452670 1084
1452680 1084
1452690 1084
1452700 1083
1452710 1082
1452720 1082
1452730 1081
1452740 1081
1452750 1081
1452760 1079
1452770 1078
1452780 1077
1452790 1077
1452800 1077
1452810 1076
1452820 1076
1452830 1075
1452840 1074
1452850 1074
1452860 1073
1452870 1072
1452880 1072
1452890 1071
1452900 1071
1452910 1071
1452920 1070
1452930 1069
1452940 1069
1452950 1069
1452960 1069
1452970 1069
1452980 1069
1452990 1070
1453000 1071
1453010 1071
1453020 1072
1453030 1072
1453040 1073
1453050 1073
1453060 1073
1453070 1074
1453080 1075
1453090 1076
1453100 1076
1453110 1078
1453120 1079
1453130 1079
1453140 1080
1453150 1083
1453160 1083
1453170 1088
1453180 1093
1453190 1093
1453200 1099
1453210 1105
1453220 1105
1453230 1111
1453240 1117
1453250 1117
1453260 1123
1453270 1129
1453280 1129
1453290 1135
1453300 1140
1453310 1140
1453320 1146
1453330 1151
1453340 1151
1453350 1155
1453360 1161
1453370 1161
1453380 1166
1453390 1172
1453400 1179
1453410 1179
1453420 1185
1453430 1192
1453440 1192
1453450 1199
1453460 1206
1453470 1206
1453480 1213
1453490 1220
1453500 1220
1453510 1228
1453520 1235
1453530 1235
1453540 1244
1453550 1253
1453560 1253
1453570 1261
1453580 1267
1453590 1267
1453600 1274
1453610 1282
1453620 1282
1453630 1289
1453640 1296
1453650 1296
1453660 1301
1453670 1305
1453680 1305
1453690 1311
1453700 1316
1453710 1316
1453720 1320
1453730 1327
1453740 1336
1453750 1336
1453760 1344
1453770 1353
1453780 1353
1453790 1363
1453800 1375
1453810 1375
1453820 1390
1453830 1410
1453840 1410
1453850 1422
1453860 1431
1453870 1431
1453880 1441
1453890 1452
1453900 1452
1453910 1463
1453920 1472
1453930 1472
1453940 1481
1453950 1489
1453960 1489
1453970 1497
1453980 1510
1453990 1510
1454000 1525
1454010 1535
1454020 1535
1454030 1544
1454040 1547
1454050 1549
1454060 1549
1454070 1551
1454080 1554
1454090 1554
1454100 1558
1454110 1559
1454120 1559
1454130 1558
1454140 1555
1454150 1555
1454160 1553
1454170 1551
1454180 1551
1454190 1546
1454200 1541
1454210 1541
1454220 1536
1454230 1532
1454240 1532
1454250 1531
1454260 1530
1454270 1530
1454280 1529
1454290 1528
1454300 1528
1454310 1528
1454320 1528
1454330 1528
1454340 1527
1454350 1526
1454360 1526
1454370 1526
1454380 1525
1454390 1524
1454400 1524
1454410 1525
1454420 1525
1454430 1525
1454440 1522
1454450 1519
1454460 1519
1454470 1516
1454480 1512
1454490 1512
1454500 1509
1454510 1507
1454520 1507
1454530 1508
1454540 1506
1454550 1506
1454560 1503
1454570 1501
1454580 1501
1454590 1501
1454600 1498
1454610 1498
1454620 1493
1454630 1487
1454640 1487
1454650 1483
1454660 1479
1454670 1479
1454680 1474
1454690 1470
1454700 1467
1454710 1467
1454720 1465
1454730 1464
1454740 1464
1454750 1458
1454760 1446
1454770 1446
1454780 1434
1454790 1425
1454800 1425
1454810 1416
1454820 1408
1454830 1408
1454840 1400
1454850 1392
1454860 1392
1454870 1385
1454880 1378
1454890 1378
1454900 1369
1454910 1362
1454920 1362
1454930 1351
1454940 1339
1454950 1339
1454960 1326
1454970 1314
1454980 1314
1454990 1304
1455000 1295
1455010 1287
1455020 1287
1455030 1280
1455040 1274
1455050 1274
1455060 1268
1455070 1261
1455080 1261
1455090 1255
1455100 1249
1455110 1249
1455120 1243
1455130 1236
1455140 1236
1455150 1229
1455160 1223
1455170 1223
1455180 1216
1455190 1210
1455200 1210
1455210 1204
1455220 1198
1455230 1198
1455240 1192
1455250 1188
1455260 1188
1455270 1184
1455280 1177
1455290 1177
1455300 1170
1455310 1163
1455320 1163
1455330 1157
1455340 1151
1455350 1145
1455360 1145
1455370 1139
1455380 1134
1455390 1134
1455400 1129
1455410 1125
1455420 1125
1455430 1120
1455440 1115
1455450 1115
1455460 1110
1455470 1105
1455480 1105
1455490 1100
1455500 1096
1455510 1096
1455520 1091
1455530 1087
1455540 1087
1455550 1082
1455560 1078
1455570 1078
1455580 1073
1455590 1066
1455600 1066
1455610 1059
1455620 1053
1455630 1053
1455640 1046
1455650 1040
1455660 1035
1455670 1035
1455680 1030
1455690 1027
1455700 1027
1455710 1025
1455720 1023
1455730 1023
1455740 1021
1455750 1020
1455760 1020
1455770 1019
1455780 1018
1455790 1018
1455800 1016
1455810 1014
1455820 1014
1455830 1013
1455840 1010
1455850 1010
1455860 1008
1455870 1006
1455880 1006
1455890 1004
1455900 1003
1455910 1003
1455920 1001
1455930 999
1455940 999
1455950 998
1455960 998
1455970 996
1455980 996
1455990 994
1456000 991
1456010 991
1456020 989
1456030 987
1456040 987
1456050 986
1456060 984
1456070 984
1456080 982
1456090 979
1456100 979
1456110 976
1456120 975
1456130 975
1456140 975
1456150 974
1456160 974
1456170 973
1456180 972
1456190 972
1456200 971
1456210 970
1456220 970
1456230 969
1456240 965
1456250 965
1456260 956
1456270 949
1456280 949
1456290 950
1456300 952
1456310 955
1456320 955
1456330 957
1456340 957
1456350 957
1456360 960
1456370 962
1456380 962
1456390 965
1456400 970
1456410 970
1456420 976
1456430 982
1456440 982
1456450 988
1456460 994
1456470 994
1456480 1000
1456490 1007
1456500 1007
1456510 1014
1456520 1020
1456530 1020
1456540 1027
1456550 1035
1456560 1035
1456570 1043
1456580 1049
1456590 1049
1456600 1053
1456610 1056
1456620 1068
1456630 1068
1456640 1092
1456650 1113
1456660 1113
1456670 1131
1456680 1139
1456690 1139
1456700 1143
1456710 1148
1456720 1148
1456730 1154
1456740 1162
1456750 1162
1456760 1169
1456770 1177
1456780 1177
1456790 1184
1456800 1191
1456810 1191
1456820 1199
1456830 1206
1456840 1206
1456850 1213
1456860 1219
1456870 1219
1456880 1225
1456890 1230
1456900 1230
1456910 1234
1456920 1236
1456930 1239
1456940 1239
1456950 1243
1456960 1247
1456970 1247
1456980 1251
1456990 1256
1457000 1256
1457010 1261
1457020 1265
1457030 1265
1457040 1268
1457050 1271
1457060 1271
1457070 1276
1457080 1280
1457090 1280
1457100 1286
1457110 1292
1457120 1292
1457130 1299
1457140 1306
1457150 1306
1457160 1313
1457170 1321
1457180 1321
1457190 1329
1457200 1338
1457210 1338
1457220 1347
1457230 1356
1457240 1356
1457250 1363
1457260 1367
1457270 1366
1457280 1366
1457290 1362
1457300 1360
1457310 1360
1457320 1358
1457330 1358
1457340 1362
1457350 1363
1457360 1363
1457370 1363
1457380 1365
1457390 1366
1457400 1366
1457410 1367
1457420 1368
1457430 1368
1457440 1367
1457450 1368
1457460 1368
1457470 1370
1457480 1371
1457490 1371
1457500 1368
1457510 1363
1457520 1363
1457530 1358
1457540 1356
1457550 1356
1457560 1349
1457570 1339
1457580 1335
1457590 1335
1457600 1335
1457610 1339
1457620 1339
1457630 1346
1457640 1353
1457650 1353
1457660 1360
1457670 1367
1457680 1367
1457690 1371
1457700 1372
1457710 1372
1457720 1374
1457730 1376
1457740 1376
1457750 1376
1457760 1372
1457770 1372
1457780 1370
1457790 1373
1457800 1373
1457810 1380
1457820 1387
1457830 1387
1457840 1390
1457850 1393
1457860 1393
1457870 1395
1457880 1398
1457890 1402
1457900 1402
1457910 1406
1457920 1409
1457930 1409
1457940 1413
1457950 1418
1457960 1418
1457970 1424
1457980 1429
1457990 1429
1458000 1434
1458010 1438
1458020 1438
1458030 1443
1458040 1448
1458050 1448
1458060 1453
1458070 1459
1458080 1459
1458090 1460
1458100 1457
1458110 1457
1458120 1453
1458130 1448
1458140 1448
1458150 1442
1458160 1436
1458170 1436
1458180 1428
1458190 1421
1458200 1421
1458210 1414
1458220 1407
1458230 1398
1458240 1398
1458250 1388
1458260 1378
1458270 1378
1458280 1374
1458290 1377
1458300 1377
1458310 1383
1458320 1388
1458330 1388
1458340 1387
1458350 1384
1458360 1384
1458370 1391
1458380 1395
1458390 1395
1458400 1394
1458410 1396
1458420 1396
1458430 1403
1458440 1411
1458450 1411
1458460 1417
1458470 1423
1458480 1423
1458490 1430
1458500 1437
1458510 1437
1458520 1443
1458530 1447
1458540 1449
1458550 1449
1458560 1451
1458570 1450
1458580 1450
1458590 1444
1458600 1438
1458610 1438
1458620 1429
1458630 1422
1458640 1422
1458650 1422
1458660 1421
1458670 1421
1458680 1416
1458690 1410
1458700 1410
1458710 1406
1458720 1401
1458730 1401
1458740 1393
1458750 1395
1458760 1395
1458770 1403
1458780 1408
1458790 1408
1458800 1409
1458810 1408
1458820 1408
1458830 1407
1458840 1413
1458850 1412
1458860 1412
1458870 1410
1458880 1413
1458890 1413
1458900 1421
1458910 1424
1458920 1424
1458930 1424
1458940 1423
1458950 1423
1458960 1419
1458970 1414
1458980 1414
1458990 1413
1459000 1411
1459010 1411
1459020 1408
1459030 1401
1459040 1401
1459050 1406
1459060 1409
1459070 1409
1459080 1407
1459090 1408
1459100 1408
1459110 1420
1459120 1431
1459130 1431
1459140 1441
1459150 1450
1459160 1450
1459170 1455
1459180 1457
1459190 1459
1459200 1459
1459210 1463
1459220 1467
1459230 1467
1459240 1472
1459250 1476
1459260 1476
1459270 1479
1459280 1480
1459290 1480
1459300 1477
1459310 1474
1459320 1474
1459330 1476
1459340 1472
1459350 1472
1459360 1466
1459370 1460
1459380 1460
1459390 1455
1459400 1456
1459410 1456
1459420 1462
1459430 1468
1459440 1468
1459450 1475
1459460 1482
1459470 1482
1459480 1488
1459490 1492
1459500 1494
1459510 1494
1459520 1495
1459530 1495
1459540 1495
1459550 1494
1459560 1491
1459570 1491
1459580 1487
1459590 1485
1459600 1485
1459610 1484
1459620 1484
1459630 1484
1459640 1483
1459650 1482
1459660 1482
1459670 1481
1459680 1479
1459690 1479
1459700 1475
1459710 1477
1459720 1477
1459730 1481
1459740 1484
1459750 1484
1459760 1490
1459770 1495
1459780 1495
1459790 1499
1459800 1502
1459810 1506
1459820 1506
1459830 1511
1459840 1513
1459850 1513
1459860 1512
1459870 1512
1459880 1512
1459890 1511
1459900 1511
1459910 1511
1459920 1510
1459930 1510
1459940 1510
1459950 1509
1459960 1510
1459970 1510
1459980 1510
1459990 1510
