1440000 1951
1440010 1946
1440020 1946
1440030 1946
1440040 1947
1440050 1948
1440060 1949
1440070 1949
1440080 1950
1440090 1949
1440100 1949
1440110 1947
1440120 1943
1440130 1943
1440140 1941
1440150 1940
1440160 1940
1440170 1940
1440180 1938
1440190 1938
1440200 1937
1440210 1935
1440220 1935
1440230 1934
1440240 1933
1440250 1933
1440260 1931
1440270 1930
1440280 1930
1440290 1928
1440300 1926
1440310 1926
1440320 1927
1440330 1929
1440340 1929
1440350 1929
1440360 1930
1440370 1930
1440380 1931
1440390 1931
1440400 1929
1440410 1929
1440420 1929
1440430 1929
1440440 1929
1440450 1929
1440460 1927
1440470 1927
1440480 1926
1440490 1925
1440500 1925
1440510 1921
1440520 1918
1440530 1918
1440540 1918
1440550 1911
1440560 1911
1440570 1903
1440580 1897
1440590 1897
1440600 1890
1440610 1879
1440620 1879
1440630 1870
1440640 1860
1440650 1860
1440660 1852
1440670 1843
1440680 1843
1440690 1831
1440700 1822
1440710 1810
1440720 1810
1440730 1795
1440740 1787
1440750 1787
1440760 1782
1440770 1778
1440780 1778
1440790 1773
1440800 1769
1440810 1769
1440820 1762
1440830 1756
1440840 1756
1440850 1754
1440860 1752
1440870 1752
1440880 1752
1440890 1753
1440900 1753
1440910 1752
1440920 1752
1440930 1752
1440940 1751
1440950 1748
1440960 1748
1440970 1748
1440980 1751
1440990 1751
1441000 1753
1441010 1756
1441020 1756
1441030 1757
1441040 1759
1441050 1759
1441060 1759
1441070 1760
1441080 1761
1441090 1761
1441100 1762
1441110 1763
1441120 1763
1441130 1764
1441140 1766
1441150 1766
1441160 1770
1441170 1774
1441180 1774
1441190 1780
1441200 1786
1441210 1786
1441220 1793
1443970 2431
1443980 2436
1443990 2436
1444000 2441
1444010 2448
1444020 2455
1444030 2455
1444040 2462
1444050 2469
1444060 2469
1444070 2477
1444080 2482
1444090 2482
1444100 2487
1444110 2492
1444120 2492
1444130 2499
1444140 2506
1444150 2506
1444160 2513
1444170 2518
1444180 2518
1444190 2519
1444200 2523
1444210 2523
1444220 2525
1444230 2526
1444240 2526
1444250 2528
1444260 2531
1444270 2531
1444280 2533
1444290 2538
1444300 2538
1444310 2539
1444320 2533
1444330 2527
1444340 2527
1444350 2524
1444360 2520
1444370 2520
1444380 2515
1444390 2513
1444400 2513
1444410 2511
1444420 2511
1444430 2511
1444440 2513
1444450 2516
1444460 2516
1444470 2516
1444480 2518
1444490 2518
1444500 2520
1444510 2524
1444520 2524
1444530 2526
1444540 2526
1444550 2526
1444560 2527
1444570 2528
1444580 2528
1444590 2528
1444600 2528
1444610 2528
1444620 2529
1444630 2530
1444640 2530
1444650 2532
1444660 2532
1444670 2530
1444680 2530
1444690 2525
1444700 2520
1444710 2520
1444720 2504
1444730 2485
1444740 2485
1444750 2467
1444760 2451
1444770 2451
1444780 2439
1444790 2427
1444800 2427
1444810 2411
1444820 2391
1444830 2391
1444840 2367
1444850 2351
1444860 2351
1444870 2316
1444880 2289
1444890 2289
1444900 2268
1444910 2258
1444920 2258
1444930 2252
1444940 2246
1444950 2246
1444960 2240
1444970 2234
1444980 2234
1444990 2228
1445000 2223
1445010 2218
1445020 2218
1445030 2213
1445040 2208
1445050 2208
1445060 2205
1445070 2202
1445080 2202
1445090 2198
1445100 2193
1445110 2193
1445120 2189
1445130 2188
1445140 2188
1445150 2181
1445160 2177
1445170 2177
1445180 2174
1445190 2169
1445200 2169
1445210 2163
1445220 2158
1445230 2158
1445240 2155
1449760 1888
1449770 1889
1449780 1889
1449790 1894
1449800 1900
1449810 1900
1449820 1906
1449830 1917
1449840 1917
1449850 1921
1449860 1922
1449870 1922
1449880 1927
1449890 1934
1449900 1934
1449910 1948
1449920 1969
1449930 1986
1449940 1986
1449950 1999
1449960 2017
1449970 2017
1449980 2032
1449990 2037
1450000 2037
1450010 2042
1450020 2046
1450030 2046
1450040 2049
1450050 2051
1450060 2051
1450070 2051
1450080 2049
1450090 2049
1450100 2048
1450110 2044
1450120 2044
1450130 2041
1450140 2042
1450150 2042
1450160 2039
1450170 2038
1450180 2038
1450190 2038
1450200 2034
1450210 2034
1450220 2033
1450230 2034
1450240 2034
1450250 2035
1450260 2035
1450270 2035
1450280 2035
1450290 2034
1450300 2033
1450310 2033
1450320 2033
1450330 2031
1450340 2031
1450350 2030
1450360 2030
1450370 2030
1450380 2029
1450390 2027
1450400 2027
1450410 2025
1450420 2023
1450430 2023
1450440 2021
1450450 2017
1450460 2017
1450470 2009
1450480 1994
1450490 1994
1450500 1973
1450510 1961
1450520 1961
1450530 1959
1450540 1957
1450550 1957
1450560 1960
1450570 1963
1450580 1965
1450590 1965
1450600 1949
1450610 1921
1450620 1921
1450630 1910
1450640 1902
1450650 1902
1450660 1896
1450670 1893
1450680 1893
1450690 1888
1450700 1880
1450710 1880
1450720 1869
1450730 1862
1450740 1862
1450750 1858
1450760 1854
1450770 1854
1450780 1850
1450790 1844
1450800 1844
1450810 1839
1450820 1834
1450830 1834
1450840 1831
1450850 1828
1450860 1828
1450870 1824
1450880 1818
1450890 1818
1450900 1811
1450910 1809
1450920 1808
1450930 1808
1450940 1804
1450950 1795
1450960 1795
1450970 1787
1450980 1783
1450990 1783
1451000 1787
1451010 1791
1451020 1791
1451030 1792
1451040 1792
1451050 1792
1451060 1792
1451070 1792
1451080 1792
1451090 1799
1451100 1808
1451110 1808
1451120 1806
1451130 1806
1451140 1806
1451150 1812
1451160 1816
1451170 1816
1451180 1814
1451190 1804
1451200 1804
1451210 1796
1451220 1807
1451230 1807
1451240 1802
1451250 1796
1451260 1795
1451270 1795
1451280 1791
1451290 1790
1451300 1790
1451310 1787
1451320 1781
1451330 1781
1451340 1776
1451350 1768
1451360 1768
1451370 1757
1451380 1749
1451390 1749
1451400 1742
1451410 1742
1451420 1742
1451430 1754
1451440 1758
1451450 1758
1451460 1759
1451470 1770
1451480 1770
1451490 1769
1451500 1760
1451510 1760
1451520 1751
1451530 1741
1451540 1741
1451550 1730
1451560 1720
1451570 1722
1451580 1722
1451590 1733
1451600 1730
1451610 1730
1451620 1728
1451630 1749
1451640 1749
1451650 1763
1451660 1771
1451670 1771
1451680 1777
1451690 1783
1451700 1783
1451710 1780
1451720 1774
1451730 1774
1451740 1768
1451750 1762
1451760 1762
1451770 1757
1451780 1749
1451790 1749
1451800 1738
1451810 1725
1451820 1725
1451830 1711
1451840 1700
1451850 1700
1451860 1689
1451870 1675
1451880 1675
1451890 1663
1451900 1654
1451910 1647
1451920 1647
1451930 1642
1451940 1640
1451950 1640
1451960 1645
1451970 1641
1451980 1641
1451990 1643
1452000 1645
1452010 1645
1452020 1657
1452030 1657
1452040 1657
1452050 1652
1452060 1650
1452070 1650
1452080 1643
1452090 1632
1452100 1632
1452110 1615
1452120 1603
1452130 1603
1452140 1593
1452150 1582
1452160 1582
1452170 1571
1452180 1566
1452190 1566
1452200 1558
1452210 1550
1452220 1550
1452230 1543
1452240 1538
1452250 1534
1452260 1534
1452270 1533
1452280 1525
1452290 1525
1452300 1516
1452310 1509
1452320 1509
1452330 1502
1452340 1494
1452350 1494
1452360 1486
1452370 1479
1452380 1479
1452390 1471
1452400 1464
1452410 1464
1452420 1457
1452430 1450
1452440 1450
1452450 1448
1452460 1447
1452470 1447
1452480 1445
1452490 1434
1452500 1434
1452510 1431
1452520 1433
1452530 1433
1452540 1439
1452550 1441
1452560 1441
1452570 1441
1452580 1440
1452590 1444
1452600 1444
1452610 1448
1452620 1445
1452630 1445
1452640 1443
1452650 1438
1452660 1438
1452670 1433
1452680 1428
1452690 1428
1452700 1423
1452710 1416
1452720 1416
1452730 1408
1452740 1401
1452750 1401
1452760 1393
1452770 1385
1452780 1385
1452790 1378
1452800 1370
1452810 1370
1452820 1364
1452830 1359
1452840 1359
1452850 1354
1452860 1348
1452870 1348
1452880 1343
1452890 1338
1452900 1336
1452910 1336
1452920 1343
1452930 1349
1452940 1349
1452950 1357
1452960 1362
1452970 1362
1452980 1367
1452990 1372
1453000 1372
1453010 1378
1453020 1384
1453030 1384
1453040 1389
1453050 1388
1453060 1388
1453070 1393
1453080 1396
1453090 1396
1453100 1397
1453110 1398
1453120 1398
1453130 1396
1453140 1391
1453150 1391
1453160 1376
1453170 1358
1453180 1358
1453190 1341
1453200 1330
1453210 1330
1453220 1318
1453230 1307
1453240 1297
1453250 1297
1453260 1287
1453270 1280
1453280 1280
1453290 1271
1453300 1263
1453310 1263
1453320 1254
1453330 1246
1453340 1246
1453350 1238
1453360 1231
1453370 1231
1453380 1224
1453390 1217
1453400 1217
1453410 1212
1453420 1206
1453430 1206
1453440 1199
1453450 1192
1453460 1192
1453470 1185
1453480 1179
1453490 1179
1453500 1172
1453510 1166
1453520 1166
1453530 1160
1453540 1153
1453550 1147
1453560 1147
1453570 1140
1453580 1133
1453590 1133
1453600 1126
1453610 1120
1453620 1120
1453630 1116
1453640 1112
1453650 1112
1453660 1108
1453670 1102
1453680 1102
1453690 1099
1453700 1094
1453710 1094
1453720 1090
1453730 1087
1453740 1087
1453750 1085
1453760 1088
1453770 1088
1453780 1088
1453790 1087
1453800 1087
1453810 1085
1453820 1083
1453830 1083
1453840 1081
1453850 1079
1453860 1079
1453870 1080
1453880 1083
1453890 1086
1453900 1086
1453910 1089
1453920 1090
1453930 1090
1453940 1090
1453950 1093
1453960 1093
1453970 1094
1453980 1097
1453990 1097
1454000 1099
1454010 1102
1454020 1102
1454030 1103
1454040 1108
1454050 1108
1454060 1113
1454070 1117
1454080 1117
1454090 1121
1454100 1126
1454110 1126
1454120 1132
1454130 1139
1454140 1139
1454150 1146
1454160 1153
1454170 1153
1454180 1161
1454190 1169
1454200 1178
1454210 1178
1454220 1187
1454230 1195
1454240 1195
1454250 1205
1454260 1209
1454270 1209
1454280 1211
1454290 1214
1454300 1214
1454310 1222
1454320 1231
1454330 1231
1454340 1238
1454350 1245
1454360 1245
1454370 1254
1454380 1261
1454390 1261
1454400 1267
1454410 1275
1454420 1275
1454430 1285
1454440 1295
1454450 1295
1454460 1300
1454470 1306
1454480 1306
1454490 1311
1454500 1316
1454510 1316
1454520 1320
1454530 1322
1454540 1324
1454550 1324
1454560 1325
1454570 1326
1454580 1326
1454590 1326
1454600 1326
1454610 1326
1454620 1325
1454630 1324
1454640 1324
1454650 1321
1454660 1319
1454670 1319
1454680 1317
1454690 1316
1454700 1316
1454710 1313
1454720 1307
1454730 1307
1454740 1300
1454750 1295
1454760 1295
1454770 1291
1454780 1286
1454790 1286
1454800 1280
1454810 1279
1454820 1279
1454830 1274
1454840 1269
1454850 1269
1454860 1261
1454870 1248
1454880 1240
1454890 1240
1454900 1236
1454910 1234
1454920 1234
1454930 1235
1454940 1233
1454950 1233
1454960 1227
1454970 1220
1454980 1220
1454990 1211
1455000 1205
1455010 1205
1455020 1208
1455030 1215
1455040 1215
1455050 1229
1455060 1235
1455070 1235
1455080 1242
1455090 1261
1455100 1261
1455110 1268
1455120 1274
1455130 1274
1455140 1279
1455150 1285
1455160 1285
1455170 1289
1455180 1292
1455190 1297
1455200 1297
1455210 1303
1455220 1310
1455230 1310
1455240 1317
1455250 1323
1455260 1323
1455270 1328
1455280 1335
1455290 1335
1455300 1342
1455310 1349
1455320 1349
1455330 1356
1455340 1362
1455350 1362
1455360 1365
1455370 1369
1455380 1369
1455390 1374
1455400 1379
1455410 1379
1455420 1385
1455430 1390
1455440 1390
1455450 1395
1455460 1402
1455470 1402
1455480 1404
1455490 1404
1455500 1404
1455510 1407
1455520 1410
1455530 1409
1455540 1409
1455550 1411
1455560 1414
1455570 1414
1455580 1413
1455590 1411
1455600 1411
1455610 1409
1455620 1407
1455630 1407
1455640 1404
1455650 1399
1455660 1399
1455670 1393
1455680 1389
1455690 1389
1455700 1386
1455710 1389
1455720 1389
1455730 1389
1455740 1386
1455750 1386
1455760 1379
1455770 1375
1455780 1375
1455790 1369
1455800 1359
1455810 1359
1455820 1348
1455830 1339
1455840 1339
1455850 1332
1455860 1324
1455870 1316
1455880 1316
1455890 1311
1455900 1307
1455910 1307
1455920 1306
1455930 1310
1455940 1310
1455950 1319
1455960 1321
1455970 1321
1455980 1323
1455990 1322
1456000 1322
1456010 1317
1456020 1311
1456030 1311
1456040 1304
1456050 1294
1456060 1294
1456070 1289
1456080 1277
1456090 1277
1456100 1264
1456110 1257
1456120 1257
1456130 1239
1456140 1220
1456150 1220
1456160 1212
1456170 1210
1456180 1202
1456190 1202
1456200 1188
1456210 1173
1456220 1173
1456230 1162
1456240 1143
1456250 1143
1456260 1131
1456270 1122
1456280 1122
1456290 1116
1456300 1110
1456310 1110
1456320 1104
1456330 1098
1456340 1098
1456350 1092
1456360 1087
1456370 1087
1456380 1081
1456390 1077
1456400 1077
1456410 1071
1456420 1063
1456430 1063
1456440 1056
1456450 1049
1456460 1049
1456470 1041
1456480 1034
1456490 1034
1456500 1027
1456510 1020
1456520 1013
1456530 1013
1456540 1006
1456550 1000
1456560 1000
1456570 994
1456580 987
1456590 987
1456600 978
1456610 969
1456620 969
1456630 962
1456640 956
1456650 956
1456660 949
1456670 943
1456680 943
1456690 937
1456700 931
1456710 931
1456720 925
1456730 921
1456740 921
1456750 912
1456760 910
1456770 910
1456780 908
1456790 908
1456800 908
1456810 908
1456820 910
1456830 910
1456840 910
1456850 915
1456860 920
1456870 920
1456880 923
1456890 922
1456900 922
1456910 923
1456920 928
1456930 928
1456940 934
1456950 939
1456960 939
1456970 937
1456980 935
1456990 935
1457000 930
1457010 927
1457020 927
1457030 925
1457040 923
1457050 923
1457060 921
1457070 921
1457080 921
1457090 921
1457100 923
1457110 923
1457120 924
1457130 925
1457140 925
1457150 922
1457160 923
1457170 924
1457180 924
1457190 923
1457200 923
1457210 923
1457220 926
1457230 933
1457240 933
1457250 939
1457260 948
1457270 948
1457280 957
1457290 965
1457300 965
1457310 972
1457320 977
1457330 977
1457340 980
1457350 984
1457360 984
1457370 988
1457380 992
1457390 992
1457400 998
1457410 1002
1457420 1002
1457430 1005
1457440 1008
1457450 1008
1457460 1012
1457470 1016
1457480 1016
1457490 1020
1457500 1025
1457510 1031
1457520 1031
1457530 1039
1457540 1045
1457550 1045
1457560 1048
1457570 1053
1457580 1053
1457590 1054
1457600 1056
1457610 1056
1457620 1061
1457630 1063
1457640 1063
1457650 1062
1457660 1061
1457670 1061
1457680 1062
1457690 1066
1457700 1066
1457710 1071
1457720 1075
1457730 1075
1457740 1077
1457750 1079
1457760 1079
1457770 1081
1457780 1082
1457790 1082
1457800 1082
1457810 1077
1457820 1074
1457830 1074
1457840 1074
1457850 1076
1457860 1076
1457870 1076
1457880 1075
1457890 1075
1457900 1073
1457910 1070
1457920 1070
1457930 1070
1457940 1074
1457950 1074
1457960 1070
1457970 1067
1457980 1067
1457990 1066
1458000 1065
1458010 1065
1458020 1061
1458030 1060
1458040 1060
1458050 1060
1458060 1059
1458070 1059
1458080 1057
1458090 1053
1458100 1053
1458110 1049
1458120 1044
1458130 1044
1458140 1040
1458150 1037
1458160 1033
1458170 1033
1458180 1028
1458190 1023
1458200 1023
1458210 1018
1458220 1014
1458230 1014
1458240 1011
1458250 1008
1458260 1008
1458270 1005
1458280 1002
1458290 1002
1458300 998
1458310 993
1458320 993
1458330 990
1458340 986
1458350 986
1458360 982
1458370 975
1458380 975
1458390 966
1458400 958
1458410 958
1458420 951
1458430 943
1458440 943
1458450 935
1458460 933
1458470 933
1458480 933
1458490 932
1458500 923
1458510 923
1458520 914
1458530 910
1458540 910
1458550 913
1458560 923
1458570 923
1458580 930
1458590 934
1458600 934
1458610 941
1458620 947
1458630 947
1458640 953
1458650 961
1458660 961
1458670 969
1458680 974
1458690 974
1458700 976
1458710 979
1458720 979
1458730 982
1458740 985
1458750 985
1458760 987
1458770 990
1458780 990
1458790 992
1458800 994
1458810 996
1458820 996
1458830 999
1458840 1002
1458850 1002
1458860 1005
1458870 1008
1458880 1008
1458890 1010
1458900 1011
1458910 1011
1458920 1012
1458930 1014
1458940 1014
1458950 1015
1458960 1016
1458970 1016
1458980 1018
1458990 1019
1459000 1019
1459010 1020
1459020 1020
1459030 1020
1459040 1020
1459050 1021
1459060 1021
1459070 1021
1459080 1021
1459090 1021
1459100 1021
1459110 1022
1459120 1022
1459130 1023
1459140 1023
1459150 1023
1459160 1023
1459170 1022
1459180 1022
1459190 1022
1459200 1024
1459210 1025
1459220 1025
1459230 1024
1459240 1023
1459250 1023
1459260 1022
1459270 1025
1459280 1025
1459290 1028
1459300 1030
1459310 1030
1459320 1031
1459330 1032
1459340 1032
1459350 1032
1459360 1025
1459370 1025
1459380 1015
1459390 1007
1459400 1007
1459410 1000
1459420 996
1459430 996
1459440 1002
1459450 1009
1459460 1009
1459470 1015
1459480 1024
1459490 1031
1459500 1031
1459510 1028
1459520 1026
1459530 1026
1459540 1030
1459550 1035
1459560 1035
1459570 1037
1459580 1035
1459590 1035
1459600 1033
1459610 1032
1459620 1032
1459630 1033
1459640 1034
1459650 1034
1459660 1034
1459670 1031
1459680 1031
1459690 1024
1459700 1017
1459710 1017
1459720 1011
1459730 1002
1459740 1002
1459750 993
1459760 985
1459770 985
1459780 980
1459790 974
1459800 966
1459810 966
1459820 958
1459830 962
1459840 962
1459850 970
1459860 978
1459870 978
1459880 986
1459890 993
1459900 993
1459910 1000
1459920 1006
1459930 1006
1459940 1013
1459950 1019
1459960 1019
1459970 1027
1459980 1033
1459990 1033
