1440000 1954
1440010 1950
1440020 1950
1440030 1950
1440040 1953
1440050 1953
1440060 1953
1440070 1953
1440080 1953
1440090 1953
1440100 1953
1440110 1949
1440120 1946
1440130 1946
1440140 1944
1440150 1941
1440160 1941
1440170 1939
1440180 1938
1440190 1938
1440200 1938
1440210 1938
1440220 1938
1440230 1936
1440240 1935
1440250 1935
1440260 1933
1440270 1933
1440280 1933
1440290 1934
1440300 1931
1440310 1931
1440320 1931
1440330 1932
1440340 1932
1440350 1932
1440360 1934
1440370 1934
1440380 1936
1440390 1936
1440400 1937
1440410 1937
1440420 1937
1440430 1938
1440440 1938
1440450 1934
1440460 1932
1440470 1932
1440480 1932
1440490 1931
1440500 1931
1440510 1928
1440520 1927
1440530 1927
1440540 1925
1440550 1922
1440560 1922
1440570 1916
1440580 1904
1440590 1904
1440600 1891
1440610 1879
1440620 1879
1440630 1868
1440640 1863
1440650 1863
1440660 1858
1440670 1843
1440680 1843
1440690 1827
1440700 1816
1440710 1816
1440720 1806
1440730 1799
1440740 1793
1440750 1793
1440760 1788
1440770 1784
1440780 1784
1440790 1780
1440800 1775
1440810 1775
1440820 1772
1440830 1769
1440840 1769
1440850 1766
1440860 1762
1440870 1762
1440880 1759
1440890 1756
1440900 1756
1440910 1757
1440920 1757
1440930 1757
1440940 1756
1440950 1757
1440960 1757
1440970 1758
1440980 1758
1440990 1758
1441000 1758
1441010 1760
1441020 1760
1441030 1767
1441040 1770
1441050 1773
1441060 1777
1441070 1779
1441080 1781
1441090 1781
1441100 1781
1441110 1783
1441120 1783
1441130 1786
1441140 1786
1441150 1786
1441160 1788
1441170 1788
1441180 1788
1441190 1789
1441200 1793
1441210 1793
1441220 1798
1441230 1806
1441240 1806
1441250 1816
1441260 1835
1441270 1835
1441280 1848
1441290 1855
1441300 1855
1441310 1859
1443940 2420
1443950 2425
1443960 2425
1443970 2432
1443980 2440
1443990 2440
1444000 2447
1444010 2454
1444020 2460
1444030 2460
1444040 2465
1444050 2471
1444060 2471
1444070 2478
1444080 2484
1444090 2484
1444100 2488
1444110 2490
1444120 2490
1444130 2496
1444140 2502
1444150 2502
1444160 2510
1444170 2517
1444180 2517
1444190 2518
1444200 2522
1444210 2522
1444220 2528
1444230 2536
1444240 2536
1444250 2536
1444260 2535
1444270 2535
1444280 2541
1444290 2536
1444300 2536
1444310 2529
1444320 2520
1444330 2520
1444340 2507
1444350 2500
1444360 2495
1444370 2495
1444380 2491
1444390 2489
1444400 2489
1444410 2487
1444420 2486
1444430 2486
1444440 2486
1444450 2487
1444460 2487
1444470 2489
1444480 2490
1444490 2490
1444500 2491
1444510 2493
1444520 2493
1444530 2495
1444540 2498
1444550 2498
1444560 2498
1444570 2498
1444580 2498
1444590 2499
1444600 2501
1444610 2501
1444620 2501
1444630 2500
1444640 2500
1444650 2498
1444660 2498
1444670 2498
1444680 2498
1444690 2497
1444700 2490
1444710 2490
1444720 2480
1444730 2465
1444740 2465
1444750 2440
1444760 2422
1444770 2422
1444780 2408
1444790 2379
1444800 2379
1444810 2356
1444820 2343
1444830 2343
1444840 2334
1444850 2322
1444860 2322
1444870 2305
1444880 2291
1444890 2291
1444900 2274
1444910 2261
1444920 2261
1444930 2253
1444940 2247
1444950 2247
1444960 2242
1444970 2237
1444980 2237
1444990 2232
1445000 2228
1445010 2224
1445020 2224
1445030 2222
1445040 2215
1445050 2215
1445060 2212
1445070 2208
1445080 2208
1445090 2204
1445100 2201
1445110 2201
1445120 2198
1445130 2197
1445140 2197
1445150 2195
1445160 2193
1445170 2193
1445180 2190
1445190 2186
1445200 2186
1445210 2183
1445220 2180
1445230 2180
1445240 2175
1445250 2170
1445260 2170
1445270 2165
1445280 2162
1445290 2162
1445300 2158
1445310 2153
1445320 2153
1449770 1900
1449780 1900
1449790 1904
1449800 1911
1449810 1911
1449820 1918
1449830 1927
1449840 1927
1449850 1932
1449860 1933
1449870 1933
1449880 1936
1449890 1944
1449900 1944
1449910 1955
1449920 1965
1449930 1965
1449940 1973
1449950 1983
1449960 1999
1449970 1999
1449980 2013
1449990 2024
1450000 2024
1450010 2031
1450020 2038
1450030 2038
1450040 2043
1450050 2048
1450060 2048
1450070 2046
1450080 2048
1450090 2048
1450100 2049
1450110 2043
1450120 2043
1450130 2038
1450140 2044
1450150 2044
1450160 2047
1450170 2042
1450180 2042
1450190 2032
1450200 2033
1450210 2033
1450220 2035
1450230 2032
1450240 2032
1450250 2032
1450260 2029
1450270 2025
1450280 2025
1450290 2023
1450300 2022
1450310 2022
1450320 2020
1450330 2020
1450340 2020
1450350 2019
1450360 2018
1450370 2018
1450380 2017
1450390 2015
1450400 2015
1450410 2014
1450420 2010
1450430 2010
1450440 2002
1450450 1994
1450460 1994
1450470 1976
1450480 1951
1450490 1951
1450500 1936
1450510 1937
1450520 1937
1450530 1936
1450540 1934
1450550 1934
1450560 1941
1450570 1947
1450580 1947
1450590 1945
1450600 1922
1450610 1906
1450620 1906
1450630 1895
1450640 1886
1450650 1886
1450660 1875
1450670 1868
1450680 1868
1450690 1861
1450700 1852
1450710 1852
1450720 1845
1450730 1841
1450740 1841
1450750 1839
1450760 1837
1450770 1837
1450780 1834
1450790 1831
1450800 1831
1450810 1827
1450820 1819
1450830 1819
1450840 1812
1450850 1805
1450860 1805
1450870 1799
1450880 1791
1450890 1791
1450900 1790
1450910 1788
1450920 1788
1450930 1786
1450940 1785
1450950 1779
1450960 1779
1450970 1772
1450980 1766
1450990 1766
1451000 1762
1451010 1764
1451020 1764
1451030 1761
1451040 1759
1451050 1759
1451060 1757
1451070 1761
1451080 1761
1451090 1765
1451100 1768
1451110 1768
1451120 1771
1451130 1776
1451140 1776
1451150 1779
1451160 1783
1451170 1783
1451180 1784
1451190 1776
1451200 1776
1451210 1770
1451220 1757
1451230 1757
1451240 1766
1451250 1769
1451260 1769
1451270 1769
1451280 1763
1451290 1753
1451300 1753
1451310 1750
1451320 1753
1451330 1753
1451340 1750
1451350 1741
1451360 1741
1451370 1732
1451380 1724
1451390 1724
1451400 1720
1451410 1715
1451420 1715
1451430 1709
1451440 1713
1451450 1713
1451460 1718
1451470 1738
1451480 1738
1451490 1753
1451500 1748
1451510 1748
1451520 1738
1451530 1728
1451540 1728
1451550 1716
1451560 1705
1451570 1705
1451580 1693
1451590 1688
1451600 1698
1451610 1698
1451620 1701
1451630 1695
1451640 1695
1451650 1721
1451660 1734
1451670 1734
1451680 1745
1451690 1747
1451700 1747
1451710 1750
1451720 1754
1451730 1754
1451740 1738
1451750 1726
1451760 1726
1451770 1712
1451780 1711
1451790 1711
1451800 1706
1451810 1701
1451820 1701
1451830 1692
1451840 1682
1451850 1682
1451860 1670
1451870 1662
1451880 1662
1451890 1653
1451900 1644
1451910 1633
1451920 1633
1451930 1620
1451940 1610
1451950 1610
1451960 1607
1451970 1603
1451980 1603
1451990 1598
1452000 1612
1452010 1612
1452020 1628
1452030 1632
1452040 1632
1452050 1624
1452060 1616
1452070 1616
1452080 1613
1452090 1614
1452100 1614
1452110 1612
1452120 1610
1452130 1610
1452140 1605
1452150 1600
1452160 1600
1452170 1591
1452180 1575
1452190 1575
1452200 1562
1452210 1558
1452220 1558
1452230 1540
1452240 1523
1452250 1515
1452260 1515
1452270 1509
1452280 1502
1452290 1502
1452300 1497
1452310 1495
1452320 1495
1452330 1495
1452340 1492
1452350 1492
1452360 1486
1452370 1479
1452380 1479
1452390 1472
1452400 1465
1452410 1465
1452420 1458
1452430 1451
1452440 1451
1452450 1444
1452460 1438
1452470 1438
1452480 1434
1452490 1429
1452500 1429
1452510 1423
1452520 1417
1452530 1417
1452540 1413
1452550 1414
1452560 1414
1452570 1415
1452580 1417
1452590 1420
1452600 1420
1452610 1426
1452620 1430
1452630 1430
1452640 1428
1452650 1425
1452660 1425
1452670 1421
1452680 1417
1452690 1417
1452700 1414
1452710 1408
1452720 1408
1452730 1400
1452740 1392
1452750 1392
1452760 1385
1452770 1378
1452780 1378
1452790 1371
1452800 1365
1452810 1365
1452820 1358
1452830 1351
1452840 1351
1452850 1344
1452860 1339
1452870 1339
1452880 1332
1452890 1323
1452900 1322
1452910 1322
1452920 1328
1452930 1333
1452940 1333
1452950 1338
1452960 1342
1452970 1342
1452980 1348
1452990 1354
1453000 1354
1453010 1360
1453020 1365
1453030 1365
1453040 1369
1453050 1369
1453060 1369
1453070 1371
1453080 1374
1453090 1374
1453100 1376
1453110 1376
1453120 1376
1453130 1374
1453140 1369
1453150 1369
1453160 1362
1453170 1354
1453180 1354
1453190 1348
1453200 1334
1453210 1334
1453220 1317
1453230 1304
1453240 1292
1453250 1292
1453260 1283
1453270 1275
1453280 1275
1453290 1267
1453300 1262
1453310 1262
1453320 1253
1453330 1244
1453340 1244
1453350 1235
1453360 1220
1453370 1220
1453380 1211
1453390 1204
1453400 1204
1453410 1196
1453420 1191
1453430 1191
1453440 1186
1453450 1182
1453460 1182
1453470 1177
1453480 1171
1453490 1171
1453500 1165
1453510 1159
1453520 1159
1453530 1153
1453540 1148
1453550 1148
1453560 1143
1453570 1137
1453580 1131
1453590 1131
1453600 1125
1453610 1119
1453620 1119
1453630 1114
1453640 1107
1453650 1107
1453660 1102
1453670 1096
1453680 1096
1453690 1092
1453700 1089
1453710 1089
1453720 1085
1453730 1081
1453740 1081
1453750 1079
1453760 1081
1453770 1081
1453780 1082
1453790 1081
1453800 1081
1453810 1080
1453820 1077
1453830 1077
1453840 1075
1453850 1073
1453860 1073
1453870 1073
1453880 1077
1453890 1078
1453900 1078
1453910 1080
1453920 1081
1453930 1081
1453940 1081
1453950 1083
1453960 1083
1453970 1086
1453980 1088
1453990 1088
1454000 1091
1454010 1091
1454020 1091
1454030 1094
1454040 1097
1454050 1097
1454060 1100
1454070 1104
1454080 1104
1454090 1110
1454100 1115
1454110 1115
1454120 1121
1454130 1127
1454140 1127
1454150 1134
1454160 1142
1454170 1142
1454180 1150
1454190 1155
1454200 1155
1454210 1160
1454220 1167
1454230 1171
1454240 1171
1454250 1174
1454260 1181
1454270 1181
1454280 1192
1454290 1204
1454300 1204
1454310 1215
1454320 1226
1454330 1226
1454340 1236
1454350 1240
1454360 1240
1454370 1249
1454380 1257
1454390 1257
1454400 1265
1454410 1270
1454420 1270
1454430 1273
1454440 1277
1454450 1277
1454460 1283
1454470 1289
1454480 1289
1454490 1294
1454500 1297
1454510 1297
1454520 1300
1454530 1303
1454540 1303
1454550 1304
1454560 1305
1454570 1305
1454580 1305
1454590 1306
1454600 1307
1454610 1307
1454620 1307
1454630 1307
1454640 1307
1454650 1304
1454660 1301
1454670 1301
1454680 1298
1454690 1295
1454700 1295
1454710 1294
1454720 1292
1454730 1292
1454740 1289
1454750 1284
1454760 1284
1454770 1277
1454780 1270
1454790 1270
1454800 1264
1454810 1259
1454820 1259
1454830 1252
1454840 1245
1454850 1245
1454860 1241
1454870 1237
1454880 1231
1454890 1231
1454900 1225
1454910 1219
1454920 1219
1454930 1208
1454940 1204
1454950 1204
1454960 1203
1454970 1201
1454980 1201
1454990 1194
1455000 1189
1455010 1189
1455020 1191
1455030 1197
1455040 1197
1455050 1207
1455060 1223
1455070 1223
1455080 1234
1455090 1234
1455100 1234
1455110 1240
1455120 1246
1455130 1246
1455140 1252
1455150 1259
1455160 1259
1455170 1267
1455180 1274
1455190 1274
1455200 1280
1455210 1285
1455220 1291
1455230 1291
1455240 1297
1455250 1303
1455260 1303
1455270 1307
1455280 1311
1455290 1311
1455300 1315
1455310 1321
1455320 1321
1455330 1332
1455340 1338
1455350 1338
1455360 1341
1455370 1345
1455380 1345
1455390 1351
1455400 1356
1455410 1356
1455420 1358
1455430 1360
1455440 1360
1455450 1361
1455460 1363
1455470 1363
1455480 1366
1455490 1370
1455500 1370
1455510 1371
1455520 1373
1455530 1372
1455540 1372
1455550 1368
1455560 1374
1455570 1374
1455580 1382
1455590 1383
1455600 1383
1455610 1386
1455620 1389
1455630 1389
1455640 1388
1455650 1379
1455660 1379
1455670 1366
1455680 1359
1455690 1359
1455700 1358
1455710 1363
1455720 1363
1455730 1363
1455740 1360
1455750 1360
1455760 1359
1455770 1356
1455780 1356
1455790 1350
1455800 1345
1455810 1345
1455820 1341
1455830 1336
1455840 1336
1455850 1330
1455860 1321
1455870 1312
1455880 1312
1455890 1304
1455900 1296
1455910 1296
1455920 1287
1455930 1280
1455940 1280
1455950 1274
1455960 1270
1455970 1270
1455980 1267
1455990 1266
1456000 1266
1456010 1264
1456020 1265
1456030 1265
1456040 1263
1456050 1260
1456060 1260
1456070 1256
1456080 1264
1456090 1264
1456100 1261
1456110 1249
1456120 1249
1456130 1234
1456140 1221
1456150 1221
1456160 1216
1456170 1214
1456180 1214
1456190 1211
1456200 1198
1456210 1181
1456220 1181
1456230 1168
1456240 1149
1456250 1149
1456260 1140
1456270 1134
1456280 1134
1456290 1126
1456300 1116
1456310 1116
1456320 1106
1456330 1098
1456340 1098
1456350 1091
1456360 1084
1456370 1084
1456380 1076
1456390 1069
1456400 1069
1456410 1061
1456420 1054
1456430 1054
1456440 1048
1456450 1041
1456460 1041
1456470 1034
1456480 1028
1456490 1028
1456500 1022
1456510 1015
1456520 1008
1456530 1008
1456540 1002
1456550 996
1456560 996
1456570 989
1456580 982
1456590 982
1456600 976
1456610 969
1456620 969
1456630 962
1456640 956
1456650 956
1456660 949
1456670 943
1456680 943
1456690 937
1456700 930
1456710 930
1456720 924
1456730 917
1456740 917
1456750 911
1456760 906
1456770 906
1456780 902
1456790 898
1456800 898
1456810 898
1456820 900
1456830 900
1456840 899
1456850 899
1456860 901
1456870 901
1456880 905
1456890 909
1456900 909
1456910 909
1456920 913
1456930 913
1456940 917
1456950 919
1456960 919
1456970 925
1456980 927
1456990 927
1457000 925
1457010 922
1457020 922
1457030 919
1457040 916
1457050 916
1457060 914
1457070 914
1457080 914
1457090 916
1457100 917
1457110 917
1457120 918
1457130 918
1457140 918
1457150 916
1457160 913
1457170 913
1457180 915
1457190 914
1457200 913
1457210 913
1457220 914
1457230 918
1457240 918
1457250 923
1457260 930
1457270 930
1457280 937
1457290 945
1457300 945
1457310 949
1457320 950
1457330 950
1457340 950
1457350 954
1457360 954
1457370 960
1457380 966
1457390 966
1457400 973
1457410 980
1457420 980
1457430 984
1457440 988
1457450 988
1457460 993
1457470 998
1457480 998
1457490 1001
1457500 1006
1457510 1011
1457520 1011
1457530 1017
1457540 1023
1457550 1023
1457560 1025
1457570 1028
1457580 1028
1457590 1032
1457600 1035
1457610 1035
1457620 1039
1457630 1041
1457640 1041
1457650 1039
1457660 1038
1457670 1038
1457680 1045
1457690 1051
1457700 1051
1457710 1054
1457720 1056
1457730 1056
1457740 1056
1457750 1056
1457760 1056
1457770 1056
1457780 1057
1457790 1057
1457800 1055
1457810 1051
1457820 1051
1457830 1049
1457840 1051
1457850 1054
1457860 1054
1457870 1052
1457880 1049
1457890 1049
1457900 1048
1457910 1046
1457920 1046
1457930 1045
1457940 1045
1457950 1045
1457960 1043
1457970 1042
1457980 1042
1457990 1041
1458000 1039
1458010 1039
1458020 1037
1458030 1038
1458040 1038
1458050 1037
1458060 1035
1458070 1035
1458080 1034
1458090 1032
1458100 1032
1458110 1029
1458120 1025
1458130 1025
1458140 1019
1458150 1013
1458160 1009
1458170 1009
1458180 1005
1458190 1001
1458200 1001
1458210 998
1458220 995
1458230 995
1458240 991
1458250 988
1458260 988
1458270 987
1458280 984
1458290 984
1458300 981
1458310 977
1458320 977
1458330 973
1458340 970
1458350 970
1458360 966
1458370 962
1458380 962
1458390 956
1458400 949
1458410 949
1458420 942
1458430 934
1458440 934
1458450 927
1458460 922
1458470 922
1458480 924
1458490 925
1458500 921
1458510 921
1458520 914
1458530 908
1458540 908
1458550 904
1458560 901
1458570 901
1458580 899
1458590 905
1458600 905
1458610 918
1458620 930
1458630 930
1458640 943
1458650 953
1458660 953
1458670 959
1458680 960
1458690 960
1458700 961
1458710 963
1458720 963
1458730 966
1458740 968
1458750 968
1458760 969
1458770 971
1458780 971
1458790 974
1458800 976
1458810 976
1458820 978
1458830 980
1458840 983
1458850 983
1458860 985
1458870 987
1458880 987
1458890 988
1458900 990
1458910 990
1458920 991
1458930 992
1458940 992
1458950 994
1458960 995
1458970 995
1458980 996
1458990 997
1459000 997
1459010 998
1459020 999
1459030 999
1459040 1000
1459050 1001
1459060 1001
1459070 1000
1459080 999
1459090 999
1459100 1000
1459110 1001
1459120 1001
1459130 1002
1459140 1003
1459150 1001
1459160 1001
1459170 999
1459180 1001
1459190 1001
1459200 1004
1459210 1005
1459220 1005
1459230 1004
1459240 999
1459250 999
1459260 998
1459270 1003
1459280 1003
1459290 1007
1459300 1009
1459310 1009
1459320 1010
1459330 1008
1459340 1008
1459350 1009
1459360 1002
1459370 1002
1459380 993
1459390 988
1459400 988
1459410 983
1459420 979
1459430 979
1459440 986
1459450 990
1459460 990
1459470 997
1459480 1006
1459490 1009
1459500 1009
1459510 1006
1459520 1005
1459530 1005
1459540 1010
1459550 1017
1459560 1017
1459570 1020
1459580 1016
1459590 1016
1459600 1011
1459610 1008
1459620 1008
1459630 1010
1459640 1013
1459650 1013
1459660 1015
1459670 1014
1459680 1014
1459690 1009
1459700 1002
1459710 1002
1459720 995
1459730 987
1459740 987
1459750 981
1459760 976
1459770 976
1459780 969
1459790 959
1459800 959
1459810 952
1459820 946
1459830 953
1459840 953
1459850 962
1459860 969
1459870 969
1459880 976
1459890 982
1459900 982
1459910 990
1459920 997
1459930 997
1459940 1005
1459950 1012
1459960 1012
1459970 1014
1459980 1016
1459990 1016
