1452190 2230
1452200 2231
1452210 2231
1452220 2232
1452230 2227
1452240 2227
1452250 2233
1452260 2238
1452270 2238
1452280 2238
1452290 2239
1452300 2239
1452310 2240
1452320 2237
1452330 2237
1452340 2235
1452350 2235
1452360 2235
1452370 2236
1452380 2231
1452390 2233
1452400 2233
1452410 2240
1452420 2242
1452430 2242
1452440 2243
1452450 2244
1452460 2244
1452470 2244
1452480 2247
1452490 2247
1452500 2248
1452510 2250
1452520 2250
1452530 2250
1452540 2248
1452550 2248
1452560 2246
1452570 2242
1452580 2242
1452590 2240
1452600 2237
1452610 2237
1452620 2233
1452630 2233
1452640 2233
1452650 2229
1452660 2229
1452670 2229
1452680 2228
1452690 2234
1452700 2234
1452710 2240
1452720 2239
1452730 2235
1452740 2235
1452750 2230
1452760 2225
1452770 2225
1452780 2217
1452790 2215
1452800 2215
1452810 2214
1452820 2216
1452830 2216
1452840 2213
1452850 2209
1452860 2209
1452870 2203
1452880 2199
1452890 2199
1452900 2193
1452910 2190
1452920 2190
1452930 2188
1452940 2186
1452950 2186
1452960 2185
1452970 2183
1452980 2183
1452990 2181
1453000 2178
1453010 2178
1453020 2176
1453030 2173
1453040 2169
1453050 2169
1453060 2164
1453070 2161
1453080 2161
1453090 2157
1453100 2153
1453110 2153
1453120 2151
1453130 2149
1453140 2149
1453150 2147
1453160 2144
1453170 2144
1453180 2140
1453190 2137
1453200 2137
1453210 2133
1453220 2129
1453230 2129
1453240 2124
1453250 2121
1453260 2121
1453270 2114
1453280 2107
1453290 2107
1453300 2106
1453310 2109
1453320 2109
1453330 2105
1453340 2095
1453350 2095
1453360 2090
1453370 2086
1453380 2081
1453390 2081
1453400 2077
1453410 2072
1453420 2072
1453430 2069
1453440 2068
1453450 2068
1453460 2067
1453470 2066
1453480 2066
1453490 2064
1453500 2060
1453510 2060
1453520 2056
1453530 2053
1453540 2053
1453550 2055
1453560 2058
1453570 2058
1453580 2057
1453590 2051
1453600 2051
1453610 2046
1453620 2046
1453630 2046
1453640 2041
1453650 2038
1453660 2038
1453670 2035
1453680 2035
1453690 2035
1453700 2040
1453710 2042
1453720 2038
1453730 2038
1453740 2039
1453750 2044
1453760 2044
1453770 2041
1453780 2040
1453790 2040
1453800 2044
1453810 2048
1453820 2048
1453830 2054
1453840 2056
1453850 2056
1453860 2056
1453870 2057
1453880 2057
1453890 2057
1453900 2060
1453910 2060
1453920 2061
1453930 2062
1453940 2062
1453950 2062
1453960 2067
1453970 2067
1453980 2074
1453990 2079
1454000 2079
1454010 2082
1454020 2082
1454030 2082
1454040 2082
1454050 2085
1454060 2091
1454070 2091
1454080 2097
1454090 2103
1454100 2103
1454110 2108
1454120 2109
1454130 2109
1454140 2107
1454150 2106
1454160 2106
1454170 2101
1454180 2098
1454190 2098
1454200 2095
1454210 2092
1454220 2092
1454230 2095
1454240 2093
1454250 2093
1454260 2087
1454270 2084
1454280 2084
1454290 2078
1454300 2071
1454310 2071
1454320 2072
1454330 2075
1454340 2075
1454350 2075
1454360 2078
1454370 2078
1454380 2077
1454390 2071
1454400 2072
1454410 2072
1454420 2071
1454430 2071
1454440 2071
1454450 2072
1454460 2068
1454470 2068
1454480 2064
1454490 2057
1454500 2057
1454510 2051
1454520 2050
1454530 2050
1454540 2043
1454550 2035
1454560 2035
1454570 2037
1454580 2041
1454590 2041
1454600 2044
1454610 2043
1454620 2043
1454630 2042
1454640 2041
1454650 2041
1454660 2041
1454670 2041
1454680 2041
1454690 2041
1454700 2038
1454710 2040
1454720 2040
1454730 2047
1454740 2048
1454750 2048
1454760 2054
1454770 2055
1454780 2055
1454790 2056
1454800 2059
1454810 2059
1454820 2058
1454830 2057
1454840 2057
1454850 2057
1454860 2057
1454870 2057
1454880 2057
1454890 2059
1454900 2059
1454910 2058
1454920 2058
1454930 2058
1454940 2056
1454950 2056
1454960 2056
1454970 2054
1454980 2053
1454990 2053
1455000 2051
1455010 2042
1455020 2042
1455030 2036
1455040 2032
1455050 2024
1455060 2024
1455070 2018
1455080 2015
1455090 2015
1455100 2011
1455110 2009
1455120 2009
1455130 2011
1455140 2013
1455150 2013
1455160 2014
1455170 2012
1455180 2012
1455190 2010
1455200 2007
1455210 2007
1455220 2004
1455230 2002
1455240 2002
1455250 2001
1455260 2000
1455270 2000
1455280 1993
1455290 1989
1455300 1989
1455310 1986
1455320 1984
1455330 1984
1455340 1985
1455350 1983
1455360 1983
1455370 1980
1455380 1975
1455390 1966
1455400 1966
1455410 1957
1455420 1960
1455430 1960
1455440 1960
1455450 1957
1455460 1957
1455470 1955
1455480 1954
1455490 1954
1455500 1950
1455510 1946
1455520 1946
1455530 1946
1455540 1945
1455550 1945
1455560 1938
1455570 1923
1455580 1923
1455590 1905
1455600 1903
1455610 1903
1455620 1907
1455630 1906
1455640 1906
1455650 1903
1455660 1903
1455670 1903
1455680 1896
1455690 1896
1455700 1896
1455710 1902
1455720 1893
1455730 1879
1455740 1879
1455750 1870
1455760 1863
1455770 1863
1455780 1861
1455790 1861
1455800 1861
1455810 1861
1455820 1864
1455830 1864
1455840 1869
1455850 1871
1455860 1871
1455870 1873
1455880 1877
1455890 1877
1455900 1885
1455910 1897
1455920 1897
1455930 1907
1455940 1912
1455950 1912
1455960 1920
1455970 1926
1455980 1926
1455990 1934
1456000 1934
1456010 1934
1456020 1911
1456030 1899
1456040 1899
1456050 1893
1456060 1891
1456070 1887
1456080 1887
1456090 1881
1456100 1878
1456110 1878
1456120 1875
1456130 1873
1456140 1873
1456150 1870
1456160 1860
1456170 1860
1456180 1825
1456190 1801
1456200 1801
1456210 1806
1456220 1811
1456230 1811
1456240 1820
1456250 1827
1456260 1827
1456270 1838
1456280 1849
1456290 1849
1456300 1860
1456310 1870
1456320 1870
1456330 1882
1456340 1887
1456350 1887
1456360 1894
1456370 1904
1456380 1904
1456390 1915
1456400 1923
1456410 1929
1456420 1929
1456430 1947
1456440 1955
1456450 1955
1456460 1958
1456470 1963
1456480 1963
1456490 1963
1456500 1963
1456510 1963
1456520 1962
1456530 1959
1456540 1959
1456550 1966
1456560 1969
1456570 1969
1456580 1965
1456590 1961
1456600 1961
1456610 1956
1456620 1952
1456630 1952
1456640 1950
1456650 1947
1456660 1947
1456670 1939
1456680 1935
1456690 1935
1456700 1928
1456710 1899
1456720 1858
1456730 1858
1456740 1825
1456750 1811
1456760 1811
1456770 1807
1456780 1803
1456790 1803
1456800 1793
1456810 1786
1456820 1786
1456830 1780
1456840 1765
1456850 1765
1456860 1752
1456870 1739
1456880 1739
1456890 1725
1456900 1715
1456910 1715
1456920 1713
1456930 1712
1456940 1712
1456950 1709
1456960 1711
1456970 1711
1456980 1716
1456990 1719
1457000 1719
1457010 1720
1457020 1719
1457030 1719
1457040 1719
1457050 1717
1457060 1714
1457070 1714
1457080 1712
1457090 1711
1457100 1711
1457110 1708
1457120 1711
1457130 1711
1457140 1719
1457150 1726
1457160 1726
1457170 1735
1457180 1743
1457190 1743
1457200 1750
1457210 1756
1457220 1756
1457230 1761
1457240 1767
1457250 1767
1457260 1774
1457270 1779
1457280 1779
1457290 1783
1457300 1787
1457310 1787
1457320 1790
1457330 1790
1457340 1790
1457350 1771
1457360 1761
1457370 1761
1457380 1761
1457390 1768
1457400 1776
1457410 1776
1457420 1782
1457430 1788
1457440 1788
1457450 1796
1457460 1805
1457470 1805
1457480 1813
1457490 1824
1457500 1824
1457510 1838
1457520 1846
1457530 1846
1457540 1855
1457550 1870
1457560 1870
1457570 1879
1457580 1886
1457590 1886
1457600 1895
1457610 1904
1457620 1904
1457630 1914
1457640 1922
1457650 1922
1457660 1931
1457670 1942
1457680 1942
1457690 1955
1457700 1981
1457710 1981
1457720 1997
1457730 1999
1457740 1989
1457750 1989
1457760 1977
1457770 1960
1457780 1960
1457790 1921
1457800 1906
1457810 1906
1457820 1908
1457830 1910
1457840 1910
1457850 1910
1457860 1913
1457870 1913
1457880 1920
1457890 1921
1457900 1921
1457910 1915
1457920 1907
1457930 1907
1457940 1900
1457950 1895
1457960 1895
1457970 1888
1457980 1881
1457990 1881
1458000 1874
1458010 1867
1458020 1867
1458030 1859
1458040 1850
1458050 1850
1458060 1841
1458070 1831
1458080 1822
1458090 1822
1458100 1815
1458110 1807
1458120 1807
1458130 1799
1458140 1791
1458150 1791
1458160 1784
1458170 1777
1458180 1777
1458190 1769
1458200 1761
1458210 1761
1458220 1754
1458230 1747
1458240 1747
1458250 1742
1458260 1740
1458270 1740
1458280 1732
1458290 1730
1458300 1730
1458310 1735
1458320 1749
1458330 1749
1458340 1761
1458350 1765
1458360 1765
1458370 1765
1458380 1761
1458390 1753
1458400 1753
1458410 1737
1458420 1727
1458430 1727
1458440 1723
1458450 1721
1458460 1721
1458470 1717
1458480 1742
1458490 1742
1458500 1763
1458510 1775
1458520 1775
1458530 1784
1458540 1786
1458550 1786
1458560 1787
1458570 1788
1458580 1788
1458590 1788
1458600 1788
1458610 1788
1458620 1777
1458630 1756
1458640 1756
1458650 1728
1458660 1707
1458670 1707
1458680 1713
1458690 1713
1458700 1713
1458710 1706
1458720 1697
1458730 1692
1458740 1692
1458750 1688
1458760 1685
1458770 1685
1458780 1684
1458790 1682
1458800 1682
1458810 1679
1458820 1671
1458830 1671
1458840 1674
1458850 1675
1458860 1675
1458870 1672
1458880 1670
1458890 1670
1458900 1667
1458910 1666
1458920 1666
1458930 1667
1458940 1669
1458950 1669
1458960 1672
1458970 1680
1458980 1680
1458990 1703
1459000 1711
1459010 1711
1459020 1717
1459030 1724
1459040 1724
1459050 1724
1459060 1723
1459070 1722
1459080 1722
1459090 1721
1459100 1721
1459110 1721
1459120 1721
1459130 1724
1459140 1724
1459150 1730
1459160 1737
1459170 1737
1459180 1743
1459190 1754
1459200 1754
1459210 1768
1459220 1781
1459230 1781
1459240 1790
1459250 1798
1459260 1798
1459270 1806
1459280 1812
1459290 1812
1459300 1818
1459310 1821
1459320 1821
1459330 1823
1459340 1823
1459350 1823
1459360 1824
1459370 1824
1459380 1824
1459390 1825
1459400 1828
1459410 1830
1459420 1830
1459430 1827
1459440 1821
1459450 1821
1459460 1817
1459470 1820
1459480 1820
1459490 1826
1459500 1828
1459510 1828
1459520 1824
1459530 1822
1459540 1822
1459550 1830
1459560 1832
1459570 1832
1459580 1834
1459590 1839
1459600 1839
1459610 1843
1459620 1845
1459630 1845
1459640 1848
1459650 1854
1459660 1854
1459670 1863
1459680 1889
1459690 1889
1459700 1910
1459710 1919
1459720 1919
1459730 1918
1459740 1911
1459750 1899
1459760 1899
1459770 1900
1459780 1900
1459790 1900
1459800 1910
1459810 1927
1459820 1927
1459830 1952
1459840 1964
1459850 1964
1459860 1978
1459870 1991
1459880 1991
1459890 1995
1459900 1998
1459910 1992
1459920 2020
1459930 2056
1459940 2056
1459950 2089
1459960 2106
1459970 2106
1459980 2125
1459990 2139
