1452080 2112
1452090 2113
1452100 2113
1452110 2114
1452120 2113
1452130 2113
1452140 2113
1452150 2111
1452160 2111
1452170 2107
1452180 2104
1452190 2104
1452200 2102
1452210 2106
1452220 2106
1452230 2105
1452240 2105
1452250 2105
1452260 2109
1452270 2110
1452280 2110
1452290 2111
1452300 2114
1452310 2114
1452320 2113
1452330 2118
1452340 2119
1452350 2119
1452360 2123
1452370 2125
1452380 2125
1452390 2123
1452400 2117
1452410 2117
1452420 2110
1452430 2100
1452440 2100
1452450 2094
1452460 2094
1452470 2094
1452480 2091
1452490 2092
1452500 2092
1452510 2093
1452520 2094
1452530 2094
1452540 2093
1452550 2091
1452560 2091
1452570 2090
1452580 2089
1452590 2089
1452600 2088
1452610 2086
1452620 2086
1452630 2086
1452640 2083
1452650 2083
1452660 2082
1452670 2083
1452680 2082
1452690 2082
1452700 2081
1452710 2077
1452720 2077
1452730 2076
1452740 2075
1452750 2075
1452760 2073
1452770 2073
1452780 2073
1452790 2070
1452800 2068
1452810 2068
1452820 2065
1452830 2062
1452840 2062
1452850 2059
1452860 2056
1452870 2056
1452880 2052
1452890 2048
1452900 2048
1452910 2046
1452920 2044
1452930 2044
1452940 2042
1452950 2039
1452960 2039
1452970 2037
1452980 2037
1452990 2037
1453000 2036
1453010 2036
1453020 2034
1453030 2034
1453040 2032
1453050 2033
1453060 2033
1453070 2032
1453080 2029
1453090 2030
1453100 2026
1453110 2025
1453120 2025
1453130 2022
1453140 2020
1453150 2020
1453160 2018
1453170 2016
1453180 2016
1453190 2019
1453200 2017
1453210 2017
1453220 2018
1453230 2020
1453240 2020
1453250 2020
1453260 2020
1453270 2020
1453280 2020
1453290 2017
1453300 2017
1453310 2018
1453320 2019
1453330 2019
1453340 2019
1453350 2018
1453360 2018
1453370 2018
1453380 2018
1453390 2019
1453400 2019
1453410 2020
1453420 2023
1453430 2023
1453440 2026
1453450 2028
1453460 2028
1453470 2033
1453480 2035
1453490 2035
1453500 2036
1453510 2038
1453520 2038
1453530 2039
1453540 2038
1453550 2038
1453560 2040
1453570 2041
1453580 2041
1453590 2046
1453600 2054
1453610 2054
1453620 2059
1453630 2056
1453640 2056
1453650 2055
1453660 2054
1453670 2054
1453680 2056
1453690 2058
1453700 2058
1453710 2058
1453720 2059
1453730 2061
1453740 2061
1453750 2059
1453760 2059
1453770 2059
1453780 2063
1453790 2062
1453800 2062
1453810 2059
1453820 2062
1453830 2062
1453840 2060
1453850 2055
1453860 2055
1453870 2054
1453880 2054
1453890 2054
1453900 2055
1453910 2052
1453920 2052
1453930 2050
1453940 2051
1453950 2051
1453960 2053
1453970 2054
1453980 2054
1453990 2055
1454000 2057
1454010 2057
1454020 2058
1454030 2059
1454040 2061
1454050 2061
1454060 2065
1454070 2067
1454080 2067
1454090 2071
1454100 2074
1454110 2074
1454120 2076
1454130 2074
1454140 2074
1454150 2075
1454160 2075
1454170 2075
1454180 2076
1454190 2076
1454200 2076
1454210 2077
1454220 2078
1454230 2078
1454240 2084
1454250 2088
1454260 2088
1454270 2086
1454280 2084
1454290 2084
1454300 2086
1454310 2086
1454320 2086
1454330 2088
1454340 2089
1454350 2089
1454360 2087
1454370 2088
1454380 2089
1454390 2089
1454400 2090
1454410 2092
1454420 2092
1454430 2096
1454440 2100
1454450 2100
1454460 2101
1454470 2102
1454480 2102
1454490 2102
1454500 2107
1454510 2107
1454520 2108
1454530 2113
1454540 2113
1454550 2118
1454560 2118
1454570 2118
1454580 2121
1454590 2125
1454600 2125
1454610 2134
1454620 2138
1454630 2138
1454640 2137
1454650 2131
1454660 2131
1454670 2130
1454680 2130
1454690 2130
1454700 2130
1454710 2133
1454720 2134
1454730 2134
1454740 2139
1454750 2138
1454760 2138
1454770 2135
1454780 2132
1454790 2132
1454800 2130
1454810 2128
1454820 2128
1454830 2123
1454840 2113
1454850 2113
1454860 2105
1454870 2097
1454880 2097
1454890 2090
1454900 2087
1454910 2087
1454920 2081
1454930 2075
1454940 2075
1454950 2070
1454960 2068
1454970 2068
1454980 2065
1454990 2059
1455000 2059
1455010 2052
1455020 2057
1455030 2057
1455040 2060
1455050 2066
1455060 2067
1455070 2067
1455080 2068
1455090 2067
1455100 2067
1455110 2069
1455120 2072
1455130 2072
1455140 2066
1455150 2063
1455160 2063
1455170 2064
1455180 2063
1455190 2063
1455200 2060
1455210 2062
1455220 2062
1455230 2064
1455240 2062
1455250 2062
1455260 2062
1455270 2065
1455280 2065
1455290 2064
1455300 2062
1455310 2062
1455320 2062
1455330 2062
1455340 2062
1455350 2066
1455360 2069
1455370 2069
1455380 2072
1455390 2072
1455400 2072
1455410 2072
1455420 2073
1455430 2072
1455440 2072
1455450 2069
1455460 2064
1455470 2064
1455480 2060
1455490 2061
1455500 2061
1455510 2059
1455520 2057
1455530 2057
1455540 2057
1455550 2058
1455560 2058
1455570 2053
1455580 2047
1455590 2047
1455600 2041
1455610 2038
1455620 2038
1455630 2037
1455640 2036
1455650 2036
1455660 2036
1455670 2036
1455680 2036
1455690 2034
1455700 2034
1455710 2032
1455720 2032
1455730 2031
1455740 2027
1455750 2027
1455760 2028
1455770 2029
1455780 2029
1455790 2032
1455800 2032
1455810 2032
1455820 2028
1455830 2026
1455840 2026
1455850 2024
1455860 2020
1455870 2020
1455880 2012
1455890 2006
1455900 2006
1455910 2001
1455920 1998
1455930 1998
1455940 1995
1455950 1991
1455960 1991
1455970 1987
1455980 1982
1455990 1982
1456000 1975
1456010 1973
1456020 1973
1456030 1974
1456040 1975
1456050 1972
1456060 1972
1456070 1967
1456080 1964
1456090 1964
1456100 1964
1456110 1961
1456120 1961
1456130 1962
1456140 1963
1456150 1963
1456160 1963
1456170 1961
1456180 1961
1456190 1962
1456200 1964
1456210 1964
1456220 1966
1456230 1968
1456240 1968
1456250 1969
1456260 1969
1456270 1969
1456280 1970
1456290 1973
1456300 1973
1456310 1976
1456320 1980
1456330 1980
1456340 1986
1456350 1989
1456360 1989
1456370 1991
1456380 1992
1456390 1997
1456400 1997
1456410 2004
1456420 2015
1456430 2015
1456440 2022
1456450 2025
1456460 2025
1456470 2028
1456480 2029
1456490 2029
1456500 2030
1456510 2035
1456520 2035
1456530 2035
1456540 2033
1456550 2033
1456560 2031
1456570 2029
1456580 2029
1456590 2028
1456600 2032
1456610 2032
1456620 2040
1456630 2044
1456640 2044
1456650 2047
1456660 2053
1456670 2053
1456680 2056
1456690 2057
1456700 2057
1456710 2058
1456720 2062
1456730 2066
1456740 2066
1456750 2069
1456760 2070
1456770 2070
1456780 2072
1456790 2075
1456800 2075
1456810 2078
1456820 2079
1456830 2079
1456840 2085
1456850 2088
1456860 2088
1456870 2091
1456880 2094
1456890 2094
1456900 2095
1456910 2096
1456920 2096
1456930 2100
1456940 2103
1456950 2103
1456960 2109
1456970 2115
1456980 2115
1456990 2117
1457000 2122
1457010 2122
1457020 2128
1457030 2137
1457040 2137
1457050 2146
1457060 2157
1457070 2166
1457080 2166
1457090 2173
1457100 2181
1457110 2181
1457120 2188
1457130 2200
1457140 2200
1457150 2212
1457160 2223
1457170 2223
1457180 2230
1457190 2230
1457200 2230
1457210 2228
1457220 2230
1457230 2230
1457240 2232
1457250 2231
1457260 2231
1457270 2228
1457280 2226
1457290 2226
1457300 2224
1457310 2220
1457320 2220
1457330 2212
1457340 2206
1457350 2206
1457360 2199
1457370 2199
1457380 2199
1457390 2196
1457400 2192
1457410 2194
1457420 2194
1457430 2197
1457440 2198
1457450 2203
1457460 2202
1457470 2197
1457480 2197
1457490 2191
1457500 2188
1457510 2188
1457520 2186
1457530 2183
1457540 2183
1457550 2182
1457560 2186
1457570 2186
1457580 2187
1457590 2184
1457600 2184
1457610 2180
1457620 2174
1457630 2174
1457640 2167
1457650 2161
1457660 2161
1457670 2160
1457680 2158
1457690 2158
1457700 2161
1457710 2162
1457720 2162
1457730 2165
1457740 2171
1457750 2172
1457760 2172
1457770 2174
1457780 2177
1457790 2177
1457800 2180
1457810 2182
1457820 2182
1457830 2182
1457840 2183
1457850 2183
1457860 2184
1457870 2185
1457880 2185
1457890 2188
1457900 2193
1457910 2193
1457920 2197
1457930 2202
1457940 2202
1457950 2209
1457960 2218
1457970 2218
1457980 2223
1457990 2226
1458000 2226
1458010 2228
1458020 2230
1458030 2230
1458040 2234
1458050 2237
1458060 2237
1458070 2240
1458080 2243
1458090 2244
1458100 2244
1458110 2244
1458120 2244
1458130 2244
1458140 2241
1458150 2233
1458160 2233
1458170 2223
1458180 2214
1458190 2214
1458200 2208
1458210 2205
1458220 2205
1458230 2199
1458240 2193
1458250 2193
1458260 2187
1458270 2179
1458280 2179
1458290 2171
1458300 2168
1458310 2168
1458320 2163
1458330 2156
1458340 2156
1458350 2148
1458360 2140
1458370 2140
1458380 2131
1458390 2124
1458400 2124
1458410 2118
1458420 2114
1458430 2108
1458440 2108
1458450 2104
1458460 2102
1458470 2102
1458480 2099
1458490 2096
1458500 2096
1458510 2094
1458520 2090
1458530 2090
1458540 2085
1458550 2080
1458560 2080
1458570 2075
1458580 2071
1458590 2071
1458600 2066
1458610 2062
1458620 2062
1458630 2057
1458640 2053
1458650 2053
1458660 2050
1458670 2049
1458680 2049
1458690 2049
1458700 2049
1458710 2049
1458720 2046
1458730 2043
1458740 2043
1458750 2040
1458760 2036
1458770 2033
1458780 2033
1458790 2029
1458800 2026
1458810 2026
1458820 2023
1458830 2020
1458840 2020
1458850 2016
1458860 2012
1458870 2012
1458880 2005
1458890 2000
1458900 2000
1458910 1998
1458920 1996
1458930 1996
1458940 1989
1458950 1985
1458960 1985
1458970 1979
1458980 1973
1458990 1973
1459000 1968
1459010 1963
1459020 1963
1459030 1958
1459040 1951
1459050 1951
1459060 1945
1459070 1939
1459080 1939
1459090 1934
1459100 1931
1459110 1929
1459120 1929
1459130 1928
1459140 1927
1459150 1927
1459160 1925
1459170 1923
1459180 1923
1459190 1917
1459200 1910
1459210 1910
1459220 1908
1459230 1904
1459240 1904
1459250 1901
1459260 1899
1459270 1899
1459280 1896
1459290 1895
1459300 1895
1459310 1898
1459320 1900
1459330 1900
1459340 1901
1459350 1905
1459360 1905
1459370 1910
1459380 1914
1459390 1914
1459400 1918
1459410 1919
1459420 1919
1459430 1919
1459440 1924
1459450 1928
1459460 1928
1459470 1932
1459480 1936
1459490 1936
1459500 1941
1459510 1949
1459520 1949
1459530 1956
1459540 1961
1459550 1961
1459560 1966
1459570 1975
1459580 1975
1459590 1986
1459600 1996
1459610 1996
1459620 2004
1459630 2010
1459640 2010
1459650 2017
1459660 2023
1459670 2023
1459680 2031
1459690 2039
1459700 2039
1459710 2045
1459720 2051
1459730 2051
1459740 2058
1459750 2068
1459760 2068
1459770 2076
1459780 2084
1459790 2091
1459800 2091
1459810 2099
1459820 2108
1459830 2108
1459840 2116
1459850 2123
1459860 2123
1459870 2131
1459880 2132
1459890 2132
1459900 2131
1459910 2129
1459920 2129
1459930 2124
1459940 2120
1459950 2120
1459960 2117
1459970 2114
1459980 2114
1459990 2111
