1451690 2072
1451700 2077
1451710 2077
1451720 2079
1451730 2083
1451740 2086
1451750 2086
1451760 2091
1451770 2094
1451780 2094
1451790 2101
1451800 2107
1451810 2107
1451820 2112
1451830 2120
1451840 2120
1451850 2127
1451860 2132
1451870 2132
1451880 2137
1451890 2140
1451900 2140
1451910 2142
1451920 2146
1451930 2146
1451940 2150
1451950 2153
1451960 2153
1451970 2154
1451980 2154
1451990 2154
1452000 2152
1452010 2150
1452020 2150
1452030 2151
1452040 2150
1452050 2150
1452060 2148
1452070 2147
1452080 2148
1452090 2148
1452100 2149
1452110 2149
1452120 2149
1452130 2149
1452140 2150
1452150 2150
1452160 2150
1452170 2150
1452180 2150
1452190 2148
1452200 2150
1452210 2150
1452220 2151
1452230 2148
1452240 2148
1452250 2150
1452260 2149
1452270 2149
1452280 2150
1452290 2148
1452300 2148
1452310 2148
1452320 2148
1452330 2148
1452340 2148
1452350 2148
1452360 2148
1452370 2146
1452380 2145
1452390 2145
1452400 2147
1452410 2147
1452420 2146
1452430 2146
1452440 2143
1452450 2143
1452460 2143
1452470 2142
1452480 2140
1452490 2140
1452500 2138
1452510 2135
1452520 2135
1452530 2131
1452540 2129
1452550 2129
1452560 2126
1452570 2124
1452580 2124
1452590 2122
1452600 2123
1452610 2123
1452620 2120
1452630 2120
1452640 2120
1452650 2114
1452660 2109
1452670 2109
1452680 2104
1452690 2099
1452700 2099
1452710 2099
1452720 2097
1452730 2097
1452740 2095
1452750 2092
1452760 2090
1452770 2090
1452780 2087
1452790 2083
1452800 2083
1452810 2080
1452820 2080
1452830 2080
1452840 2077
1452850 2076
1452860 2076
1452870 2073
1452880 2071
1452890 2071
1452900 2071
1452910 2070
1452920 2070
1452930 2068
1452940 2069
1452950 2069
1452960 2070
1452970 2071
1452980 2071
1452990 2070
1453000 2069
1453010 2069
1453020 2066
1453030 2065
1453040 2065
1453050 2061
1453060 2057
1453070 2057
1453080 2056
1453090 2054
1453100 2054
1453110 2053
1453120 2053
1453130 2052
1453140 2052
1453150 2054
1453160 2054
1453170 2054
1453180 2057
1453190 2060
1453200 2060
1453210 2062
1453220 2064
1453230 2064
1453240 2066
1453250 2069
1453260 2069
1453270 2070
1453280 2073
1453290 2073
1453300 2075
1453310 2079
1453320 2079
1453330 2082
1453340 2086
1453350 2086
1453360 2090
1453370 2093
1453380 2093
1453390 2098
1453400 2102
1453410 2102
1453420 2105
1453430 2110
1453440 2110
1453450 2110
1453460 2113
1453470 2117
1453480 2117
1453490 2120
1453500 2124
1453510 2124
1453520 2125
1453530 2127
1453540 2127
1453550 2128
1453560 2130
1453570 2130
1453580 2131
1453590 2133
1453600 2133
1453610 2135
1453620 2136
1453630 2136
1453640 2140
1453650 2141
1453660 2141
1453670 2146
1453680 2147
1453690 2147
1453700 2148
1453710 2148
1453720 2148
1453730 2150
1453740 2152
1453750 2152
1453760 2153
1453770 2155
1453780 2155
1453790 2159
1453800 2164
1453810 2168
1453820 2168
1453830 2172
1453840 2174
1453850 2174
1453860 2177
1453870 2179
1453880 2179
1453890 2181
1453900 2183
1453910 2183
1453920 2186
1453930 2189
1453940 2189
1453950 2191
1453960 2193
1453970 2193
1453980 2198
1453990 2204
1454000 2204
1454010 2207
1454020 2210
1454030 2210
1454040 2211
1454050 2212
1454060 2212
1454070 2213
1454080 2212
1454090 2212
1454100 2209
1454110 2204
1454120 2204
1454130 2192
1454140 2186
1454150 2184
1454160 2184
1454170 2186
1454180 2191
1454190 2191
1454200 2193
1454210 2195
1454220 2195
1454230 2195
1454240 2196
1454250 2196
1454260 2198
1454270 2200
1454280 2200
1454290 2202
1454300 2205
1454310 2205
1454320 2206
1454330 2207
1454340 2207
1454350 2207
1454360 2207
1454370 2207
1454380 2205
1454390 2203
1454400 2203
1454410 2200
1454420 2198
1454430 2198
1454440 2196
1454450 2192
1454460 2192
1454470 2188
1454480 2186
1454490 2191
1454500 2191
1454510 2193
1454520 2192
1454530 2192
1454540 2192
1454550 2191
1454560 2191
1454570 2192
1454580 2190
1454590 2190
1454600 2193
1454610 2194
1454620 2194
1454630 2195
1454640 2193
1454650 2193
1454660 2187
1454670 2182
1454680 2182
1454690 2181
1454700 2184
1454710 2184
1454720 2183
1454730 2182
1454740 2182
1454750 2178
1454760 2173
1454770 2173
1454780 2170
1454790 2168
1454800 2168
1454810 2164
1454820 2160
1454830 2158
1454840 2158
1454850 2156
1454860 2154
1454870 2154
1454880 2148
1454890 2144
1454900 2144
1454910 2143
1454920 2142
1454930 2142
1454940 2142
1454950 2140
1454960 2140
1454970 2140
1454980 2137
1454990 2137
1455000 2140
1455010 2143
1455020 2143
1455030 2143
1455040 2147
1455050 2147
1455060 2149
1455070 2151
1455080 2151
1455090 2153
1455100 2155
1455110 2155
1455120 2154
1455130 2150
1455140 2150
1455150 2148
1455160 2146
1455170 2146
1455180 2143
1455190 2139
1455200 2134
1455210 2134
1455220 2128
1455230 2123
1455240 2123
1455250 2121
1455260 2122
1455270 2122
1455280 2118
1455290 2115
1455300 2115
1455310 2113
1455320 2112
1455330 2112
1455340 2112
1455350 2112
1455360 2112
1455370 2112
1455380 2111
1455390 2111
1455400 2106
1455410 2103
1455420 2103
1455430 2105
1455440 2105
1455450 2105
1455460 2105
1455470 2103
1455480 2103
1455490 2100
1455500 2099
1455510 2099
1455520 2097
1455530 2096
1455540 2094
1455550 2094
1455560 2090
1455570 2087
1455580 2087
1455590 2091
1455600 2095
1455610 2095
1455620 2094
1455630 2089
1455640 2089
1455650 2086
1455660 2084
1455670 2084
1455680 2082
1455690 2080
1455700 2080
1455710 2079
1455720 2075
1455730 2075
1455740 2075
1455750 2072
1455760 2072
1455770 2067
1455780 2060
1455790 2060
1455800 2062
1455810 2062
1455820 2062
1455830 2060
1455840 2060
1455850 2060
1455860 2061
1455870 2064
1455880 2064
1455890 2064
1455900 2062
1455910 2059
1455920 2059
1455930 2056
1455940 2054
1455950 2054
1455960 2055
1455970 2055
1455980 2055
1455990 2054
1456000 2053
1456010 2053
1456020 2052
1456030 2052
1456040 2052
1456050 2052
1456060 2049
1456070 2049
1456080 2048
1456090 2047
1456100 2047
1456110 2046
1456120 2043
1456130 2043
1456140 2043
1456150 2044
1456160 2044
1456170 2045
1456180 2045
1456190 2045
1456200 2044
1456210 2044
1456220 2042
1456230 2042
1456240 2043
1456250 2044
1456260 2044
1456270 2044
1456280 2042
1456290 2042
1456300 2041
1456310 2040
1456320 2040
1456330 2040
1456340 2039
1456350 2039
1456360 2040
1456370 2039
1456380 2039
1456390 2036
1456400 2032
1456410 2032
1456420 2027
1456430 2026
1456440 2026
1456450 2024
1456460 2022
1456470 2022
1456480 2016
1456490 2011
1456500 2011
1456510 2006
1456520 2000
1456530 2000
1456540 1997
1456550 1993
1456560 1988
1456570 1988
1456580 1980
1456590 1972
1456600 1972
1456610 1965
1456620 1956
1456630 1956
1456640 1950
1456650 1947
1456660 1947
1456670 1946
1456680 1946
1456690 1946
1456700 1942
1456710 1939
1456720 1939
1456730 1938
1456740 1936
1456750 1936
1456760 1938
1456770 1939
1456780 1939
1456790 1940
1456800 1941
1456810 1941
1456820 1940
1456830 1938
1456840 1938
1456850 1936
1456860 1937
1456870 1937
1456880 1938
1456890 1937
1456900 1933
1456910 1933
1456920 1931
1456930 1929
1456940 1929
1456950 1927
1456960 1925
1456970 1925
1456980 1922
1456990 1923
1457000 1923
1457010 1923
1457020 1916
1457030 1916
1457040 1911
1457050 1910
1457060 1910
1457070 1910
1457080 1911
1457090 1911
1457100 1909
1457110 1906
1457120 1906
1457130 1905
1457140 1905
1457150 1905
1457160 1908
1457170 1911
1457180 1911
1457190 1910
1457200 1912
1457210 1912
1457220 1916
1457230 1921
1457240 1921
1457250 1924
1457260 1924
1457270 1926
1457280 1926
1457290 1927
1457300 1926
1457310 1926
1457320 1927
1457330 1926
1457340 1926
1457350 1927
1457360 1927
1457370 1927
1457380 1929
1457390 1932
1457400 1932
1457410 1931
1457420 1932
1457430 1932
1457440 1931
1457450 1932
1457460 1932
1457470 1933
1457480 1932
1457490 1932
1457500 1933
1457510 1932
1457520 1932
1457530 1927
1457540 1928
1457550 1928
1457560 1931
1457570 1932
1457580 1932
1457590 1933
1457600 1931
1457610 1932
1457620 1932
1457630 1934
1457640 1932
1457650 1932
1457660 1931
1457670 1930
1457680 1930
1457690 1932
1457700 1932
1457710 1932
1457720 1933
1457730 1933
1457740 1933
1457750 1933
1457760 1935
1457770 1935
1457780 1939
1457790 1942
1457800 1942
1457810 1945
1457820 1948
1457830 1948
1457840 1949
1457850 1950
1457860 1950
1457870 1952
1457880 1953
1457890 1953
1457900 1954
1457910 1956
1457920 1954
1457930 1955
1457940 1955
1457950 1956
1457960 1956
1457970 1959
1457980 1962
1457990 1962
1458000 1965
1458010 1967
1458020 1967
1458030 1968
1458040 1969
1458050 1969
1458060 1970
1458070 1970
1458080 1970
1458090 1971
1458100 1975
1458110 1975
1458120 1976
1458130 1980
1458140 1980
1458150 1983
1458160 1985
1458170 1985
1458180 1986
1458190 1990
1458200 1990
1458210 1994
1458220 1996
1458230 1996
1458240 1998
1458250 2001
1458260 2001
1458270 2003
1458280 2008
1458290 2011
1458300 2011
1458310 2021
1458320 2031
1458330 2031
1458340 2036
1458350 2042
1458360 2042
1458370 2048
1458380 2058
1458390 2058
1458400 2065
1458410 2075
1458420 2075
1458430 2086
1458440 2090
1458450 2090
1458460 2089
1458470 2094
1458480 2094
1458490 2098
1458500 2102
1458510 2102
1458520 2108
1458530 2112
1458540 2112
1458550 2113
1458560 2112
1458570 2112
1458580 2110
1458590 2109
1458600 2109
1458610 2106
1458620 2104
1458630 2100
1458640 2100
1458650 2096
1458660 2092
1458670 2092
1458680 2088
1458690 2080
1458700 2080
1458710 2067
1458720 2048
1458730 2048
1458740 2040
1458750 2033
1458760 2033
1458770 2022
1458780 2014
1458790 2014
1458800 2007
1458810 2006
1458820 2006
1458830 2001
1458840 1991
1458850 1991
1458860 1984
1458870 1981
1458880 1981
1458890 1980
1458900 1975
1458910 1975
1458920 1974
1458930 1973
1458940 1973
1458950 1968
1458960 1963
1458970 1960
1458980 1960
1458990 1957
1459000 1955
1459010 1955
1459020 1959
1459030 1963
1459040 1963
1459050 1964
1459060 1962
1459070 1962
1459080 1963
1459090 1960
1459100 1960
1459110 1956
1459120 1953
1459130 1953
1459140 1953
1459150 1955
1459160 1955
1459170 1953
1459180 1949
1459190 1949
1459200 1944
1459210 1938
1459220 1938
1459230 1934
1459240 1930
1459250 1930
1459260 1924
1459270 1912
1459280 1912
1459290 1901
1459300 1889
1459310 1889
1459320 1881
1459330 1871
1459340 1865
1459350 1865
1459360 1861
1459370 1856
1459380 1856
1459390 1851
1459400 1850
1459410 1850
1459420 1848
1459430 1847
1459440 1847
1459450 1847
1459460 1849
1459470 1849
1459480 1846
1459490 1842
1459500 1842
1459510 1837
1459520 1831
1459530 1831
1459540 1826
1459550 1820
1459560 1820
1459570 1813
1459580 1805
1459590 1805
1459600 1796
1459610 1786
1459620 1786
1459630 1779
1459640 1773
1459650 1773
1459660 1766
1459670 1759
1459680 1755
1459690 1755
1459700 1755
1459710 1752
1459720 1752
1459730 1746
1459740 1745
1459750 1745
1459760 1745
1459770 1743
1459780 1743
1459790 1739
1459800 1735
1459810 1735
1459820 1733
1459830 1731
1459840 1731
1459850 1731
1459860 1729
1459870 1729
1459880 1731
1459890 1733
1459900 1733
1459910 1732
1459920 1733
1459930 1733
1459940 1734
1459950 1736
1459960 1736
1459970 1737
1459980 1739
1459990 1739
