1451620 2111
1451630 2111
1451640 2110
1451650 2112
1451660 2112
1451670 2112
1451680 2111
1451690 2111
1451700 2110
1451710 2114
1451720 2114
1451730 2115
1451740 2115
1451750 2115
1451760 2113
1451770 2116
1451780 2116
1451790 2112
1451800 2114
1451810 2114
1451820 2113
1451830 2114
1451840 2114
1451850 2110
1451860 2111
1451870 2111
1451880 2111
1451890 2109
1451900 2109
1451910 2109
1451920 2111
1451930 2112
1451940 2112
1451950 2115
1451960 2113
1451970 2113
1451980 2109
1451990 2110
1452000 2110
1452010 2109
1452020 2108
1452030 2108
1452040 2104
1452050 2103
1452060 2103
1452070 2103
1452080 2104
1452090 2104
1452100 2103
1452110 2100
1452120 2100
1452130 2099
1452140 2098
1452150 2098
1452160 2094
1452170 2093
1452180 2093
1452190 2095
1452200 2093
1452210 2086
1452220 2086
1452230 2085
1452240 2082
1452250 2082
1452260 2079
1452270 2074
1452280 2074
1452290 2070
1452300 2068
1452310 2068
1452320 2066
1452330 2065
1452340 2065
1452350 2067
1452360 2062
1452370 2062
1452380 2064
1452390 2062
1452400 2062
1452410 2064
1452420 2063
1452430 2063
1452440 2061
1452450 2056
1452460 2056
1452470 2050
1452480 2050
1452490 2050
1452500 2047
1452510 2045
1452520 2045
1452530 2045
1452540 2044
1452550 2043
1452560 2043
1452570 2046
1452580 2042
1452590 2042
1452600 2043
1452610 2044
1452620 2044
1452630 2044
1452640 2046
1452650 2046
1452660 2046
1452670 2044
1452680 2044
1452690 2044
1452700 2043
1452710 2043
1452720 2040
1452730 2038
1452740 2038
1452750 2035
1452760 2032
1452770 2032
1452780 2028
1452790 2031
1452800 2031
1452810 2035
1452820 2032
1452830 2032
1452840 2030
1452850 2025
1452860 2025
1452870 2025
1452880 2024
1452890 2024
1452900 2024
1452910 2027
1452920 2028
1452930 2028
1452940 2030
1452950 2034
1452960 2034
1452970 2035
1452980 2040
1452990 2040
1453000 2043
1453010 2047
1453020 2047
1453030 2050
1453040 2048
1453050 2048
1453060 2048
1453070 2050
1453080 2050
1453090 2053
1453100 2053
1453110 2053
1453120 2048
1453130 2046
1453140 2046
1453150 2045
1453160 2045
1453170 2045
1453180 2045
1453190 2045
1453200 2045
1453210 2044
1453220 2042
1453230 2042
1453240 2039
1453250 2041
1453260 2040
1453270 2040
1453280 2043
1453290 2045
1453300 2045
1453310 2046
1453320 2046
1453330 2046
1453340 2045
1453350 2045
1453360 2045
1453370 2046
1453380 2047
1453390 2047
1453400 2049
1453410 2049
1453420 2049
1453430 2048
1453440 2049
1453450 2049
1453460 2050
1453470 2050
1453480 2050
1453490 2051
1453500 2053
1453510 2053
1453520 2055
1453530 2057
1453540 2057
1453550 2054
1453560 2052
1453570 2052
1453580 2050
1453590 2048
1453600 2048
1453610 2048
1453620 2044
1453630 2041
1453640 2041
1453650 2043
1453660 2045
1453670 2045
1453680 2045
1453690 2044
1453700 2044
1453710 2042
1453720 2042
1453730 2042
1453740 2041
1453750 2042
1453760 2042
1453770 2043
1453780 2043
1453790 2043
1453800 2044
1453810 2044
1453820 2044
1453830 2043
1453840 2043
1453850 2043
1453860 2046
1453870 2046
1453880 2046
1453890 2045
1453900 2046
1453910 2046
1453920 2046
1453930 2048
1453940 2048
1453950 2048
1453960 2049
1453970 2050
1453980 2050
1453990 2053
1454000 2059
1454010 2059
1454020 2065
1454030 2066
1454040 2066
1454050 2066
1454060 2068
1454070 2068
1454080 2068
1454090 2072
1454100 2072
1454110 2075
1454120 2079
1454130 2079
1454140 2081
1454150 2086
1454160 2086
1454170 2084
1454180 2083
1454190 2083
1454200 2084
1454210 2083
1454220 2083
1454230 2084
1454240 2085
1454250 2085
1454260 2087
1454270 2090
1454280 2090
1454290 2090
1454300 2090
1454310 2089
1454320 2089
1454330 2086
1454340 2080
1454350 2080
1454360 2082
1454370 2082
1454380 2082
1454390 2082
1454400 2081
1454410 2081
1454420 2080
1454430 2076
1454440 2076
1454450 2070
1454460 2068
1454470 2068
1454480 2068
1454490 2061
1454500 2061
1454510 2054
1454520 2054
1454530 2054
1454540 2050
1454550 2045
1454560 2045
1454570 2043
1454580 2040
1454590 2040
1454600 2034
1454610 2032
1454620 2032
1454630 2030
1454640 2028
1454650 2025
1454660 2025
1454670 2023
1454680 2019
1454690 2019
1454700 2013
1454710 2007
1454720 2007
1454730 2001
1454740 1995
1454750 1995
1454760 1989
1454770 1985
1454780 1985
1454790 1982
1454800 1981
1454810 1981
1454820 1976
1454830 1972
1454840 1972
1454850 1968
1454860 1966
1454870 1966
1454880 1965
1454890 1964
1454900 1964
1454910 1962
1454920 1960
1454930 1960
1454940 1956
1454950 1954
1454960 1954
1454970 1952
1454980 1950
1454990 1947
1455000 1947
1455010 1945
1455020 1942
1455030 1942
1455040 1939
1455050 1936
1455060 1936
1455070 1935
1455080 1932
1455090 1932
1455100 1929
1455110 1928
1455120 1928
1455130 1925
1455140 1923
1455150 1923
1455160 1922
1455170 1922
1455180 1922
1455190 1921
1455200 1918
1455210 1918
1455220 1916
1455230 1915
1455240 1915
1455250 1915
1455260 1914
1455270 1914
1455280 1912
1455290 1911
1455300 1911
1455310 1910
1455320 1910
1455330 1912
1455340 1912
1455350 1913
1455360 1916
1455370 1916
1455380 1916
1455390 1915
1455400 1915
1455410 1913
1455420 1910
1455430 1910
1455440 1908
1455450 1906
1455460 1906
1455470 1908
1455480 1908
1455490 1908
1455500 1907
1455510 1905
1455520 1905
1455530 1904
1455540 1903
1455550 1903
1455560 1902
1455570 1901
1455580 1901
1455590 1901
1455600 1901
1455610 1901
1455620 1903
1455630 1903
1455640 1903
1455650 1903
1455660 1904
1455670 1904
1455680 1904
1455690 1903
1455700 1903
1455710 1903
1455720 1906
1455730 1907
1455740 1907
1455750 1905
1455760 1905
1455770 1905
1455780 1906
1455790 1905
1455800 1905
1455810 1905
1455820 1904
1455830 1904
1455840 1904
1455850 1907
1455860 1907
1455870 1911
1455880 1912
1455890 1912
1455900 1911
1455910 1910
1455920 1910
1455930 1909
1455940 1909
1455950 1909
1455960 1908
1455970 1906
1455980 1906
1455990 1904
1456000 1901
1456010 1901
1456020 1900
1456030 1900
1456040 1901
1456050 1901
1456060 1901
1456070 1898
1456080 1898
1456090 1896
1456100 1891
1456110 1891
1456120 1887
1456130 1886
1456140 1886
1456150 1885
1456160 1885
1456170 1885
1456180 1885
1456190 1885
1456200 1885
1456210 1887
1456220 1889
1456230 1889
1456240 1888
1456250 1890
1456260 1890
1456270 1891
1456280 1892
1456290 1892
1456300 1893
1456310 1895
1456320 1895
1456330 1896
1456340 1898
1456350 1898
1456360 1899
1456370 1898
1456380 1897
1456390 1897
1456400 1897
1456410 1897
1456420 1897
1456430 1900
1456440 1904
1456450 1904
1456460 1903
1456470 1901
1456480 1901
1456490 1899
1456500 1898
1456510 1898
1456520 1899
1456530 1900
1456540 1900
1456550 1901
1456560 1903
1456570 1903
1456580 1903
1456590 1903
1456600 1903
1456610 1902
1456620 1903
1456630 1903
1456640 1903
1456650 1902
1456660 1902
1456670 1901
1456680 1901
1456690 1901
1456700 1901
1456710 1902
1456720 1902
1456730 1902
1456740 1900
1456750 1900
1456760 1900
1456770 1900
1456780 1900
1456790 1900
1456800 1899
1456810 1898
1456820 1898
1456830 1898
1456840 1897
1456850 1897
1456860 1895
1456870 1891
1456880 1891
1456890 1887
1456900 1884
1456910 1884
1456920 1880
1456930 1878
1456940 1878
1456950 1878
1456960 1876
1456970 1876
1456980 1874
1456990 1873
1457000 1873
1457010 1873
1457020 1871
1457030 1871
1457040 1868
1457050 1866
1457060 1865
1457070 1865
1457080 1866
1457090 1864
1457100 1864
1457110 1858
1457120 1855
1457130 1855
1457140 1852
1457150 1851
1457160 1851
1457170 1850
1457180 1851
1457190 1851
1457200 1852
1457210 1856
1457220 1856
1457230 1858
1457240 1859
1457250 1859
1457260 1861
1457270 1862
1457280 1862
1457290 1869
1457300 1873
1457310 1873
1457320 1875
1457330 1876
1457340 1876
1457350 1880
1457360 1884
1457370 1884
1457380 1886
1457390 1889
1457400 1889
1457410 1891
1457420 1896
1457430 1897
1457440 1897
1457450 1897
1457460 1897
1457470 1897
1457480 1899
1457490 1899
1457500 1899
1457510 1899
1457520 1899
1457530 1899
1457540 1899
1457550 1900
1457560 1900
1457570 1901
1457580 1904
1457590 1904
1457600 1906
1457610 1906
1457620 1906
1457630 1907
1457640 1915
1457650 1915
1457660 1917
1457670 1917
1457680 1917
1457690 1918
1457700 1920
1457710 1920
1457720 1922
1457730 1923
1457740 1923
1457750 1925
1457760 1924
1457770 1920
1457780 1920
1457790 1918
1457800 1919
1457810 1919
1457820 1920
1457830 1922
1457840 1922
1457850 1924
1457860 1926
1457870 1926
1457880 1927
1457890 1928
1457900 1928
1457910 1927
1457920 1927
1457930 1927
1457940 1926
1457950 1923
1457960 1923
1457970 1927
1457980 1930
1457990 1930
1458000 1931
1458010 1934
1458020 1934
1458030 1938
1458040 1942
1458050 1942
1458060 1946
1458070 1949
1458080 1949
1458090 1951
1458100 1953
1458110 1958
1458120 1958
1458130 1960
1458140 1962
1458150 1962
1458160 1960
1458170 1961
1458180 1961
1458190 1959
1458200 1955
1458210 1955
1458220 1953
1458230 1953
1458240 1953
1458250 1950
1458260 1952
1458270 1952
1458280 1953
1458290 1951
1458300 1951
1458310 1950
1458320 1949
1458330 1949
1458340 1951
1458350 1950
1458360 1950
1458370 1947
1458380 1945
1458390 1945
1458400 1947
1458410 1946
1458420 1946
1458430 1945
1458440 1945
1458450 1940
1458460 1940
1458470 1935
1458480 1934
1458490 1934
1458500 1932
1458510 1928
1458520 1928
1458530 1926
1458540 1919
1458550 1919
1458560 1914
1458570 1910
1458580 1910
1458590 1907
1458600 1907
1458610 1907
1458620 1902
1458630 1899
1458640 1899
1458650 1897
1458660 1897
1458670 1897
1458680 1896
1458690 1894
1458700 1894
1458710 1891
1458720 1889
1458730 1889
1458740 1887
1458750 1886
1458760 1886
1458770 1885
1458780 1886
1458790 1888
1458800 1888
1458810 1888
1458820 1892
1458830 1892
1458840 1897
1458850 1897
1458860 1897
1458870 1897
1458880 1897
1458890 1897
1458900 1897
1458910 1899
1458920 1899
1458930 1903
1458940 1905
1458950 1905
1458960 1906
1458970 1907
1458980 1907
1458990 1903
1459000 1901
1459010 1901
1459020 1900
1459030 1896
1459040 1896
1459050 1895
1459060 1893
1459070 1893
1459080 1890
1459090 1885
1459100 1885
1459110 1878
1459120 1871
1459130 1871
1459140 1860
1459150 1850
1459160 1846
1459170 1846
1459180 1847
1459190 1841
1459200 1841
1459210 1828
1459220 1820
1459230 1820
1459240 1809
1459250 1799
1459260 1799
1459270 1794
1459280 1784
1459290 1784
1459300 1766
1459310 1758
1459320 1758
1459330 1752
1459340 1746
1459350 1746
1459360 1742
1459370 1730
1459380 1730
1459390 1720
1459400 1708
1459410 1708
1459420 1701
1459430 1695
1459440 1695
1459450 1690
1459460 1685
1459470 1685
1459480 1680
1459490 1676
1459500 1672
1459510 1672
1459520 1669
1459530 1666
1459540 1666
1459550 1665
1459560 1669
1459570 1669
1459580 1674
1459590 1677
1459600 1677
1459610 1675
1459620 1672
1459630 1672
1459640 1672
1459650 1673
1459660 1673
1459670 1678
1459680 1683
1459690 1683
1459700 1689
1459710 1696
1459720 1696
1459730 1703
1459740 1710
1459750 1710
1459760 1721
1459770 1735
1459780 1735
1459790 1745
1459800 1751
1459810 1751
1459820 1756
1459830 1761
1459840 1766
1459850 1766
1459860 1771
1459870 1776
1459880 1776
1459890 1782
1459900 1788
1459910 1788
1459920 1794
1459930 1801
1459940 1801
1459950 1806
1459960 1812
1459970 1812
1459980 1819
1459990 1828
