1450320 2107
1450330 2116
1450340 2116
1450350 2122
1450360 2135
1450370 2135
1450380 2146
1450390 2157
1450400 2157
1450410 2173
1450420 2187
1450430 2187
1450440 2198
1450450 2213
1450460 2224
1450470 2224
1450480 2231
1450490 2235
1450500 2235
1450510 2238
1450520 2241
1450530 2241
1450540 2242
1450550 2243
1450560 2243
1450570 2245
1450580 2248
1450590 2248
1450600 2252
1450610 2255
1450620 2255
1450630 2259
1450640 2258
1450650 2258
1450660 2247
1450670 2209
1450680 2209
1450690 2193
1450700 2191
1450710 2191
1450720 2192
1450730 2193
1450740 2193
1450750 2178
1450760 2157
1450770 2157
1450780 2151
1450790 2150
1450800 2148
1450810 2148
1450820 2126
1450830 2110
1450840 2110
1450850 2104
1450860 2097
1450870 2097
1450880 2090
1450890 2083
1450900 2083
1450910 2077
1450920 2072
1450930 2072
1450940 2068
1450950 2063
1450960 2063
1450970 2058
1450980 2052
1450990 2052
1451000 2047
1451010 2041
1451020 2041
1451030 2036
1451040 2034
1451050 2034
1451060 2032
1451070 2031
1451080 2031
1451090 2029
1451100 2029
1451110 2029
1451120 2029
1451130 2029
1451140 2033
1451150 2033
1451160 2035
1451170 2035
1451180 2035
1451190 2034
1451200 2032
1451210 2032
1451220 2033
1451230 2033
1451240 2033
1451250 2032
1451260 2032
1451270 2032
1451280 2032
1451290 2032
1451300 2032
1451310 2029
1451320 2029
1451330 2029
1451340 2032
1451350 2033
1451360 2033
1451370 2035
1451380 2037
1451390 2037
1451400 2040
1451410 2042
1451420 2042
1451430 2043
1451440 2043
1451450 2043
1451460 2045
1451470 2048
1451480 2048
1451490 2050
1451500 2049
1451510 2048
1451520 2048
1451530 2046
1451540 2043
1451550 2043
1451560 2041
1451570 2041
1451580 2041
1451590 2039
1451600 2031
1451610 2031
1451620 2023
1451630 2017
1451640 2017
1451650 2012
1451660 2010
1451670 2010
1451680 2012
1451690 2014
1451700 2014
1451710 2012
1451720 2008
1451730 2008
1451740 2009
1451750 2009
1451760 2009
1451770 2010
1451780 2008
1451790 2008
1451800 2006
1451810 2005
1451820 2005
1451830 2007
1451840 2000
1451850 1998
1451860 1998
1451870 1995
1451880 1996
1451890 1996
1451900 1997
1451910 1995
1451920 1995
1451930 1998
1451940 1998
1451950 1998
1451960 1997
1451970 1998
1451980 1998
1451990 2002
1452000 2002
1452010 2002
1452020 2000
1452030 1999
1452040 1999
1452050 1997
1452060 1997
1452070 1997
1452080 1998
1452090 1996
1452100 1996
1452110 1999
1452120 1996
1452130 1996
1452140 1996
1452150 1997
1452160 1997
1452170 1993
1452180 1989
1452190 1986
1452200 1986
1452210 1981
1452220 1977
1452230 1977
1452240 1976
1452250 1976
1452260 1976
1452270 1973
1452280 1971
1452290 1971
1452300 1974
1452310 1968
1452320 1968
1452330 1967
1452340 1969
1452350 1969
1452360 1969
1452370 1966
1452380 1966
1452390 1960
1452400 1959
1452410 1959
1452420 1963
1452430 1964
1452440 1964
1452450 1965
1452460 1965
1452470 1965
1452480 1962
1452490 1955
1452500 1955
1452510 1954
1452520 1954
1452530 1954
1452540 1956
1452550 1951
1452560 1948
1452570 1948
1452580 1949
1452590 1943
1452600 1943
1452610 1944
1452620 1942
1452630 1942
1452640 1942
1452650 1941
1452660 1941
1452670 1942
1452680 1941
1452690 1941
1452700 1939
1452710 1939
1452720 1939
1452730 1934
1452740 1932
1452750 1932
1452760 1931
1452770 1927
1452780 1927
1452790 1925
1452800 1924
1452810 1924
1452820 1930
1452830 1931
1452840 1931
1452850 1931
1452860 1931
1452870 1931
1452880 1928
1452890 1930
1452900 1929
1452910 1929
1452920 1927
1452930 1926
1452940 1926
1452950 1929
1452960 1929
1452970 1929
1452980 1929
1452990 1929
1453000 1929
1453010 1929
1453020 1930
1453030 1930
1453040 1930
1453050 1929
1453060 1929
1453070 1936
1453080 1938
1453090 1938
1453100 1938
1453110 1937
1453120 1937
1453130 1941
1453140 1947
1453150 1947
1453160 1949
1453170 1949
1453180 1949
1453190 1951
1453200 1953
1453210 1953
1453220 1956
1453230 1959
1453240 1965
1453250 1965
1453260 1968
1453270 1969
1453280 1969
1453290 1973
1453300 1974
1453310 1974
1453320 1978
1453330 1981
1453340 1981
1453350 1985
1453360 1987
1453370 1987
1453380 1989
1453390 1991
1453400 1991
1453410 1991
1453420 1992
1453430 1992
1453440 1997
1453450 2002
1453460 2002
1453470 2003
1453480 2006
1453490 2006
1453500 2008
1453510 2011
1453520 2011
1453530 2011
1453540 2010
1453550 2010
1453560 2014
1453570 2017
1453580 2017
1453590 2018
1453600 2014
1453610 2009
1453620 2009
1453630 2008
1453640 2009
1453650 2009
1453660 2006
1453670 2004
1453680 2004
1453690 1998
1453700 1994
1453710 1994
1453720 1998
1453730 1996
1453740 1996
1453750 1993
1453760 1996
1453770 1996
1453780 1996
1453790 1993
1453800 1993
1453810 1993
1453820 1995
1453830 1995
1453840 1994
1453850 1994
1453860 1994
1453870 1995
1453880 1995
1453890 1995
1453900 1993
1453910 1995
1453920 1995
1453930 1998
1453940 2000
1453950 1997
1453960 1997
1453970 1990
1453980 1989
1453990 1989
1454000 1987
1454010 1985
1454020 1985
1454030 1982
1454040 1984
1454050 1984
1454060 1987
1454070 1985
1454080 1985
1454090 1984
1454100 1984
1454110 1984
1454120 1981
1454130 1972
1454140 1972
1454150 1970
1454160 1974
1454170 1974
1454180 1973
1454190 1973
1454200 1973
1454210 1974
1454220 1974
1454230 1974
1454240 1977
1454250 1981
1454260 1981
1454270 1981
1454280 1982
1454290 1982
1454300 1979
1454310 1983
1454320 1984
1454330 1984
1454340 1982
1454350 1983
1454360 1983
1454370 1989
1454380 1991
1454390 1991
1454400 1988
1454410 1987
1454420 1987
1454430 1984
1454440 1987
1454450 1987
1454460 1985
1454470 1988
1454480 1988
1454490 1988
1454500 1985
1454510 1985
1454520 1984
1454530 1985
1454540 1985
1454550 1985
1454560 1980
1454570 1980
1454580 1977
1454590 1976
1454600 1976
1454610 1973
1454620 1973
1454630 1973
1454640 1974
1454650 1969
1454660 1969
1454670 1969
1454680 1970
1454690 1970
1454700 1970
1454710 1965
1454720 1960
1454730 1960
1454740 1957
1454750 1950
1454760 1950
1454770 1941
1454780 1939
1454790 1939
1454800 1942
1454810 1941
1454820 1941
1454830 1941
1454840 1943
1454850 1943
1454860 1943
1454870 1942
1454880 1942
1454890 1940
1454900 1939
1454910 1939
1454920 1937
1454930 1938
1454940 1938
1454950 1940
1454960 1941
1454970 1941
1454980 1942
1454990 1941
1455000 1939
1455010 1939
1455020 1937
1455030 1935
1455040 1935
1455050 1936
1455060 1935
1455070 1935
1455080 1933
1455090 1933
1455100 1933
1455110 1933
1455120 1934
1455130 1934
1455140 1932
1455150 1931
1455160 1931
1455170 1936
1455180 1940
1455190 1940
1455200 1945
1455210 1944
1455220 1944
1455230 1944
1455240 1943
1455250 1943
1455260 1940
1455270 1938
1455280 1938
1455290 1937
1455300 1935
1455310 1935
1455320 1933
1455330 1931
1455340 1931
1455350 1931
1455360 1929
1455370 1928
1455380 1928
1455390 1927
1455400 1928
1455410 1928
1455420 1927
1455430 1922
1455440 1922
1455450 1921
1455460 1921
1455470 1921
1455480 1921
1455490 1918
1455500 1918
1455510 1917
1455520 1916
1455530 1916
1455540 1916
1455550 1914
1455560 1914
1455570 1911
1455580 1913
1455590 1913
1455600 1909
1455610 1903
1455620 1903
1455630 1898
1455640 1895
1455650 1895
1455660 1897
1455670 1899
1455680 1899
1455690 1898
1455700 1894
1455710 1897
1455720 1897
1455730 1900
1455740 1905
1455750 1905
1455760 1909
1455770 1910
1455780 1910
1455790 1911
1455800 1913
1455810 1913
1455820 1913
1455830 1916
1455840 1916
1455850 1916
1455860 1914
1455870 1914
1455880 1913
1455890 1911
1455900 1911
1455910 1910
1455920 1906
1455930 1906
1455940 1897
1455950 1888
1455960 1888
1455970 1883
1455980 1883
1455990 1883
1456000 1880
1456010 1875
1456020 1875
1456030 1877
1456040 1877
1456050 1873
1456060 1873
1456070 1868
1456080 1864
1456090 1864
1456100 1861
1456110 1855
1456120 1855
1456130 1853
1456140 1844
1456150 1844
1456160 1837
1456170 1835
1456180 1835
1456190 1832
1456200 1833
1456210 1833
1456220 1832
1456230 1826
1456240 1826
1456250 1824
1456260 1827
1456270 1832
1456280 1830
1456290 1825
1456300 1825
1456310 1821
1456320 1817
1456330 1817
1456340 1812
1456350 1808
1456360 1808
1456370 1801
1456380 1798
1456390 1798
1456400 1798
1456410 1793
1456420 1788
1456430 1788
1456440 1788
1456450 1790
1456460 1790
1456470 1793
1456480 1796
1456490 1796
1456500 1798
1456510 1801
1456520 1801
1456530 1803
1456540 1802
1456550 1802
1456560 1804
1456570 1807
1456580 1807
1456590 1809
1456600 1810
1456610 1810
1456620 1811
1456630 1813
1456640 1813
1456650 1815
1456660 1817
1456670 1817
1456680 1819
1456690 1820
1456700 1820
1456710 1821
1456720 1822
1456730 1822
1456740 1823
1456750 1826
1456760 1828
1456770 1828
1456780 1829
1456790 1835
1456800 1835
1456810 1837
1456820 1839
1456830 1839
1456840 1841
1456850 1843
1456860 1843
1456870 1844
1456880 1844
1456890 1844
1456900 1846
1456910 1849
1456920 1849
1456930 1850
1456940 1849
1456950 1849
1456960 1848
1456970 1844
1456980 1844
1456990 1846
1457000 1850
1457010 1850
1457020 1856
1457030 1858
1457040 1858
1457050 1859
1457060 1864
1457070 1864
1457080 1868
1457090 1868
1457100 1869
1457110 1869
1457120 1874
1457130 1878
1457140 1878
1457150 1880
1457160 1881
1457170 1881
1457180 1885
1457190 1887
1457200 1887
1457210 1890
1457220 1889
1457230 1889
1457240 1893
1457250 1895
1457260 1895
1457270 1897
1457280 1900
1457290 1900
1457300 1897
1457310 1895
1457320 1895
1457330 1895
1457340 1893
1457350 1893
1457360 1890
1457370 1885
1457380 1885
1457390 1877
1457400 1874
1457410 1874
1457420 1869
1457430 1864
1457440 1864
1457450 1860
1457460 1849
1457470 1845
1457480 1845
1457490 1843
1457500 1839
1457510 1839
1457520 1839
1457530 1841
1457540 1841
1457550 1843
1457560 1845
1457570 1845
1457580 1847
1457590 1849
1457600 1849
1457610 1851
1457620 1854
1457630 1854
1457640 1856
1457650 1855
1457660 1855
1457670 1857
1457680 1859
1457690 1859
1457700 1862
1457710 1870
1457720 1870
1457730 1877
1457740 1877
1457750 1877
1457760 1880
1457770 1882
1457780 1882
1457790 1888
1457800 1890
1457810 1889
1457820 1889
1457830 1891
1457840 1888
1457850 1888
1457860 1889
1457870 1891
1457880 1891
1457890 1893
1457900 1895
1457910 1895
1457920 1892
1457930 1890
1457940 1890
1457950 1893
1457960 1892
1457970 1892
1457980 1892
1457990 1892
1458000 1892
1458010 1892
1458020 1893
1458030 1893
1458040 1895
1458050 1894
1458060 1894
1458070 1892
1458080 1890
1458090 1890
1458100 1883
1458110 1882
1458120 1882
1458130 1881
1458140 1881
1458150 1881
1458160 1882
1458170 1882
1458180 1882
1458190 1882
1458200 1881
1458210 1879
1458220 1879
1458230 1875
1458240 1873
1458250 1873
1458260 1875
1458270 1874
1458280 1874
1458290 1875
1458300 1873
1458310 1873
1458320 1870
1458330 1869
1458340 1869
1458350 1868
1458360 1867
1458370 1867
1458380 1868
1458390 1869
1458400 1869
1458410 1869
1458420 1868
1458430 1868
1458440 1861
1458450 1859
1458460 1859
1458470 1853
1458480 1853
1458490 1853
1458500 1848
1458510 1846
1458520 1845
1458530 1845
1458540 1842
1458550 1841
1458560 1841
1458570 1839
1458580 1840
1458590 1840
1458600 1834
1458610 1832
1458620 1832
1458630 1828
1458640 1829
1458650 1829
1458660 1827
1458670 1823
1458680 1823
1458690 1818
1458700 1815
1458710 1815
1458720 1814
1458730 1816
1458740 1816
1458750 1813
1458760 1812
1458770 1812
1458780 1813
1458790 1811
1458800 1811
1458810 1814
1458820 1817
1458830 1817
1458840 1817
1458850 1816
1458860 1818
1458870 1818
1458880 1811
1458890 1806
1458900 1806
1458910 1803
1458920 1799
1458930 1799
1458940 1798
1458950 1794
1458960 1794
1458970 1793
1458980 1791
1458990 1791
1459000 1789
1459010 1785
1459020 1785
1459030 1785
1459040 1782
1459050 1782
1459060 1782
1459070 1777
1459080 1777
1459090 1771
1459100 1770
1459110 1770
1459120 1769
1459130 1770
1459140 1770
1459150 1770
1459160 1769
1459170 1769
1459180 1761
1459190 1752
1459200 1752
1459210 1751
1459220 1750
1459230 1750
1459240 1750
1459250 1750
1459260 1747
1459270 1747
1459280 1749
1459290 1750
1459300 1750
1459310 1748
1459320 1742
1459330 1742
1459340 1735
1459350 1728
1459360 1728
1459370 1725
1459380 1724
1459390 1724
1459400 1721
1459410 1714
1459420 1714
1459430 1704
1459440 1694
1459450 1694
1459460 1688
1459470 1683
1459480 1683
1459490 1678
1459500 1670
1459510 1670
1459520 1664
1459530 1662
1459540 1662
1459550 1656
1459560 1652
1459570 1655
1459580 1655
1459590 1656
1459600 1655
1459610 1655
1459620 1657
1459630 1656
1459640 1656
1459650 1656
1459660 1659
1459670 1659
1459680 1661
1459690 1663
1459700 1663
1459710 1664
1459720 1665
1459730 1665
1459740 1667
1459750 1666
1459760 1666
1459770 1666
1459780 1667
1459790 1667
1459800 1667
1459810 1667
1459820 1667
1459830 1670
1459840 1676
1459850 1676
1459860 1679
1459870 1681
1459880 1681
1459890 1685
1459900 1690
1459910 1697
1459920 1697
1459930 1699
1459940 1701
1459950 1701
1459960 1704
1459970 1704
1459980 1704
1459990 1704
