1450700 1919
1450710 1923
1450720 1923
1450730 1927
1450740 1930
1450750 1930
1450760 1935
1450770 1943
1450780 1943
1450790 1945
1450800 1949
1450810 1949
1450820 1951
1450830 1957
1450840 1957
1450850 1965
1450860 1971
1450870 1971
1450880 1977
1450890 1981
1450900 1981
1450910 1984
1450920 1985
1450930 1987
1450940 1987
1450950 1984
1450960 1986
1450970 1986
1450980 1988
1450990 1990
1451000 1990
1451010 1994
1451020 1998
1451030 1998
1451040 2001
1451050 2001
1451060 2001
1451070 1999
1451080 1994
1451090 1994
1451100 1993
1451110 1992
1451120 1992
1451130 1991
1451140 1993
1451150 1993
1451160 1990
1451170 1985
1451180 1985
1451190 1984
1451200 1981
1451210 1981
1451220 1982
1451230 1983
1451240 1983
1451250 1981
1451260 1976
1451270 1972
1451280 1972
1451290 1973
1451300 1972
1451310 1972
1451320 1968
1451330 1967
1451340 1967
1451350 1965
1451360 1965
1451370 1965
1451380 1967
1451390 1971
1451400 1971
1451410 1970
1451420 1970
1451430 1970
1451440 1967
1451450 1959
1451460 1959
1451470 1956
1451480 1954
1451490 1954
1451500 1954
1451510 1955
1451520 1955
1451530 1954
1451540 1951
1451550 1951
1451560 1944
1451570 1941
1451580 1941
1451590 1942
1451600 1944
1451610 1944
1451620 1947
1451630 1943
1451640 1942
1451650 1942
1451660 1943
1451670 1945
1451680 1945
1451690 1945
1451700 1947
1451710 1947
1451720 1949
1451730 1951
1451740 1951
1451750 1955
1451760 1961
1451770 1961
1451780 1968
1451790 1972
1451800 1972
1451810 1972
1451820 1976
1451830 1976
1451840 1979
1451850 1983
1451860 1983
1451870 1986
1451880 1989
1451890 1989
1451900 1988
1451910 1990
1451920 1990
1451930 1985
1451940 1978
1451950 1978
1451960 1980
1451970 1976
1451980 1972
1451990 1972
1452000 1972
1452010 1964
1452020 1964
1452030 1959
1452040 1958
1452050 1958
1452060 1955
1452070 1946
1452080 1946
1452090 1936
1452100 1935
1452110 1935
1452120 1939
1452130 1939
1452140 1939
1452150 1942
1452160 1940
1452170 1940
1452180 1940
1452190 1939
1452200 1939
1452210 1940
1452220 1940
1452230 1940
1452240 1932
1452250 1935
1452260 1935
1452270 1939
1452280 1937
1452290 1937
1452300 1937
1452310 1936
1452320 1936
1452330 1933
1452340 1933
1452350 1934
1452360 1934
1452370 1929
1452380 1924
1452390 1924
1452400 1928
1452410 1931
1452420 1931
1452430 1935
1452440 1937
1452450 1937
1452460 1937
1452470 1929
1452480 1929
1452490 1917
1452500 1913
1452510 1913
1452520 1916
1452530 1920
1452540 1920
1452550 1919
1452560 1915
1452570 1915
1452580 1918
1452590 1920
1452600 1920
1452610 1923
1452620 1917
1452630 1917
1452640 1918
1452650 1920
1452660 1920
1452670 1921
1452680 1922
1452690 1925
1452700 1925
1452710 1929
1452720 1932
1452730 1932
1452740 1933
1452750 1928
1452760 1928
1452770 1925
1452780 1927
1452790 1927
1452800 1923
1452810 1923
1452820 1923
1452830 1922
1452840 1926
1452850 1926
1452860 1928
1452870 1924
1452880 1924
1452890 1922
1452900 1923
1452910 1923
1452920 1924
1452930 1921
1452940 1921
1452950 1923
1452960 1922
1452970 1922
1452980 1916
1452990 1909
1453000 1909
1453010 1905
1453020 1904
1453030 1904
1453040 1900
1453050 1898
1453060 1897
1453070 1897
1453080 1887
1453090 1880
1453100 1880
1453110 1884
1453120 1890
1453130 1890
1453140 1884
1453150 1881
1453160 1881
1453170 1882
1453180 1885
1453190 1885
1453200 1882
1453210 1881
1453220 1881
1453230 1881
1453240 1882
1453250 1882
1453260 1883
1453270 1884
1453280 1884
1453290 1887
1453300 1891
1453310 1891
1453320 1892
1453330 1893
1453340 1893
1453350 1890
1453360 1884
1453370 1884
1453380 1887
1453390 1899
1453400 1905
1453410 1905
1453420 1908
1453430 1910
1453440 1910
1453450 1912
1453460 1914
1453470 1914
1453480 1915
1453490 1916
1453500 1916
1453510 1916
1453520 1914
1453530 1914
1453540 1910
1453550 1910
1453560 1910
1453570 1912
1453580 1914
1453590 1914
1453600 1917
1453610 1919
1453620 1919
1453630 1920
1453640 1919
1453650 1919
1453660 1919
1453670 1917
1453680 1917
1453690 1914
1453700 1912
1453710 1912
1453720 1913
1453730 1910
1453740 1905
1453750 1905
1453760 1906
1453770 1907
1453780 1907
1453790 1906
1453800 1904
1453810 1904
1453820 1905
1453830 1914
1453840 1914
1453850 1925
1453860 1931
1453870 1931
1453880 1934
1453890 1938
1453900 1938
1453910 1943
1453920 1945
1453930 1945
1453940 1943
1453950 1943
1453960 1943
1453970 1945
1453980 1946
1453990 1946
1454000 1949
1454010 1948
1454020 1948
1454030 1947
1454040 1950
1454050 1950
1454060 1954
1454070 1958
1454080 1958
1454090 1963
1454100 1966
1454110 1968
1454120 1968
1454130 1972
1454140 1976
1454150 1976
1454160 1979
1454170 1979
1454180 1979
1454190 1980
1454200 1982
1454210 1982
1454220 1985
1454230 1988
1454240 1988
1454250 1991
1454260 1993
1454270 1993
1454280 1993
1454290 1993
1454300 1993
1454310 1990
1454320 1991
1454330 1991
1454340 1992
1454350 1995
1454360 1995
1454370 1995
1454380 1997
1454390 1997
1454400 1999
1454410 2001
1454420 2001
1454430 2001
1454440 2001
1454450 1998
1454460 1998
1454470 1990
1454480 1985
1454490 1985
1454500 1983
1454510 1982
1454520 1982
1454530 1980
1454540 1979
1454550 1979
1454560 1972
1454570 1974
1454580 1974
1454590 1976
1454600 1975
1454610 1975
1454620 1971
1454630 1971
1454640 1971
1454650 1972
1454660 1970
1454670 1970
1454680 1963
1454690 1960
1454700 1960
1454710 1957
1454720 1950
1454730 1950
1454740 1944
1454750 1942
1454760 1942
1454770 1937
1454780 1932
1454790 1932
1454800 1922
1454810 1919
1454820 1920
1454830 1920
1454840 1912
1454850 1911
1454860 1911
1454870 1911
1454880 1905
1454890 1905
1454900 1903
1454910 1889
1454920 1889
1454930 1887
1454940 1889
1454950 1889
1454960 1889
1454970 1887
1454980 1887
1454990 1890
1455000 1894
1455010 1894
1455020 1892
1455030 1886
1455040 1886
1455050 1884
1455060 1878
1455070 1878
1455080 1877
1455090 1875
1455100 1875
1455110 1872
1455120 1871
1455130 1871
1455140 1874
1455150 1873
1455160 1872
1455170 1872
1455180 1873
1455190 1872
1455200 1872
1455210 1869
1455220 1864
1455230 1864
1455240 1865
1455250 1864
1455260 1864
1455270 1861
1455280 1862
1455290 1862
1455300 1860
1455310 1856
1455320 1856
1455330 1857
1455340 1860
1455350 1860
1455360 1862
1455370 1863
1455380 1863
1455390 1861
1455400 1859
1455410 1859
1455420 1859
1455430 1860
1455440 1860
1455450 1859
1455460 1864
1455470 1864
1455480 1866
1455490 1869
1455500 1869
1455510 1869
1455520 1868
1455530 1866
1455540 1866
1455550 1865
1455560 1863
1455570 1863
1455580 1857
1455590 1849
1455600 1849
1455610 1847
1455620 1849
1455630 1849
1455640 1848
1455650 1849
1455660 1849
1455670 1845
1455680 1844
1455690 1844
1455700 1845
1455710 1844
1455720 1844
1455730 1840
1455740 1840
1455750 1840
1455760 1840
1455770 1841
1455780 1841
1455790 1836
1455800 1836
1455810 1836
1455820 1833
1455830 1829
1455840 1829
1455850 1824
1455860 1818
1455870 1818
1455880 1818
1455890 1809
1455900 1795
1455910 1795
1455920 1786
1455930 1783
1455940 1780
1455950 1779
1455960 1781
1455970 1781
1455980 1783
1455990 1785
1456000 1785
1456010 1780
1456020 1778
1456030 1778
1456040 1781
1456050 1783
1456060 1783
1456070 1784
1456080 1785
1456090 1785
1456100 1785
1456110 1787
1456120 1787
1456130 1788
1456140 1784
1456150 1784
1456160 1781
1456170 1782
1456180 1782
1456190 1783
1456200 1782
1456210 1782
1456220 1778
1456230 1776
1456240 1776
1456250 1776
1456260 1775
1456270 1773
1456280 1773
1456290 1777
1456300 1775
1456310 1775
1456320 1777
1456330 1777
1456340 1777
1456350 1778
1456360 1780
1456370 1780
1456380 1777
1456390 1776
1456400 1776
1456410 1770
1456420 1767
1456430 1767
1456440 1768
1456450 1765
1456460 1765
1456470 1752
1456480 1748
1456490 1748
1456500 1749
1456510 1748
1456520 1748
1456530 1750
1456540 1753
1456550 1753
1456560 1754
1456570 1747
1456580 1744
1456590 1744
1456600 1747
1456610 1747
1456620 1747
1456630 1739
1456640 1735
1456650 1735
1456660 1735
1456670 1743
1456680 1743
1456690 1743
1456700 1742
1456710 1742
1456720 1741
1456730 1740
1456740 1740
1456750 1746
1456760 1750
1456770 1750
1456780 1754
1456790 1757
1456800 1757
1456810 1759
1456820 1763
1456830 1763
1456840 1769
1456850 1772
1456860 1772
1456870 1776
1456880 1780
1456890 1780
1456900 1785
1456910 1788
1456920 1791
1456930 1791
1456940 1791
1456950 1791
1456960 1791
1456970 1794
1456980 1796
1456990 1796
1457000 1795
1457010 1788
1457020 1788
1457030 1780
1457040 1780
1457050 1780
1457060 1784
1457070 1783
1457080 1783
1457090 1778
1457100 1774
1457110 1774
1457120 1767
1457130 1769
1457140 1769
1457150 1771
1457160 1768
1457170 1768
1457180 1766
1457190 1769
1457200 1769
1457210 1771
1457220 1771
1457230 1771
1457240 1775
1457250 1778
1457260 1778
1457270 1778
1457280 1781
1457290 1782
1457300 1782
1457310 1783
1457320 1784
1457330 1784
1457340 1782
1457350 1785
1457360 1785
1457370 1787
1457380 1791
1457390 1791
1457400 1794
1457410 1797
1457420 1797
1457430 1800
1457440 1801
1457450 1801
1457460 1806
1457470 1809
1457480 1809
1457490 1810
1457500 1803
1457510 1803
1457520 1802
1457530 1803
1457540 1803
1457550 1799
1457560 1801
1457570 1801
1457580 1804
1457590 1805
1457600 1805
1457610 1808
1457620 1810
1457630 1804
1457640 1804
1457650 1799
1457660 1803
1457670 1803
1457680 1807
1457690 1805
1457700 1805
1457710 1798
1457720 1795
1457730 1795
1457740 1789
1457750 1789
1457760 1789
1457770 1784
1457780 1784
1457790 1784
1457800 1780
1457810 1790
1457820 1790
1457830 1796
1457840 1788
1457850 1788
1457860 1789
1457870 1792
1457880 1792
1457890 1795
1457900 1795
1457910 1795
1457920 1788
1457930 1777
1457940 1777
1457950 1779
1457960 1782
1457970 1782
1457980 1784
1457990 1781
1458000 1778
1458010 1778
1458020 1779
1458030 1782
1458040 1782
1458050 1782
1458060 1784
1458070 1784
1458080 1788
1458090 1791
1458100 1791
1458110 1793
1458120 1791
1458130 1791
1458140 1790
1458150 1790
1458160 1790
1458170 1784
1458180 1778
1458190 1778
1458200 1777
1458210 1778
1458220 1778
1458230 1780
1458240 1782
1458250 1782
1458260 1784
1458270 1784
1458280 1784
1458290 1785
1458300 1788
1458310 1788
1458320 1793
1458330 1798
1458340 1800
1458350 1800
1458360 1803
1458370 1807
1458380 1807
1458390 1810
1458400 1811
1458410 1811
1458420 1810
1458430 1809
1458440 1809
1458450 1811
1458460 1808
1458470 1808
1458480 1807
1458490 1807
1458500 1807
1458510 1808
1458520 1809
1458530 1809
1458540 1806
1458550 1799
1458560 1799
1458570 1800
1458580 1797
1458590 1797
1458600 1795
1458610 1792
1458620 1792
1458630 1788
1458640 1786
1458650 1786
1458660 1787
1458670 1784
1458680 1784
1458690 1787
1458700 1784
1458710 1784
1458720 1784
1458730 1775
1458740 1769
1458750 1769
1458760 1757
1458770 1749
1458780 1749
1458790 1751
1458800 1754
1458810 1754
1458820 1756
1458830 1752
1458840 1752
1458850 1741
1458860 1732
1458870 1732
1458880 1733
1458890 1735
1458900 1735
1458910 1737
1458920 1737
1458930 1737
1458940 1735
1458950 1734
1458960 1734
1458970 1730
1458980 1728
1458990 1728
1459000 1729
1459010 1725
1459020 1725
1459030 1720
1459040 1713
1459050 1706
1459060 1706
1459070 1704
1459080 1708
1459090 1708
1459100 1710
1459110 1705
1459120 1705
1459130 1696
1459140 1688
1459150 1688
1459160 1690
1459170 1690
1459180 1690
1459190 1689
1459200 1687
1459210 1687
1459220 1686
1459230 1681
1459240 1681
1459250 1675
1459260 1662
1459270 1662
1459280 1653
1459290 1645
1459300 1645
1459310 1640
1459320 1638
1459330 1638
1459340 1636
1459350 1637
1459360 1637
1459370 1640
1459380 1640
1459390 1636
1459400 1636
1459410 1636
1459420 1632
1459430 1632
1459440 1625
1459450 1614
1459460 1614
1459470 1610
1459480 1614
1459490 1614
1459500 1617
1459510 1614
1459520 1614
1459530 1608
1459540 1600
1459550 1600
1459560 1592
1459570 1592
1459580 1592
1459590 1589
1459600 1585
1459610 1585
1459620 1584
1459630 1583
1459640 1583
1459650 1580
1459660 1580
1459670 1580
1459680 1581
1459690 1581
1459700 1581
1459710 1575
1459720 1572
1459730 1572
1459740 1571
1459750 1570
1459760 1566
1459770 1566
1459780 1562
1459790 1565
1459800 1565
1459810 1562
1459820 1562
1459830 1562
1459840 1564
1459850 1562
1459860 1562
1459870 1556
1459880 1556
1459890 1556
1459900 1559
1459910 1562
1459920 1562
1459930 1564
1459940 1558
1459950 1558
1459960 1550
1459970 1552
1459980 1552
1459990 1552
