1450990 1909
1451000 1909
1451010 1913
1451020 1920
1451030 1920
1451040 1926
1451050 1932
1451060 1932
1451070 1938
1451080 1944
1451090 1944
1451100 1950
1451110 1957
1451120 1957
1451130 1966
1451140 1974
1451150 1981
1451160 1981
1451170 1990
1451180 2009
1451190 2009
1451200 2030
1451210 2047
1451220 2047
1451230 2059
1451240 2064
1451250 2064
1451260 2068
1451270 2072
1451280 2072
1451290 2076
1451300 2078
1451310 2078
1451320 2080
1451330 2079
1451340 2079
1451350 2078
1451360 2077
1451370 2077
1451380 2075
1451390 2073
1451400 2073
1451410 2071
1451420 2070
1451430 2070
1451440 2068
1451450 2067
1451460 2067
1451470 2065
1451480 2065
1451490 2065
1451500 2064
1451510 2063
1451520 2062
1451530 2062
1451540 2061
1451550 2060
1451560 2060
1451570 2059
1451580 2057
1451590 2057
1451600 2056
1451610 2054
1451620 2054
1451630 2051
1451640 2049
1451650 2049
1451660 2048
1451670 2045
1451680 2045
1451690 2040
1451700 2035
1451710 2035
1451720 2029
1451730 2024
1451740 2024
1451750 2019
1451760 2015
1451770 2015
1451780 2008
1451790 2002
1451800 2002
1451810 1996
1451820 1991
1451830 1991
1451840 1985
1451850 1980
1451860 1976
1451870 1976
1451880 1971
1451890 1967
1451900 1967
1451910 1964
1451920 1961
1451930 1961
1451940 1960
1451950 1961
1451960 1961
1451970 1960
1451980 1958
1451990 1958
1452000 1953
1452010 1948
1452020 1948
1452030 1942
1452040 1939
1452050 1939
1452060 1940
1452070 1941
1452080 1941
1452090 1939
1452100 1938
1452110 1938
1452120 1937
1452130 1934
1452140 1934
1452150 1931
1452160 1925
1452170 1925
1452180 1920
1452190 1920
1452200 1920
1452210 1919
1452220 1914
1452230 1910
1452240 1910
1452250 1909
1452260 1909
1452270 1909
1452280 1911
1452290 1915
1452300 1915
1452310 1923
1452320 1924
1452330 1924
1452340 1924
1452350 1923
1452360 1923
1452370 1922
1452380 1923
1452390 1923
1452400 1919
1452410 1916
1452420 1916
1452430 1915
1452440 1915
1452450 1915
1452460 1914
1452470 1917
1452480 1917
1452490 1920
1452500 1923
1452510 1923
1452520 1925
1452530 1926
1452540 1926
1452550 1929
1452560 1933
1452570 1935
1452580 1935
1452590 1930
1452600 1926
1452610 1926
1452620 1922
1452630 1915
1452640 1915
1452650 1909
1452660 1897
1452670 1897
1452680 1897
1452690 1904
1452700 1904
1452710 1905
1452720 1906
1452730 1906
1452740 1912
1452750 1914
1452760 1914
1452770 1912
1452780 1914
1452790 1914
1452800 1915
1452810 1912
1452820 1912
1452830 1913
1452840 1914
1452850 1914
1452860 1914
1452870 1918
1452880 1918
1452890 1920
1452900 1924
1452910 1931
1452920 1931
1452930 1933
1452940 1930
1452950 1930
1452960 1928
1452970 1922
1452980 1922
1452990 1919
1453000 1914
1453010 1914
1453020 1913
1453030 1916
1453040 1916
1453050 1915
1453060 1913
1453070 1913
1453080 1914
1453090 1916
1453100 1916
1453110 1909
1453120 1907
1453130 1907
1453140 1911
1453150 1911
1453160 1911
1453170 1906
1453180 1907
1453190 1907
1453200 1903
1453210 1902
1453220 1902
1453230 1908
1453240 1908
1453250 1908
1453260 1900
1453270 1898
1453280 1894
1453290 1894
1453300 1890
1453310 1882
1453320 1882
1453330 1877
1453340 1873
1453350 1873
1453360 1870
1453370 1868
1453380 1868
1453390 1863
1453400 1863
1453410 1863
1453420 1863
1453430 1858
1453440 1858
1453450 1853
1453460 1853
1453470 1853
1453480 1851
1453490 1849
1453500 1849
1453510 1847
1453520 1846
1453530 1846
1453540 1847
1453550 1849
1453560 1849
1453570 1852
1453580 1852
1453590 1852
1453600 1853
1453610 1854
1453620 1856
1453630 1856
1453640 1854
1453650 1849
1453660 1849
1453670 1852
1453680 1854
1453690 1854
1453700 1856
1453710 1855
1453720 1855
1453730 1859
1453740 1862
1453750 1862
1453760 1865
1453770 1867
1453780 1867
1453790 1871
1453800 1870
1453810 1870
1453820 1874
1453830 1880
1453840 1880
1453850 1882
1453860 1883
1453870 1883
1453880 1888
1453890 1887
1453900 1887
1453910 1887
1453920 1882
1453930 1882
1453940 1874
1453950 1876
1453960 1876
1453970 1878
1453980 1878
1453990 1875
1454000 1875
1454010 1872
1454020 1870
1454030 1870
1454040 1876
1454050 1876
1454060 1876
1454070 1874
1454080 1873
1454090 1873
1454100 1869
1454110 1869
1454120 1869
1454130 1872
1454140 1873
1454150 1873
1454160 1874
1454170 1872
1454180 1872
1454190 1867
1454200 1860
1454210 1860
1454220 1858
1454230 1861
1454240 1861
1454250 1872
1454260 1878
1454270 1878
1454280 1879
1454290 1875
1454300 1875
1454310 1875
1454320 1875
1454330 1872
1454340 1872
1454350 1871
1454360 1870
1454370 1870
1454380 1868
1454390 1868
1454400 1868
1454410 1870
1454420 1868
1454430 1868
1454440 1869
1454450 1873
1454460 1873
1454470 1880
1454480 1884
1454490 1884
1454500 1886
1454510 1890
1454520 1890
1454530 1893
1454540 1896
1454550 1896
1454560 1899
1454570 1902
1454580 1902
1454590 1906
1454600 1908
1454610 1908
1454620 1910
1454630 1912
1454640 1912
1454650 1915
1454660 1920
1454670 1920
1454680 1921
1454690 1923
1454700 1922
1454710 1922
1454720 1915
1454730 1911
1454740 1911
1454750 1909
1454760 1902
1454770 1902
1454780 1897
1454790 1887
1454800 1887
1454810 1880
1454820 1876
1454830 1876
1454840 1876
1454850 1875
1454860 1875
1454870 1870
1454880 1865
1454890 1865
1454900 1859
1454910 1857
1454920 1857
1454930 1858
1454940 1860
1454950 1860
1454960 1863
1454970 1862
1454980 1862
1454990 1862
1455000 1863
1455010 1863
1455020 1865
1455030 1860
1455040 1852
1455050 1852
1455060 1849
1455070 1847
1455080 1847
1455090 1845
1455100 1842
1455110 1842
1455120 1841
1455130 1842
1455140 1842
1455150 1846
1455160 1848
1455170 1848
1455180 1850
1455190 1850
1455200 1850
1455210 1848
1455220 1847
1455230 1847
1455240 1848
1455250 1851
1455260 1851
1455270 1853
1455280 1853
1455290 1853
1455300 1849
1455310 1847
1455320 1847
1455330 1842
1455340 1841
1455350 1841
1455360 1846
1455370 1848
1455380 1848
1455390 1845
1455400 1841
1455410 1841
1455420 1841
1455430 1844
1455440 1848
1455450 1848
1455460 1855
1455470 1857
1455480 1857
1455490 1860
1455500 1862
1455510 1862
1455520 1863
1455530 1865
1455540 1865
1455550 1867
1455560 1871
1455570 1871
1455580 1871
1455590 1872
1455600 1872
1455610 1874
1455620 1876
1455630 1876
1455640 1877
1455650 1875
1455660 1875
1455670 1873
1455680 1872
1455690 1872
1455700 1871
1455710 1872
1455720 1872
1455730 1871
1455740 1865
1455750 1863
1455760 1863
1455770 1860
1455780 1857
1455790 1857
1455800 1857
1455810 1855
1455820 1855
1455830 1859
1455840 1867
1455850 1867
1455860 1870
1455870 1872
1455880 1872
1455890 1873
1455900 1873
1455910 1873
1455920 1872
1455930 1875
1455940 1875
1455950 1878
1455960 1879
1455970 1879
1455980 1876
1455990 1875
1456000 1875
1456010 1872
1456020 1865
1456030 1865
1456040 1857
1456050 1852
1456060 1852
1456070 1847
1456080 1845
1456090 1845
1456100 1839
1456110 1831
1456120 1822
1456130 1822
1456140 1815
1456150 1811
1456160 1811
1456170 1804
1456180 1804
1456190 1804
1456200 1797
1456210 1793
1456220 1793
1456230 1794
1456240 1793
1456250 1793
1456260 1794
1456270 1797
1456280 1797
1456290 1794
1456300 1791
1456310 1791
1456320 1785
1456330 1782
1456340 1782
1456350 1784
1456360 1790
1456370 1790
1456380 1789
1456390 1786
1456400 1786
1456410 1781
1456420 1780
1456430 1780
1456440 1781
1456450 1782
1456460 1781
1456470 1781
1456480 1780
1456490 1779
1456500 1779
1456510 1776
1456520 1777
1456530 1777
1456540 1776
1456550 1775
1456560 1775
1456570 1774
1456580 1775
1456590 1775
1456600 1769
1456610 1760
1456620 1760
1456630 1755
1456640 1749
1456650 1749
1456660 1738
1456670 1729
1456680 1729
1456690 1723
1456700 1719
1456710 1719
1456720 1719
1456730 1718
1456740 1718
1456750 1715
1456760 1712
1456770 1712
1456780 1703
1456790 1695
1456800 1695
1456810 1685
1456820 1677
1456830 1673
1456840 1673
1456850 1672
1456860 1668
1456870 1668
1456880 1670
1456890 1673
1456900 1673
1456910 1674
1456920 1672
1456930 1672
1456940 1671
1456950 1670
1456960 1670
1456970 1669
1456980 1665
1456990 1665
1457000 1659
1457010 1652
1457020 1652
1457030 1650
1457040 1651
1457050 1651
1457060 1647
1457070 1648
1457080 1648
1457090 1651
1457100 1652
1457110 1652
1457120 1653
1457130 1652
1457140 1652
1457150 1653
1457160 1653
1457170 1652
1457180 1652
1457190 1652
1457200 1656
1457210 1656
1457220 1662
1457230 1665
1457240 1665
1457250 1669
1457260 1672
1457270 1672
1457280 1673
1457290 1676
1457300 1676
1457310 1682
1457320 1681
1457330 1681
1457340 1685
1457350 1687
1457360 1687
1457370 1690
1457380 1691
1457390 1691
1457400 1694
1457410 1697
1457420 1697
1457430 1697
1457440 1695
1457450 1695
1457460 1697
1457470 1697
1457480 1697
1457490 1698
1457500 1697
1457510 1697
1457520 1698
1457530 1692
1457540 1681
1457550 1681
1457560 1671
1457570 1670
1457580 1670
1457590 1667
1457600 1669
1457610 1669
1457620 1669
1457630 1669
1457640 1669
1457650 1672
1457660 1675
1457670 1675
1457680 1679
1457690 1683
1457700 1683
1457710 1686
1457720 1686
1457730 1686
1457740 1686
1457750 1687
1457760 1687
1457770 1685
1457780 1682
1457790 1682
1457800 1678
1457810 1677
1457820 1677
1457830 1680
1457840 1678
1457850 1678
1457860 1672
1457870 1664
1457880 1657
1457890 1657
1457900 1658
1457910 1659
1457920 1659
1457930 1660
1457940 1658
1457950 1658
1457960 1658
1457970 1660
1457980 1660
1457990 1661
1458000 1661
1458010 1661
1458020 1662
1458030 1664
1458040 1664
1458050 1667
1458060 1669
1458070 1669
1458080 1670
1458090 1669
1458100 1669
1458110 1671
1458120 1671
1458130 1671
1458140 1669
1458150 1670
1458160 1670
1458170 1670
1458180 1671
1458190 1671
1458200 1675
1458210 1680
1458220 1680
1458230 1686
1458240 1689
1458250 1691
1458260 1691
1458270 1697
1458280 1703
1458290 1703
1458300 1711
1458310 1716
1458320 1716
1458330 1723
1458340 1730
1458350 1730
1458360 1738
1458370 1743
1458380 1743
1458390 1742
1458400 1746
1458410 1746
1458420 1747
1458430 1749
1458440 1749
1458450 1753
1458460 1758
1458470 1758
1458480 1762
1458490 1765
1458500 1765
1458510 1768
1458520 1770
1458530 1770
1458540 1772
1458550 1774
1458560 1774
1458570 1775
1458580 1775
1458590 1776
1458600 1776
1458610 1775
1458620 1774
1458630 1774
1458640 1773
1458650 1772
1458660 1772
1458670 1770
1458680 1768
1458690 1768
1458700 1766
1458710 1761
1458720 1761
1458730 1752
1458740 1731
1458750 1731
1458760 1687
1458770 1667
1458780 1667
1458790 1662
1458800 1658
1458810 1658
1458820 1654
1458830 1654
1458840 1654
1458850 1655
1458860 1657
1458870 1657
1458880 1658
1458890 1658
1458900 1658
1458910 1659
1458920 1661
1458930 1661
1458940 1659
1458950 1657
1458960 1656
1458970 1656
1458980 1647
1458990 1640
1459000 1640
1459010 1634
1459020 1625
1459030 1625
1459040 1621
1459050 1620
1459060 1620
1459070 1616
1459080 1615
1459090 1615
1459100 1612
1459110 1609
1459120 1609
1459130 1606
1459140 1604
1459150 1604
1459160 1603
1459170 1603
1459180 1603
1459190 1600
1459200 1592
1459210 1592
1459220 1589
1459230 1593
1459240 1593
1459250 1590
1459260 1590
1459270 1590
1459280 1589
1459290 1588
1459300 1586
1459310 1586
1459320 1584
1459330 1588
1459340 1588
1459350 1590
1459360 1592
1459370 1592
1459380 1589
1459390 1590
1459400 1590
1459410 1591
1459420 1585
1459430 1585
1459440 1586
1459450 1586
1459460 1586
1459470 1586
1459480 1585
1459490 1585
1459500 1588
1459510 1587
1459520 1587
1459530 1584
1459540 1582
1459550 1582
1459560 1581
1459570 1576
1459580 1576
1459590 1567
1459600 1562
1459610 1562
1459620 1558
1459630 1551
1459640 1551
1459650 1549
1459660 1546
1459670 1547
1459680 1547
1459690 1547
1459700 1539
1459710 1539
1459720 1536
1459730 1534
1459740 1534
1459750 1533
1459760 1532
1459770 1532
1459780 1532
1459790 1535
1459800 1535
1459810 1536
1459820 1537
1459830 1537
1459840 1535
1459850 1536
1459860 1536
1459870 1535
1459880 1528
1459890 1528
1459900 1527
1459910 1525
1459920 1525
1459930 1520
1459940 1517
1459950 1517
1459960 1512
1459970 1509
1459980 1509
1459990 1503
