1451900 2077
1451910 2077
1451920 2081
1451930 2084
1451940 2084
1451950 2085
1451960 2086
1451970 2086
1451980 2087
1451990 2093
1452000 2093
1452010 2095
1452020 2097
1452030 2097
1452040 2099
1452050 2101
1452060 2101
1452070 2105
1452080 2108
1452090 2110
1452100 2110
1452110 2111
1452120 2112
1452130 2112
1452140 2113
1452150 2114
1452160 2114
1452170 2114
1452180 2113
1452190 2113
1452200 2111
1452210 2110
1452220 2110
1452230 2109
1452240 2111
1452250 2111
1452260 2109
1452270 2109
1452280 2109
1452290 2108
1452300 2109
1452310 2109
1452320 2108
1452330 2110
1452340 2110
1452350 2110
1452360 2107
1452370 2107
1452380 2109
1452390 2110
1452400 2110
1452410 2109
1452420 2107
1452430 2107
1452440 2104
1452450 2103
1452460 2106
1452470 2106
1452480 2109
1452490 2112
1452500 2112
1452510 2115
1452520 2118
1452530 2118
1452540 2121
1452550 2124
1452560 2124
1452570 2127
1452580 2128
1452590 2128
1452600 2125
1452610 2125
1452620 2125
1452630 2117
1452640 2103
1452650 2103
1452660 2090
1452670 2083
1452680 2083
1452690 2081
1452700 2079
1452710 2079
1452720 2072
1452730 2066
1452740 2066
1452750 2060
1452760 2050
1452770 2050
1452780 2039
1452790 2026
1452800 2026
1452810 2023
1452820 2013
1452830 2004
1452840 2004
1452850 1998
1452860 1985
1452870 1985
1452880 1975
1452890 1968
1452900 1968
1452910 1962
1452920 1957
1452930 1957
1452940 1952
1452950 1947
1452960 1947
1452970 1944
1452980 1942
1452990 1942
1453000 1939
1453010 1934
1453020 1934
1453030 1930
1453040 1927
1453050 1927
1453060 1925
1453070 1923
1453080 1923
1453090 1920
1453100 1917
1453110 1917
1453120 1914
1453130 1911
1453140 1911
1453150 1908
1453160 1905
1453170 1904
1453180 1904
1453190 1902
1453200 1899
1453210 1899
1453220 1896
1453230 1894
1453240 1894
1453250 1892
1453260 1891
1453270 1891
1453280 1889
1453290 1886
1453300 1886
1453310 1882
1453320 1879
1453330 1879
1453340 1879
1453350 1877
1453360 1877
1453370 1875
1453380 1874
1453390 1874
1453400 1874
1453410 1874
1453420 1874
1453430 1872
1453440 1869
1453450 1869
1453460 1867
1453470 1865
1453480 1865
1453490 1865
1453500 1866
1453510 1866
1453520 1864
1453530 1862
1453540 1857
1453550 1857
1453560 1855
1453570 1854
1453580 1854
1453590 1853
1453600 1852
1453610 1852
1453620 1849
1453630 1847
1453640 1847
1453650 1846
1453660 1846
1453670 1846
1453680 1846
1453690 1845
1453700 1845
1453710 1844
1453720 1843
1453730 1843
1453740 1844
1453750 1843
1453760 1843
1453770 1843
1453780 1845
1453790 1845
1453800 1847
1453810 1848
1453820 1848
1453830 1848
1453840 1849
1453850 1849
1453860 1851
1453870 1851
1453880 1851
1453890 1854
1453900 1859
1453910 1861
1453920 1861
1453930 1868
1453940 1875
1453950 1875
1453960 1879
1453970 1885
1453980 1885
1453990 1886
1454000 1885
1454010 1885
1454020 1890
1454030 1885
1454040 1885
1454050 1880
1454060 1875
1454070 1875
1454080 1871
1454090 1868
1454100 1868
1454110 1866
1454120 1859
1454130 1859
1454140 1852
1454150 1849
1454160 1849
1454170 1848
1454180 1847
1454190 1847
1454200 1846
1454210 1844
1454220 1844
1454230 1841
1454240 1838
1454250 1835
1454260 1835
1454270 1830
1454280 1826
1454290 1826
1454300 1822
1454310 1822
1454320 1822
1454330 1818
1454340 1816
1454350 1816
1454360 1816
1454370 1814
1454380 1814
1454390 1813
1454400 1814
1454410 1814
1454420 1817
1454430 1817
1454440 1817
1454450 1818
1454460 1817
1454470 1817
1454480 1816
1454490 1815
1454500 1815
1454510 1813
1454520 1815
1454530 1815
1454540 1817
1454550 1818
1454560 1818
1454570 1816
1454580 1816
1454590 1816
1454600 1816
1454610 1816
1454620 1817
1454630 1817
1454640 1818
1454650 1819
1454660 1819
1454670 1820
1454680 1821
1454690 1821
1454700 1819
1454710 1819
1454720 1819
1454730 1817
1454740 1814
1454750 1814
1454760 1811
1454770 1811
1454780 1811
1454790 1816
1454800 1814
1454810 1814
1454820 1807
1454830 1810
1454840 1810
1454850 1807
1454860 1804
1454870 1804
1454880 1800
1454890 1795
1454900 1795
1454910 1792
1454920 1789
1454930 1789
1454940 1789
1454950 1784
1454960 1784
1454970 1777
1454980 1768
1454990 1752
1455000 1752
1455010 1733
1455020 1711
1455030 1711
1455040 1709
1455050 1707
1455060 1707
1455070 1708
1455080 1706
1455090 1706
1455100 1703
1455110 1699
1455120 1699
1455130 1696
1455140 1693
1455150 1693
1455160 1691
1455170 1692
1455180 1692
1455190 1692
1455200 1691
1455210 1691
1455220 1691
1455230 1693
1455240 1693
1455250 1692
1455260 1693
1455270 1693
1455280 1687
1455290 1679
1455300 1679
1455310 1671
1455320 1666
1455330 1659
1455340 1659
1455350 1657
1455360 1664
1455370 1664
1455380 1663
1455390 1661
1455400 1661
1455410 1652
1455420 1644
1455430 1644
1455440 1641
1455450 1636
1455460 1636
1455470 1632
1455480 1615
1455490 1615
1455500 1614
1455510 1612
1455520 1612
1455530 1609
1455540 1609
1455550 1609
1455560 1609
1455570 1608
1455580 1608
1455590 1606
1455600 1605
1455610 1605
1455620 1604
1455630 1601
1455640 1601
1455650 1596
1455660 1590
1455670 1590
1455680 1580
1455690 1574
1455700 1568
1455710 1568
1455720 1565
1455730 1563
1455740 1563
1455750 1563
1455760 1564
1455770 1564
1455780 1565
1455790 1566
1455800 1566
1455810 1566
1455820 1563
1455830 1563
1455840 1560
1455850 1556
1455860 1556
1455870 1553
1455880 1550
1455890 1550
1455900 1548
1455910 1547
1455920 1547
1455930 1545
1455940 1542
1455950 1542
1455960 1540
1455970 1537
1455980 1537
1455990 1536
1456000 1535
1456010 1535
1456020 1534
1456030 1532
1456040 1532
1456050 1530
1456060 1528
1456070 1528
1456080 1528
1456090 1528
1456100 1527
1456110 1527
1456120 1529
1456130 1530
1456140 1530
1456150 1532
1456160 1535
1456170 1535
1456180 1537
1456190 1534
1456200 1534
1456210 1529
1456220 1531
1456230 1531
1456240 1527
1456250 1522
1456260 1522
1456270 1521
1456280 1522
1456290 1522
1456300 1526
1456310 1533
1456320 1533
1456330 1533
1456340 1533
1456350 1533
1456360 1536
1456370 1541
1456380 1541
1456390 1543
1456400 1546
1456410 1550
1456420 1550
1456430 1555
1456440 1557
1456450 1557
1456460 1561
1456470 1564
1456480 1564
1456490 1566
1456500 1568
1456510 1568
1456520 1569
1456530 1568
1456540 1568
1456550 1568
1456560 1567
1456570 1567
1456580 1565
1456590 1557
1456600 1557
1456610 1556
1456620 1555
1456630 1555
1456640 1555
1456650 1556
1456660 1556
1456670 1557
1456680 1557
1456690 1557
1456700 1558
1456710 1560
1456720 1560
1456730 1561
1456740 1561
1456750 1561
1456760 1563
1456770 1564
1456780 1564
1456790 1564
1456800 1564
1456810 1564
1456820 1564
1456830 1563
1456840 1561
1456850 1561
1456860 1557
1456870 1552
1456880 1552
1456890 1548
1456900 1543
1456910 1543
1456920 1538
1456930 1534
1456940 1534
1456950 1530
1456960 1529
1456970 1529
1456980 1529
1456990 1531
1457000 1531
1457010 1528
1457020 1527
1457030 1527
1457040 1527
1457050 1527
1457060 1527
1457070 1525
1457080 1524
1457090 1524
1457100 1522
1457110 1521
1457120 1518
1457130 1518
1457140 1514
1457150 1511
1457160 1511
1457170 1508
1457180 1506
1457190 1506
1457200 1503
1457210 1503
1457220 1503
1457230 1503
1457240 1504
1457250 1504
1457260 1507
1457270 1509
1457280 1509
1457290 1511
1457300 1514
1457310 1514
1457320 1519
1457330 1523
1457340 1523
1457350 1523
1457360 1523
1457370 1523
1457380 1532
1457390 1548
1457400 1548
1457410 1552
1457420 1555
1457430 1555
1457440 1559
1457450 1564
1457460 1564
1457470 1573
1457480 1579
1457490 1583
1457500 1583
1457510 1590
1457520 1595
1457530 1595
1457540 1598
1457550 1600
1457560 1600
1457570 1600
1457580 1599
1457590 1599
1457600 1599
1457610 1599
1457620 1599
1457630 1600
1457640 1597
1457650 1597
1457660 1594
1457670 1589
1457680 1589
1457690 1584
1457700 1580
1457710 1580
1457720 1576
1457730 1573
1457740 1573
1457750 1571
1457760 1570
1457770 1570
1457780 1568
1457790 1567
1457800 1567
1457810 1564
1457820 1561
1457830 1561
1457840 1559
1457850 1557
1457860 1558
1457870 1558
1457880 1559
1457890 1559
1457900 1559
1457910 1557
1457920 1555
1457930 1555
1457940 1553
1457950 1552
1457960 1552
1457970 1551
1457980 1549
1457990 1549
1458000 1545
1458010 1542
1458020 1542
1458030 1536
1458040 1527
1458050 1527
1458060 1514
1458070 1510
1458080 1510
1458090 1500
1458100 1489
1458110 1489
1458120 1478
1458130 1462
1458140 1462
1458150 1454
1458160 1448
1458170 1448
1458180 1440
1458190 1431
1458200 1421
1458210 1421
1458220 1412
1458230 1405
1458240 1405
1458250 1398
1458260 1395
1458270 1395
1458280 1393
1458290 1384
1458300 1384
1458310 1370
1458320 1356
1458330 1356
1458340 1344
1458350 1331
1458360 1331
1458370 1323
1458380 1316
1458390 1316
1458400 1304
1458410 1293
1458420 1293
1458430 1284
1458440 1264
1458450 1264
1458460 1249
1458470 1244
1458480 1244
1458490 1238
1458500 1231
1458510 1231
1458520 1218
1458530 1202
1458540 1202
1458550 1188
1458560 1181
1458570 1173
1458580 1173
1458590 1163
1458600 1158
1458610 1158
1458620 1154
1458630 1151
1458640 1151
1458650 1148
1458660 1145
1458670 1145
1458680 1141
1458690 1137
1458700 1137
1458710 1133
1458720 1130
1458730 1130
1458740 1126
1458750 1122
1458760 1122
1458770 1119
1458780 1117
1458790 1117
1458800 1113
1458810 1110
1458820 1110
1458830 1107
1458840 1104
1458850 1104
1458860 1103
1458870 1102
1458880 1102
1458890 1102
1458900 1102
1458910 1102
1458920 1103
1458930 1104
1458940 1106
1458950 1106
1458960 1108
1458970 1111
1458980 1111
1458990 1116
1459000 1123
1459010 1123
1459020 1129
1459030 1138
1459040 1138
1459050 1160
1459060 1184
1459070 1184
1459080 1201
1459090 1214
1459100 1214
1459110 1237
1459120 1251
1459130 1251
1459140 1266
1459150 1279
1459160 1279
1459170 1295
1459180 1312
1459190 1312
1459200 1324
1459210 1335
1459220 1335
1459230 1341
1459240 1349
1459250 1349
1459260 1353
1459270 1357
1459280 1360
1459290 1360
1459300 1368
1459310 1375
1459320 1375
1459330 1381
1459340 1384
1459350 1384
1459360 1387
1459370 1388
1459380 1388
1459390 1387
1459400 1388
1459410 1388
1459420 1389
1459430 1389
1459440 1389
1459450 1388
1459460 1392
1459470 1392
1459480 1397
1459490 1407
1459500 1407
1459510 1413
1459520 1419
1459530 1419
1459540 1417
1459550 1414
1459560 1414
1459570 1414
1459580 1416
1459590 1416
1459600 1423
1459610 1429
1459620 1429
1459630 1445
1459640 1470
1459650 1479
1459660 1479
1459670 1486
1459680 1487
1459690 1487
1459700 1488
1459710 1493
1459720 1493
1459730 1491
1459740 1489
1459750 1489
1459760 1491
1459770 1498
1459780 1498
1459790 1514
1459800 1518
1459810 1518
1459820 1519
1459830 1521
1459840 1521
1459850 1522
1459860 1520
1459870 1520
1459880 1518
1459890 1517
1459900 1517
1459910 1518
1459920 1519
1459930 1519
1459940 1523
1459950 1528
1459960 1528
1459970 1531
1459980 1533
1459990 1533
