1453010 2191
1453020 2196
1453030 2196
1453040 2203
1453050 2197
1453060 2197
1453070 2192
1453080 2195
1453090 2195
1453100 2199
1453110 2203
1453120 2203
1453130 2207
1453140 2210
1453150 2210
1453160 2213
1453170 2217
1453180 2221
1453190 2221
1453200 2224
1453210 2227
1453220 2227
1453230 2231
1453240 2234
1453250 2234
1453260 2236
1453270 2238
1453280 2238
1453290 2239
1453300 2239
1453310 2239
1453320 2237
1453330 2233
1453340 2233
1453350 2232
1453360 2232
1453370 2232
1453380 2234
1453390 2234
1453400 2234
1453410 2234
1453420 2234
1453430 2234
1453440 2232
1453450 2226
1453460 2226
1453470 2219
1453480 2217
1453490 2217
1453500 2216
1453510 2218
1453520 2218
1453530 2220
1453540 2223
1453550 2225
1453560 2225
1453570 2219
1453580 2219
1453590 2219
1453600 2221
1453610 2222
1453620 2222
1453630 2223
1453640 2222
1453650 2222
1453660 2219
1453670 2212
1453680 2212
1453690 2206
1453700 2205
1453710 2205
1453720 2207
1453730 2209
1453740 2209
1453750 2206
1453760 2204
1453770 2204
1453780 2200
1453790 2194
1453800 2194
1453810 2194
1453820 2200
1453830 2200
1453840 2206
1453850 2211
1453860 2211
1453870 2218
1453880 2219
1453890 2224
1453900 2224
1453910 2228
1453920 2229
1453930 2229
1453940 2227
1453950 2231
1453960 2231
1453970 2233
1453980 2236
1453990 2236
1454000 2235
1454010 2234
1454020 2234
1454030 2227
1454040 2214
1454050 2214
1454060 2200
1454070 2190
1454080 2190
1454090 2185
1454100 2180
1454110 2180
1454120 2175
1454130 2172
1454140 2172
1454150 2168
1454160 2161
1454170 2161
1454180 2150
1454190 2142
1454200 2142
1454210 2136
1454220 2131
1454230 2131
1454240 2127
1454250 2125
1454260 2125
1454270 2125
1454280 2123
1454290 2125
1454300 2125
1454310 2128
1454320 2135
1454330 2135
1454340 2139
1454350 2141
1454360 2141
1454370 2142
1454380 2130
1454390 2130
1454400 2113
1454410 2093
1454420 2093
1454430 2081
1454440 2069
1454450 2069
1454460 2051
1454470 2039
1454480 2039
1454490 2030
1454500 2015
1454510 2015
1454520 2001
1454530 1990
1454540 1990
1454550 1978
1454560 1969
1454570 1969
1454580 1953
1454590 1944
1454600 1944
1454610 1934
1454620 1921
1454630 1910
1454640 1910
1454650 1900
1454660 1890
1454670 1890
1454680 1877
1454690 1882
1454700 1882
1454710 1882
1454720 1896
1454730 1896
1454740 1908
1454750 1912
1454760 1912
1454770 1931
1454780 1944
1454790 1944
1454800 1953
1454810 1954
1454820 1954
1454830 1955
1454840 1947
1454850 1947
1454860 1934
1454870 1931
1454880 1931
1454890 1935
1454900 1928
1454910 1928
1454920 1918
1454930 1909
1454940 1909
1454950 1900
1454960 1892
1454970 1892
1454980 1884
1454990 1870
1455000 1861
1455010 1861
1455020 1864
1455030 1869
1455040 1869
1455050 1869
1455060 1854
1455070 1854
1455080 1843
1455090 1830
1455100 1830
1455110 1821
1455120 1815
1455130 1815
1455140 1815
1455150 1816
1455160 1816
1455170 1806
1455180 1795
1455190 1795
1455200 1788
1455210 1777
1455220 1777
1455230 1760
1455240 1758
1455250 1758
1455260 1760
1455270 1751
1455280 1751
1455290 1736
1455300 1725
1455310 1725
1455320 1717
1455330 1708
1455340 1708
1455350 1689
1455360 1676
1455370 1667
1455380 1667
1455390 1661
1455400 1657
1455410 1657
1455420 1653
1455430 1649
1455440 1649
1455450 1646
1455460 1643
1455470 1643
1455480 1640
1455490 1635
1455500 1635
1455510 1630
1455520 1629
1455530 1629
1455540 1616
1455550 1600
1455560 1600
1455570 1593
1455580 1572
1455590 1572
1455600 1550
1455610 1532
1455620 1547
1455630 1546
1455640 1541
1455650 1541
1455660 1533
1455670 1536
1455680 1536
1455690 1536
1455700 1538
1455710 1538
1455720 1538
1455730 1526
1455740 1521
1455750 1521
1455760 1520
1455770 1548
1455780 1548
1455790 1555
1455800 1551
1455810 1551
1455820 1539
1455830 1526
1455840 1526
1455850 1516
1455860 1514
1455870 1514
1455880 1513
1455890 1507
1455900 1507
1455910 1512
1455920 1514
1455930 1514
1455940 1519
1455950 1534
1455960 1534
1455970 1538
1455980 1539
1455990 1539
1456000 1540
1456010 1533
1456020 1533
1456030 1527
1456040 1524
1456050 1524
1456060 1520
1456070 1516
1456080 1516
1456090 1516
1456100 1515
1456110 1512
1456120 1512
1456130 1507
1456140 1509
1456150 1509
1456160 1510
1456170 1511
1456180 1511
1456190 1514
1456200 1516
1456210 1516
1456220 1519
1456230 1519
1456240 1519
1456250 1519
1456260 1527
1456270 1527
1456280 1539
1456290 1539
1456300 1539
1456310 1532
1456320 1519
1456330 1519
1456340 1510
1456350 1503
1456360 1503
1456370 1502
1456380 1501
1456390 1501
1456400 1499
1456410 1498
1456420 1498
1456430 1498
1456440 1499
1456450 1505
1456460 1505
1456470 1523
1456480 1536
1456490 1536
1456500 1547
1456510 1553
1456520 1553
1456530 1553
1456540 1554
1456550 1554
1456560 1554
1456570 1552
1456580 1552
1456590 1546
1456600 1540
1456610 1540
1456620 1538
1456630 1535
1456640 1535
1456650 1529
1456660 1522
1456670 1522
1456680 1514
1456690 1505
1456700 1505
1456710 1491
1456720 1480
1456730 1480
1456740 1470
1456750 1464
1456760 1464
1456770 1457
1456780 1449
1456790 1449
1456800 1443
1456810 1440
1456820 1442
1456830 1442
1456840 1449
1456850 1458
1456860 1458
1456870 1463
1456880 1464
1456890 1464
1456900 1468
1456910 1474
1456920 1474
1456930 1477
1456940 1480
1456950 1480
1456960 1485
1456970 1492
1456980 1492
1456990 1499
1457000 1504
1457010 1504
1457020 1507
1457030 1509
1457040 1509
1457050 1511
1457060 1513
1457070 1513
1457080 1515
1457090 1517
1457100 1517
1457110 1519
1457120 1520
1457130 1520
1457140 1522
1457150 1526
1457160 1526
1457170 1529
1457180 1533
1457190 1536
1457200 1536
1457210 1539
1457220 1543
1457230 1543
1457240 1546
1457250 1549
1457260 1549
1457270 1551
1457280 1552
1457290 1552
1457300 1556
1457310 1561
1457320 1561
1457330 1566
1457340 1569
1457350 1569
1457360 1575
1457370 1584
1457380 1584
1457390 1591
1457400 1599
1457410 1599
1457420 1606
1457430 1614
1457440 1614
1457450 1629
1457460 1646
1457470 1646
1457480 1658
1457490 1664
1457500 1664
1457510 1662
1457520 1663
1457530 1664
1457540 1664
1457550 1658
1457560 1653
1457570 1653
1457580 1646
1457590 1641
1457600 1641
1457610 1637
1457620 1633
1457630 1633
1457640 1625
1457650 1618
1457660 1618
1457670 1612
1457680 1605
1457690 1605
1457700 1596
1457710 1588
1457720 1588
1457730 1581
1457740 1574
1457750 1574
1457760 1568
1457770 1563
1457780 1563
1457790 1557
1457800 1550
1457810 1550
1457820 1543
1457830 1538
1457840 1538
1457850 1534
1457860 1532
1457870 1532
1457880 1532
1457890 1530
1457900 1532
1457910 1532
1457920 1541
1457930 1551
1457940 1551
1457950 1555
1457960 1555
1457970 1555
1457980 1555
1457990 1557
1458000 1557
1458010 1566
1458020 1570
1458030 1570
1458040 1580
1458050 1590
1458060 1590
1458070 1595
1458080 1627
1458090 1627
1458100 1639
1458110 1641
1458120 1641
1458130 1640
1458140 1637
1458150 1637
1458160 1635
1458170 1635
1458180 1635
1458190 1634
1458200 1632
1458210 1632
1458220 1630
1458230 1628
1458240 1628
1458250 1626
1458260 1622
1458270 1621
1458280 1621
1458290 1620
1458300 1618
1458310 1618
1458320 1613
1458330 1605
1458340 1605
1458350 1597
1458360 1586
1458370 1586
1458380 1579
1458390 1572
1458400 1572
1458410 1560
1458420 1546
1458430 1546
1458440 1532
1458450 1524
1458460 1524
1458470 1515
1458480 1506
1458490 1506
1458500 1500
1458510 1492
1458520 1492
1458530 1482
1458540 1471
1458550 1471
1458560 1466
1458570 1463
1458580 1463
1458590 1460
1458600 1457
1458610 1457
1458620 1453
1458630 1447
1458640 1445
1458650 1445
1458660 1442
1458670 1440
1458680 1440
1458690 1437
1458700 1435
1458710 1435
1458720 1434
1458730 1432
1458740 1432
1458750 1429
1458760 1425
1458770 1425
1458780 1423
1458790 1421
1458800 1421
1458810 1419
1458820 1417
1458830 1417
1458840 1413
1458850 1410
1458860 1410
1458870 1408
1458880 1406
1458890 1406
1458900 1400
1458910 1388
1458920 1388
1458930 1371
1458940 1358
1458950 1358
1458960 1332
1458970 1306
1458980 1306
1458990 1283
1459000 1262
1459010 1251
1459020 1251
1459030 1242
1459040 1231
1459050 1231
1459060 1201
1459070 1164
1459080 1164
1459090 1140
1459100 1128
1459110 1128
1459120 1121
1459130 1110
1459140 1110
1459150 1095
1459160 1083
1459170 1083
1459180 1077
1459190 1071
1459200 1071
1459210 1066
1459220 1063
1459230 1063
1459240 1061
1459250 1059
1459260 1059
1459270 1057
1459280 1053
1459290 1053
1459300 1044
1459310 1030
1459320 1030
1459330 993
1459340 972
1459350 967
1459360 967
1459370 965
1459380 964
1459390 964
1459400 961
1459410 957
1459420 957
1459430 951
1459440 947
1459450 947
1459460 945
1459470 938
1459480 938
1459490 931
1459500 925
1459510 925
1459520 927
1459530 958
1459540 958
1459550 976
1459560 982
1459570 982
1459580 989
1459590 993
1459600 993
1459610 990
1459620 989
1459630 989
1459640 987
1459650 985
1459660 985
1459670 982
1459680 978
1459690 978
1459700 973
1459710 968
1459720 965
1459730 965
1459740 961
1459750 955
1459760 955
1459770 943
1459780 919
1459790 919
1459800 869
1459810 846
1459820 846
1459830 834
1459840 825
1459850 825
1459860 812
1459870 803
1459880 803
1459890 792
1459900 787
1459910 787
1459920 783
1459930 779
1459940 779
1459950 774
1459960 770
1459970 770
1459980 765
1459990 761
