1452020 1728
1452030 1728
1452040 1745
1452050 1766
1452060 1766
1452070 1776
1452080 1792
1452090 1792
1452100 1814
1452110 1825
1452120 1825
1452130 1829
1452140 1832
1452150 1832
1452160 1835
1452170 1837
1452180 1837
1452190 1839
1452200 1841
1452210 1841
1452220 1846
1452230 1848
1452240 1848
1452250 1850
1452260 1854
1452270 1854
1452280 1856
1452290 1858
1452300 1858
1452310 1861
1452320 1864
1452330 1864
1452340 1866
1452350 1869
1452360 1870
1452370 1870
1452380 1871
1452390 1871
1452400 1871
1452410 1872
1452420 1869
1452430 1869
1452440 1867
1452450 1864
1452460 1864
1452470 1860
1452480 1857
1452490 1857
1452500 1854
1452510 1849
1452520 1849
1452530 1847
1452540 1845
1452550 1845
1452560 1838
1452570 1826
1452580 1826
1452590 1810
1452600 1796
1452610 1796
1452620 1797
1452630 1805
1452640 1805
1452650 1802
1452660 1797
1452670 1797
1452680 1790
1452690 1785
1452700 1785
1452710 1775
1452720 1765
1452730 1751
1452740 1751
1452750 1735
1452760 1730
1452770 1730
1452780 1728
1452790 1732
1452800 1732
1452810 1721
1452820 1693
1452830 1693
1452840 1689
1452850 1674
1452860 1674
1452870 1652
1452880 1622
1452890 1622
1452900 1580
1452910 1559
1452920 1559
1452930 1549
1452940 1540
1452950 1540
1452960 1533
1452970 1526
1452980 1526
1452990 1521
1453000 1518
1453010 1518
1453020 1517
1453030 1516
1453040 1516
1453050 1517
1453060 1517
1453070 1517
1453080 1515
1453090 1512
1453100 1510
1453110 1510
1453120 1508
1453130 1505
1453140 1505
1453150 1502
1453160 1498
1453170 1498
1453180 1494
1453190 1489
1453200 1489
1453210 1484
1453220 1480
1453230 1480
1453240 1476
1453250 1472
1453260 1472
1453270 1469
1453280 1467
1453290 1467
1453300 1467
1453310 1468
1453320 1468
1453330 1469
1453340 1470
1453350 1470
1453360 1470
1453370 1471
1453380 1471
1453390 1472
1453400 1473
1453410 1473
1453420 1475
1453430 1478
1453440 1478
1453450 1484
1453460 1491
1453470 1494
1453480 1494
1453490 1488
1453500 1483
1453510 1483
1453520 1475
1453530 1470
1453540 1470
1453550 1469
1453560 1465
1453570 1465
1453580 1459
1453590 1455
1453600 1455
1453610 1449
1453620 1443
1453630 1443
1453640 1437
1453650 1430
1453660 1430
1453670 1424
1453680 1417
1453690 1417
1453700 1412
1453710 1406
1453720 1406
1453730 1400
1453740 1395
1453750 1395
1453760 1391
1453770 1386
1453780 1386
1453790 1382
1453800 1377
1453810 1377
1453820 1372
1453830 1366
1453840 1360
1453850 1360
1453860 1355
1453870 1351
1453880 1351
1453890 1348
1453900 1344
1453910 1344
1453920 1341
1453930 1338
1453940 1338
1453950 1335
1453960 1333
1453970 1333
1453980 1331
1453990 1331
1454000 1331
1454010 1328
1454020 1325
1454030 1325
1454040 1324
1454050 1323
1454060 1323
1454070 1322
1454080 1324
1454090 1324
1454100 1325
1454110 1327
1454120 1327
1454130 1329
1454140 1330
1454150 1330
1454160 1331
1454170 1332
1454180 1332
1454190 1331
1454200 1331
1454210 1332
1454220 1332
1454230 1331
1454240 1330
1454250 1330
1454260 1327
1454270 1322
1454280 1322
1454290 1315
1454300 1308
1454310 1308
1454320 1303
1454330 1303
1454340 1303
1454350 1304
1454360 1304
1454370 1304
1454380 1304
1454390 1304
1454400 1304
1454410 1303
1454420 1298
1454430 1298
1454440 1298
1454450 1299
1454460 1299
1454470 1298
1454480 1296
1454490 1296
1454500 1296
1454510 1299
1454520 1299
1454530 1300
1454540 1301
1454550 1301
1454560 1302
1454570 1302
1454580 1301
1454590 1301
1454600 1299
1454610 1297
1454620 1297
1454630 1294
1454640 1291
1454650 1291
1454660 1286
1454670 1281
1454680 1281
1454690 1277
1454700 1274
1454710 1274
1454720 1270
1454730 1268
1454740 1268
1454750 1267
1454760 1264
1454770 1264
1454780 1261
1454790 1258
1454800 1258
1454810 1258
1454820 1258
1454830 1258
1454840 1258
1454850 1256
1454860 1256
1454870 1254
1454880 1252
1454890 1252
1454900 1250
1454910 1249
1454920 1249
1454930 1248
1454940 1246
1454950 1245
1454960 1245
1454970 1244
1454980 1241
1454990 1241
1455000 1239
1455010 1240
1455020 1240
1455030 1240
1455040 1239
1455050 1239
1455060 1237
1455070 1238
1455080 1238
1455090 1239
1455100 1239
1455110 1239
1455120 1238
1455130 1236
1455140 1236
1455150 1233
1455160 1230
1455170 1230
1455180 1228
1455190 1227
1455200 1227
1455210 1225
1455220 1224
1455230 1224
1455240 1222
1455250 1220
1455260 1220
1455270 1217
1455280 1214
1455290 1214
1455300 1210
1455310 1207
1455320 1205
1455330 1205
1455340 1203
1455350 1201
1455360 1201
1455370 1199
1455380 1196
1455390 1196
1455400 1193
1455410 1191
1455420 1191
1455430 1188
1455440 1185
1455450 1185
1455460 1182
1455470 1181
1455480 1181
1455490 1178
1455500 1176
1455510 1176
1455520 1175
1455530 1173
1455540 1173
1455550 1171
1455560 1170
1455570 1170
1455580 1168
1455590 1167
1455600 1167
1455610 1166
1455620 1160
1455630 1160
1455640 1156
1455650 1152
1455660 1152
1455670 1149
1455680 1147
1455690 1141
1455700 1141
1455710 1135
1455720 1130
1455730 1130
1455740 1125
1455750 1118
1455760 1118
1455770 1112
1455780 1106
1455790 1106
1455800 1102
1455810 1099
1455820 1099
1455830 1095
1455840 1090
1455850 1090
1455860 1086
1455870 1083
1455880 1083
1455890 1081
1455900 1081
1455910 1081
1455920 1080
1455930 1081
1455940 1081
1455950 1083
1455960 1084
1455970 1084
1455980 1084
1455990 1083
1456000 1083
1456010 1082
1456020 1080
1456030 1080
1456040 1080
1456050 1081
1456060 1082
1456070 1082
1456080 1083
1456090 1084
1456100 1084
1456110 1083
1456120 1081
1456130 1081
1456140 1076
1456150 1073
1456160 1073
1456170 1068
1456180 1067
1456190 1067
1456200 1066
1456210 1066
1456220 1066
1456230 1066
1456240 1065
1456250 1065
1456260 1063
1456270 1059
1456280 1059
1456290 1056
1456300 1055
1456310 1055
1456320 1053
1456330 1053
1456340 1053
1456350 1053
1456360 1052
1456370 1052
1456380 1049
1456390 1047
1456400 1047
1456410 1046
1456420 1049
1456430 1050
1456440 1050
1456450 1047
1456460 1045
1456470 1045
1456480 1042
1456490 1039
1456500 1039
1456510 1037
1456520 1035
1456530 1035
1456540 1033
1456550 1031
1456560 1031
1456570 1031
1456580 1029
1456590 1029
1456600 1027
1456610 1026
1456620 1026
1456630 1024
1456640 1025
1456650 1025
1456660 1025
1456670 1021
1456680 1021
1456690 1019
1456700 1016
1456710 1016
1456720 1018
1456730 1024
1456740 1024
1456750 1030
1456760 1033
1456770 1033
1456780 1035
1456790 1033
1456800 1032
1456810 1032
1456820 1035
1456830 1039
1456840 1039
1456850 1039
1456860 1032
1456870 1032
1456880 1026
1456890 1028
1456900 1028
1456910 1028
1456920 1029
1456930 1029
1456940 1031
1456950 1029
1456960 1029
1456970 1030
1456980 1031
1456990 1031
1457000 1030
1457010 1029
1457020 1029
1457030 1028
1457040 1027
1457050 1027
1457060 1026
1457070 1024
1457080 1024
1457090 1022
1457100 1020
1457110 1020
1457120 1018
1457130 1016
1457140 1016
1457150 1010
1457160 1004
1457170 1003
1457180 1003
1457190 1003
1457200 1003
1457210 1003
1457220 1002
1457230 1002
1457240 1002
1457250 1001
1457260 1002
1457270 1002
1457280 1000
1457290 998
1457300 998
1457310 994
1457320 990
1457330 990
1457340 988
1457350 985
1457360 985
1457370 984
1457380 984
1457390 984
1457400 983
1457410 979
1457420 979
1457430 972
1457440 971
1457450 971
1457460 975
1457470 979
1457480 979
1457490 978
1457500 975
1457510 975
1457520 973
1457530 970
1457540 968
1457550 968
1457560 968
1457570 969
1457580 969
1457590 970
1457600 973
1457610 973
1457620 977
1457630 981
1457640 981
1457650 983
1457660 983
1457670 983
1457680 983
1457690 983
1457700 983
1457710 979
1457720 972
1457730 972
1457740 968
1457750 969
1457760 969
1457770 968
1457780 963
1457790 963
1457800 961
1457810 959
1457820 959
1457830 957
1457840 956
1457850 956
1457860 947
1457870 936
1457880 936
1457890 934
1457900 933
1457910 935
1457920 935
1457930 940
1457940 947
1457950 947
1457960 948
1457970 948
1457980 948
1457990 955
1458000 959
1458010 959
1458020 959
1458030 957
1458040 957
1458050 953
1458060 950
1458070 950
1458080 949
1458090 946
1458100 946
1458110 940
1458120 934
1458130 934
1458140 927
1458150 921
1458160 921
1458170 917
1458180 912
1458190 912
1458200 908
1458210 905
1458220 905
1458230 902
1458240 899
1458250 899
1458260 896
1458270 892
1458280 885
1458290 885
1458300 879
1458310 873
1458320 873
1458330 866
1458340 858
1458350 858
1458360 851
1458370 845
1458380 845
1458390 841
1458400 837
1458410 837
1458420 833
1458430 829
1458440 829
1458450 826
1458460 823
1458470 823
1458480 820
1458490 817
1458500 817
1458510 814
1458520 812
1458530 812
1458540 810
1458550 803
1458560 803
1458570 795
1458580 789
1458590 789
1458600 781
1458610 776
1458620 776
1458630 772
1458640 767
1458650 762
1458660 762
1458670 753
1458680 746
1458690 746
1458700 746
1458710 739
1458720 739
1458730 725
1458740 710
1458750 710
1458760 699
1458770 693
1458780 693
1458790 689
1458800 684
1458810 684
1458820 676
1458830 667
1458840 667
1458850 664
1458860 664
1458870 664
1458880 662
1458890 658
1458900 658
1458910 655
1458920 650
1458930 650
1458940 646
1458950 644
1458960 644
1458970 644
1458980 638
1458990 638
1459000 632
1459010 628
1459020 624
1459030 624
1459040 620
1459050 617
1459060 617
1459070 615
1459080 612
1459090 612
1459100 610
1459110 608
1459120 608
1459130 606
1459140 604
1459150 604
1459160 602
1459170 600
1459180 600
1459190 597
1459200 596
1459210 596
1459220 594
1459230 590
1459240 590
1459250 587
1459260 585
1459270 585
1459280 583
1459290 581
1459300 581
1459310 579
1459320 577
1459330 577
1459340 575
1459350 574
1459360 574
1459370 572
1459380 570
1459390 569
1459400 569
1459410 567
1459420 565
1459430 565
1459440 563
1459450 561
1459460 561
1459470 559
1459480 557
1459490 557
1459500 556
1459510 554
1459520 554
1459530 554
1459540 553
1459550 553
1459560 552
1459570 551
1459580 551
1459590 550
1459600 548
1459610 548
1459620 547
1459630 545
1459640 545
1459650 543
1459660 542
1459670 542
1459680 541
1459690 541
1459700 541
1459710 540
1459720 538
1459730 538
1459740 538
1459750 539
1459760 540
1459770 540
1459780 540
1459790 540
1459800 540
1459810 539
1459820 539
1459830 539
1459840 538
1459850 538
1459860 538
1459870 537
1459880 536
1459890 536
1459900 536
1459910 536
1459920 536
1459930 535
1459940 534
1459950 534
1459960 534
1459970 533
1459980 533
1459990 532
