1453060 2191
1453070 2191
1453080 2193
1453090 2190
1453100 2190
1453110 2188
1453120 2190
1453130 2190
1453140 2193
1453150 2198
1453160 2198
1453170 2203
1453180 2209
1453190 2209
1453200 2212
1453210 2211
1453220 2211
1453230 2227
1453240 2230
1453250 2230
1453260 2234
1453270 2236
1453280 2236
1453290 2237
1453300 2239
1453310 2239
1453320 2242
1453330 2244
1453340 2244
1453350 2247
1453360 2254
1453370 2254
1453380 2258
1453390 2259
1453400 2259
1453410 2260
1453420 2264
1453430 2258
1453440 2258
1453450 2249
1453460 2241
1453470 2241
1453480 2237
1453490 2235
1453500 2235
1453510 2235
1453520 2235
1453530 2235
1453540 2233
1453550 2227
1453560 2227
1453570 2221
1453580 2213
1453590 2213
1453600 2210
1453610 2203
1453620 2203
1453630 2195
1453640 2193
1453650 2193
1453660 2186
1453670 2179
1453680 2179
1453690 2169
1453700 2160
1453710 2160
1453720 2152
1453730 2147
1453740 2147
1453750 2151
1453760 2155
1453770 2155
1453780 2158
1453790 2160
1453800 2160
1453810 2162
1453820 2164
1453830 2170
1453840 2170
1453850 2174
1453860 2176
1453870 2176
1453880 2180
1453890 2183
1453900 2183
1453910 2184
1453920 2188
1453930 2188
1453940 2194
1453950 2200
1453960 2200
1453970 2206
1453980 2218
1453990 2218
1454000 2231
1454010 2242
1454020 2242
1454030 2252
1454040 2259
1454050 2259
1454060 2268
1454070 2276
1454080 2276
1454090 2279
1454100 2290
1454110 2290
1454120 2300
1454130 2312
1454140 2312
1454150 2323
1454160 2327
1454170 2327
1454180 2327
1454190 2321
1454200 2321
1454210 2321
1454220 2318
1454230 2324
1454240 2324
1454250 2331
1454260 2339
1454270 2339
1454280 2346
1454290 2351
1454300 2351
1454310 2354
1454320 2362
1454330 2362
1454340 2369
1454350 2372
1454360 2372
1454370 2372
1454380 2371
1454390 2371
1454400 2369
1454410 2364
1454420 2364
1454430 2355
1454440 2347
1454450 2347
1454460 2344
1454470 2339
1454480 2339
1454490 2327
1454500 2315
1454510 2315
1454520 2303
1454530 2283
1454540 2283
1454550 2265
1454560 2260
1454570 2255
1454580 2255
1454590 2254
1454600 2254
1454610 2254
1454620 2255
1454630 2257
1454640 2257
1454650 2261
1454660 2262
1454670 2262
1454680 2263
1454690 2270
1454700 2270
1454710 2276
1454720 2278
1454730 2278
1454740 2283
1454750 2287
1454760 2287
1454770 2290
1454780 2293
1454790 2293
1454800 2297
1454810 2299
1454820 2299
1454830 2302
1454840 2305
1454850 2305
1454860 2307
1454870 2308
1454880 2308
1454890 2310
1454900 2317
1454910 2317
1454920 2321
1454930 2327
1454940 2336
1454950 2336
1454960 2351
1454970 2368
1454980 2368
1454990 2379
1455000 2383
1455010 2383
1455020 2383
1455030 2375
1455040 2375
1455050 2361
1455060 2345
1455070 2345
1455080 2332
1455090 2318
1455100 2318
1455110 2304
1455120 2288
1455130 2288
1455140 2253
1455150 2218
1455160 2218
1455170 2196
1455180 2185
1455190 2185
1455200 2173
1455210 2154
1455220 2154
1455230 2134
1455240 2072
1455250 2072
1455260 2061
1455270 2052
1455280 2052
1455290 2050
1455300 2043
1455310 2043
1455320 2035
1455330 2031
1455340 2026
1455350 2026
1455360 2022
1455370 2020
1455380 2020
1455390 2018
1455400 2018
1455410 2018
1455420 2018
1455430 2018
1455440 2018
1455450 2019
1455460 2020
1455470 2020
1455480 2022
1455490 2026
1455500 2026
1455510 2036
1455520 2053
1455530 2053
1455540 2066
1455550 2081
1455560 2081
1455570 2120
1455580 2161
1455590 2161
1455600 2178
1455610 2197
1455620 2197
1455630 2220
1455640 2233
1455650 2233
1455660 2244
1455670 2247
1455680 2247
1455690 2248
1455700 2250
1455710 2251
1455720 2251
1455730 2247
1455740 2236
1455750 2236
1455760 2234
1455770 2240
1455780 2240
1455790 2240
1455800 2241
1455810 2241
1455820 2244
1455830 2257
1455840 2257
1455850 2251
1455860 2242
1455870 2242
1455880 2233
1455890 2223
1455900 2223
1455910 2231
1455920 2239
1455930 2239
1455940 2246
1455950 2242
1455960 2242
1455970 2228
1455980 2232
1455990 2232
1456000 2241
1456010 2252
1456020 2252
1456030 2258
1456040 2261
1456050 2261
1456060 2265
1456070 2267
1456080 2270
1456090 2270
1456100 2274
1456110 2278
1456120 2278
1456130 2283
1456140 2286
1456150 2286
1456160 2287
1456170 2293
1456180 2293
1456190 2296
1456200 2300
1456210 2300
1456220 2299
1456230 2294
1456240 2294
1456250 2292
1456260 2290
1456270 2290
1456280 2281
1456290 2273
1456300 2273
1456310 2268
1456320 2266
1456330 2266
1456340 2274
1456350 2284
1456360 2284
1456370 2291
1456380 2295
1456390 2295
1456400 2295
1456410 2295
1456420 2295
1456430 2296
1456440 2294
1456450 2294
1456460 2290
1456470 2297
1456480 2301
1456490 2301
1456500 2304
1456510 2309
1456520 2309
1456530 2315
1456540 2324
1456550 2324
1456560 2324
1456570 2322
1456580 2322
1456590 2313
1456600 2304
1456610 2304
1456620 2298
1456630 2293
1456640 2293
1456650 2292
1456660 2286
1456670 2286
1456680 2274
1456690 2262
1456700 2262
1456710 2250
1456720 2239
1456730 2239
1456740 2224
1456750 2211
1456760 2211
1456770 2197
1456780 2184
1456790 2184
1456800 2178
1456810 2169
1456820 2169
1456830 2163
1456840 2156
1456850 2152
1456860 2152
1456870 2148
1456880 2145
1456890 2145
1456900 2139
1456910 2131
1456920 2131
1456930 2127
1456940 2126
1456950 2126
1456960 2122
1456970 2120
1456980 2120
1456990 2117
1457000 2112
1457010 2112
1457020 2107
1457030 2102
1457040 2102
1457050 2098
1457060 2094
1457070 2094
1457080 2086
1457090 2080
1457100 2080
1457110 2073
1457120 2067
1457130 2067
1457140 2062
1457150 2058
1457160 2058
1457170 2050
1457180 2046
1457190 2046
1457200 2049
1457210 2047
1457220 2043
1457230 2043
1457240 2040
1457250 2030
1457260 2030
1457270 2024
1457280 2013
1457290 2013
1457300 1997
1457310 2005
1457320 2005
1457330 2018
1457340 2015
1457350 2015
1457360 2014
1457370 2015
1457380 2015
1457390 2006
1457400 2003
1457410 2003
1457420 1995
1457430 1992
1457440 1992
1457450 1986
1457460 1985
1457470 1985
1457480 1982
1457490 1985
1457500 1985
1457510 1987
1457520 1990
1457530 1990
1457540 1993
1457550 1997
1457560 1997
1457570 2005
1457580 2018
1457590 2040
1457600 2040
1457610 2083
1457620 2094
1457630 2094
1457640 2096
1457650 2097
1457660 2097
1457670 2093
1457680 2088
1457690 2088
1457700 2085
1457710 2078
1457720 2078
1457730 2071
1457740 2072
1457750 2072
1457760 2074
1457770 2069
1457780 2069
1457790 2057
1457800 2052
1457810 2052
1457820 2051
1457830 2049
1457840 2049
1457850 2052
1457860 2057
1457870 2057
1457880 2062
1457890 2067
1457900 2067
1457910 2074
1457920 2081
1457930 2081
1457940 2090
1457950 2106
1457960 2106
1457970 2122
1457980 2137
1457990 2151
1458000 2151
1458010 2164
1458020 2171
1458030 2171
1458040 2182
1458050 2194
1458060 2194
1458070 2204
1458080 2218
1458090 2218
1458100 2229
1458110 2237
1458120 2237
1458130 2245
1458140 2255
1458150 2255
1458160 2263
1458170 2270
1458180 2270
1458190 2277
1458200 2282
1458210 2282
1458220 2284
1458230 2281
1458240 2281
1458250 2290
1458260 2294
1458270 2294
1458280 2296
1458290 2299
1458300 2299
1458310 2297
1458320 2293
1458330 2293
1458340 2293
1458350 2294
1458360 2287
1458370 2287
1458380 2277
1458390 2267
1458400 2267
1458410 2257
1458420 2243
1458430 2243
1458440 2235
1458450 2227
1458460 2227
1458470 2222
1458480 2219
1458490 2219
1458500 2216
1458510 2218
1458520 2218
1458530 2215
1458540 2215
1458550 2215
1458560 2214
1458570 2212
1458580 2212
1458590 2208
1458600 2199
1458610 2199
1458620 2189
1458630 2181
1458640 2181
1458650 2176
1458660 2171
1458670 2171
1458680 2162
1458690 2150
1458700 2150
1458710 2141
1458720 2135
1458730 2136
1458740 2136
1458750 2140
1458760 2142
1458770 2142
1458780 2144
1458790 2147
1458800 2147
1458810 2146
1458820 2150
1458830 2150
1458840 2150
1458850 2150
1458860 2150
1458870 2152
1458880 2154
1458890 2154
1458900 2156
1458910 2159
1458920 2159
1458930 2163
1458940 2161
1458950 2161
1458960 2167
1458970 2170
1458980 2170
1458990 2170
1459000 2173
1459010 2173
1459020 2178
1459030 2183
1459040 2183
1459050 2185
1459060 2183
1459070 2183
1459080 2179
1459090 2176
1459100 2171
1459110 2171
1459120 2168
1459130 2166
1459140 2166
1459150 2166
1459160 2166
1459170 2166
1459180 2164
1459190 2164
1459200 2164
1459210 2163
1459220 2161
1459230 2161
1459240 2158
1459250 2154
1459260 2154
1459270 2149
1459280 2142
1459290 2142
1459300 2135
1459310 2133
1459320 2133
1459330 2135
1459340 2136
1459350 2136
1459360 2138
1459370 2135
1459380 2135
1459390 2128
1459400 2121
1459410 2121
1459420 2116
1459430 2104
1459440 2104
1459450 2092
1459460 2077
1459470 2077
1459480 2065
1459490 2050
1459500 2029
1459510 2029
1459520 2014
1459530 2008
1459540 2008
1459550 2002
1459560 1996
1459570 1996
1459580 1989
1459590 1985
1459600 1985
1459610 1980
1459620 1973
1459630 1973
1459640 1964
1459650 1957
1459660 1957
1459670 1949
1459680 1939
1459690 1939
1459700 1932
1459710 1931
1459720 1931
1459730 1935
1459740 1937
1459750 1937
1459760 1936
1459770 1933
1459780 1933
1459790 1929
1459800 1924
1459810 1924
1459820 1919
1459830 1909
1459840 1909
1459850 1902
1459860 1894
1459870 1887
1459880 1887
1459890 1885
1459900 1887
1459910 1887
1459920 1883
1459930 1881
1459940 1881
1459950 1883
1459960 1885
1459970 1885
1459980 1887
1459990 1885
