1454830 1610
1454840 1616
1454850 1616
1454860 1623
1454870 1630
1454880 1630
1454890 1637
1454900 1643
1454910 1643
1454920 1650
1454930 1657
1454940 1657
1454950 1663
1454960 1671
1454970 1671
1454980 1677
1454990 1684
1455000 1684
1455010 1691
1455020 1698
1455030 1698
1455040 1705
1455050 1711
1455060 1711
1455070 1716
1455080 1721
1455090 1721
1455100 1726
1455110 1730
1455120 1730
1455130 1732
1455140 1722
1455150 1712
1455160 1712
1455170 1705
1455180 1700
1455190 1700
1455200 1694
1455210 1689
1455220 1689
1455230 1678
1455240 1669
1455250 1669
1455260 1663
1455270 1657
1455280 1657
1455290 1650
1455300 1645
1455310 1645
1455320 1639
1455330 1633
1455340 1633
1455350 1628
1455360 1622
1455370 1622
1455380 1617
1455390 1612
1455400 1612
1455410 1607
1455420 1602
1455430 1602
1455440 1597
1455450 1591
1455460 1591
1455470 1586
1455480 1581
1455490 1581
1455500 1576
1455510 1571
1455520 1571
1455530 1567
1455540 1564
1455550 1561
1455560 1561
1455570 1558
1455580 1556
1455590 1556
1455600 1554
1455610 1552
1455620 1552
1455630 1550
1455640 1546
1455650 1546
1455660 1541
1455670 1536
1455680 1536
1455690 1531
1455700 1525
1455710 1525
1455720 1520
1455730 1514
1455740 1514
1455750 1508
1455760 1501
1455770 1501
1455780 1493
1455790 1485
1455800 1485
1455810 1477
1455820 1469
1455830 1469
1455840 1461
1455850 1454
1455860 1454
1455870 1445
1455880 1438
1455890 1438
1455900 1430
1455910 1422
1455920 1422
1455930 1415
1455940 1408
1455950 1401
1455960 1401
1455970 1396
1455980 1388
1455990 1388
1456000 1380
1456010 1372
1456020 1372
1456030 1364
1456040 1351
1456050 1351
1456060 1335
1456070 1318
1456080 1318
1456090 1305
1456100 1296
1456110 1296
1456120 1289
1456130 1282
1456140 1282
1456150 1278
1456160 1273
1456170 1273
1456180 1265
1456190 1258
1456200 1258
1456210 1251
1456220 1244
1456230 1244
1456240 1238
1456250 1232
1456260 1232
1456270 1226
1456280 1221
1456290 1221
1456300 1216
1456310 1211
1456320 1211
1456330 1206
1456340 1201
1456350 1196
1456360 1196
1456370 1191
1456380 1186
1456390 1186
1456400 1181
1456410 1177
1456420 1177
1456430 1172
1456440 1167
1456450 1167
1456460 1163
1456470 1158
1456480 1158
1456490 1153
1456500 1148
1456510 1148
1456520 1143
1456530 1133
1456540 1133
1456550 1124
1456560 1117
1456570 1117
1456580 1111
1456590 1105
1456600 1105
1456610 1100
1456620 1095
1456630 1095
1456640 1091
1456650 1087
1456660 1087
1456670 1082
1456680 1076
1456690 1076
1456700 1071
1456710 1066
1456720 1061
1456730 1061
1456740 1056
1456750 1051
1456760 1051
1456770 1045
1456780 1037
1456790 1037
1456800 1031
1456810 1025
1456820 1025
1456830 1021
1456840 1016
1456850 1016
1456860 1013
1456870 1009
1456880 1009
1456890 1005
1456900 1000
1456910 1000
1456920 995
1456930 991
1456940 991
1456950 987
1456960 982
1456970 982
1456980 975
1456990 969
1457000 969
1457010 963
1457020 957
1457030 957
1457040 952
1457050 944
1457060 944
1457070 933
1457080 919
1457090 919
1457100 916
1457110 924
1457120 928
1457130 928
1457140 929
1457150 929
1457160 929
1457170 929
1457180 928
1457190 928
1457200 926
1457210 924
1457220 924
1457230 924
1457240 923
1457250 923
1457260 922
1457270 922
1457280 922
1457290 922
1457300 921
1457310 921
1457320 921
1457330 921
1457340 921
1457350 920
1457360 917
1457370 917
1457380 914
1457390 911
1457400 911
1457410 908
1457420 904
1457430 904
1457440 900
1457450 898
1457460 898
1457470 896
1457480 893
1457490 893
1457500 891
1457510 888
1457520 886
1457530 886
1457540 883
1457550 881
1457560 881
1457570 878
1457580 870
1457590 870
1457600 864
1457610 869
1457620 869
1457630 869
1457640 867
1457650 867
1457660 866
1457670 865
1457680 865
1457690 863
1457700 861
1457710 861
1457720 859
1457730 856
1457740 856
1457750 853
1457760 851
1457770 851
1457780 849
1457790 846
1457800 846
1457810 845
1457820 843
1457830 843
1457840 841
1457850 839
1457860 839
1457870 837
1457880 836
1457890 833
1457900 833
1457910 829
1457920 825
1457930 825
1457940 810
1457950 792
1457960 792
1457970 789
1457980 797
1457990 797
1458000 806
1458010 807
1458020 807
1458030 806
1458040 805
1458050 805
1458060 804
1458070 802
1458080 802
1458090 801
1458100 798
1458110 798
1458120 796
1458130 793
1458140 793
1458150 791
1458160 790
1458170 790
1458180 787
1458190 786
1458200 786
1458210 784
1458220 782
1458230 782
1458240 779
1458250 776
1458260 776
1458270 775
1458280 774
1458290 773
1458300 773
1458310 772
1458320 773
1458330 773
1458340 772
1458350 770
1458360 770
1458370 769
1458380 767
1458390 767
1458400 766
1458410 764
1458420 764
1458430 762
1458440 761
1458450 761
1458460 761
1458470 761
1458480 761
1458490 759
1458500 758
1458510 758
1458520 756
1458530 754
1458540 754
1458550 752
1458560 751
1458570 751
1458580 749
1458590 748
1458600 748
1458610 747
1458620 747
1458630 747
1458640 747
1458650 746
1458660 746
1458670 746
1458680 747
1458690 746
1458700 746
1458710 746
1458720 746
1458730 746
1458740 746
1458750 745
1458760 745
1458770 745
1458780 744
1458790 744
1458800 744
1458810 743
1458820 743
1458830 743
1458840 743
1458850 743
1458860 742
1458870 742
1458880 742
1458890 741
1458900 741
1458910 741
1458920 740
1458930 740
1458940 740
1458950 740
1458960 739
1458970 739
1458980 739
1458990 738
1459000 738
1459010 740
1459020 742
1459030 742
1459040 743
1459050 744
1459060 744
1459070 744
1459080 745
1459090 745
1459100 745
1459110 746
1459120 746
1459130 746
1459140 747
1459150 747
1459160 747
1459170 747
1459180 746
1459190 746
1459200 747
1459210 746
1459220 746
1459230 746
1459240 747
1459250 747
1459260 747
1459270 748
1459280 747
1459290 747
1459300 746
1459310 746
1459320 746
1459330 746
1459340 746
1459350 746
1459360 746
1459370 746
1459380 745
1459390 745
1459400 745
1459410 744
1459420 744
1459430 744
1459440 744
1459450 745
1459460 746
1459470 746
1459480 746
1459490 745
1459500 745
1459510 744
1459520 743
1459530 743
1459540 743
1459550 743
1459560 743
1459570 742
1459580 742
1459590 742
1459600 742
1459610 743
1459620 743
1459630 742
1459640 739
1459650 739
1459660 734
1459670 729
1459680 729
1459690 726
1459700 723
1459710 723
1459720 717
1459730 709
1459740 709
1459750 704
1459760 702
1459770 702
1459780 702
1459790 703
1459800 703
1459810 705
1459820 706
1459830 706
1459840 705
1459850 704
1459860 703
1459870 703
1459880 703
1459890 703
1459900 703
1459910 702
1459920 701
1459930 701
1459940 700
1459950 699
1459960 699
1459970 697
1459980 696
1459990 696
