1454830 1610
1454840 1616
1454850 1616
1454860 1623
1454870 1630
1454880 1630
1454890 1637
1454900 1643
1454910 1643
1454920 1650
1454930 1657
1454940 1657
1454950 1663
1454960 1671
1454970 1671
1454980 1677
1454990 1684
1455000 1684
1455010 1691
1455020 1698
1455030 1698
1455040 1705
1455050 1711
1455060 1711
1455070 1716
1455080 1721
1455090 1721
1455100 1726
1455110 1730
1455120 1730
1455130 1732
1455140 1722
1455150 1722
1455160 1712
1455170 1705
1455180 1700
1455190 1700
1455200 1694
1455210 1689
1455220 1689
1455230 1678
1455240 1669
1455250 1669
1455260 1663
1455270 1657
1455280 1657
1455290 1650
1455300 1645
1455310 1645
1455320 1639
1455330 1633
1455340 1633
1455350 1628
1455360 1622
1455370 1622
1455380 1617
1455390 1612
1455400 1612
1455410 1607
1455420 1602
1455430 1602
1455440 1597
1455450 1591
1455460 1591
1455470 1586
1455480 1581
1455490 1581
1455500 1576
1455510 1571
1455520 1571
1455530 1567
1455540 1564
1455550 1561
1455560 1561
1455570 1558
1455580 1556
1455590 1556
1455600 1554
1455610 1552
1455620 1552
1455630 1550
1455640 1546
1455650 1546
1455660 1541
1455670 1536
1455680 1536
1455690 1531
1455700 1525
1455710 1525
1455720 1520
1455730 1514
1455740 1514
1455750 1508
1455760 1501
1455770 1501
1455780 1493
1455790 1485
1455800 1485
1455810 1477
1455820 1469
1455830 1469
1455840 1461
1455850 1454
1455860 1454
1455870 1445
1455880 1438
1455890 1438
1455900 1430
1455910 1422
1455920 1422
1455930 1415
1455940 1408
1455950 1401
1455960 1401
1455970 1396
1455980 1388
1455990 1388
1456000 1380
1456010 1372
1456020 1372
1456030 1364
1456040 1351
1456050 1351
1456060 1334
1456070 1317
1456080 1317
1456090 1304
1456100 1295
1456110 1295
1456120 1287
1456130 1279
1456140 1279
1456150 1274
1456160 1269
1456170 1269
1456180 1263
1456190 1256
1456200 1256
1456210 1249
1456220 1242
1456230 1242
1456240 1235
1456250 1229
1456260 1229
1456270 1223
1456280 1217
1456290 1217
1456300 1213
1456310 1208
1456320 1208
1456330 1204
1456340 1199
1456350 1194
1456360 1194
1456370 1189
1456380 1184
1456390 1184
1456400 1179
1456410 1175
1456420 1175
1456430 1170
1456440 1166
1456450 1166
1456460 1161
1456470 1157
1456480 1157
1456490 1152
1456500 1147
1456510 1147
1456520 1142
1456530 1134
1456540 1134
1456550 1124
1456560 1115
1456570 1115
1456580 1107
1456590 1101
1456600 1101
1456610 1096
1456620 1092
1456630 1092
1456640 1088
1456650 1084
1456660 1084
1456670 1079
1456680 1075
1456690 1075
1456700 1069
1456710 1064
1456720 1058
1456730 1058
1456740 1052
1456750 1047
1456760 1047
1456770 1041
1456780 1033
1456790 1033
1456800 1026
1456810 1020
1456820 1020
1456830 1015
1456840 1011
1456850 1011
1456860 1007
1456870 1003
1456880 1003
1456890 999
1456900 995
1456910 995
1456920 990
1456930 987
1456940 987
1456950 984
1456960 979
1456970 979
1456980 973
1456990 967
1457000 967
1457010 961
1457020 956
1457030 956
1457040 951
1457050 944
1457060 944
1457070 931
1457080 912
1457090 912
1457100 907
1457110 914
1457120 920
1457130 920
1457140 921
1457150 921
1457160 921
1457170 920
1457180 920
1457190 920
1457200 918
1457210 915
1457220 915
1457230 915
1457240 915
1457250 915
1457260 915
1457270 914
1457280 914
1457290 914
1457300 914
1457310 914
1457320 914
1457330 914
1457340 914
1457350 912
1457360 910
1457370 910
1457380 908
1457390 905
1457400 905
1457410 901
1457420 897
1457430 897
1457440 893
1457450 890
1457460 890
1457470 888
1457480 886
1457490 886
1457500 884
1457510 882
1457520 880
1457530 880
1457540 878
1457550 875
1457560 875
1457570 872
1457580 867
1457590 867
1457600 857
1457610 859
1457620 859
1457630 862
1457640 861
1457650 861
1457660 861
1457670 860
1457680 860
1457690 859
1457700 857
1457710 857
1457720 855
1457730 852
1457740 852
1457750 850
1457760 848
1457770 848
1457780 846
1457790 844
1457800 844
1457810 844
1457820 843
1457830 843
1457840 839
1457850 836
1457860 836
1457870 834
1457880 832
1457890 829
1457900 829
1457910 826
1457920 821
1457930 821
1457940 811
1457950 799
1457960 799
1457970 789
1457980 791
1457990 791
1458000 798
1458010 800
1458020 800
1458030 799
1458040 798
1458050 798
1458060 797
1458070 795
1458080 795
1458090 794
1458100 792
1458110 792
1458120 791
1458130 788
1458140 788
1458150 786
1458160 784
1458170 784
1458180 782
1458190 780
1458200 780
1458210 778
1458220 776
1458230 776
1458240 774
1458250 771
1458260 771
1458270 770
1458280 769
1458290 768
1458300 768
1458310 767
1458320 767
1458330 767
1458340 766
1458350 765
1458360 765
1458370 764
1458380 762
1458390 762
1458400 761
1458410 760
1458420 760
1458430 758
1458440 757
1458450 757
1458460 757
1458470 757
1458480 757
1458490 754
1458500 753
1458510 753
1458520 751
1458530 750
1458540 750
1458550 748
1458560 746
1458570 746
1458580 746
1458590 744
1458600 744
1458610 744
1458620 744
1458630 744
1458640 743
1458650 743
1458660 743
1458670 742
1458680 743
1458690 743
1458700 743
1458710 742
1458720 742
1458730 742
1458740 742
1458750 742
1458760 742
1458770 742
1458780 741
1458790 741
1458800 741
1458810 740
1458820 740
1458830 740
1458840 740
1458850 740
1458860 740
1458870 740
1458880 740
1458890 740
1458900 739
1458910 739
1458920 739
1458930 739
1458940 739
1458950 739
1458960 738
1458970 738
1458980 738
1458990 737
1459000 737
1459010 738
1459020 739
1459030 739
1459040 741
1459050 742
1459060 742
1459070 743
1459080 743
1459090 743
1459100 743
1459110 744
1459120 744
1459130 744
1459140 744
1459150 745
1459160 745
1459170 745
1459180 745
1459190 745
1459200 745
1459210 746
1459220 746
1459230 746
1459240 746
1459250 746
1459260 746
1459270 747
1459280 747
1459290 747
1459300 746
1459310 746
1459320 746
1459330 746
1459340 746
1459350 746
1459360 746
1459370 746
1459380 745
1459390 745
1459400 745
1459410 744
1459420 744
1459430 744
1459440 744
1459450 745
1459460 746
1459470 746
1459480 746
1459490 745
1459500 745
1459510 744
1459520 743
1459530 743
1459540 743
1459550 743
1459560 743
1459570 742
1459580 742
1459590 742
1459600 742
1459610 743
1459620 743
1459630 742
1459640 739
1459650 739
1459660 734
1459670 729
1459680 729
1459690 726
1459700 723
1459710 723
1459720 717
1459730 709
1459740 709
1459750 704
1459760 702
1459770 702
1459780 702
1459790 703
1459800 703
1459810 705
1459820 706
1459830 706
1459840 705
1459850 704
1459860 703
1459870 703
1459880 703
1459890 703
1459900 703
1459910 702
1459920 701
1459930 701
1459940 700
1459950 699
1459960 699
1459970 697
1459980 696
1459990 696
