1454860 1544
1454870 1549
1454880 1549
1454890 1555
1454900 1561
1454910 1561
1454920 1567
1454930 1573
1454940 1573
1454950 1578
1454960 1582
1454970 1582
1454980 1587
1454990 1590
1455000 1590
1455010 1591
1455020 1593
1455030 1594
1455040 1594
1455050 1595
1455060 1596
1455070 1596
1455080 1598
1455090 1599
1455100 1599
1455110 1599
1455120 1599
1455130 1599
1455140 1599
1455150 1599
1455160 1599
1455170 1599
1455180 1598
1455190 1598
1455200 1597
1455210 1593
1455220 1593
1455230 1584
1455240 1576
1455250 1576
1455260 1569
1455270 1563
1455280 1563
1455290 1557
1455300 1551
1455310 1551
1455320 1547
1455330 1541
1455340 1541
1455350 1531
1455360 1522
1455370 1522
1455380 1516
1455390 1510
1455400 1510
1455410 1504
1455420 1499
1455430 1493
1455440 1493
1455450 1487
1455460 1482
1455470 1482
1455480 1479
1455490 1474
1455500 1474
1455510 1468
1455520 1463
1455530 1463
1455540 1458
1455550 1453
1455560 1453
1455570 1448
1455580 1443
1455590 1443
1455600 1438
1455610 1432
1455620 1432
1455630 1427
1455640 1422
1455650 1422
1455660 1418
1455670 1415
1455680 1415
1455690 1412
1455700 1410
1455710 1410
1455720 1407
1455730 1403
1455740 1403
1455750 1398
1455760 1393
1455770 1393
1455780 1390
1455790 1386
1455800 1386
1455810 1382
1455820 1377
1455830 1371
1455840 1371
1455850 1366
1455860 1362
1455870 1362
1455880 1356
1455890 1351
1455900 1351
1455910 1346
1455920 1343
1455930 1343
1455940 1339
1455950 1335
1455960 1335
1455970 1330
1455980 1325
1455990 1325
1456000 1320
1456010 1314
1456020 1314
1456030 1309
1456040 1303
1456050 1303
1456060 1298
1456070 1293
1456080 1293
1456090 1287
1456100 1282
1456110 1282
1456120 1276
1456130 1270
1456140 1270
1456150 1263
1456160 1256
1456170 1256
1456180 1248
1456190 1239
1456200 1239
1456210 1231
1456220 1222
1456230 1215
1456240 1215
1456250 1209
1456260 1202
1456270 1202
1456280 1198
1456290 1192
1456300 1192
1456310 1185
1456320 1178
1456330 1178
1456340 1169
1456350 1160
1456360 1160
1456370 1151
1456380 1141
1456390 1141
1456400 1133
1456410 1133
1456420 1133
1456430 1138
1456440 1139
1456450 1139
1456460 1141
1456470 1144
1456480 1144
1456490 1144
1456500 1139
1456510 1139
1456520 1127
1456530 1116
1456540 1116
1456550 1114
1456560 1119
1456570 1119
1456580 1123
1456590 1125
1456600 1125
1456610 1125
1456620 1126
1456630 1132
1456640 1132
1456650 1136
1456660 1139
1456670 1139
1456680 1140
1456690 1142
1456700 1142
1456710 1143
1456720 1143
1456730 1143
1456740 1142
1456750 1141
1456760 1141
1456770 1139
1456780 1137
1456790 1137
1456800 1135
1456810 1133
1456820 1133
1456830 1132
1456840 1130
1456850 1130
1456860 1127
1456870 1125
1456880 1125
1456890 1123
1456900 1124
1456910 1124
1456920 1123
1456930 1124
1456940 1124
1456950 1125
1456960 1126
1456970 1126
1456980 1127
1456990 1128
1457000 1127
1457010 1127
1457020 1128
1457030 1128
1457040 1128
1457050 1126
1457060 1124
1457070 1124
1457080 1122
1457090 1120
1457100 1120
1457110 1118
1457120 1117
1457130 1117
1457140 1114
1457150 1112
1457160 1112
1457170 1112
1457180 1108
1457190 1108
1457200 1105
1457210 1102
1457220 1102
1457230 1094
1457240 1088
1457250 1088
1457260 1089
1457270 1088
1457280 1088
1457290 1085
1457300 1085
1457310 1085
1457320 1085
1457330 1085
1457340 1085
1457350 1084
1457360 1082
1457370 1082
1457380 1081
1457390 1081
1457400 1080
1457410 1080
1457420 1079
1457430 1078
1457440 1078
1457450 1077
1457460 1076
1457470 1076
1457480 1074
1457490 1072
1457500 1072
1457510 1070
1457520 1068
1457530 1068
1457540 1065
1457550 1063
1457560 1063
1457570 1060
1457580 1057
1457590 1057
1457600 1055
1457610 1053
1457620 1053
1457630 1050
1457640 1044
1457650 1044
1457660 1038
1457670 1031
1457680 1031
1457690 1024
1457700 1017
1457710 1017
1457720 1009
1457730 1000
1457740 1000
1457750 992
1457760 978
1457770 978
1457780 966
1457790 949
1457800 936
1457810 936
1457820 937
1457830 943
1457840 943
1457850 953
1457860 958
1457870 958
1457880 962
1457890 976
1457900 976
1457910 987
1457920 993
1457930 993
1457940 999
1457950 1005
1457960 1005
1457970 1011
1457980 1016
1457990 1016
1458000 1021
1458010 1023
1458020 1023
1458030 1025
1458040 1027
1458050 1027
1458060 1028
1458070 1028
1458080 1028
1458090 1028
1458100 1027
1458110 1027
1458120 1026
1458130 1025
1458140 1025
1458150 1024
1458160 1021
1458170 1020
1458180 1020
1458190 1018
1458200 1016
1458210 1016
1458220 1015
1458230 1013
1458240 1013
1458250 1012
1458260 1009
1458270 1009
1458280 1008
1458290 1005
1458300 1005
1458310 1002
1458320 997
1458330 997
1458340 991
1458350 987
1458360 987
1458370 989
1458380 991
1458390 991
1458400 993
1458410 994
1458420 994
1458430 993
1458440 991
1458450 991
1458460 988
1458470 985
1458480 985
1458490 982
1458500 978
1458510 978
1458520 975
1458530 971
1458540 971
1458550 966
1458560 962
1458570 963
1458580 963
1458590 963
1458600 963
1458610 963
1458620 962
1458630 960
1458640 960
1458650 957
1458660 953
1458670 953
1458680 950
1458690 946
1458700 946
1458710 942
1458720 938
1458730 938
1458740 938
1458750 937
1458760 937
1458770 935
1458780 932
1458790 932
1458800 928
1458810 923
1458820 923
1458830 918
1458840 915
1458850 915
1458860 912
1458870 908
1458880 908
1458890 904
1458900 900
1458910 900
1458920 896
1458930 892
1458940 892
1458950 887
1458960 882
1458970 878
1458980 878
1458990 873
1459000 868
1459010 868
1459020 863
1459030 860
1459040 860
1459050 855
1459060 850
1459070 850
1459080 845
1459090 840
1459100 836
1459110 831
1459120 827
1459130 827
1459140 823
1459150 819
1459160 819
1459170 815
1459180 812
1459190 812
1459200 811
1459210 809
1459220 809
1459230 807
1459240 805
1459250 805
1459260 802
1459270 798
1459280 798
1459290 794
1459300 788
1459310 788
1459320 781
1459330 776
1459340 776
1459350 769
1459360 762
1459370 759
1459380 759
1459390 761
1459400 763
1459410 763
1459420 763
1459430 765
1459440 765
1459450 765
1459460 767
1459470 767
1459480 770
1459490 773
1459500 773
1459510 777
1459520 779
1459530 779
1459540 779
1459550 780
1459560 780
1459570 781
1459580 782
1459590 782
1459600 781
1459610 780
1459620 780
1459630 780
1459640 779
1459650 779
1459660 779
1459670 780
1459680 780
1459690 780
1459700 781
1459710 781
1459720 781
1459730 781
1459740 781
1459750 781
1459760 782
1459770 781
1459780 781
1459790 779
1459800 776
1459810 776
1459820 770
1459830 768
1459840 768
1459850 769
1459860 772
1459870 772
1459880 776
1459890 777
1459900 777
1459910 776
1459920 775
1459930 775
1459940 775
1459950 775
1459960 775
1459970 775
1459980 775
1459990 775
