1456520 1413
1456530 1413
1456540 1416
1456550 1421
1456560 1421
1456570 1426
1456580 1432
1456590 1432
1456600 1437
1456610 1443
1456620 1443
1456630 1449
1456640 1454
1456650 1454
1456660 1460
1456670 1466
1456680 1466
1456690 1472
1456700 1477
1456710 1477
1456720 1481
1456730 1487
1456740 1487
1456750 1493
1456760 1499
1456770 1499
1456780 1505
1456790 1510
1456800 1510
1456810 1516
1456820 1521
1456830 1521
1456840 1527
1456850 1532
1456860 1532
1456870 1538
1456880 1542
1456890 1542
1456900 1547
1456910 1554
1456920 1564
1456930 1564
1456940 1563
1456950 1553
1456960 1553
1456970 1540
1456980 1535
1456990 1535
1457000 1534
1457010 1522
1457020 1522
1457030 1513
1457040 1507
1457050 1507
1457060 1501
1457070 1496
1457080 1496
1457090 1491
1457100 1486
1457110 1486
1457120 1480
1457130 1473
1457140 1473
1457150 1464
1457160 1458
1457170 1458
1457180 1451
1457190 1443
1457200 1443
1457210 1437
1457220 1431
1457230 1431
1457240 1425
1457250 1419
1457260 1419
1457270 1415
1457280 1410
1457290 1410
1457300 1405
1457310 1400
1457320 1395
1457330 1395
1457340 1392
1457350 1389
1457360 1389
1457370 1386
1457380 1386
1457390 1386
1457400 1384
1457410 1381
1457420 1381
1457430 1376
1457440 1371
1457450 1371
1457460 1368
1457470 1365
1457480 1365
1457490 1365
1457500 1367
1457510 1367
1457520 1365
1457530 1363
1457540 1363
1457550 1362
1457560 1360
1457570 1360
1457580 1357
1457590 1355
1457600 1355
1457610 1352
1457620 1349
1457630 1349
1457640 1346
1457650 1344
1457660 1344
1457670 1343
1457680 1341
1457690 1341
1457700 1339
1457710 1337
1457720 1335
1457730 1335
1457740 1333
1457750 1332
1457760 1332
1457770 1330
1457780 1328
1457790 1328
1457800 1327
1457810 1325
1457820 1325
1457830 1324
1457840 1322
1457850 1322
1457860 1320
1457870 1318
1457880 1318
1457890 1316
1457900 1315
1457910 1315
1457920 1313
1457930 1310
1457940 1310
1457950 1305
1457960 1300
1457970 1300
1457980 1295
1457990 1290
1458000 1290
1458010 1284
1458020 1280
1458030 1280
1458040 1278
1458050 1276
1458060 1276
1458070 1275
1458080 1272
1458090 1272
1458100 1269
1458110 1265
1458120 1261
1458130 1261
1458140 1256
1458150 1251
1458160 1251
1458170 1247
1458180 1244
1458190 1244
1458200 1240
1458210 1236
1458220 1236
1458230 1232
1458240 1227
1458250 1227
1458260 1221
1458270 1215
1458280 1215
1458290 1209
1458300 1203
1458310 1203
1458320 1196
1458330 1189
1458340 1189
1458350 1182
1458360 1176
1458370 1176
1458380 1169
1458390 1163
1458400 1163
1458410 1157
1458420 1149
1458430 1149
1458440 1142
1458450 1133
1458460 1133
1458470 1122
1458480 1116
1458490 1116
1458500 1117
1458510 1124
1458520 1130
1458530 1130
1458540 1133
1458550 1138
1458560 1138
1458570 1143
1458580 1148
1458590 1148
1458600 1155
1458610 1160
1458620 1160
1458630 1166
1458640 1173
1458650 1173
1458660 1179
1458670 1186
1458680 1186
1458690 1191
1458700 1197
1458710 1197
1458720 1203
1458730 1208
1458740 1208
1458750 1212
1458760 1213
1458770 1213
1458780 1214
1458790 1214
1458800 1214
1458810 1215
1458820 1217
1458830 1217
1458840 1218
1458850 1218
1458860 1218
1458870 1218
1458880 1216
1458890 1216
1458900 1215
1458910 1214
1458920 1212
1458930 1212
1458940 1210
1458950 1208
1458960 1208
1458970 1207
1458980 1205
1458990 1205
1459000 1202
1459010 1201
1459020 1201
1459030 1200
1459040 1199
1459050 1199
1459060 1197
1459070 1196
1459080 1196
1459090 1195
1459100 1193
1459110 1193
1459120 1192
1459130 1190
1459140 1190
1459150 1188
1459160 1187
1459170 1187
1459180 1186
1459190 1185
1459200 1185
1459210 1184
1459220 1183
1459230 1183
1459240 1181
1459250 1179
1459260 1179
1459270 1176
1459280 1171
1459290 1171
1459300 1168
1459310 1168
1459320 1167
1459330 1167
1459340 1167
1459350 1165
1459360 1165
1459370 1164
1459380 1163
1459390 1163
1459400 1161
1459410 1157
1459420 1157
1459430 1154
1459440 1151
1459450 1151
1459460 1147
1459470 1144
1459480 1144
1459490 1141
1459500 1137
1459510 1137
1459520 1133
1459530 1130
1459540 1130
1459550 1128
1459560 1125
1459570 1125
1459580 1120
1459590 1115
1459600 1115
1459610 1111
1459620 1107
1459630 1107
1459640 1105
1459650 1105
1459660 1105
1459670 1104
1459680 1103
1459690 1103
1459700 1102
1459710 1100
1459720 1097
1459730 1097
1459740 1093
1459750 1087
1459760 1087
1459770 1081
1459780 1078
1459790 1078
1459800 1076
1459810 1075
1459820 1075
1459830 1074
1459840 1073
1459850 1073
1459860 1071
1459870 1069
1459880 1069
1459890 1068
1459900 1067
1459910 1067
1459920 1065
1459930 1064
1459940 1064
1459950 1061
1459960 1058
1459970 1058
1459980 1054
1459990 1049
