1457000 1386
1457010 1389
1457020 1389
1457030 1394
1457040 1399
1457050 1399
1457060 1405
1457070 1411
1457080 1411
1457090 1416
1457100 1421
1457110 1421
1457120 1424
1457130 1424
1457140 1424
1457150 1428
1457160 1437
1457170 1437
1457180 1448
1457190 1457
1457200 1466
1457210 1466
1457220 1474
1457230 1481
1457240 1481
1457250 1487
1457260 1494
1457270 1494
1457280 1500
1457290 1507
1457300 1507
1457310 1515
1457320 1522
1457330 1522
1457340 1529
1457350 1537
1457360 1537
1457370 1545
1457380 1541
1457390 1541
1457400 1539
1457410 1532
1457420 1532
1457430 1526
1457440 1520
1457450 1520
1457460 1514
1457470 1509
1457480 1509
1457490 1503
1457500 1497
1457510 1497
1457520 1491
1457530 1487
1457540 1487
1457550 1482
1457560 1475
1457570 1475
1457580 1467
1457590 1460
1457600 1452
1457610 1452
1457620 1443
1457630 1436
1457640 1436
1457650 1430
1457660 1425
1457670 1425
1457680 1419
1457690 1413
1457700 1413
1457710 1406
1457720 1399
1457730 1399
1457740 1395
1457750 1392
1457760 1392
1457770 1387
1457780 1381
1457790 1381
1457800 1376
1457810 1373
1457820 1373
1457830 1371
1457840 1369
1457850 1369
1457860 1366
1457870 1363
1457880 1363
1457890 1360
1457900 1358
1457910 1358
1457920 1355
1457930 1351
1457940 1351
1457950 1345
1457960 1339
1457970 1339
1457980 1339
1457990 1341
1458000 1339
1458010 1339
1458020 1337
1458030 1333
1458040 1333
1458050 1330
1458060 1326
1458070 1326
1458080 1321
1458090 1317
1458100 1317
1458110 1313
1458120 1311
1458130 1311
1458140 1308
1458150 1305
1458160 1305
1458170 1303
1458180 1300
1458190 1300
1458200 1297
1458210 1295
1458220 1295
1458230 1293
1458240 1291
1458250 1291
1458260 1287
1458270 1282
1458280 1282
1458290 1278
1458300 1274
1458310 1274
1458320 1271
1458330 1267
1458340 1267
1458350 1264
1458360 1261
1458370 1261
1458380 1259
1458390 1256
1458400 1254
1458410 1254
1458420 1251
1458430 1248
1458440 1248
1458450 1244
1458460 1241
1458470 1241
1458480 1238
1458490 1237
1458500 1237
1458510 1234
1458520 1231
1458530 1231
1458540 1228
1458550 1226
1458560 1226
1458570 1223
1458580 1218
1458590 1218
1458600 1215
1458610 1213
1458620 1213
1458630 1211
1458640 1207
1458650 1207
1458660 1201
1458670 1200
1458680 1200
1458690 1199
1458700 1197
1458710 1197
1458720 1194
1458730 1190
1458740 1190
1458750 1186
1458760 1183
1458770 1183
1458780 1180
1458790 1177
1458800 1175
1458810 1175
1458820 1172
1458830 1170
1458840 1170
1458850 1168
1458860 1166
1458870 1166
1458880 1165
1458890 1164
1458900 1164
1458910 1162
1458920 1161
1458930 1161
1458940 1160
1458950 1157
1458960 1157
1458970 1154
1458980 1149
1458990 1149
1459000 1146
1459010 1144
1459020 1144
1459030 1142
1459040 1139
1459050 1139
1459060 1135
1459070 1132
1459080 1132
1459090 1131
1459100 1130
1459110 1130
1459120 1129
1459130 1128
1459140 1128
1459150 1126
1459160 1124
1459170 1124
1459180 1123
1459190 1122
1459200 1120
1459210 1120
1459220 1117
1459230 1112
1459240 1112
1459250 1108
1459260 1105
1459270 1105
1459280 1103
1459290 1100
1459300 1100
1459310 1099
1459320 1098
1459330 1098
1459340 1095
1459350 1094
1459360 1094
1459370 1090
1459380 1087
1459390 1087
1459400 1085
1459410 1082
1459420 1082
1459430 1082
1459440 1080
1459450 1080
1459460 1078
1459470 1076
1459480 1076
1459490 1076
1459500 1074
1459510 1074
1459520 1074
1459530 1072
1459540 1072
1459550 1070
1459560 1067
1459570 1067
1459580 1065
1459590 1062
1459600 1061
1459610 1061
1459620 1059
1459630 1057
1459640 1057
1459650 1056
1459660 1056
1459670 1056
1459680 1055
1459690 1052
1459700 1052
1459710 1048
1459720 1048
1459730 1048
1459740 1047
1459750 1044
1459760 1044
1459770 1042
1459780 1041
1459790 1041
1459800 1039
1459810 1036
1459820 1036
1459830 1033
1459840 1028
1459850 1028
1459860 1021
1459870 1014
1459880 1014
1459890 1008
1459900 1000
1459910 1000
1459920 990
1459930 984
1459940 984
1459950 976
1459960 965
1459970 965
1459980 956
1459990 950
