1456730 1398
1456740 1398
1456750 1398
1456760 1401
1456770 1401
1456780 1406
1456790 1412
1456800 1412
1456810 1417
1456820 1423
1456830 1423
1456840 1429
1456850 1435
1456860 1439
1456870 1439
1456880 1443
1456890 1447
1456900 1447
1456910 1452
1456920 1457
1456930 1457
1456940 1461
1456950 1464
1456960 1464
1456970 1469
1456980 1473
1456990 1473
1457000 1478
1457010 1483
1457020 1483
1457030 1487
1457040 1491
1457050 1491
1457060 1495
1457070 1500
1457080 1500
1457090 1506
1457100 1511
1457110 1511
1457120 1516
1457130 1522
1457140 1522
1457150 1528
1457160 1532
1457170 1532
1457180 1535
1457190 1535
1457200 1535
1457210 1532
1457220 1526
1457230 1526
1457240 1521
1457250 1517
1457260 1513
1457270 1513
1457280 1508
1457290 1501
1457300 1501
1457310 1493
1457320 1487
1457330 1487
1457340 1482
1457350 1477
1457360 1477
1457370 1471
1457380 1466
1457390 1466
1457400 1460
1457410 1454
1457420 1454
1457430 1449
1457440 1444
1457450 1444
1457460 1439
1457470 1433
1457480 1433
1457490 1427
1457500 1421
1457510 1421
1457520 1415
1457530 1409
1457540 1409
1457550 1403
1457560 1399
1457570 1399
1457580 1395
1457590 1391
1457600 1391
1457610 1385
1457620 1381
1457630 1381
1457640 1378
1457650 1373
1457660 1367
1457670 1367
1457680 1363
1457690 1358
1457700 1358
1457710 1355
1457720 1352
1457730 1352
1457740 1352
1457750 1350
1457760 1350
1457770 1348
1457780 1345
1457790 1345
1457800 1342
1457810 1339
1457820 1339
1457830 1336
1457840 1332
1457850 1332
1457860 1327
1457870 1320
1457880 1320
1457890 1312
1457900 1309
1457910 1309
1457920 1311
1457930 1312
1457940 1312
1457950 1310
1457960 1309
1457970 1309
1457980 1306
1457990 1303
1458000 1303
1458010 1300
1458020 1297
1458030 1297
1458040 1291
1458050 1284
1458060 1277
1458070 1277
1458080 1270
1458090 1262
1458100 1262
1458110 1254
1458120 1249
1458130 1249
1458140 1245
1458150 1244
1458160 1244
1458170 1242
1458180 1238
1458190 1238
1458200 1236
1458210 1238
1458220 1238
1458230 1243
1458240 1243
1458250 1243
1458260 1240
1458270 1236
1458280 1236
1458290 1233
1458300 1228
1458310 1228
1458320 1226
1458330 1225
1458340 1225
1458350 1222
1458360 1220
1458370 1220
1458380 1219
1458390 1217
1458400 1217
1458410 1214
1458420 1214
1458430 1214
1458440 1215
1458450 1216
1458460 1217
1458470 1217
1458480 1218
1458490 1218
1458500 1218
1458510 1218
1458520 1219
1458530 1219
1458540 1219
1458550 1220
1458560 1220
1458570 1220
1458580 1221
1458590 1221
1458600 1221
1458610 1222
1458620 1222
1458630 1222
1458640 1222
1458650 1222
1458660 1222
1458670 1221
1458680 1221
1458690 1219
1458700 1217
1458710 1217
1458720 1215
1458730 1212
1458740 1212
1458750 1209
1458760 1205
1458770 1205
1458780 1203
1458790 1201
1458800 1201
1458810 1198
1458820 1195
1458830 1195
1458840 1192
1458850 1189
1458860 1186
1458870 1186
1458880 1184
1458890 1181
1458900 1181
1458910 1181
1458920 1181
1458930 1181
1458940 1182
1458950 1181
1458960 1181
1458970 1180
1458980 1179
1458990 1179
1459000 1177
1459010 1175
1459020 1175
1459030 1176
1459040 1175
1459050 1175
1459060 1174
1459070 1172
1459080 1172
1459090 1170
1459100 1168
1459110 1168
1459120 1165
1459130 1163
1459140 1163
1459150 1159
1459160 1156
1459170 1156
1459180 1156
1459190 1156
1459200 1156
1459210 1155
1459220 1154
1459230 1154
1459240 1155
1459250 1153
1459260 1151
1459270 1151
1459280 1149
1459290 1147
1459300 1147
1459310 1143
1459320 1140
1459330 1140
1459340 1137
1459350 1133
1459360 1133
1459370 1130
1459380 1127
1459390 1127
1459400 1125
1459410 1123
1459420 1123
1459430 1121
1459440 1119
1459450 1119
1459460 1118
1459470 1116
1459480 1116
1459490 1115
1459500 1115
1459510 1115
1459520 1115
1459530 1114
1459540 1114
1459550 1113
1459560 1111
1459570 1111
1459580 1107
1459590 1104
1459600 1104
1459610 1102
1459620 1101
1459630 1101
1459640 1099
1459650 1095
1459660 1089
1459670 1089
1459680 1084
1459690 1079
1459700 1079
1459710 1075
1459720 1072
1459730 1072
1459740 1070
1459750 1066
1459760 1066
1459770 1064
1459780 1063
1459790 1063
1459800 1061
1459810 1060
1459820 1060
1459830 1059
1459840 1055
1459850 1055
1459860 1050
1459870 1039
1459880 1039
1459890 1029
1459900 1024
1459910 1024
1459920 1023
1459930 1023
1459940 1023
1459950 1018
1459960 1011
1459970 1011
1459980 1007
1459990 1005
