1456500 1415
1456510 1416
1456520 1424
1456530 1424
1456540 1429
1456550 1436
1456560 1436
1456570 1441
1456580 1447
1456590 1447
1456600 1453
1456610 1458
1456620 1458
1456630 1463
1456640 1469
1456650 1469
1456660 1474
1456670 1480
1456680 1480
1456690 1486
1456700 1491
1456710 1491
1456720 1497
1456730 1502
1456740 1502
1456750 1508
1456760 1515
1456770 1515
1456780 1521
1456790 1527
1456800 1527
1456810 1532
1456820 1538
1456830 1538
1456840 1544
1456850 1549
1456860 1549
1456870 1556
1456880 1561
1456890 1561
1456900 1563
1456910 1558
1456920 1551
1456930 1551
1456940 1543
1456950 1536
1456960 1536
1456970 1535
1456980 1529
1456990 1529
1457000 1520
1457010 1512
1457020 1512
1457030 1504
1457040 1497
1457050 1497
1457060 1490
1457070 1484
1457080 1484
1457090 1478
1457100 1471
1457110 1471
1457120 1466
1457130 1461
1457140 1461
1457150 1455
1457160 1447
1457170 1447
1457180 1440
1457190 1435
1457200 1435
1457210 1429
1457220 1423
1457230 1423
1457240 1418
1457250 1411
1457260 1411
1457270 1405
1457280 1402
1457290 1402
1457300 1401
1457310 1397
1457320 1392
1457330 1392
1457340 1387
1457350 1381
1457360 1381
1457370 1378
1457380 1377
1457390 1377
1457400 1377
1457410 1375
1457420 1375
1457430 1373
1457440 1369
1457450 1369
1457460 1365
1457470 1361
1457480 1361
1457490 1357
1457500 1360
1457510 1360
1457520 1360
1457530 1358
1457540 1358
1457550 1357
1457560 1355
1457570 1355
1457580 1353
1457590 1351
1457600 1351
1457610 1349
1457620 1348
1457630 1348
1457640 1346
1457650 1344
1457660 1344
1457670 1341
1457680 1339
1457690 1339
1457700 1338
1457710 1335
1457720 1333
1457730 1333
1457740 1332
1457750 1331
1457760 1331
1457770 1330
1457780 1328
1457790 1328
1457800 1326
1457810 1324
1457820 1324
1457830 1323
1457840 1322
1457850 1322
1457860 1320
1457870 1317
1457880 1317
1457890 1315
1457900 1312
1457910 1312
1457920 1310
1457930 1307
1457940 1307
1457950 1304
1457960 1300
1457970 1300
1457980 1295
1457990 1290
1458000 1290
1458010 1285
1458020 1280
1458030 1280
1458040 1277
1458050 1275
1458060 1275
1458070 1272
1458080 1270
1458090 1270
1458100 1269
1458110 1267
1458120 1261
1458130 1261
1458140 1254
1458150 1249
1458160 1249
1458170 1246
1458180 1242
1458190 1242
1458200 1238
1458210 1232
1458220 1232
1458230 1225
1458240 1219
1458250 1219
1458260 1215
1458270 1210
1458280 1210
1458290 1204
1458300 1199
1458310 1199
1458320 1193
1458330 1186
1458340 1186
1458350 1180
1458360 1174
1458370 1174
1458380 1169
1458390 1161
1458400 1161
1458410 1155
1458420 1149
1458430 1149
1458440 1143
1458450 1135
1458460 1135
1458470 1128
1458480 1121
1458490 1121
1458500 1113
1458510 1106
1458520 1111
1458530 1111
1458540 1117
1458550 1121
1458560 1121
1458570 1126
1458580 1132
1458590 1132
1458600 1138
1458610 1146
1458620 1146
1458630 1153
1458640 1160
1458650 1160
1458660 1165
1458670 1171
1458680 1171
1458690 1177
1458700 1184
1458710 1184
1458720 1190
1458730 1195
1458740 1195
1458750 1200
1458760 1206
1458770 1206
1458780 1212
1458790 1216
1458800 1216
1458810 1218
1458820 1218
1458830 1218
1458840 1220
1458850 1222
1458860 1222
1458870 1222
1458880 1221
1458890 1221
1458900 1220
1458910 1218
1458920 1217
1458930 1217
1458940 1215
1458950 1214
1458960 1214
1458970 1212
1458980 1211
1458990 1211
1459000 1210
1459010 1209
1459020 1209
1459030 1207
1459040 1206
1459050 1206
1459060 1205
1459070 1204
1459080 1204
1459090 1204
1459100 1202
1459110 1202
1459120 1200
1459130 1197
1459140 1197
1459150 1195
1459160 1193
1459170 1193
1459180 1192
1459190 1190
1459200 1190
1459210 1187
1459220 1182
1459230 1182
1459240 1179
1459250 1179
1459260 1179
1459270 1178
1459280 1178
1459290 1178
1459300 1176
1459310 1174
1459320 1172
1459330 1172
1459340 1170
1459350 1167
1459360 1167
1459370 1165
1459380 1164
1459390 1164
1459400 1161
1459410 1158
1459420 1158
1459430 1153
1459440 1151
1459450 1151
1459460 1149
1459470 1147
1459480 1147
1459490 1144
1459500 1141
1459510 1141
1459520 1138
1459530 1134
1459540 1134
1459550 1128
1459560 1124
1459570 1124
1459580 1119
1459590 1116
1459600 1116
1459610 1114
1459620 1114
1459630 1114
1459640 1115
1459650 1115
1459660 1115
1459670 1114
1459680 1113
1459690 1113
1459700 1112
1459710 1109
1459720 1101
1459730 1101
1459740 1095
1459750 1092
1459760 1092
1459770 1091
1459780 1089
1459790 1089
1459800 1087
1459810 1085
1459820 1085
1459830 1083
1459840 1082
1459850 1082
1459860 1079
1459870 1078
1459880 1078
1459890 1075
1459900 1074
1459910 1074
1459920 1073
1459930 1072
1459940 1072
1459950 1070
1459960 1067
1459970 1067
1459980 1064
1459990 1062
