1456380 1446
1456390 1447
1456400 1447
1456410 1449
1456420 1448
1456430 1448
1456440 1447
1456450 1451
1456460 1451
1456470 1453
1456480 1456
1456490 1456
1456500 1460
1456510 1462
1456520 1462
1456530 1464
1456540 1466
1456550 1467
1456560 1467
1456570 1467
1456580 1474
1456590 1474
1456600 1479
1456610 1485
1456620 1485
1456630 1489
1456640 1494
1456650 1494
1456660 1501
1456670 1506
1456680 1506
1456690 1511
1456700 1517
1456710 1517
1456720 1523
1456730 1528
1456740 1528
1456750 1532
1456760 1537
1456770 1537
1456780 1540
1456790 1543
1456800 1543
1456810 1543
1456820 1539
1456830 1539
1456840 1537
1456850 1536
1456860 1536
1456870 1532
1456880 1527
1456890 1527
1456900 1522
1456910 1516
1456920 1516
1456930 1509
1456940 1503
1456950 1498
1456960 1498
1456970 1493
1456980 1488
1456990 1488
1457000 1480
1457010 1474
1457020 1474
1457030 1470
1457040 1464
1457050 1464
1457060 1458
1457070 1452
1457080 1452
1457090 1446
1457100 1439
1457110 1439
1457120 1433
1457130 1428
1457140 1428
1457150 1421
1457160 1416
1457170 1416
1457180 1412
1457190 1407
1457200 1407
1457210 1402
1457220 1397
1457230 1397
1457240 1393
1457250 1389
1457260 1389
1457270 1388
1457280 1383
1457290 1383
1457300 1378
1457310 1376
1457320 1376
1457330 1371
1457340 1368
1457350 1365
1457360 1365
1457370 1362
1457380 1359
1457390 1359
1457400 1356
1457410 1352
1457420 1352
1457430 1347
1457440 1347
1457450 1347
1457460 1349
1457470 1353
1457480 1353
1457490 1351
1457500 1348
1457510 1348
1457520 1340
1457530 1332
1457540 1332
1457550 1333
1457560 1334
1457570 1334
1457580 1333
1457590 1331
1457600 1331
1457610 1329
1457620 1329
1457630 1329
1457640 1328
1457650 1326
1457660 1326
1457670 1323
1457680 1321
1457690 1321
1457700 1319
1457710 1318
1457720 1318
1457730 1318
1457740 1318
1457750 1319
1457760 1319
1457770 1319
1457780 1319
1457790 1319
1457800 1319
1457810 1318
1457820 1318
1457830 1317
1457840 1316
1457850 1316
1457860 1314
1457870 1313
1457880 1313
1457890 1311
1457900 1309
1457910 1309
1457920 1306
1457930 1303
1457940 1303
1457950 1299
1457960 1296
1457970 1296
1457980 1294
1457990 1294
1458000 1294
1458010 1293
1458020 1293
1458030 1293
1458040 1292
1458050 1291
1458060 1291
1458070 1289
1458080 1286
1458090 1286
1458100 1282
1458110 1276
1458120 1275
1458130 1269
1458140 1262
1458150 1256
1458160 1256
1458170 1250
1458180 1244
1458190 1244
1458200 1237
1458210 1229
1458220 1229
1458230 1220
1458240 1212
1458250 1212
1458260 1207
1458270 1202
1458280 1202
1458290 1196
1458300 1189
1458310 1189
1458320 1181
1458330 1173
1458340 1173
1458350 1165
1458360 1158
1458370 1158
1458380 1151
1458390 1145
1458400 1145
1458410 1139
1458420 1133
1458430 1133
1458440 1129
1458450 1123
1458460 1123
1458470 1118
1458480 1113
1458490 1113
1458500 1105
1458510 1097
1458520 1097
1458530 1088
1458540 1085
1458550 1093
1458560 1093
1458570 1101
1458580 1105
1458590 1105
1458600 1111
1458610 1115
1458620 1115
1458630 1119
1458640 1124
1458650 1124
1458660 1129
1458670 1136
1458680 1136
1458690 1142
1458700 1148
1458710 1148
1458720 1156
1458730 1164
1458740 1164
1458750 1172
1458760 1178
1458770 1178
1458780 1186
1458790 1195
1458800 1195
1458810 1203
1458820 1212
1458830 1212
1458840 1219
1458850 1225
1458860 1225
1458870 1228
1458880 1230
1458890 1230
1458900 1231
1458910 1231
1458920 1231
1458930 1231
1458940 1231
1458950 1230
1458960 1230
1458970 1229
1458980 1228
1458990 1228
1459000 1227
1459010 1225
1459020 1225
1459030 1224
1459040 1222
1459050 1222
1459060 1220
1459070 1217
1459080 1217
1459090 1213
1459100 1210
1459110 1210
1459120 1208
1459130 1207
1459140 1207
1459150 1205
1459160 1200
1459170 1200
1459180 1195
1459190 1192
1459200 1192
1459210 1192
1459220 1190
1459230 1190
1459240 1187
1459250 1184
1459260 1184
1459270 1181
1459280 1180
1459290 1180
1459300 1181
1459310 1180
1459320 1180
1459330 1179
1459340 1177
1459350 1174
1459360 1174
1459370 1171
1459380 1168
1459390 1168
1459400 1164
1459410 1160
1459420 1160
1459430 1155
1459440 1151
1459450 1151
1459460 1149
1459470 1147
1459480 1147
1459490 1144
1459500 1140
1459510 1140
1459520 1138
1459530 1137
1459540 1137
1459550 1136
1459560 1135
1459570 1135
1459580 1133
1459590 1132
1459600 1132
1459610 1133
1459620 1132
1459630 1132
1459640 1133
1459650 1133
1459660 1133
1459670 1131
1459680 1127
1459690 1127
1459700 1121
1459710 1117
1459720 1117
1459730 1115
1459740 1111
1459750 1110
1459760 1110
1459770 1108
1459780 1105
1459790 1105
1459800 1103
1459810 1101
1459820 1101
1459830 1100
1459840 1096
1459850 1096
1459860 1091
1459870 1088
1459880 1088
1459890 1087
1459900 1086
1459910 1086
1459920 1084
1459930 1082
1459940 1082
1459950 1080
1459960 1077
1459970 1077
1459980 1075
1459990 1071
