1456780 1399
1456790 1402
1456800 1402
1456810 1405
1456820 1410
1456830 1415
1456840 1415
1456850 1421
1456860 1426
1456870 1426
1456880 1431
1456890 1436
1456900 1436
1456910 1440
1456920 1444
1456930 1444
1456940 1447
1456950 1452
1456960 1452
1456970 1457
1456980 1461
1456990 1461
1457000 1465
1457010 1469
1457020 1469
1457030 1473
1457040 1477
1457050 1477
1457060 1483
1457070 1488
1457080 1488
1457090 1495
1457100 1501
1457110 1501
1457120 1506
1457130 1511
1457140 1511
1457150 1515
1457160 1520
1457170 1520
1457180 1525
1457190 1530
1457200 1530
1457210 1534
1457220 1535
1457230 1534
1457240 1534
1457250 1531
1457260 1526
1457270 1526
1457280 1521
1457290 1516
1457300 1516
1457310 1510
1457320 1504
1457330 1504
1457340 1498
1457350 1491
1457360 1491
1457370 1484
1457380 1478
1457390 1478
1457400 1473
1457410 1469
1457420 1469
1457430 1463
1457440 1455
1457450 1455
1457460 1449
1457470 1443
1457480 1443
1457490 1436
1457500 1429
1457510 1429
1457520 1422
1457530 1417
1457540 1417
1457550 1412
1457560 1407
1457570 1407
1457580 1402
1457590 1398
1457600 1398
1457610 1393
1457620 1388
1457630 1383
1457640 1383
1457650 1379
1457660 1374
1457670 1374
1457680 1368
1457690 1365
1457700 1365
1457710 1365
1457720 1361
1457730 1361
1457740 1357
1457750 1355
1457760 1355
1457770 1352
1457780 1349
1457790 1349
1457800 1345
1457810 1342
1457820 1342
1457830 1338
1457840 1332
1457850 1332
1457860 1324
1457870 1318
1457880 1318
1457890 1320
1457900 1321
1457910 1321
1457920 1320
1457930 1317
1457940 1317
1457950 1315
1457960 1312
1457970 1312
1457980 1309
1457990 1305
1458000 1305
1458010 1301
1458020 1295
1458030 1295
1458040 1288
1458050 1279
1458060 1271
1458070 1271
1458080 1265
1458090 1260
1458100 1260
1458110 1258
1458120 1259
1458130 1259
1458140 1260
1458150 1259
1458160 1259
1458170 1252
1458180 1246
1458190 1246
1458200 1249
1458210 1253
1458220 1253
1458230 1253
1458240 1249
1458250 1249
1458260 1244
1458270 1239
1458280 1239
1458290 1237
1458300 1237
1458310 1237
1458320 1236
1458330 1234
1458340 1234
1458350 1231
1458360 1229
1458370 1229
1458380 1226
1458390 1222
1458400 1222
1458410 1222
1458420 1223
1458430 1223
1458440 1222
1458450 1224
1458460 1225
1458470 1225
1458480 1225
1458490 1225
1458500 1225
1458510 1225
1458520 1224
1458530 1224
1458540 1224
1458550 1225
1458560 1225
1458570 1225
1458580 1225
1458590 1225
1458600 1224
1458610 1223
1458620 1223
1458630 1222
1458640 1221
1458650 1221
1458660 1220
1458670 1219
1458680 1219
1458690 1218
1458700 1216
1458710 1216
1458720 1214
1458730 1211
1458740 1211
1458750 1207
1458760 1202
1458770 1202
1458780 1200
1458790 1197
1458800 1197
1458810 1194
1458820 1191
1458830 1191
1458840 1189
1458850 1186
1458860 1184
1458870 1184
1458880 1181
1458890 1179
1458900 1179
1458910 1178
1458920 1177
1458930 1177
1458940 1177
1458950 1176
1458960 1176
1458970 1175
1458980 1175
1458990 1175
1459000 1174
1459010 1173
1459020 1173
1459030 1170
1459040 1170
1459050 1170
1459060 1169
1459070 1167
1459080 1167
1459090 1165
1459100 1163
1459110 1163
1459120 1161
1459130 1159
1459140 1159
1459150 1156
1459160 1153
1459170 1153
1459180 1152
1459190 1150
1459200 1150
1459210 1149
1459220 1148
1459230 1148
1459240 1146
1459250 1144
1459260 1142
1459270 1142
1459280 1140
1459290 1138
1459300 1138
1459310 1136
1459320 1133
1459330 1133
1459340 1132
1459350 1128
1459360 1128
1459370 1125
1459380 1122
1459390 1122
1459400 1120
1459410 1117
1459420 1117
1459430 1114
1459440 1113
1459450 1113
1459460 1112
1459470 1111
1459480 1111
1459490 1112
1459500 1114
1459510 1114
1459520 1113
1459530 1112
1459540 1112
1459550 1111
1459560 1109
1459570 1109
1459580 1107
1459590 1105
1459600 1105
1459610 1103
1459620 1101
1459630 1101
1459640 1097
1459650 1094
1459660 1089
1459670 1089
1459680 1084
1459690 1080
1459700 1080
1459710 1075
1459720 1070
1459730 1070
1459740 1066
1459750 1062
1459760 1062
1459770 1059
1459780 1056
1459790 1056
1459800 1055
1459810 1055
1459820 1055
1459830 1054
1459840 1051
1459850 1051
1459860 1047
1459870 1040
1459880 1040
1459890 1036
1459900 1029
1459910 1029
1459920 1020
1459930 1014
1459940 1014
1459950 1007
1459960 1003
1459970 1003
1459980 1002
1459990 1002
