1456920 1389
1456930 1389
1456940 1392
1456950 1396
1456960 1396
1456970 1400
1456980 1404
1456990 1404
1457000 1409
1457010 1414
1457020 1414
1457030 1419
1457040 1424
1457050 1424
1457060 1430
1457070 1435
1457080 1435
1457090 1441
1457100 1446
1457110 1446
1457120 1452
1457130 1458
1457140 1458
1457150 1463
1457160 1469
1457170 1469
1457180 1474
1457190 1480
1457200 1486
1457210 1486
1457220 1491
1457230 1497
1457240 1497
1457250 1502
1457260 1508
1457270 1508
1457280 1513
1457290 1519
1457300 1519
1457310 1525
1457320 1531
1457330 1531
1457340 1536
1457350 1538
1457360 1538
1457370 1538
1457380 1534
1457390 1534
1457400 1528
1457410 1521
1457420 1521
1457430 1513
1457440 1505
1457450 1505
1457460 1498
1457470 1490
1457480 1490
1457490 1483
1457500 1477
1457510 1477
1457520 1470
1457530 1463
1457540 1463
1457550 1457
1457560 1450
1457570 1450
1457580 1443
1457590 1435
1457600 1428
1457610 1428
1457620 1422
1457630 1416
1457640 1416
1457650 1411
1457660 1406
1457670 1406
1457680 1400
1457690 1394
1457700 1394
1457710 1389
1457720 1383
1457730 1383
1457740 1380
1457750 1377
1457760 1377
1457770 1373
1457780 1366
1457790 1366
1457800 1359
1457810 1359
1457820 1359
1457830 1359
1457840 1355
1457850 1355
1457860 1349
1457870 1344
1457880 1344
1457890 1340
1457900 1339
1457910 1339
1457920 1337
1457930 1334
1457940 1334
1457950 1332
1457960 1328
1457970 1328
1457980 1327
1457990 1327
1458000 1326
1458010 1326
1458020 1324
1458030 1317
1458040 1317
1458050 1307
1458060 1303
1458070 1303
1458080 1301
1458090 1292
1458100 1292
1458110 1292
1458120 1295
1458130 1295
1458140 1293
1458150 1290
1458160 1290
1458170 1287
1458180 1285
1458190 1285
1458200 1283
1458210 1281
1458220 1281
1458230 1278
1458240 1273
1458250 1273
1458260 1267
1458270 1262
1458280 1262
1458290 1257
1458300 1254
1458310 1254
1458320 1253
1458330 1250
1458340 1250
1458350 1248
1458360 1246
1458370 1246
1458380 1245
1458390 1244
1458400 1243
1458410 1243
1458420 1242
1458430 1242
1458440 1242
1458450 1242
1458460 1241
1458470 1241
1458480 1240
1458490 1239
1458500 1239
1458510 1238
1458520 1235
1458530 1235
1458540 1232
1458550 1230
1458560 1230
1458570 1227
1458580 1225
1458590 1225
1458600 1224
1458610 1223
1458620 1223
1458630 1221
1458640 1218
1458650 1218
1458660 1215
1458670 1211
1458680 1211
1458690 1208
1458700 1205
1458710 1205
1458720 1202
1458730 1199
1458740 1199
1458750 1198
1458760 1194
1458770 1194
1458780 1191
1458790 1188
1458800 1188
1458810 1185
1458820 1181
1458830 1177
1458840 1177
1458850 1174
1458860 1171
1458870 1171
1458880 1169
1458890 1167
1458900 1167
1458910 1165
1458920 1164
1458930 1164
1458940 1164
1458950 1164
1458960 1164
1458970 1162
1458980 1159
1458990 1159
1459000 1156
1459010 1154
1459020 1154
1459030 1152
1459040 1151
1459050 1151
1459060 1150
1459070 1148
1459080 1148
1459090 1146
1459100 1144
1459110 1144
1459120 1142
1459130 1140
1459140 1140
1459150 1140
1459160 1138
1459170 1138
1459180 1136
1459190 1133
1459200 1133
1459210 1131
1459220 1129
1459230 1126
1459240 1126
1459250 1123
1459260 1121
1459270 1121
1459280 1119
1459290 1116
1459300 1116
1459310 1115
1459320 1114
1459330 1114
1459340 1111
1459350 1108
1459360 1108
1459370 1105
1459380 1102
1459390 1102
1459400 1099
1459410 1096
1459420 1096
1459430 1095
1459440 1096
1459450 1096
1459460 1095
1459470 1093
1459480 1093
1459490 1091
1459500 1090
1459510 1090
1459520 1088
1459530 1087
1459540 1087
1459550 1086
1459560 1084
1459570 1084
1459580 1083
1459590 1081
1459600 1081
1459610 1078
1459620 1075
1459630 1072
1459640 1072
1459650 1071
1459660 1070
1459670 1070
1459680 1068
1459690 1065
1459700 1065
1459710 1063
1459720 1062
1459730 1062
1459740 1060
1459750 1059
1459760 1059
1459770 1058
1459780 1055
1459790 1055
1459800 1047
1459810 1040
1459820 1040
1459830 1035
1459840 1031
1459850 1031
1459860 1027
1459870 1023
1459880 1023
1459890 1019
1459900 1011
1459910 1011
1459920 1004
1459930 993
1459940 993
1459950 984
1459960 977
1459970 977
1459980 971
1459990 965
