1457510 1495
1457520 1495
1457530 1495
1457540 1496
1457550 1496
1457560 1497
1457570 1498
1457580 1498
1457590 1498
1457600 1499
1457610 1499
1457620 1501
1457630 1501
1457640 1501
1457650 1502
1457660 1503
1457670 1503
1457680 1505
1457690 1505
1457700 1505
1457710 1506
1457720 1507
1457730 1507
1457740 1509
1457750 1510
1457760 1510
1457770 1511
1457780 1512
1457790 1512
1457800 1512
1457810 1512
1457820 1512
1457830 1513
1457840 1513
1457850 1512
1457860 1512
1457870 1505
1457880 1498
1457890 1498
1457900 1491
1457910 1485
1457920 1485
1457930 1477
1457940 1470
1457950 1470
1457960 1462
1457970 1452
1457980 1452
1457990 1441
1458000 1432
1458010 1432
1458020 1423
1458030 1415
1458040 1415
1458050 1408
1458060 1400
1458070 1400
1458080 1393
1458090 1385
1458100 1385
1458110 1378
1458120 1371
1458130 1371
1458140 1364
1458150 1354
1458160 1354
1458170 1344
1458180 1334
1458190 1334
1458200 1325
1458210 1316
1458220 1316
1458230 1307
1458240 1298
1458250 1290
1458260 1290
1458270 1282
1458280 1275
1458290 1275
1458300 1269
1458310 1263
1458320 1263
1458330 1257
1458340 1251
1458350 1251
1458360 1245
1458370 1238
1458380 1238
1458390 1233
1458400 1227
1458410 1223
1458420 1215
1458430 1208
1458440 1208
1458450 1200
1458460 1191
1458470 1191
1458480 1183
1458490 1180
1458500 1180
1458510 1175
1458520 1172
1458530 1172
1458540 1170
1458550 1165
1458560 1165
1458570 1159
1458580 1154
1458590 1154
1458600 1151
1458610 1148
1458620 1148
1458630 1144
1458640 1139
1458650 1131
1458660 1131
1458670 1123
1458680 1118
1458690 1118
1458700 1112
1458710 1109
1458720 1109
1458730 1110
1458740 1110
1458750 1110
1458760 1109
1458770 1107
1458780 1107
1458790 1104
1458800 1101
1458810 1101
1458820 1098
1458830 1096
1458840 1096
1458850 1094
1458860 1091
1458870 1091
1458880 1089
1458890 1085
1458900 1085
1458910 1081
1458920 1077
1458930 1077
1458940 1074
1458950 1070
1458960 1070
1458970 1066
1458980 1060
1458990 1060
1459000 1055
1459010 1051
1459020 1051
1459030 1044
1459040 1037
1459050 1034
1459060 1034
1459070 1031
1459080 1027
1459090 1027
1459100 1025
1459110 1022
1459120 1022
1459130 1019
1459140 1016
1459150 1016
1459160 1014
1459170 1014
1459180 1014
1459190 1013
1459200 1011
1459210 1011
1459220 1008
1459230 1006
1459240 1006
1459250 1005
1459260 1004
1459270 1004
1459280 1003
1459290 1000
1459300 1000
1459310 999
1459320 997
1459330 997
1459340 994
1459350 992
1459360 992
1459370 989
1459380 986
1459390 986
1459400 985
1459410 982
1459420 982
1459430 980
1459440 978
1459450 978
1459460 976
1459470 974
1459480 970
1459490 970
1459500 969
1459510 967
1459520 967
1459530 968
1459540 969
1459550 969
1459560 969
1459570 968
1459580 968
1459590 967
1459600 966
1459610 966
1459620 963
1459630 959
1459640 959
1459650 955
1459660 949
1459670 949
1459680 942
1459690 943
1459700 943
1459710 944
1459720 942
1459730 942
1459740 940
1459750 938
1459760 938
1459770 935
1459780 934
1459790 934
1459800 932
1459810 930
1459820 930
1459830 925
1459840 921
1459850 921
1459860 917
1459870 909
1459880 903
1459890 903
1459900 901
1459910 906
1459920 906
1459930 907
1459940 906
1459950 906
1459960 905
1459970 902
1459980 902
1459990 896
