1457620 1458
1457630 1457
1457640 1458
1457650 1457
1457660 1455
1457670 1455
1457680 1453
1457690 1451
1457700 1451
1457710 1450
1457720 1449
1457730 1449
1457740 1448
1457750 1448
1457760 1448
1457770 1449
1457780 1449
1457790 1450
1457800 1450
1457810 1451
1457820 1452
1457830 1452
1457840 1453
1457850 1454
1457860 1454
1457870 1454
1457880 1454
1457890 1454
1457900 1454
1457910 1454
1457920 1454
1457930 1453
1457940 1451
1457950 1451
1457960 1448
1457970 1441
1457980 1441
1457990 1434
1458000 1427
1458010 1427
1458020 1414
1458030 1401
1458040 1401
1458050 1389
1458060 1380
1458070 1380
1458080 1370
1458090 1361
1458100 1361
1458110 1353
1458120 1346
1458130 1346
1458140 1338
1458150 1329
1458160 1329
1458170 1322
1458180 1314
1458190 1306
1458200 1306
1458210 1296
1458220 1288
1458230 1288
1458240 1279
1458250 1273
1458260 1273
1458270 1267
1458280 1261
1458290 1261
1458300 1255
1458310 1250
1458320 1250
1458330 1245
1458340 1240
1458350 1240
1458360 1235
1458370 1230
1458380 1230
1458390 1224
1458400 1218
1458410 1218
1458420 1213
1458430 1207
1458440 1207
1458450 1202
1458460 1199
1458470 1199
1458480 1191
1458490 1183
1458500 1183
1458510 1179
1458520 1172
1458530 1172
1458540 1168
1458550 1164
1458560 1164
1458570 1160
1458580 1154
1458590 1148
1458600 1148
1458610 1143
1458620 1138
1458630 1138
1458640 1132
1458650 1126
1458660 1126
1458670 1119
1458680 1114
1458690 1114
1458700 1109
1458710 1104
1458720 1104
1458730 1100
1458740 1096
1458750 1096
1458760 1092
1458770 1087
1458780 1087
1458790 1077
1458800 1076
1458810 1076
1458820 1081
1458830 1079
1458840 1079
1458850 1075
1458860 1072
1458870 1072
1458880 1069
1458890 1064
1458900 1064
1458910 1060
1458920 1055
1458930 1055
1458940 1050
1458950 1045
1458960 1045
1458970 1041
1458980 1037
1458990 1034
1459000 1034
1459010 1031
1459020 1026
1459030 1026
1459040 1020
1459050 1014
1459060 1014
1459070 1009
1459080 1005
1459090 1005
1459100 1001
1459110 996
1459120 996
1459130 990
1459140 987
1459150 987
1459160 988
1459170 988
1459180 988
1459190 986
1459200 984
1459210 984
1459220 981
1459230 978
1459240 978
1459250 975
1459260 972
1459270 972
1459280 970
1459290 967
1459300 967
1459310 966
1459320 964
1459330 964
1459340 961
1459350 956
1459360 956
1459370 949
1459380 945
1459390 945
1459400 945
1459410 945
1459420 942
1459430 942
1459440 936
1459450 931
1459460 931
1459470 927
1459480 928
1459490 928
1459500 926
1459510 924
1459520 924
1459530 921
1459540 919
1459550 919
1459560 916
1459570 916
1459580 916
1459590 915
1459600 912
1459610 912
1459620 909
1459630 905
1459640 905
1459650 901
1459660 898
1459670 898
1459680 896
1459690 895
1459700 895
1459710 894
1459720 893
1459730 893
1459740 890
1459750 886
1459760 886
1459770 882
1459780 879
1459790 879
1459800 877
1459810 873
1459820 867
1459830 867
1459840 865
1459850 863
1459860 863
1459870 858
1459880 853
1459890 853
1459900 849
1459910 846
1459920 846
1459930 843
1459940 840
1459950 840
1459960 837
1459970 835
1459980 835
1459990 835
