1457780 1336
1457790 1337
1457800 1337
1457810 1337
1457820 1337
1457830 1337
1457840 1337
1457850 1336
1457860 1336
1457870 1334
1457880 1331
1457890 1328
1457900 1328
1457910 1324
1457920 1321
1457930 1321
1457940 1319
1457950 1322
1457960 1322
1457970 1324
1457980 1326
1457990 1326
1458000 1329
1458010 1331
1458020 1331
1458030 1333
1458040 1335
1458050 1335
1458060 1337
1458070 1340
1458080 1340
1458090 1341
1458100 1332
1458110 1332
1458120 1317
1458130 1308
1458140 1308
1458150 1300
1458160 1292
1458170 1292
1458180 1285
1458190 1276
1458200 1276
1458210 1268
1458220 1257
1458230 1257
1458240 1246
1458250 1234
1458260 1234
1458270 1223
1458280 1215
1458290 1206
1458300 1206
1458310 1198
1458320 1191
1458330 1191
1458340 1185
1458350 1178
1458360 1178
1458370 1170
1458380 1163
1458390 1163
1458400 1157
1458410 1150
1458420 1150
1458430 1141
1458440 1134
1458450 1134
1458460 1130
1458470 1127
1458480 1127
1458490 1121
1458500 1115
1458510 1115
1458520 1110
1458530 1105
1458540 1105
1458550 1101
1458560 1097
1458570 1097
1458580 1093
1458590 1088
1458600 1088
1458610 1084
1458620 1081
1458630 1081
1458640 1077
1458650 1073
1458660 1073
1458670 1070
1458680 1065
1458690 1065
1458700 1060
1458710 1056
1458720 1053
1458730 1053
1458740 1048
1458750 1045
1458760 1045
1458770 1040
1458780 1034
1458790 1034
1458800 1029
1458810 1024
1458820 1024
1458830 1017
1458840 1012
1458850 1012
1458860 1008
1458870 1005
1458880 1005
1458890 1001
1458900 997
1458910 997
1458920 993
1458930 988
1458940 988
1458950 984
1458960 978
1458970 978
1458980 972
1458990 967
1459000 967
1459010 963
1459020 959
1459030 959
1459040 954
1459050 950
1459060 950
1459070 948
1459080 946
1459090 946
1459100 943
1459110 941
1459120 939
1459130 939
1459140 937
1459150 933
1459160 933
1459170 929
1459180 926
1459190 926
1459200 923
1459210 920
1459220 920
1459230 920
1459240 918
1459250 918
1459260 916
1459270 913
1459280 913
1459290 911
1459300 908
1459310 908
1459320 902
1459330 897
1459340 897
1459350 892
1459360 889
1459370 889
1459380 886
1459390 884
1459400 884
1459410 883
1459420 881
1459430 881
1459440 881
1459450 880
1459460 880
1459470 879
1459480 877
1459490 878
1459500 877
1459510 875
1459520 873
1459530 873
1459540 871
1459550 870
1459560 870
1459570 869
1459580 868
1459590 868
1459600 867
1459610 865
1459620 865
1459630 863
1459640 860
1459650 860
1459660 854
1459670 848
1459680 848
1459690 840
1459700 835
1459710 835
1459720 831
1459730 827
1459740 827
1459750 826
1459760 824
1459770 824
1459780 823
1459790 821
1459800 821
1459810 819
1459820 817
1459830 817
1459840 816
1459850 815
1459860 815
1459870 814
1459880 812
1459890 812
1459900 812
1459910 811
1459920 811
1459930 811
1459940 809
1459950 807
1459960 807
1459970 807
1459980 806
1459990 806
