1457810 1346
1457820 1348
1457830 1348
1457840 1350
1457850 1351
1457860 1351
1457870 1351
1457880 1350
1457890 1350
1457900 1348
1457910 1346
1457920 1343
1457930 1343
1457940 1339
1457950 1337
1457960 1337
1457970 1334
1457980 1335
1457990 1335
1458000 1337
1458010 1339
1458020 1339
1458030 1341
1458040 1342
1458050 1342
1458060 1344
1458070 1346
1458080 1346
1458090 1348
1458100 1349
1458110 1349
1458120 1349
1458130 1345
1458140 1345
1458150 1337
1458160 1320
1458170 1320
1458180 1304
1458190 1294
1458200 1294
1458210 1286
1458220 1277
1458230 1277
1458240 1268
1458250 1260
1458260 1260
1458270 1251
1458280 1241
1458290 1241
1458300 1229
1458310 1216
1458320 1201
1458330 1201
1458340 1188
1458350 1181
1458360 1181
1458370 1177
1458380 1174
1458390 1174
1458400 1169
1458410 1162
1458420 1162
1458430 1156
1458440 1153
1458450 1153
1458460 1150
1458470 1147
1458480 1147
1458490 1144
1458500 1137
1458510 1137
1458520 1129
1458530 1121
1458540 1121
1458550 1113
1458560 1109
1458570 1109
1458580 1106
1458590 1103
1458600 1103
1458610 1101
1458620 1098
1458630 1098
1458640 1094
1458650 1090
1458660 1090
1458670 1087
1458680 1083
1458690 1083
1458700 1078
1458710 1074
1458720 1074
1458730 1069
1458740 1064
1458750 1059
1458760 1059
1458770 1054
1458780 1048
1458790 1048
1458800 1042
1458810 1037
1458820 1037
1458830 1032
1458840 1027
1458850 1027
1458860 1021
1458870 1015
1458880 1015
1458890 1009
1458900 1002
1458910 1002
1458920 995
1458930 989
1458940 989
1458950 984
1458960 980
1458970 980
1458980 977
1458990 973
1459000 973
1459010 968
1459020 963
1459030 963
1459040 958
1459050 955
1459060 955
1459070 953
1459080 950
1459090 950
1459100 947
1459110 944
1459120 944
1459130 942
1459140 941
1459150 938
1459160 938
1459170 935
1459180 933
1459190 933
1459200 931
1459210 929
1459220 929
1459230 928
1459240 927
1459250 927
1459260 926
1459270 923
1459280 923
1459290 921
1459300 920
1459310 920
1459320 920
1459330 918
1459340 918
1459350 913
1459360 908
1459370 908
1459380 902
1459390 897
1459400 897
1459410 892
1459420 888
1459430 888
1459440 886
1459450 884
1459460 884
1459470 883
1459480 882
1459490 882
1459500 881
1459510 880
1459520 880
1459530 878
1459540 876
1459550 875
1459560 875
1459570 873
1459580 872
1459590 872
1459600 870
1459610 867
1459620 867
1459630 862
1459640 858
1459650 858
1459660 855
1459670 854
1459680 854
1459690 852
1459700 849
1459710 849
1459720 847
1459730 845
1459740 845
1459750 841
1459760 834
1459770 834
1459780 830
1459790 827
1459800 827
1459810 824
1459820 821
1459830 821
1459840 820
1459850 818
1459860 818
1459870 818
1459880 816
1459890 816
1459900 813
1459910 809
1459920 809
1459930 808
1459940 807
1459950 807
1459960 808
1459970 809
1459980 808
1459990 808
