1457790 1345
1457800 1345
1457810 1345
1457820 1346
1457830 1346
1457840 1346
1457850 1345
1457860 1345
1457870 1343
1457880 1340
1457890 1340
1457900 1337
1457910 1334
1457920 1331
1457930 1331
1457940 1328
1457950 1328
1457960 1328
1457970 1330
1457980 1332
1457990 1332
1458000 1333
1458010 1336
1458020 1336
1458030 1338
1458040 1341
1458050 1341
1458060 1343
1458070 1346
1458080 1346
1458090 1347
1458100 1343
1458110 1343
1458120 1333
1458130 1322
1458140 1322
1458150 1313
1458160 1304
1458170 1304
1458180 1295
1458190 1288
1458200 1288
1458210 1280
1458220 1271
1458230 1271
1458240 1262
1458250 1252
1458260 1252
1458270 1243
1458280 1235
1458290 1235
1458300 1226
1458310 1217
1458320 1208
1458330 1208
1458340 1198
1458350 1187
1458360 1187
1458370 1171
1458380 1159
1458390 1159
1458400 1153
1458410 1149
1458420 1149
1458430 1146
1458440 1142
1458450 1142
1458460 1139
1458470 1136
1458480 1136
1458490 1131
1458500 1125
1458510 1125
1458520 1121
1458530 1115
1458540 1115
1458550 1110
1458560 1104
1458570 1104
1458580 1101
1458590 1097
1458600 1097
1458610 1093
1458620 1089
1458630 1089
1458640 1085
1458650 1082
1458660 1082
1458670 1078
1458680 1074
1458690 1074
1458700 1070
1458710 1067
1458720 1063
1458730 1063
1458740 1058
1458750 1054
1458760 1054
1458770 1047
1458780 1043
1458790 1043
1458800 1037
1458810 1030
1458820 1030
1458830 1025
1458840 1019
1458850 1019
1458860 1015
1458870 1008
1458880 1008
1458890 1003
1458900 998
1458910 998
1458920 992
1458930 988
1458940 988
1458950 986
1458960 984
1458970 984
1458980 980
1458990 973
1459000 973
1459010 969
1459020 964
1459030 964
1459040 960
1459050 959
1459060 959
1459070 956
1459080 952
1459090 952
1459100 949
1459110 946
1459120 946
1459130 943
1459140 940
1459150 937
1459160 937
1459170 934
1459180 932
1459190 932
1459200 931
1459210 929
1459220 929
1459230 926
1459240 924
1459250 924
1459260 922
1459270 920
1459280 920
1459290 919
1459300 918
1459310 918
1459320 914
1459330 909
1459340 909
1459350 903
1459360 897
1459370 897
1459380 894
1459390 890
1459400 890
1459410 887
1459420 885
1459430 885
1459440 883
1459450 883
1459460 883
1459470 882
1459480 880
1459490 880
1459500 879
1459510 878
1459520 878
1459530 875
1459540 874
1459550 872
1459560 872
1459570 871
1459580 870
1459590 870
1459600 869
1459610 868
1459620 868
1459630 865
1459640 861
1459650 861
1459660 857
1459670 853
1459680 853
1459690 850
1459700 845
1459710 845
1459720 838
1459730 834
1459740 834
1459750 831
1459760 829
1459770 829
1459780 827
1459790 824
1459800 824
1459810 821
1459820 819
1459830 819
1459840 818
1459850 817
1459860 817
1459870 815
1459880 814
1459890 814
1459900 812
1459910 809
1459920 809
1459930 809
1459940 808
1459950 805
1459960 805
1459970 803
1459980 800
1459990 800
