1457020 1187
1457030 1187
1457040 1187
1457050 1189
1457060 1190
1457070 1190
1457080 1192
1457090 1195
1457100 1195
1457110 1197
1457120 1200
1457130 1200
1457140 1203
1457150 1206
1457160 1210
1457170 1210
1457180 1214
1457190 1218
1457200 1218
1457210 1222
1457220 1226
1457230 1226
1457240 1230
1457250 1235
1457260 1235
1457270 1239
1457280 1243
1457290 1243
1457300 1247
1457310 1250
1457320 1250
1457330 1254
1457340 1255
1457350 1255
1457360 1254
1457370 1249
1457380 1249
1457390 1243
1457400 1236
1457410 1236
1457420 1229
1457430 1223
1457440 1223
1457450 1217
1457460 1211
1457470 1211
1457480 1205
1457490 1200
1457500 1200
1457510 1195
1457520 1190
1457530 1190
1457540 1185
1457550 1181
1457560 1181
1457570 1177
1457580 1173
1457590 1169
1457600 1169
1457610 1164
1457620 1159
1457630 1159
1457640 1153
1457650 1148
1457660 1148
1457670 1143
1457680 1138
1457690 1138
1457700 1133
1457710 1128
1457720 1128
1457730 1124
1457740 1119
1457750 1119
1457760 1116
1457770 1112
1457780 1112
1457790 1109
1457800 1104
1457810 1104
1457820 1101
1457830 1097
1457840 1097
1457850 1092
1457860 1088
1457870 1088
1457880 1084
1457890 1079
1457900 1079
1457910 1075
1457920 1070
1457930 1070
1457940 1064
1457950 1059
1457960 1059
1457970 1053
1457980 1049
1457990 1045
1458000 1045
1458010 1041
1458020 1038
1458030 1038
1458040 1035
1458050 1031
1458060 1031
1458070 1027
1458080 1024
1458090 1024
1458100 1021
1458110 1018
1458120 1018
1458130 1014
1458140 1009
1458150 1009
1458160 1005
1458170 1001
1458180 1001
1458190 1000
1458200 999
1458210 999
1458220 1000
1458230 998
1458240 998
1458250 996
1458260 993
1458270 993
1458280 991
1458290 990
1458300 990
1458310 987
1458320 984
1458330 984
1458340 979
1458350 975
1458360 975
1458370 969
1458380 964
1458390 959
1458400 959
1458410 954
1458420 951
1458430 951
1458440 948
1458450 945
1458460 945
1458470 942
1458480 940
1458490 940
1458500 937
1458510 935
1458520 935
1458530 934
1458540 931
1458550 931
1458560 929
1458570 927
1458580 927
1458590 923
1458600 920
1458610 920
1458620 917
1458630 915
1458640 915
1458650 913
1458660 911
1458670 911
1458680 909
1458690 906
1458700 906
1458710 903
1458720 901
1458730 901
1458740 897
1458750 893
1458760 893
1458770 888
1458780 884
1458790 884
1458800 880
1458810 876
1458820 874
1458830 874
1458840 872
1458850 871
1458860 871
1458870 869
1458880 867
1458890 867
1458900 865
1458910 863
1458920 863
1458930 861
1458940 859
1458950 859
1458960 858
1458970 857
1458980 857
1458990 856
1459000 855
1459010 855
1459020 855
1459030 855
1459040 855
1459050 855
1459060 858
1459070 858
1459080 862
1459090 860
1459100 860
1459110 856
1459120 856
1459130 856
1459140 856
1459150 856
1459160 856
1459170 854
1459180 852
1459190 852
1459200 847
1459210 841
1459220 836
1459230 836
1459240 833
1459250 832
1459260 832
1459270 832
1459280 834
1459290 834
1459300 835
1459310 835
1459320 835
1459330 835
1459340 832
1459350 832
1459360 830
1459370 829
1459380 829
1459390 827
1459400 825
1459410 825
1459420 823
1459430 820
1459440 820
1459450 818
1459460 813
1459470 813
1459480 806
1459490 799
1459500 799
1459510 792
1459520 787
1459530 787
1459540 787
1459550 786
1459560 786
1459570 783
1459580 784
1459590 784
1459600 784
1459610 782
1459620 782
1459630 778
1459640 774
1459650 768
1459660 768
1459670 763
1459680 757
1459690 757
1459700 751
1459710 746
1459720 746
1459730 741
1459740 738
1459750 738
1459760 735
1459770 734
1459780 734
1459790 730
1459800 725
1459810 725
1459820 720
1459830 714
1459840 714
1459850 708
1459860 702
1459870 702
1459880 699
1459890 696
1459900 696
1459910 694
1459920 691
1459930 691
1459940 682
1459950 678
1459960 678
1459970 676
1459980 670
1459990 670
