1456960 1223
1456970 1222
1456980 1222
1456990 1217
1457000 1213
1457010 1213
1457020 1211
1457030 1208
1457040 1208
1457050 1206
1457060 1205
1457070 1205
1457080 1204
1457090 1204
1457100 1204
1457110 1206
1457120 1209
1457130 1212
1457140 1212
1457150 1215
1457160 1218
1457170 1218
1457180 1222
1457190 1225
1457200 1225
1457210 1229
1457220 1233
1457230 1233
1457240 1238
1457250 1242
1457260 1242
1457270 1247
1457280 1253
1457290 1253
1457300 1255
1457310 1251
1457320 1251
1457330 1247
1457340 1242
1457350 1242
1457360 1238
1457370 1233
1457380 1233
1457390 1227
1457400 1221
1457410 1221
1457420 1216
1457430 1210
1457440 1210
1457450 1204
1457460 1199
1457470 1199
1457480 1195
1457490 1190
1457500 1190
1457510 1186
1457520 1181
1457530 1177
1457540 1177
1457550 1172
1457560 1169
1457570 1169
1457580 1164
1457590 1161
1457600 1161
1457610 1156
1457620 1151
1457630 1151
1457640 1145
1457650 1141
1457660 1141
1457670 1136
1457680 1132
1457690 1132
1457700 1126
1457710 1121
1457720 1121
1457730 1115
1457740 1110
1457750 1110
1457760 1106
1457770 1103
1457780 1103
1457790 1101
1457800 1098
1457810 1098
1457820 1095
1457830 1091
1457840 1091
1457850 1088
1457860 1083
1457870 1083
1457880 1077
1457890 1072
1457900 1072
1457910 1067
1457920 1063
1457930 1063
1457940 1059
1457950 1055
1457960 1051
1457970 1051
1457980 1046
1457990 1042
1458000 1042
1458010 1039
1458020 1036
1458030 1036
1458040 1033
1458050 1029
1458060 1029
1458070 1024
1458080 1018
1458090 1018
1458100 1014
1458110 1010
1458120 1010
1458130 1007
1458140 1003
1458150 1003
1458160 999
1458170 995
1458180 995
1458190 991
1458200 987
1458210 987
1458220 985
1458230 982
1458240 982
1458250 979
1458260 975
1458270 975
1458280 971
1458290 969
1458300 969
1458310 969
1458320 966
1458330 966
1458340 961
1458350 956
1458360 951
1458370 951
1458380 947
1458390 943
1458400 943
1458410 939
1458420 937
1458430 937
1458440 935
1458450 932
1458460 932
1458470 930
1458480 927
1458490 927
1458500 925
1458510 923
1458520 923
1458530 920
1458540 919
1458550 919
1458560 917
1458570 915
1458580 915
1458590 914
1458600 914
1458610 914
1458620 914
1458630 913
1458640 913
1458650 911
1458660 908
1458670 908
1458680 905
1458690 902
1458700 902
1458710 898
1458720 894
1458730 894
1458740 891
1458750 889
1458760 889
1458770 887
1458780 885
1458790 883
1458800 883
1458810 880
1458820 877
1458830 877
1458840 874
1458850 872
1458860 872
1458870 869
1458880 869
1458890 869
1458900 869
1458910 867
1458920 867
1458930 866
1458940 863
1458950 863
1458960 860
1458970 855
1458980 855
1458990 852
1459000 851
1459010 851
1459020 850
1459030 849
1459040 849
1459050 849
1459060 847
1459070 847
1459080 847
1459090 847
1459100 847
1459110 849
1459120 848
1459130 848
1459140 844
1459150 841
1459160 841
1459170 835
1459180 829
1459190 824
1459200 824
1459210 820
1459220 817
1459230 817
1459240 816
1459250 816
1459260 816
1459270 817
1459280 817
1459290 817
1459300 818
1459310 820
1459320 820
1459330 821
1459340 822
1459350 822
1459360 822
1459370 823
1459380 823
1459390 824
1459400 826
1459410 826
1459420 825
1459430 822
1459440 822
1459450 816
1459460 809
1459470 809
1459480 803
1459490 795
1459500 795
1459510 789
1459520 786
1459530 786
1459540 785
1459550 785
1459560 785
1459570 782
1459580 779
1459590 779
1459600 776
1459610 772
1459620 768
1459630 768
1459640 764
1459650 761
1459660 761
1459670 758
1459680 755
1459690 755
1459700 744
1459710 733
1459720 733
1459730 726
1459740 718
1459750 718
1459760 713
1459770 709
1459780 709
1459790 706
1459800 702
1459810 702
1459820 698
1459830 695
1459840 695
1459850 694
1459860 695
1459870 695
1459880 694
1459890 692
1459900 692
1459910 689
1459920 688
1459930 688
1459940 689
1459950 688
1459960 688
1459970 689
1459980 692
1459990 692
