1455840 865
1455850 864
1455860 864
1455870 866
1455880 870
1455890 870
1455900 872
1455910 875
1455920 875
1455930 877
1455940 881
1455950 881
1455960 884
1455970 885
1455980 885
1455990 887
1456000 888
1456010 892
1456020 892
1456030 895
1456040 897
1456050 897
1456060 898
1456070 900
1456080 900
1456090 901
1456100 902
1456110 902
1456120 903
1456130 904
1456140 904
1456150 904
1456160 903
1456170 903
1456180 903
1456190 902
1456200 902
1456210 901
1456220 900
1456230 900
1456240 901
1456250 905
1456260 905
1456270 913
1456280 923
1456290 923
1456300 929
1456310 933
1456320 933
1456330 935
1456340 935
1456350 935
1456360 933
1456370 928
1456380 928
1456390 926
1456400 925
1456410 925
1456420 923
1456430 921
1456440 920
1456450 920
1456460 918
1456470 916
1456480 916
1456490 913
1456500 909
1456510 909
1456520 903
1456530 897
1456540 897
1456550 894
1456560 891
1456570 891
1456580 891
1456590 891
1456600 891
1456610 891
1456620 890
1456630 890
1456640 888
1456650 886
1456660 886
1456670 884
1456680 881
1456690 881
1456700 878
1456710 875
1456720 875
1456730 872
1456740 869
1456750 869
1456760 867
1456770 866
1456780 866
1456790 863
1456800 861
1456810 861
1456820 858
1456830 856
1456840 856
1456850 854
1456860 851
1456870 849
1456880 849
1456890 847
1456900 846
1456910 846
1456920 843
1456930 840
1456940 840
1456950 838
1456960 837
1456970 837
1456980 835
1456990 833
1457000 833
1457010 833
1457020 832
1457030 832
1457040 832
1457050 833
1457060 833
1457070 831
1457080 827
1457090 827
1457100 826
1457110 825
1457120 825
1457130 825
1457140 824
1457150 824
1457160 823
1457170 823
1457180 823
1457190 822
1457200 819
1457210 819
1457220 817
1457230 815
1457240 815
1457250 816
1457260 816
1457270 815
1457280 815
1457290 814
1457300 813
1457310 813
1457320 813
1457330 812
1457340 812
1457350 811
1457360 811
1457370 811
1457380 811
1457390 810
1457400 810
1457410 807
1457420 804
1457430 804
1457440 802
1457450 802
1457460 802
1457470 801
1457480 801
1457490 801
1457500 803
1457510 806
1457520 806
1457530 810
1457540 816
1457550 816
1457560 822
1457570 826
1457580 826
1457590 827
1457600 827
1457610 827
1457620 826
1457630 823
1457640 823
1457650 819
1457660 816
1457670 816
1457680 812
1457690 810
1457700 808
1457710 808
1457720 805
1457730 802
1457740 802
1457750 798
1457760 794
1457770 794
1457780 788
1457790 783
1457800 783
1457810 779
1457820 780
1457830 781
1457840 781
1457850 782
1457860 782
1457870 782
1457880 782
1457890 782
1457900 783
1457910 786
1457920 786
1457930 788
1457940 788
1457950 788
1457960 787
1457970 783
1457980 783
1457990 776
1458000 766
1458010 766
1458020 757
1458030 747
1458040 747
1458050 737
1458060 736
1458070 736
1458080 746
1458090 755
1458100 755
1458110 762
1458120 761
1458130 756
1458140 756
1458150 753
1458160 755
1458170 755
1458180 757
1458190 763
1458200 763
1458210 771
1458220 776
1458230 776
1458240 781
1458250 786
1458260 786
1458270 791
1458280 797
1458290 797
1458300 801
1458310 806
1458320 806
1458330 810
1458340 814
1458350 814
1458360 814
1458370 815
1458380 815
1458390 817
1458400 820
1458410 820
1458420 822
1458430 824
1458440 824
1458450 830
1458460 836
1458470 836
1458480 840
1458490 843
1458500 843
1458510 846
1458520 851
1458530 851
1458540 856
1458550 861
1458560 866
1458570 866
1458580 870
1458590 873
1458600 873
1458610 874
1458620 874
1458630 874
1458640 874
1458650 873
1458660 873
1458670 873
1458680 871
1458690 871
1458700 868
1458710 865
1458720 865
1458730 862
1458740 858
1458750 858
1458760 853
1458770 848
1458780 848
1458790 843
1458800 838
1458810 838
1458820 833
1458830 829
1458840 829
1458850 824
1458860 818
1458870 818
1458880 813
1458890 808
1458900 808
1458910 803
1458920 800
1458930 800
1458940 795
1458950 788
1458960 788
1458970 781
1458980 775
1458990 768
1459000 768
1459010 759
1459020 750
1459030 750
1459040 741
1459050 732
1459060 732
1459070 724
1459080 716
1459090 716
1459100 707
1459110 698
1459120 698
1459130 689
1459140 680
1459150 680
1459160 670
1459170 660
1459180 660
1459190 652
1459200 644
1459210 644
1459220 636
1459230 629
1459240 629
1459250 622
1459260 614
1459270 614
1459280 607
1459290 601
1459300 601
1459310 596
1459320 594
1459330 594
1459340 592
1459350 589
1459360 589
1459370 585
1459380 581
1459390 581
1459400 578
1459410 574
1459420 570
1459430 570
1459440 567
1459450 563
1459460 563
1459470 560
1459480 558
1459490 558
1459500 555
1459510 553
1459520 553
1459530 552
1459540 549
1459550 549
1459560 547
1459570 545
1459580 545
1459590 543
1459600 541
1459610 541
1459620 539
1459630 536
1459640 536
1459650 535
1459660 532
1459670 532
1459680 530
1459690 528
1459700 528
1459710 525
1459720 523
1459730 523
1459740 520
1459750 518
1459760 518
1459770 515
1459780 513
1459790 513
1459800 511
1459810 509
1459820 507
1459830 507
1459840 504
1459850 502
1459860 502
1459870 500
1459880 498
1459890 498
1459900 496
1459910 494
1459920 494
1459930 492
1459940 490
1459950 490
1459960 487
1459970 484
1459980 484
1459990 479
