1455420 835
1455430 834
1455440 834
1455450 833
1455460 833
1455470 833
1455480 832
1455490 831
1455500 831
1455510 832
1455520 833
1455530 833
1455540 834
1455550 835
1455560 835
1455570 835
1455580 835
1455590 835
1455600 835
1455610 836
1455620 836
1455630 836
1455640 835
1455650 833
1455660 833
1455670 832
1455680 831
1455690 831
1455700 830
1455710 827
1455720 827
1455730 824
1455740 820
1455750 820
1455760 817
1455770 813
1455780 813
1455790 808
1455800 804
1455810 804
1455820 799
1455830 796
1455840 796
1455850 792
1455860 788
1455870 788
1455880 783
1455890 780
1455900 780
1455910 777
1455920 774
1455930 774
1455940 770
1455950 766
1455960 766
1455970 763
1455980 760
1455990 756
1456000 756
1456010 753
1456020 750
1456030 750
1456040 748
1456050 746
1456060 746
1456070 745
1456080 746
1456090 746
1456100 749
1456110 750
1456120 750
1456130 749
1456140 752
1456150 752
1456160 755
1456170 754
1456180 754
1456190 753
1456200 751
1456210 751
1456220 749
1456230 746
1456240 746
1456250 743
1456260 740
1456270 740
1456280 737
1456290 734
1456300 734
1456310 732
1456320 731
1456330 731
1456340 729
1456350 728
1456360 728
1456370 729
1456380 729
1456390 729
1456400 730
1456410 730
1456420 730
1456430 730
1456440 731
1456450 731
1456460 731
1456470 733
1456480 735
1456490 735
1456500 736
1456510 735
1456520 735
1456530 734
1456540 732
1456550 732
1456560 731
1456570 728
1456580 728
1456590 725
1456600 720
1456610 720
1456620 715
1456630 709
1456640 709
1456650 698
1456660 694
1456670 694
1456680 692
1456690 690
1456700 690
1456710 690
1456720 688
1456730 688
1456740 687
1456750 689
1456760 689
1456770 688
1456780 685
1456790 685
1456800 682
1456810 679
1456820 679
1456830 677
1456840 675
1456850 674
1456860 674
1456870 673
1456880 670
1456890 670
1456900 668
1456910 669
1456920 669
1456930 669
1456940 667
1456950 667
1456960 662
1456970 658
1456980 658
1456990 655
1457000 655
1457010 655
1457020 655
1457030 653
1457040 653
1457050 650
1457060 645
1457070 645
1457080 641
1457090 638
1457100 638
1457110 636
1457120 634
1457130 634
1457140 633
1457150 632
1457160 632
1457170 631
1457180 631
1457190 631
1457200 631
1457210 631
1457220 631
1457230 630
1457240 629
1457250 629
1457260 629
1457270 631
1457280 633
1457290 633
1457300 636
1457310 641
1457320 641
1457330 646
1457340 651
1457350 651
1457360 656
1457370 660
1457380 660
1457390 664
1457400 667
1457410 667
1457420 670
1457430 674
1457440 674
1457450 682
1457460 693
1457470 693
1457480 702
1457490 709
1457500 709
1457510 713
1457520 718
1457530 718
1457540 723
1457550 727
1457560 727
1457570 731
1457580 733
1457590 733
1457600 733
1457610 731
1457620 731
1457630 731
1457640 729
1457650 729
1457660 725
1457670 729
1457680 729
1457690 732
1457700 732
1457710 728
1457720 728
1457730 723
1457740 717
1457750 717
1457760 711
1457770 703
1457780 703
1457790 694
1457800 684
1457810 684
1457820 674
1457830 664
1457840 664
1457850 653
1457860 632
1457870 632
1457880 624
1457890 619
1457900 619
1457910 615
1457920 610
1457930 610
1457940 607
1457950 614
1457960 614
1457970 635
1457980 650
1457990 650
1458000 658
1458010 665
1458020 665
1458030 675
1458040 679
1458050 679
1458060 678
1458070 677
1458080 677
1458090 679
1458100 685
1458110 685
1458120 687
1458130 687
1458140 687
1458150 687
1458160 685
1458170 674
1458180 674
1458190 664
1458200 654
1458210 654
1458220 643
1458230 636
1458240 636
1458250 630
1458260 622
1458270 622
1458280 615
1458290 609
1458300 609
1458310 601
1458320 595
1458330 595
1458340 588
1458350 581
1458360 581
1458370 575
1458380 569
1458390 569
1458400 564
1458410 559
1458420 559
1458430 553
1458440 547
1458450 547
1458460 543
1458470 539
1458480 539
1458490 533
1458500 527
1458510 527
1458520 521
1458530 514
1458540 514
1458550 512
1458560 510
1458570 503
1458580 503
1458590 496
1458600 489
1458610 489
1458620 482
1458630 477
1458640 477
1458650 472
1458660 467
1458670 467
1458680 463
1458690 460
1458700 460
1458710 458
1458720 454
1458730 454
1458740 450
1458750 448
1458760 448
1458770 447
1458780 445
1458790 445
1458800 444
1458810 444
1458820 444
1458830 444
1458840 444
1458850 444
1458860 444
1458870 445
1458880 445
1458890 447
1458900 447
1458910 447
1458920 447
1458930 445
1458940 445
1458950 445
1458960 445
1458970 445
1458980 445
1458990 445
1459000 445
1459010 444
1459020 444
1459030 444
1459040 444
1459050 444
1459060 445
1459070 445
1459080 445
1459090 445
1459100 445
1459110 445
1459120 445
1459130 445
1459140 445
1459150 446
1459160 446
1459170 446
1459180 446
1459190 446
1459200 447
1459210 447
1459220 447
1459230 447
1459240 447
1459250 447
1459260 447
1459270 447
1459280 447
1459290 448
1459300 448
1459310 448
1459320 448
1459330 448
1459340 448
1459350 448
1459360 448
1459370 448
1459380 448
1459390 448
1459400 448
1459410 448
1459420 448
1459430 448
1459440 448
1459450 448
1459460 448
1459470 448
1459480 448
1459490 448
1459500 448
1459510 448
1459520 448
1459530 448
1459540 448
1459550 448
1459560 448
1459570 448
1459580 448
1459590 448
1459600 448
1459610 448
1459620 448
1459630 448
1459640 448
1459650 448
1459660 448
1459670 448
1459680 448
1459690 448
1459700 448
1459710 448
1459720 448
1459730 448
1459740 448
1459750 448
1459760 449
1459770 449
1459780 449
1459790 448
1459800 448
1459810 448
1459820 448
1459830 448
1459840 448
1459850 448
1459860 448
1459870 449
1459880 449
1459890 449
1459900 449
1459910 449
1459920 449
1459930 449
1459940 449
1459950 449
1459960 449
1459970 449
1459980 449
1459990 449
