1455520 653
1455530 655
1455540 655
1455550 655
1455560 655
1455570 655
1455580 656
1455590 657
1455600 657
1455610 657
1455620 658
1455630 658
1455640 658
1455650 656
1455660 656
1455670 655
1455680 651
1455690 651
1455700 648
1455710 649
1455720 647
1455730 647
1455740 644
1455750 643
1455760 643
1455770 644
1455780 644
1455790 644
1455800 644
1455810 647
1455820 647
1455830 646
1455840 645
1455850 645
1455860 644
1455870 641
1455880 641
1455890 638
1455900 635
1455910 635
1455920 633
1455930 631
1455940 631
1455950 631
1455960 629
1455970 629
1455980 627
1455990 624
1456000 624
1456010 621
1456020 616
1456030 616
1456040 613
1456050 612
1456060 612
1456070 608
1456080 605
1456090 605
1456100 603
1456110 603
1456120 603
1456130 602
1456140 601
1456150 600
1456160 600
1456170 599
1456180 599
1456190 599
1456200 598
1456210 597
1456220 597
1456230 596
1456240 596
1456250 596
1456260 597
1456270 597
1456280 597
1456290 598
1456300 598
1456310 598
1456320 598
1456330 598
1456340 598
1456350 597
1456360 597
1456370 597
1456380 595
1456390 595
1456400 595
1456410 595
1456420 594
1456430 594
1456440 593
1456450 592
1456460 592
1456470 591
1456480 591
1456490 591
1456500 590
1456510 589
1456520 589
1456530 588
1456540 587
1456550 587
1456560 586
1456570 584
1456580 585
1456590 585
1456600 587
1456610 591
1456620 591
1456630 592
1456640 596
1456650 596
1456660 599
1456670 600
1456680 600
1456690 598
1456700 595
1456710 595
1456720 594
1456730 596
1456740 596
1456750 599
1456760 601
1456770 601
1456780 604
1456790 607
1456800 607
1456810 612
1456820 617
1456830 617
1456840 621
1456850 625
1456860 625
1456870 632
1456880 636
1456890 636
1456900 640
1456910 643
1456920 643
1456930 647
1456940 650
1456950 650
1456960 650
1456970 649
1456980 649
1456990 649
1457000 648
1457010 648
1457020 645
1457030 643
1457040 638
1457050 638
1457060 633
1457070 630
1457080 630
1457090 628
1457100 625
1457110 625
1457120 619
1457130 614
1457140 614
1457150 609
1457160 605
1457170 605
1457180 600
1457190 597
1457200 597
1457210 595
1457220 594
1457230 594
1457240 592
1457250 588
1457260 588
1457270 581
1457280 571
1457290 571
1457300 558
1457310 543
1457320 543
1457330 537
1457340 534
1457350 534
1457360 529
1457370 517
1457380 517
1457390 498
1457400 487
1457410 487
1457420 483
1457430 477
1457440 477
1457450 476
1457460 481
1457470 497
1457480 497
1457490 514
1457500 521
1457510 521
1457520 522
1457530 523
1457540 523
1457550 523
1457560 523
1457570 523
1457580 523
1457590 523
1457600 523
1457610 520
1457620 517
1457630 517
1457640 513
1457650 508
1457660 508
1457670 502
1457680 496
1457690 496
1457700 490
1457710 484
1457720 484
1457730 478
1457740 473
1457750 473
1457760 467
1457770 461
1457780 461
1457790 456
1457800 451
1457810 451
1457820 448
1457830 448
1457840 448
1457850 447
1457860 447
1457870 447
1457880 447
1457890 447
1457900 447
1457910 447
1457920 447
1457930 447
1457940 447
1457950 447
1457960 445
1457970 445
1457980 444
1457990 445
1458000 445
1458010 446
1458020 446
1458030 446
1458040 445
1458050 444
1458060 444
1458070 445
1458080 446
1458090 446
1458100 445
1458110 445
1458120 445
1458130 446
1458140 445
1458150 445
1458160 445
1458170 445
1458180 445
1458190 442
1458200 441
1458210 441
1458220 441
1458230 441
1458240 441
1458250 441
1458260 441
1458270 441
1458280 441
1458290 441
1458300 441
1458310 441
1458320 443
1458330 442
1458340 442
1458350 441
1458360 441
1458370 441
1458380 441
1458390 442
1458400 442
1458410 444
1458420 445
1458430 445
1458440 445
1458450 446
1458460 446
1458470 445
1458480 445
1458490 445
1458500 445
1458510 446
1458520 446
1458530 446
1458540 446
1458550 446
1458560 446
1458570 446
1458580 446
1458590 446
1458600 446
1458610 446
1458620 446
1458630 446
1458640 446
1458650 446
1458660 446
1458670 446
1458680 446
1458690 446
1458700 446
1458710 446
1458720 446
1458730 446
1458740 446
1458750 446
1458760 447
1458770 447
1458780 446
1458790 446
1458800 446
1458810 447
1458820 447
1458830 447
1458840 447
1458850 447
1458860 447
1458870 447
1458880 447
1458890 447
1458900 447
1458910 447
1458920 447
1458930 447
1458940 447
1458950 447
1458960 447
1458970 447
1458980 447
1458990 447
1459000 447
1459010 447
1459020 447
1459030 448
1459040 448
1459050 448
1459060 448
1459070 448
1459080 447
1459090 447
1459100 447
1459110 447
1459120 447
1459130 447
1459140 447
1459150 448
1459160 448
1459170 448
1459180 448
1459190 448
1459200 448
1459210 447
1459220 448
1459230 448
1459240 448
1459250 448
1459260 448
1459270 448
1459280 448
1459290 448
1459300 448
1459310 448
1459320 448
1459330 448
1459340 448
1459350 448
1459360 448
1459370 448
1459380 448
1459390 448
1459400 448
1459410 448
1459420 448
1459430 448
1459440 448
1459450 448
1459460 448
1459470 448
1459480 448
1459490 448
1459500 448
1459510 448
1459520 448
1459530 448
1459540 448
1459550 447
1459560 447
1459570 448
1459580 448
1459590 448
1459600 449
1459610 449
1459620 449
1459630 449
1459640 449
1459650 449
1459660 449
1459670 448
1459680 448
1459690 448
1459700 448
1459710 449
1459720 449
1459730 449
1459740 448
1459750 448
1459760 448
1459770 449
1459780 449
1459790 449
1459800 449
1459810 449
1459820 448
1459830 448
1459840 448
1459850 448
1459860 448
1459870 448
1459880 448
1459890 448
1459900 448
1459910 448
1459920 448
1459930 448
1459940 448
1459950 448
1459960 448
1459970 448
1459980 448
1459990 448
