1455720 651
1455730 651
1455740 649
1455750 644
1455760 642
1455770 642
1455780 644
1455790 645
1455800 645
1455810 645
1455820 645
1455830 645
1455840 645
1455850 645
1455860 645
1455870 644
1455880 644
1455890 644
1455900 643
1455910 643
1455920 643
1455930 642
1455940 640
1455950 640
1455960 639
1455970 639
1455980 639
1455990 639
1456000 640
1456010 640
1456020 643
1456030 645
1456040 645
1456050 648
1456060 650
1456070 650
1456080 652
1456090 652
1456100 652
1456110 649
1456120 643
1456130 643
1456140 639
1456150 637
1456160 637
1456170 637
1456180 639
1456190 639
1456200 643
1456210 646
1456220 650
1456230 650
1456240 654
1456250 662
1456260 662
1456270 674
1456280 679
1456290 679
1456300 681
1456310 684
1456320 684
1456330 687
1456340 689
1456350 689
1456360 692
1456370 695
1456380 695
1456390 699
1456400 703
1456410 703
1456420 709
1456430 714
1456440 714
1456450 716
1456460 718
1456470 718
1456480 717
1456490 714
1456500 714
1456510 715
1456520 714
1456530 714
1456540 709
1456550 702
1456560 702
1456570 693
1456580 681
1456590 681
1456600 669
1456610 659
1456620 659
1456630 646
1456640 634
1456650 624
1456660 624
1456670 617
1456680 610
1456690 610
1456700 604
1456710 598
1456720 598
1456730 593
1456740 586
1456750 586
1456760 579
1456770 573
1456780 573
1456790 567
1456800 559
1456810 559
1456820 551
1456830 543
1456840 543
1456850 537
1456860 532
1456870 532
1456880 526
1456890 521
1456900 521
1456910 515
1456920 509
1456930 509
1456940 503
1456950 497
1456960 497
1456970 492
1456980 486
1456990 486
1457000 480
1457010 476
1457020 476
1457030 468
1457040 462
1457050 462
1457060 459
1457070 455
1457080 451
1457090 451
1457100 447
1457110 446
1457120 446
1457130 445
1457140 445
1457150 445
1457160 445
1457170 445
1457180 445
1457190 443
1457200 442
1457210 442
1457220 441
1457230 440
1457240 440
1457250 440
1457260 440
1457270 440
1457280 440
1457290 440
1457300 440
1457310 441
1457320 441
1457330 441
1457340 443
1457350 444
1457360 444
1457370 445
1457380 445
1457390 445
1457400 445
1457410 445
1457420 445
1457430 445
1457440 445
1457450 445
1457460 445
1457470 445
1457480 445
1457490 445
1457500 445
1457510 445
1457520 444
1457530 445
1457540 445
1457550 445
1457560 444
1457570 444
1457580 444
1457590 445
1457600 445
1457610 445
1457620 445
1457630 445
1457640 445
1457650 444
1457660 445
1457670 445
1457680 444
1457690 445
1457700 445
1457710 443
1457720 441
1457730 441
1457740 440
1457750 440
1457760 440
1457770 440
1457780 440
1457790 440
1457800 441
1457810 443
1457820 443
1457830 444
1457840 444
1457850 444
1457860 444
1457870 444
1457880 444
1457890 444
1457900 444
1457910 444
1457920 444
1457930 444
1457940 444
1457950 444
1457960 444
1457970 444
1457980 444
1457990 444
1458000 444
1458010 444
1458020 444
1458030 444
1458040 444
1458050 444
1458060 444
1458070 444
1458080 444
1458090 444
1458100 444
1458110 444
1458120 444
1458130 444
1458140 445
1458150 445
1458160 445
1458170 445
1458180 445
1458190 445
1458200 445
1458210 445
1458220 445
1458230 445
1458240 445
1458250 445
1458260 445
1458270 445
1458280 445
1458290 445
1458300 445
1458310 445
1458320 445
1458330 445
1458340 445
1458350 445
1458360 445
1458370 445
1458380 445
1458390 445
1458400 445
1458410 445
1458420 445
1458430 445
1458440 445
1458450 445
1458460 445
1458470 445
1458480 445
1458490 448
1458500 448
1458510 449
1458520 449
1458530 449
1458540 449
1458550 449
1458560 449
1458570 448
1458580 448
1458590 448
1458600 447
1458610 446
1458620 446
1458630 445
1458640 445
1458650 445
1458660 445
1458670 445
1458680 445
1458690 445
1458700 445
1458710 445
1458720 445
1458730 445
1458740 445
1458750 445
1458760 445
1458770 445
1458780 445
1458790 445
1458800 445
1458810 445
1458820 445
1458830 445
1458840 445
1458850 445
1458860 445
1458870 445
1458880 445
1458890 445
1458900 445
1458910 445
1458920 445
1458930 445
1458940 446
1458950 446
1458960 446
1458970 445
1458980 445
1458990 445
1459000 445
1459010 445
1459020 445
1459030 445
1459040 445
1459050 445
1459060 444
1459070 444
1459080 444
1459090 444
1459100 444
1459110 444
1459120 446
1459130 447
1459140 447
1459150 445
1459160 445
1459170 445
1459180 446
1459190 446
1459200 446
1459210 446
1459220 446
1459230 446
1459240 446
1459250 446
1459260 446
1459270 446
1459280 446
1459290 446
1459300 446
1459310 446
1459320 446
1459330 446
1459340 445
1459350 444
1459360 444
1459370 444
1459380 444
1459390 444
1459400 444
1459410 444
1459420 444
1459430 444
1459440 444
1459450 444
1459460 444
1459470 444
1459480 444
1459490 444
1459500 445
1459510 445
1459520 445
1459530 445
1459540 445
1459550 445
1459560 445
1459570 445
1459580 445
1459590 446
1459600 446
1459610 446
1459620 446
1459630 446
1459640 446
1459650 446
1459660 446
1459670 446
1459680 446
1459690 446
1459700 446
1459710 446
1459720 446
1459730 446
1459740 446
1459750 446
1459760 446
1459770 446
1459780 446
1459790 446
1459800 446
1459810 446
1459820 446
1459830 446
1459840 446
1459850 446
1459860 446
1459870 446
1459880 446
1459890 446
1459900 446
1459910 446
1459920 446
1459930 445
1459940 445
1459950 445
1459960 446
1459970 446
1459980 446
1459990 446
