1454650 795
1454660 798
1454670 798
1454680 802
1454690 804
1454700 804
1454710 806
1454720 808
1454730 808
1454740 810
1454750 810
1454760 810
1454770 809
1454780 806
1454790 806
1454800 804
1454810 804
1454820 804
1454830 804
1454840 804
1454850 804
1454860 804
1454870 804
1454880 804
1454890 805
1454900 805
1454910 805
1454920 806
1454930 805
1454940 805
1454950 805
1454960 805
1454970 805
1454980 806
1454990 805
1455000 805
1455010 801
1455020 797
1455030 794
1455040 794
1455050 790
1455060 788
1455070 788
1455080 786
1455090 785
1455100 785
1455110 784
1455120 783
1455130 783
1455140 780
1455150 775
1455160 775
1455170 770
1455180 770
1455190 770
1455200 771
1455210 773
1455220 773
1455230 774
1455240 773
1455250 773
1455260 771
1455270 768
1455280 768
1455290 764
1455300 762
1455310 762
1455320 761
1455330 761
1455340 761
1455350 760
1455360 761
1455370 761
1455380 763
1455390 765
1455400 765
1455410 767
1455420 765
1455430 765
1455440 763
1455450 761
1455460 760
1455470 760
1455480 761
1455490 762
1455500 762
1455510 766
1455520 772
1455530 772
1455540 782
1455550 805
1455560 805
1455570 836
1455580 845
1455590 845
1455600 843
1455610 805
1455620 805
1455630 754
1455640 709
1455650 709
1455660 695
1455670 686
1455680 686
1455690 679
1455700 673
1455710 673
1455720 667
1455730 661
1455740 661
1455750 655
1455760 649
1455770 649
1455780 643
1455790 635
1455800 635
1455810 623
1455820 613
1455830 613
1455840 608
1455850 607
1455860 607
1455870 603
1455880 603
1455890 603
1455900 598
1455910 593
1455920 588
1455930 588
1455940 582
1455950 577
1455960 577
1455970 569
1455980 559
1455990 559
1456000 552
1456010 545
1456020 545
1456030 539
1456040 533
1456050 533
1456060 529
1456070 527
1456080 527
1456090 525
1456100 525
1456110 525
1456120 522
1456130 515
1456140 515
1456150 509
1456160 505
1456170 505
1456180 500
1456190 496
1456200 496
1456210 493
1456220 488
1456230 488
1456240 485
1456250 482
1456260 482
1456270 478
1456280 474
1456290 474
1456300 471
1456310 469
1456320 469
1456330 468
1456340 465
1456350 461
1456360 461
1456370 457
1456380 454
1456390 454
1456400 449
1456410 444
1456420 444
1456430 442
1456440 442
1456450 442
1456460 441
1456470 439
1456480 439
1456490 436
1456500 435
1456510 435
1456520 434
1456530 434
1456540 434
1456550 434
1456560 434
1456570 434
1456580 434
1456590 434
1456600 434
1456610 434
1456620 436
1456630 436
1456640 439
1456650 441
1456660 441
1456670 442
1456680 442
1456690 442
1456700 442
1456710 442
1456720 442
1456730 442
1456740 442
1456750 442
1456760 442
1456770 442
1456780 442
1456790 442
1456800 442
1456810 442
1456820 442
1456830 442
1456840 442
1456850 442
1456860 442
1456870 442
1456880 442
1456890 442
1456900 442
1456910 442
1456920 442
1456930 442
1456940 442
1456950 442
1456960 442
1456970 442
1456980 442
1456990 442
1457000 442
1457010 442
1457020 442
1457030 442
1457040 441
1457050 441
1457060 441
1457070 441
1457080 443
1457090 443
1457100 443
1457110 444
1457120 444
1457130 444
1457140 445
1457150 445
1457160 445
1457170 445
1457180 445
1457190 445
1457200 445
1457210 445
1457220 445
1457230 445
1457240 445
1457250 445
1457260 444
1457270 444
1457280 444
1457290 444
1457300 443
1457310 443
1457320 443
1457330 443
1457340 443
1457350 443
1457360 445
1457370 445
1457380 445
1457390 445
1457400 445
1457410 444
1457420 444
1457430 444
1457440 444
1457450 444
1457460 444
1457470 444
1457480 445
1457490 445
1457500 445
1457510 445
1457520 445
1457530 445
1457540 445
1457550 445
1457560 445
1457570 445
1457580 445
1457590 445
1457600 445
1457610 445
1457620 445
1457630 446
1457640 446
1457650 446
1457660 445
1457670 445
1457680 445
1457690 445
1457700 445
1457710 445
1457720 445
1457730 446
1457740 446
1457750 446
1457760 445
1457770 445
1457780 445
1457790 445
1457800 445
1457810 445
1457820 445
1457830 445
1457840 446
1457850 446
1457860 446
1457870 446
1457880 446
1457890 446
1457900 446
1457910 446
1457920 446
1457930 446
1457940 446
1457950 446
1457960 446
1457970 446
1457980 446
1457990 446
1458000 446
1458010 446
1458020 446
1458030 446
1458040 446
1458050 446
1458060 446
1458070 446
1458080 446
1458090 447
1458100 447
1458110 447
1458120 447
1458130 447
1458140 447
1458150 447
1458160 447
1458170 447
1458180 447
1458190 447
1458200 447
1458210 446
1458220 447
1458230 447
1458240 447
1458250 447
1458260 447
1458270 448
1458280 448
1458290 448
1458300 447
1458310 447
1458320 447
1458330 447
1458340 447
1458350 447
1458360 447
1458370 447
1458380 447
1458390 447
1458400 448
1458410 448
1458420 448
1458430 448
1458440 448
1458450 448
1458460 448
1458470 448
1458480 448
1458490 448
1458500 448
1458510 448
1458520 447
1458530 447
1458540 447
1458550 447
1458560 447
1458570 447
1458580 447
1458590 448
1458600 448
1458610 447
1458620 448
1458630 448
1458640 448
1458650 448
1458660 448
1458670 448
1458680 448
1458690 448
1458700 448
1458710 448
1458720 448
1458730 447
1458740 446
1458750 446
1458760 445
1458770 445
1458780 445
1458790 445
1458800 445
1458810 445
1458820 445
1458830 443
1458840 443
1458850 443
1458860 443
1458870 443
1458880 444
1458890 444
1458900 444
1458910 443
1458920 441
1458930 441
1458940 441
1458950 442
1458960 442
1458970 444
1458980 447
1458990 447
1459000 448
1459010 448
1459020 448
1459030 448
1459040 448
1459050 448
1459060 448
1459070 448
1459080 448
1459090 448
1459100 449
1459110 450
1459120 450
1459130 450
1459140 451
1459150 451
1459160 455
1459170 455
1459180 455
1459190 453
1459200 450
1459210 450
1459220 449
1459230 449
1459240 449
1459250 449
1459260 449
1459270 449
1459280 449
1459290 450
1459300 450
1459310 450
1459320 450
1459330 450
1459340 450
1459350 450
1459360 450
1459370 450
1459380 450
1459390 450
1459400 449
1459410 449
1459420 449
1459430 449
1459440 449
1459450 449
1459460 448
1459470 448
1459480 448
1459490 448
1459500 448
1459510 448
1459520 448
1459530 449
1459540 448
1459550 448
1459560 448
1459570 449
1459580 449
1459590 449
1459600 450
1459610 450
1459620 452
1459630 453
1459640 453
1459650 453
1459660 453
1459670 453
1459680 453
1459690 453
1459700 453
1459710 453
1459720 453
1459730 453
1459740 453
1459750 453
1459760 453
1459770 453
1459780 453
1459790 453
1459800 453
1459810 454
1459820 454
1459830 456
1459840 460
1459850 460
1459860 465
1459870 469
1459880 469
1459890 470
1459900 470
1459910 470
1459920 471
1459930 472
1459940 473
1459950 473
1459960 474
1459970 474
1459980 474
1459990 475
