1455530 723
1455540 723
1455550 723
1455560 724
1455570 724
1455580 724
1455590 724
1455600 724
1455610 725
1455620 725
1455630 725
1455640 726
1455650 726
1455660 726
1455670 727
1455680 727
1455690 726
1455700 725
1455710 725
1455720 723
1455730 718
1455740 718
1455750 715
1455760 713
1455770 713
1455780 712
1455790 712
1455800 712
1455810 714
1455820 716
1455830 716
1455840 719
1455850 722
1455860 722
1455870 728
1455880 754
1455890 754
1455900 769
1455910 765
1455920 765
1455930 754
1455940 748
1455950 748
1455960 745
1455970 738
1455980 738
1455990 730
1456000 724
1456010 724
1456020 715
1456030 703
1456040 694
1456050 694
1456060 687
1456070 677
1456080 677
1456090 669
1456100 661
1456110 661
1456120 655
1456130 650
1456140 650
1456150 642
1456160 630
1456170 630
1456180 621
1456190 616
1456200 616
1456210 612
1456220 607
1456230 607
1456240 602
1456250 596
1456260 596
1456270 591
1456280 586
1456290 586
1456300 580
1456310 574
1456320 574
1456330 568
1456340 561
1456350 561
1456360 554
1456370 547
1456380 547
1456390 541
1456400 535
1456410 535
1456420 530
1456430 526
1456440 526
1456450 524
1456460 523
1456470 523
1456480 521
1456490 519
1456500 515
1456510 515
1456520 509
1456530 503
1456540 503
1456550 497
1456560 490
1456570 490
1456580 485
1456590 479
1456600 479
1456610 473
1456620 468
1456630 468
1456640 463
1456650 459
1456660 459
1456670 455
1456680 453
1456690 453
1456700 448
1456710 444
1456720 444
1456730 441
1456740 436
1456750 436
1456760 434
1456770 434
1456780 434
1456790 434
1456800 434
1456810 434
1456820 434
1456830 434
1456840 434
1456850 434
1456860 434
1456870 434
1456880 434
1456890 434
1456900 434
1456910 434
1456920 435
1456930 437
1456940 435
1456950 438
1456960 442
1456970 442
1456980 442
1456990 440
1457000 440
1457010 441
1457020 442
1457030 442
1457040 442
1457050 443
1457060 443
1457070 443
1457080 443
1457090 443
1457100 443
1457110 443
1457120 443
1457130 443
1457140 443
1457150 443
1457160 443
1457170 443
1457180 443
1457190 443
1457200 442
1457210 442
1457220 443
1457230 442
1457240 442
1457250 442
1457260 442
1457270 442
1457280 442
1457290 442
1457300 442
1457310 442
1457320 442
1457330 442
1457340 442
1457350 443
1457360 443
1457370 443
1457380 443
1457390 443
1457400 443
1457410 444
1457420 445
1457430 445
1457440 445
1457450 445
1457460 445
1457470 445
1457480 445
1457490 445
1457500 445
1457510 444
1457520 444
1457530 444
1457540 444
1457550 444
1457560 443
1457570 443
1457580 443
1457590 443
1457600 444
1457610 444
1457620 444
1457630 444
1457640 444
1457650 445
1457660 445
1457670 445
1457680 445
1457690 445
1457700 445
1457710 445
1457720 445
1457730 445
1457740 445
1457750 444
1457760 444
1457770 445
1457780 445
1457790 445
1457800 445
1457810 445
1457820 445
1457830 445
1457840 446
1457850 445
1457860 445
1457870 445
1457880 445
1457890 445
1457900 444
1457910 444
1457920 444
1457930 444
1457940 444
1457950 444
1457960 444
1457970 444
1457980 444
1457990 444
1458000 444
1458010 444
1458020 445
1458030 445
1458040 445
1458050 445
1458060 445
1458070 445
1458080 445
1458090 445
1458100 445
1458110 445
1458120 446
1458130 446
1458140 446
1458150 446
1458160 446
1458170 446
1458180 446
1458190 446
1458200 445
1458210 445
1458220 445
1458230 445
1458240 445
1458250 445
1458260 445
1458270 446
1458280 446
1458290 446
1458300 445
1458310 444
1458320 444
1458330 444
1458340 444
1458350 444
1458360 444
1458370 444
1458380 444
1458390 444
1458400 445
1458410 445
1458420 445
1458430 445
1458440 445
1458450 445
1458460 444
1458470 444
1458480 442
1458490 442
1458500 442
1458510 442
1458520 442
1458530 442
1458540 442
1458550 442
1458560 442
1458570 442
1458580 442
1458590 442
1458600 442
1458610 442
1458620 442
1458630 441
1458640 440
1458650 440
1458660 440
1458670 440
1458680 440
1458690 441
1458700 444
1458710 446
1458720 446
1458730 446
1458740 446
1458750 446
1458760 446
1458770 447
1458780 447
1458790 447
1458800 447
1458810 447
1458820 447
1458830 447
1458840 447
1458850 447
1458860 447
1458870 447
1458880 447
1458890 448
1458900 448
1458910 447
1458920 447
1458930 447
1458940 447
1458950 447
1458960 447
1458970 447
1458980 447
1458990 447
1459000 447
1459010 447
1459020 447
1459030 447
1459040 447
1459050 447
1459060 447
1459070 447
1459080 447
1459090 447
1459100 448
1459110 448
1459120 447
1459130 447
1459140 447
1459150 447
1459160 447
1459170 447
1459180 447
1459190 447
1459200 447
1459210 447
1459220 447
1459230 447
1459240 447
1459250 447
1459260 447
1459270 447
1459280 447
1459290 447
1459300 447
1459310 447
1459320 447
1459330 447
1459340 447
1459350 447
1459360 447
1459370 447
1459380 448
1459390 448
1459400 447
1459410 448
1459420 448
1459430 451
1459440 451
1459450 451
1459460 451
1459470 451
1459480 451
1459490 451
1459500 450
1459510 450
1459520 449
1459530 448
1459540 448
1459550 447
1459560 447
1459570 447
1459580 447
1459590 447
1459600 447
1459610 447
1459620 447
1459630 447
1459640 447
1459650 447
1459660 447
1459670 447
1459680 447
1459690 447
1459700 447
1459710 447
1459720 447
1459730 447
1459740 447
1459750 447
1459760 447
1459770 447
1459780 447
1459790 447
1459800 447
1459810 447
1459820 447
1459830 447
1459840 447
1459850 447
1459860 447
1459870 447
1459880 447
1459890 447
1459900 447
1459910 447
1459920 447
1459930 447
1459940 447
1459950 447
1459960 447
1459970 447
1459980 447
1459990 447
