1453730 741
1453740 747
1453750 747
1453760 753
1453770 759
1453780 759
1453790 764
1453800 770
1453810 770
1453820 776
1453830 782
1453840 788
1453850 788
1453860 795
1453870 801
1453880 801
1453890 807
1453900 813
1453910 813
1453920 820
1453930 826
1453940 826
1453950 832
1453960 839
1453970 839
1453980 845
1453990 852
1454000 852
1454010 859
1454020 866
1454030 866
1454040 872
1454050 879
1454060 879
1454070 886
1454080 892
1454090 892
1454100 898
1454110 904
1454120 904
1454130 911
1454140 914
1454150 914
1454160 917
1454170 919
1454180 919
1454190 919
1454200 918
1454210 918
1454220 919
1454230 920
1454240 920
1454250 920
1454260 921
1454270 921
1454280 922
1454290 922
1454300 924
1454310 924
1454320 923
1454330 917
1454340 917
1454350 898
1454360 880
1454370 880
1454380 870
1454390 861
1454400 861
1454410 853
1454420 845
1454430 845
1454440 836
1454450 826
1454460 826
1454470 815
1454480 802
1454490 802
1454500 792
1454510 784
1454520 784
1454530 778
1454540 771
1454550 771
1454560 765
1454570 757
1454580 757
1454590 749
1454600 741
1454610 741
1454620 733
1454630 725
1454640 725
1454650 718
1454660 711
1454670 711
1454680 703
1454690 695
1454700 695
1454710 688
1454720 680
1454730 680
1454740 674
1454750 671
1454760 670
1454770 670
1454780 668
1454790 668
1454800 668
1454810 666
1454820 664
1454830 664
1454840 662
1454850 660
1454860 660
1454870 657
1454880 654
1454890 654
1454900 651
1454910 648
1454920 648
1454930 646
1454940 643
1454950 643
1454960 642
1454970 642
1454980 642
1454990 644
1455000 647
1455010 647
1455020 650
1455030 649
1455040 649
1455050 647
1455060 644
1455070 644
1455080 642
1455090 642
1455100 642
1455110 641
1455120 637
1455130 637
1455140 634
1455150 631
1455160 631
1455170 627
1455180 623
1455190 620
1455200 620
1455210 617
1455220 612
1455230 612
1455240 608
1455250 607
1455260 607
1455270 603
1455280 600
1455290 600
1455300 596
1455310 591
1455320 591
1455330 584
1455340 578
1455350 578
1455360 572
1455370 565
1455380 565
1455390 558
1455400 550
1455410 550
1455420 543
1455430 537
1455440 537
1455450 531
1455460 525
1455470 525
1455480 518
1455490 513
1455500 513
1455510 508
1455520 505
1455530 505
1455540 503
1455550 499
1455560 499
1455570 496
1455580 492
1455590 492
1455600 488
1455610 485
1455620 485
1455630 482
1455640 480
1455650 479
1455660 479
1455670 478
1455680 476
1455690 476
1455700 475
1455710 474
1455720 474
1455730 473
1455740 472
1455750 472
1455760 470
1455770 468
1455780 468
1455790 466
1455800 464
1455810 464
1455820 461
1455830 458
1455840 458
1455850 456
1455860 452
1455870 452
1455880 448
1455890 445
1455900 445
1455910 442
1455920 442
1455930 442
1455940 442
1455950 441
1455960 441
1455970 441
1455980 441
1455990 441
1456000 441
1456010 440
1456020 440
1456030 440
1456040 440
1456050 440
1456060 440
1456070 440
1456080 440
1456090 440
1456100 440
1456110 440
1456120 440
1456130 440
1456140 439
1456150 439
1456160 438
1456170 436
1456180 436
1456190 434
1456200 434
1456210 434
1456220 434
1456230 434
1456240 434
1456250 434
1456260 434
1456270 434
1456280 434
1456290 434
1456300 434
1456310 437
1456320 438
1456330 438
1456340 439
1456350 441
1456360 441
1456370 441
1456380 441
1456390 441
1456400 441
1456410 441
1456420 441
1456430 441
1456440 441
1456450 441
1456460 441
1456470 441
1456480 441
1456490 441
1456500 441
1456510 441
1456520 441
1456530 440
1456540 440
1456550 440
1456560 440
1456570 440
1456580 440
1456590 440
1456600 440
1456610 440
1456620 440
1456630 440
1456640 440
1456650 441
1456660 441
1456670 441
1456680 441
1456690 440
1456700 440
1456710 441
1456720 441
1456730 441
1456740 441
1456750 441
1456760 441
1456770 441
1456780 441
1456790 441
1456800 441
1456810 441
1456820 441
1456830 441
1456840 443
1456850 443
1456860 443
1456870 444
1456880 444
1456890 444
1456900 444
1456910 444
1456920 444
1456930 444
1456940 444
1456950 444
1456960 444
1456970 444
1456980 444
1456990 444
1457000 444
1457010 444
1457020 444
1457030 444
1457040 444
1457050 444
1457060 444
1457070 444
1457080 444
1457090 444
1457100 444
1457110 444
1457120 444
1457130 444
1457140 444
1457150 444
1457160 444
1457170 444
1457180 444
1457190 444
1457200 444
1457210 444
1457220 444
1457230 444
1457240 444
1457250 444
1457260 443
1457270 443
1457280 443
1457290 444
1457300 444
1457310 444
1457320 444
1457330 444
1457340 444
1457350 444
1457360 444
1457370 444
1457380 444
1457390 444
1457400 444
1457410 444
1457420 445
1457430 445
1457440 445
1457450 446
1457460 445
1457470 445
1457480 445
1457490 445
1457500 445
1457510 445
1457520 445
1457530 445
1457540 445
1457550 446
1457560 446
1457570 446
1457580 446
1457590 446
1457600 446
1457610 446
1457620 446
1457630 446
1457640 446
1457650 446
1457660 446
1457670 446
1457680 446
1457690 446
1457700 446
1457710 446
1457720 446
1457730 446
1457740 446
1457750 446
1457760 446
1457770 446
1457780 447
1457790 447
1457800 447
1457810 447
1457820 447
1457830 447
1457840 447
1457850 447
1457860 447
1457870 447
1457880 448
1457890 448
1457900 448
1457910 448
1457920 448
1457930 448
1457940 448
1457950 448
1457960 448
1457970 448
1457980 448
1457990 448
1458000 448
1458010 448
1458020 448
1458030 448
1458040 448
1458050 448
1458060 448
1458070 448
1458080 448
1458090 448
1458100 448
1458110 448
1458120 449
1458130 449
1458140 449
1458150 448
1458160 448
1458170 448
1458180 448
1458190 448
1458200 448
1458210 448
1458220 448
1458230 448
1458240 448
1458250 448
1458260 448
1458270 448
1458280 448
1458290 448
1458300 448
1458310 448
1458320 448
1458330 449
1458340 449
1458350 449
1458360 449
1458370 449
1458380 449
1458390 449
1458400 449
1458410 449
1458420 449
1458430 449
1458440 449
1458450 449
1458460 449
1458470 449
1458480 449
1458490 449
1458500 449
1458510 449
1458520 449
1458530 449
1458540 449
1458550 449
1458560 449
1458570 449
1458580 450
1458590 450
1458600 450
1458610 450
1458620 450
1458630 450
1458640 449
1458650 449
1458660 449
1458670 449
1458680 449
1458690 449
1458700 449
1458710 449
1458720 449
1458730 449
1458740 449
1458750 449
1458760 449
1458770 449
1458780 449
1458790 449
1458800 449
1458810 449
1458820 449
1458830 449
1458840 450
1458850 450
1458860 450
1458870 452
1458880 452
1458890 455
1458900 455
1458910 455
1458920 455
1458930 454
1458940 454
1458950 451
1458960 451
1458970 451
1458980 451
1458990 451
1459000 451
1459010 451
1459020 451
1459030 451
1459040 451
1459050 451
1459060 451
1459070 451
1459080 451
1459090 451
1459100 451
1459110 451
1459120 451
1459130 451
1459140 451
1459150 451
1459160 451
1459170 451
1459180 451
1459190 450
1459200 447
1459210 447
1459220 445
1459230 445
1459240 445
1459250 445
1459260 448
1459270 448
1459280 448
1459290 447
1459300 449
1459310 449
1459320 450
1459330 450
1459340 450
1459350 450
1459360 450
1459370 450
1459380 450
1459390 450
1459400 450
1459410 450
1459420 451
1459430 451
1459440 450
1459450 450
1459460 450
1459470 451
1459480 450
1459490 450
1459500 450
1459510 450
1459520 450
1459530 451
1459540 456
1459550 456
1459560 459
1459570 460
1459580 460
1459590 464
1459600 467
1459610 467
1459620 468
1459630 468
1459640 468
1459650 468
1459660 468
1459670 468
1459680 467
1459690 467
1459700 468
1459710 468
1459720 469
1459730 483
1459740 483
1459750 497
1459760 502
1459770 502
1459780 502
1459790 502
1459800 502
1459810 502
1459820 502
1459830 502
1459840 503
1459850 504
1459860 504
1459870 506
1459880 507
1459890 507
1459900 511
1459910 516
1459920 516
1459930 518
1459940 521
1459950 521
1459960 523
1459970 526
1459980 526
1459990 531
