1440000 859
1441630 1538
1441640 1545
1441650 1551
1441660 1551
1441670 1559
1441680 1567
1441690 1567
1441700 1576
1441710 1585
1441720 1585
1441730 1593
1441740 1600
1441750 1600
1441760 1608
1441770 1617
1441780 1617
1441790 1624
1441800 1631
1441810 1631
1441820 1637
1441830 1644
1441840 1644
1441850 1651
1441860 1656
1441870 1656
1441880 1660
1441890 1666
1441900 1666
1441910 1679
1441920 1688
1441930 1688
1441940 1695
1441950 1701
1441960 1701
1441970 1707
1441980 1713
1441990 1713
1442000 1716
1442010 1720
1442020 1720
1442030 1724
1442040 1727
1442050 1727
1442060 1729
1442070 1730
1442080 1730
1442090 1728
1442100 1727
1442110 1728
1442120 1728
1442130 1728
1442140 1729
1442150 1729
1442160 1730
1442170 1731
1442180 1731
1442190 1732
1442200 1733
1442210 1733
1442220 1734
1442230 1734
1442240 1734
1442250 1733
1442260 1733
1442270 1733
1442280 1733
1442290 1733
1442300 1733
1442310 1734
1442320 1735
1442330 1735
1442340 1733
1442350 1732
1442360 1732
1442370 1731
1442380 1731
1442390 1731
1442400 1731
1442410 1729
1442420 1729
1442430 1729
1442440 1727
1442450 1727
1442460 1724
1442470 1723
1442480 1723
1442490 1723
1442500 1724
1442510 1724
1442520 1723
1442530 1722
1442540 1722
1442550 1721
1442560 1722
1442570 1723
1442580 1723
1442590 1726
1442600 1728
1442610 1728
1442620 1728
1442630 1726
1442640 1726
1442650 1727
1442660 1726
1442670 1726
1442680 1726
1442690 1727
1442700 1727
1442710 1729
1442720 1732
1442730 1732
1442740 1733
1442750 1731
1442760 1731
1442770 1729
1442780 1729
1442790 1729
1442800 1727
1442810 1724
1442820 1724
1442830 1721
1442840 1720
1442850 1720
1442860 1720
1442870 1717
1442880 1717
1442890 1717
1442900 1716
1442910 1716
1442920 1718
1442930 1719
1442940 1719
1442950 1721
1442960 1724
1442970 1724
1442980 1728
1442990 1731
1443000 1731
1443010 1734
1443020 1735
1443030 1735
1443040 1735
1443050 1735
1443060 1737
1443070 1737
1443080 1742
1443090 1744
1443100 1744
1443110 1740
1443120 1738
1443130 1738
1443140 1736
1443150 1741
1443160 1741
1443170 1746
1443180 1750
1443190 1750
1443200 1753
1443210 1754
1443220 1754
1443230 1758
1443240 1763
1443250 1763
1443260 1764
1443270 1762
1443280 1762
1443290 1761
1443300 1763
1443310 1763
1443320 1766
1443330 1765
1443340 1765
1443350 1762
1443360 1762
1443370 1762
1443380 1761
1443390 1762
1443400 1762
1443410 1761
1443420 1760
1443430 1760
1443440 1761
1443450 1760
1443460 1760
1443470 1759
1443480 1757
1443490 1757
1443500 1757
1443510 1757
1443520 1752
1443530 1752
1443540 1752
1443550 1754
1443560 1754
1443570 1756
1443580 1756
1443590 1756
1443600 1757
1443610 1756
1443620 1756
1443630 1754
1443640 1754
1443650 1754
1443660 1754
1443670 1756
1443680 1756
1443690 1760
1443700 1762
1443710 1762
1443720 1761
1443730 1760
1443740 1760
1443750 1761
1443760 1763
1443770 1763
1443780 1764
1443790 1763
1443800 1763
1443810 1764
1443820 1762
1443830 1762
1443840 1765
1443850 1768
1443860 1768
1443870 1770
1443880 1769
1443890 1769
1443900 1770
1443910 1770
1443920 1770
1443930 1769
1443940 1769
1443950 1767
1443960 1767
1443970 1767
1443980 1765
1443990 1765
1444000 1762
1444010 1763
1444020 1763
1444030 1763
1444040 1764
1444050 1764
1444060 1764
1444070 1767
1444080 1767
1444090 1771
1444100 1776
1444110 1776
1444120 1778
1444130 1782
1444140 1782
1444150 1787
1444160 1792
1444170 1792
1444180 1796
1444190 1800
1444200 1800
1444210 1805
1444220 1806
1444230 1806
1444240 1806
1444250 1809
1444260 1809
1444270 1812
1444280 1815
1444290 1815
1444300 1816
1444310 1818
1444320 1818
1444330 1818
1444340 1816
1444350 1816
1444360 1816
1444370 1813
1444380 1813
1444390 1804
1444400 1796
1444410 1794
1444420 1794
1444430 1797
1444440 1796
1444450 1796
1444460 1799
1444470 1803
1444480 1803
1444490 1804
1444500 1802
1444510 1802
1444520 1798
1444530 1795
1444540 1795
1444550 1796
1444560 1794
1444570 1794
1444580 1795
1444590 1795
1444600 1795
1444610 1794
1444620 1792
1444630 1792
1444640 1787
1444650 1780
1444660 1780
1444670 1778
1444680 1774
1444690 1774
1444700 1768
1444710 1762
1444720 1762
1444730 1757
1444740 1754
1444750 1754
1444760 1756
1444770 1753
1444780 1753
1444790 1754
1444800 1749
1444810 1749
1444820 1748
1444830 1749
1444840 1749
1444850 1746
1444860 1743
1444870 1744
1444880 1744
1444890 1745
1444900 1744
1444910 1744
1444920 1741
1444930 1741
1444940 1741
1444950 1737
1444960 1737
1444970 1737
1444980 1739
1444990 1741
1445000 1741
1445010 1741
1445020 1741
1445030 1741
1445040 1741
1445050 1738
1445060 1738
1445070 1735
1445080 1732
1445090 1732
1445100 1727
1445110 1726
1445120 1726
1445130 1723
1445140 1719
1445150 1719
1445160 1715
1445170 1713
1445180 1713
1445190 1713
1445200 1713
1445210 1713
1445220 1710
1445230 1706
1445240 1706
1445250 1699
1445260 1688
1445270 1688
1445280 1682
1445290 1684
1445300 1684
1445310 1684
1445320 1679
1445330 1681
1445340 1681
1445350 1683
1445360 1686
1445370 1686
1445380 1688
1445390 1689
1445400 1689
1445410 1696
1445420 1704
1445430 1704
1445440 1709
1445450 1710
1445460 1710
1445470 1711
1445480 1715
1445490 1715
1445500 1719
1445510 1716
1445520 1716
1445530 1713
1445540 1713
1445550 1713
1445560 1711
1445570 1707
1445580 1707
1445590 1707
1445600 1713
1445610 1713
1445620 1715
1445630 1714
1445640 1714
1445650 1713
1445660 1719
1445670 1719
1445680 1725
1445690 1732
1445700 1732
1445710 1738
1445720 1740
1445730 1740
1445740 1740
1445750 1736
1445760 1736
1445770 1729
1445780 1724
1445790 1719
1445800 1719
1445810 1715
1445820 1712
1445830 1712
1445840 1714
1445850 1714
1445860 1714
1445870 1717
1445880 1724
1445890 1724
1445900 1732
1445910 1737
1445920 1737
1445930 1739
1445940 1739
1445950 1739
1445960 1737
1445970 1739
1445980 1739
1445990 1746
1446000 1752
1446010 1752
1446020 1756
1446030 1758
1446040 1758
1446050 1763
1446060 1768
1446070 1768
1446080 1774
1446090 1779
1446100 1779
1446110 1783
1446120 1789
1446130 1789
1446140 1797
1446150 1804
1446160 1804
1446170 1810
1446180 1816
1446190 1816
1446200 1817
1446210 1811
1446220 1811
1446230 1806
1446240 1808
1446250 1809
1446260 1809
1446270 1811
1446280 1812
1446290 1812
1446300 1812
1446310 1813
1446320 1813
1446330 1814
1446340 1815
1446350 1815
1446360 1815
1446370 1814
1446380 1814
1446390 1808
1446400 1803
1446410 1803
1446420 1800
1446430 1794
1446440 1794
1446450 1788
1446460 1787
1446470 1787
1446480 1792
1446490 1799
1446500 1799
1452240 640
1452250 641
1452260 642
1452270 642
1452280 643
1452290 645
1452300 645
1452310 645
1452320 646
1452330 646
1452340 646
1452350 647
1452360 647
1452370 648
1452380 649
1452390 649
1452400 648
1452410 649
1452420 649
1452430 653
1452440 653
1452450 653
1452460 655
1452470 660
1452480 660
1452490 664
1452500 670
1452510 670
1452520 678
1452530 683
1452540 683
1452550 688
1452560 693
1452570 693
1452580 700
1452590 705
1452600 705
1452610 711
1452620 717
1452630 717
1452640 722
1452650 724
1452660 724
1452670 724
1452680 720
1452690 720
1452700 712
1452710 704
1452720 696
1452730 696
1452740 691
1452750 686
1452760 686
1452770 681
1452780 676
1452790 676
1452800 672
1452810 668
1452820 668
1452830 665
1452840 661
1452850 661
1452860 657
1452870 656
1452880 656
1452890 657
1452900 658
1452910 658
1452920 659
1452930 659
1452940 659
1452950 660
1452960 659
1452970 659
1452980 658
1452990 657
1453000 657
1453010 657
1453020 658
1453030 658
1453040 659
1453050 659
1453060 659
1453070 660
1453080 660
1453090 660
1453100 661
1453110 661
1453120 661
1453130 660
1453140 660
1453150 660
1453160 660
1453170 659
1453180 658
1453190 661
1453200 660
1453210 658
1453220 658
1453230 656
1453240 654
1453250 654
1453260 652
1453270 654
1453280 654
1453290 656
1453300 656
1453310 656
1453320 656
1453330 656
1453340 656
1453350 655
1453360 655
1453370 655
1453380 657
1453390 659
1453400 659
1453410 659
1453420 658
1453430 658
1453440 658
1453450 665
1453460 665
1453470 676
1453480 662
1453490 662
1453500 648
1453510 639
1453520 639
1453530 627
1453540 619
1453550 619
1453560 613
1453570 609
1453580 609
1453590 605
1453600 605
1453610 605
1453620 605
1453630 604
1453640 605
1453650 605
1453660 607
1453670 605
1453680 605
1453690 601
1453700 592
1453710 592
1453720 589
1453730 587
1453740 587
1453750 584
1453760 581
1453770 581
1453780 580
1453790 577
1453800 577
1453810 573
1453820 574
1453830 574
1453840 576
1453850 583
1453860 583
1453870 593
1453880 605
1453890 605
1453900 599
1453910 584
1453920 584
1453930 558
1453940 531
1453950 531
1453960 521
1453970 514
1453980 514
1453990 508
1454000 501
1454010 501
1454020 496
1454030 490
1454040 490
1454050 484
1454060 478
1454070 478
1454080 474
1454090 473
1454100 473
1454110 473
1454120 472
1454130 471
1454140 471
1454150 470
1454160 468
1454170 468
1454180 466
1454190 464
1454200 464
1454210 463
1454220 462
1454230 462
1454240 460
1454250 459
1454260 459
1454270 457
1454280 455
1454290 455
1454300 452
1454310 449
1454320 449
1454330 446
1454340 443
1454350 443
1454360 441
1454370 440
1454380 440
1454390 439
1454400 438
1454410 438
1454420 438
1454430 438
1454440 438
1454450 438
1454460 437
1454470 437
1454480 437
1454490 437
1454500 437
1454510 438
1454520 438
1454530 438
1454540 438
1454550 438
1454560 438
1454570 438
1454580 439
1454590 438
1454600 438
1454610 438
1454620 438
1454630 438
1454640 438
1454650 438
1454660 438
1454670 438
1454680 438
1454690 438
1454700 438
1454710 439
1454720 439
1454730 438
1454740 438
1454750 438
1454760 438
1454770 438
1454780 438
1454790 438
1454800 438
1454810 438
1454820 438
1454830 438
1454840 438
1454850 438
1454860 438
1454870 438
1454880 438
1454890 438
1454900 438
1454910 438
1454920 438
1454930 438
1454940 438
1454950 438
1454960 438
1454970 438
1454980 438
1454990 438
1455000 438
1455010 438
1455020 438
1455030 438
1455040 438
1455050 438
1455060 438
1455070 438
1455080 438
1455090 438
1455100 438
1455110 438
1455120 438
1455130 438
1455140 438
1455150 438
1455160 438
1455170 438
1455180 438
1455190 438
1455200 438
1455210 438
1455220 437
1455230 437
1455240 437
1455250 438
1455260 438
1455270 438
1455280 438
1455290 438
1455300 438
1455310 438
1455320 438
1455330 438
1455340 438
1455350 438
1455360 438
1455370 438
1455380 438
1455390 438
1455400 438
1455410 438
1455420 438
1455430 438
1455440 438
1455450 438
1455460 438
1455470 438
1455480 438
1455490 438
1455500 438
1455510 438
1455520 438
1455530 438
1455540 438
1455550 438
1455560 438
1455570 438
1455580 438
1455590 438
1455600 438
1455610 438
1455620 438
1455630 438
1455640 438
1455650 438
1455660 438
1455670 438
1455680 438
1455690 438
1455700 438
1455710 439
1455720 439
1455730 439
1455740 439
1455750 439
1455760 439
1455770 439
1455780 439
1455790 439
1455800 437
1455810 435
1455820 435
1455830 434
1455840 434
1455850 434
1455860 434
1455870 434
1455880 434
1455890 434
1455900 434
1455910 434
1455920 434
1455930 434
1455940 436
1455950 436
1455960 438
1455970 443
1455980 443
1455990 442
1456000 441
1456010 441
1456020 441
1456030 441
1456040 441
1456050 441
1456060 441
1456070 441
1456080 439
1456090 439
1456100 439
1456110 439
1456120 438
1456130 438
1456140 438
1456150 437
1456160 437
1456170 437
1456180 437
1456190 437
1456200 437
1456210 437
1456220 437
1456230 437
1456240 437
1456250 437
1456260 438
1456270 438
1456280 438
1456290 438
1456300 438
1456310 438
1456320 438
1456330 438
1456340 438
1456350 438
1456360 438
1456370 438
1456380 437
1456390 437
1456400 437
1456410 437
1456420 437
1456430 437
1456440 437
1456450 437
1456460 437
1456470 437
1456480 437
1456490 437
1456500 437
1456510 437
1456520 437
1456530 437
1456540 437
1456550 437
1456560 437
1456570 437
1456580 437
1456590 437
1456600 437
1456610 437
1456620 437
1456630 437
1456640 437
1456650 437
1456660 437
1456670 437
1456680 437
1456690 437
1456700 437
1456710 437
1456720 437
1456730 437
1456740 437
1456750 437
1456760 437
1456770 437
1456780 437
1456790 437
1456800 437
1456810 437
1456820 437
1456830 437
1456840 438
1456850 439
1456860 439
1456870 439
1456880 438
1456890 438
1456900 438
1456910 438
1456920 438
1456930 438
1456940 438
1456950 438
1456960 438
1456970 438
1456980 438
1456990 438
1457000 438
1457010 438
1457020 438
1457030 438
1457040 438
1457050 438
1457060 438
1457070 438
1457080 438
1457090 438
1457100 438
1457110 438
1457120 438
1457130 439
1457140 439
1457150 439
1457160 439
1457170 439
1457180 439
1457190 439
1457200 439
1457210 439
1457220 440
1457230 440
1457240 440
1457250 440
1457260 440
1457270 440
1457280 440
1457290 440
1457300 441
1457310 441
1457320 441
1457330 441
1457340 441
1457350 441
1457360 441
1457370 441
1457380 441
1457390 441
1457400 441
1457410 441
1457420 441
1457430 441
1457440 440
1457450 440
1457460 440
1457470 440
1457480 440
1457490 441
1457500 441
1457510 441
1457520 441
1457530 441
1457540 441
1457550 440
1457560 440
1457570 440
1457580 440
1457590 440
1457600 440
1457610 441
1457620 441
1457630 441
1457640 441
1457650 441
1457660 441
1457670 440
1457680 440
1457690 440
1457700 440
1457710 441
1457720 441
1457730 441
1457740 441
1457750 441
1457760 441
1457770 441
1457780 441
1457790 441
1457800 441
1457810 441
1457820 441
1457830 441
1457840 440
1457850 440
1457860 441
1457870 441
1457880 441
1457890 441
1457900 441
1457910 441
1457920 441
1457930 441
1457940 441
1457950 444
1457960 446
1457970 446
1457980 447
1457990 447
1458000 447
1458010 447
1458020 447
1458030 447
1458040 447
1458050 451
1458060 451
1458070 457
1458080 462
1458090 462
1458100 466
1458110 469
1458120 469
1458130 471
1458140 473
1458150 473
1458160 473
1458170 475
1458180 475
1458190 477
1458200 479
1458210 479
1458220 480
1458230 480
1458240 481
1458250 481
1458260 479
1458270 476
1458280 476
1458290 472
1458300 468
1458310 468
1458320 468
1458330 468
1458340 468
1458350 468
1458360 469
1458370 469
1458380 469
1458390 470
1458400 470
1458410 471
1458420 471
1458430 471
1458440 471
1458450 472
1458460 472
1458470 472
1458480 472
1458490 472
1458500 472
1458510 473
1458520 473
1458530 473
1458540 474
1458550 474
1458560 476
1458570 478
1458580 478
1458590 480
1458600 481
1458610 481
1458620 481
1458630 481
1458640 481
1458650 483
1458660 484
1458670 484
1458680 486
1458690 487
1458700 488
1458710 488
1458720 487
1458730 488
1458740 488
1458750 491
1458760 494
1458770 494
1458780 496
1458790 498
1458800 498
1458810 501
1458820 503
1458830 503
1458840 501
1458850 501
1458860 501
1458870 501
1458880 502
1458890 502
1458900 503
1458910 504
1458920 504
1458930 506
1458940 507
1458950 507
1458960 509
1458970 511
1458980 511
1458990 513
1459000 514
1459010 514
1459020 516
1459030 518
1459040 518
1459050 520
1459060 521
1459070 521
1459080 523
1459090 525
1459100 525
1459110 527
1459120 529
1459130 529
1459140 530
1459150 531
1459160 531
1459170 531
1459180 532
1459190 533
1459200 533
1459210 535
1459220 537
1459230 537
1459240 539
1459250 541
1459260 541
1459270 544
1459280 547
1459290 547
1459300 550
1459310 552
1459320 552
1459330 555
1459340 557
1459350 557
1459360 559
1459370 561
1459380 561
1459390 563
1459400 565
1459410 565
1459420 566
1459430 567
1459440 567
1459450 568
1459460 570
1459470 570
1459480 573
1459490 577
1459500 577
1459510 580
1459520 582
1459530 582
1459540 583
1459550 584
1459560 584
1459570 586
1459580 587
1459590 587
1459600 589
1459610 592
1459620 595
1459630 595
1459640 598
1459650 602
1459660 602
1459670 605
1459680 605
1459690 605
1459700 606
1459710 607
1459720 607
1459730 608
1459740 610
1459750 610
1459760 610
1459770 610
1459780 610
1459790 609
1459800 608
1459810 608
1459820 607
1459830 607
1459840 607
1459850 607
1459860 608
1459870 608
1459880 610
1459890 611
1459900 611
1459910 612
1459920 613
1459930 613
1459940 615
1459950 614
1459960 614
1459970 608
1459980 604
1459990 604
