1440000 976
1440010 976
1440020 981
1440030 988
1440040 988
1440050 996
1440060 1004
1440070 1004
1440080 1012
1440090 1017
1440100 1017
1440110 1019
1440120 1021
1440130 1021
1440140 1024
1440150 1026
1440160 1026
1440170 1029
1440180 1032
1440190 1032
1440200 1036
1440210 1041
1440220 1041
1440230 1046
1440240 1051
1440250 1051
1440260 1057
1440270 1061
1440280 1061
1440290 1066
1440300 1070
1440310 1074
1440320 1074
1440330 1079
1440340 1083
1440350 1083
1440360 1085
1440370 1089
1440380 1089
1440390 1096
1440400 1101
1440410 1101
1440420 1105
1440430 1107
1440440 1107
1440450 1111
1440460 1116
1440470 1116
1440480 1123
1440490 1130
1440500 1130
1440510 1137
1440520 1145
1440530 1145
1440540 1154
1440550 1162
1440560 1162
1440570 1169
1440580 1177
1440590 1177
1440600 1183
1440610 1188
1440620 1188
1440630 1192
1440640 1193
1440650 1193
1440660 1191
1440670 1193
1440680 1193
1440690 1201
1440700 1208
1440710 1208
1440720 1214
1440730 1221
1440740 1221
1440750 1231
1440760 1239
1440770 1246
1440780 1246
1440790 1255
1440800 1264
1440810 1264
1440820 1273
1440830 1282
1440840 1282
1440850 1293
1440860 1301
1440870 1301
1440880 1307
1440890 1315
1440900 1315
1440910 1324
1440920 1332
1440930 1332
1440940 1339
1440950 1346
1440960 1346
1440970 1353
1440980 1358
1440990 1358
1441000 1362
1441010 1365
1441020 1365
1441030 1369
1441040 1372
1441050 1372
1441060 1375
1441070 1377
1441080 1377
1441090 1381
1441100 1385
1441110 1385
1441120 1388
1441130 1392
1441140 1392
1441150 1396
1441160 1402
1441170 1402
1441180 1407
1441190 1412
1441200 1412
1441210 1419
1441220 1423
1441230 1423
1441240 1429
1441250 1435
1441260 1440
1441270 1440
1441280 1447
1441290 1454
1441300 1454
1441310 1458
1441320 1460
1441330 1460
1441340 1469
1441350 1476
1441360 1476
1441370 1483
1441380 1490
1441390 1490
1441400 1496
1441410 1500
1441420 1500
1441430 1505
1441440 1510
1441450 1510
1441460 1514
1441470 1519
1441480 1519
1441490 1523
1441500 1528
1441510 1528
1441520 1534
1441530 1539
1441540 1539
1441550 1543
1441560 1547
1441570 1547
1441580 1551
1441590 1554
1441600 1554
1441610 1557
1441620 1561
1441630 1561
1441640 1564
1441650 1567
1441660 1567
1441670 1569
1441680 1571
1441690 1571
1441700 1566
1441710 1564
1441720 1569
1441730 1569
1441740 1574
1441750 1578
1441760 1578
1441770 1578
1441780 1577
1441790 1577
1441800 1579
1441810 1581
1441820 1581
1441830 1580
1441840 1582
1441850 1582
1441860 1584
1441870 1585
1441880 1585
1441890 1585
1441900 1583
1441910 1583
1441920 1586
1441930 1583
1441940 1583
1441950 1585
1441960 1587
1441970 1587
1441980 1590
1441990 1592
1442000 1592
1442010 1594
1442020 1595
1442030 1595
1442040 1595
1442050 1596
1442060 1596
1442070 1598
1442080 1599
1442090 1599
1442100 1600
1442110 1599
1442120 1599
1442130 1596
1442140 1593
1442150 1593
1442160 1592
1442170 1590
1442180 1586
1442190 1586
1442200 1581
1442210 1575
1442220 1575
1442230 1571
1442240 1566
1442250 1566
1442260 1564
1442270 1562
1442280 1562
1442290 1563
1442300 1564
1442310 1564
1442320 1566
1442330 1570
1442340 1570
1442350 1573
1442360 1575
1442370 1575
1442380 1577
1442390 1578
1442400 1578
1442410 1577
1442420 1576
1442430 1576
1442440 1576
1442450 1579
1442460 1579
1442470 1584
1442480 1589
1442490 1589
1442500 1596
1442510 1606
1442520 1606
1442530 1615
1442540 1624
1442550 1624
1442560 1632
1442570 1638
1442580 1638
1442590 1637
1442600 1637
1442610 1637
1442620 1636
1442630 1634
1442640 1633
1442650 1633
1442660 1632
1442670 1630
1442680 1630
1442690 1628
1442700 1627
1442710 1627
1442720 1625
1442730 1623
1442740 1623
1442750 1619
1442760 1616
1442770 1616
1442780 1617
1442790 1616
1442800 1616
1442810 1613
1442820 1615
1442830 1615
1442840 1621
1442850 1627
1442860 1627
1442870 1630
1442880 1634
1442890 1634
1442900 1634
1442910 1635
1442920 1635
1442930 1636
1442940 1631
1442950 1631
1442960 1626
1442970 1621
1442980 1621
1442990 1614
1443000 1619
1443010 1619
1443020 1622
1443030 1625
1443040 1625
1443050 1628
1443060 1628
1443070 1628
1443080 1626
1443090 1625
1443100 1625
1443110 1625
1443120 1621
1443130 1619
1443140 1619
1443150 1618
1443160 1618
1443170 1618
1443180 1617
1443190 1618
1443200 1618
1443210 1619
1443220 1616
1443230 1616
1443240 1611
1443250 1611
1443260 1611
1443270 1616
1443280 1617
1443290 1617
1443300 1618
1443310 1622
1443320 1622
1443330 1625
1443340 1630
1443350 1630
1443360 1630
1443370 1629
1443380 1629
1443390 1634
1443400 1640
1443410 1640
1443420 1644
1443430 1644
1443440 1644
1443450 1644
1443460 1645
1443470 1645
1443480 1648
1443490 1655
1443500 1655
1443510 1652
1443520 1650
1443530 1650
1443540 1649
1443550 1648
1443560 1648
1443570 1648
1443580 1646
1443590 1644
1443600 1644
1443610 1644
1443620 1646
1443630 1646
1443640 1648
1443650 1649
1443660 1649
1443670 1646
1443680 1643
1443690 1643
1443700 1643
1443710 1642
1443720 1642
1443730 1644
1443740 1646
1443750 1646
1443760 1650
1443770 1650
1443780 1650
1443790 1653
1443800 1655
1443810 1655
1443820 1656
1443830 1656
1443840 1656
1443850 1657
1443860 1655
1443870 1655
1443880 1654
1443890 1652
1443900 1652
1443910 1651
1443920 1652
1443930 1652
1443940 1655
1443950 1655
1443960 1655
1443970 1653
1443980 1656
1443990 1656
1444000 1655
1444010 1653
1444020 1657
1444030 1657
1444040 1657
1444050 1661
1444060 1661
1444070 1662
1444080 1662
1444090 1662
1444100 1663
1444110 1660
1444120 1660
1444130 1660
1444140 1664
1444150 1664
1444160 1667
1444170 1668
1444180 1668
1444190 1673
1444200 1679
1444210 1679
1444220 1677
1444230 1674
1444240 1674
1444250 1670
1444260 1673
1444270 1673
1444280 1674
1444290 1674
1444300 1674
1444310 1674
1444320 1677
1444330 1677
1444340 1679
1444350 1681
1444360 1681
1444370 1681
1444380 1682
1444390 1682
1444400 1683
1444410 1683
1444420 1683
1444430 1683
1444440 1683
1444450 1683
1444460 1683
1444470 1682
1444480 1682
1444490 1681
1444500 1679
1444510 1680
1444520 1680
1444530 1676
1444540 1675
1444550 1675
1444560 1679
1444570 1678
1444580 1678
1444590 1676
1444600 1670
1444610 1670
1444620 1666
1444630 1661
1444640 1661
1444650 1654
1444660 1646
1444670 1646
1444680 1641
1444690 1642
1444700 1642
1444710 1649
1444720 1653
1444730 1653
1444740 1656
1444750 1658
1444760 1658
1444770 1657
1444780 1658
1444790 1658
1444800 1663
1444810 1665
1444820 1665
1444830 1666
1444840 1669
1444850 1669
1444860 1670
1444870 1668
1444880 1668
1444890 1667
1444900 1669
1444910 1669
1444920 1672
1444930 1678
1444940 1678
1444950 1680
1444960 1679
1444970 1676
1444980 1676
1444990 1672
1445000 1669
1445010 1669
1445020 1666
1445030 1664
1445040 1664
1445050 1664
1445060 1663
1445070 1663
1445080 1664
1445090 1665
1445100 1665
1445110 1666
1445120 1666
1445130 1666
1445140 1668
1445150 1670
1445160 1670
1445170 1673
1445180 1669
1445190 1669
1445200 1673
1445210 1679
1445220 1679
1445230 1679
1445240 1675
1445250 1675
1445260 1671
1445270 1675
1445280 1675
1445290 1679
1445300 1682
1445310 1682
1445320 1683
1445330 1678
1445340 1678
1445350 1675
1445360 1671
1445370 1671
1445380 1671
1445390 1667
1445400 1667
1445410 1664
1445420 1658
1445430 1659
1445440 1659
1445450 1659
1445460 1657
1445470 1657
1445480 1658
1445490 1658
1445500 1658
1445510 1656
1445520 1653
1445530 1653
1445540 1646
1445550 1643
1445560 1643
1445570 1644
1445580 1639
1445590 1639
1445600 1641
1445610 1644
1445620 1644
1445630 1645
1445640 1650
1445650 1650
1445660 1652
1445670 1654
1445680 1654
1445690 1653
1445700 1659
1445710 1659
1445720 1661
1445730 1662
1445740 1662
1445750 1663
1445760 1665
1445770 1665
1445780 1668
1445790 1663
1445800 1663
1445810 1659
1445820 1661
1445830 1661
1445840 1664
1445850 1664
1445860 1664
1445870 1664
1445880 1666
1445890 1667
1445900 1667
1445910 1670
1445920 1673
1445930 1673
1445940 1675
1445950 1674
1445960 1674
1445970 1676
1445980 1677
1445990 1677
1446000 1674
1446010 1677
1446020 1677
1446030 1680
1446040 1681
1446050 1681
1446060 1683
1446070 1685
1446080 1685
1446090 1688
1446100 1690
1446110 1690
1446120 1696
1446130 1700
1446140 1700
1446150 1704
1446160 1707
1446170 1707
1446180 1709
1446190 1714
1446200 1714
1446210 1724
1446220 1728
1446230 1728
1446240 1735
1446250 1744
1446260 1744
1446270 1750
1446280 1748
1446290 1748
1446300 1747
1446310 1746
1446320 1746
1446330 1749
1446340 1749
1446350 1748
1446360 1748
1446370 1746
1446380 1744
1446390 1744
1446400 1740
1446410 1739
1446420 1739
1446430 1736
1446440 1740
1446450 1740
1446460 1747
1446470 1752
1446480 1752
1446490 1758
1446500 1762
1446510 1762
1446520 1763
1446530 1763
1446540 1763
1446550 1764
1446560 1765
1446570 1765
1446580 1767
1446590 1770
1446600 1770
1446610 1773
1446620 1774
1446630 1774
1446640 1770
1446650 1767
1446660 1767
1446670 1760
1446680 1754
1446690 1754
1446700 1750
1446710 1741
1446720 1741
1446730 1734
1446740 1723
1446750 1723
1446760 1714
1446770 1705
1446780 1705
1446790 1697
1446800 1691
1446810 1691
1446820 1684
1446830 1679
1446840 1673
1446850 1673
1446860 1667
1446870 1662
1446880 1662
1446890 1659
1446900 1655
1446910 1655
1446920 1654
1446930 1652
1446940 1652
1446950 1653
1446960 1655
1446970 1655
1446980 1658
1446990 1664
1447000 1664
1447010 1671
1447020 1677
1447030 1677
1447040 1684
1447050 1690
1447060 1690
1447070 1697
1447080 1704
1447090 1704
1447100 1712
1447110 1720
1447120 1720
1447130 1727
1447140 1735
1447150 1735
1447160 1741
1447170 1748
1447180 1748
1447190 1754
1447200 1761
1447210 1761
1447220 1767
1447230 1774
1447240 1774
1447250 1780
1447260 1787
1447270 1787
1447280 1794
1447290 1799
1447300 1804
1447310 1804
1447320 1810
1447330 1815
1447340 1815
1447350 1819
1447360 1822
1447370 1822
1447380 1821
1447390 1818
1447400 1818
1447410 1819
1447420 1823
1447430 1823
1447440 1826
1447450 1822
1447460 1822
1447470 1790
1447480 1770
1447490 1770
1447500 1759
1447510 1745
1447520 1745
1447530 1728
1447540 1699
1447550 1699
1447560 1665
1447570 1646
1447580 1646
1447590 1613
1447600 1601
1447610 1601
1447620 1600
1447630 1600
1447640 1600
1447650 1604
1447660 1615
1447670 1615
1447680 1612
1447690 1606
1447700 1606
1447710 1601
1447720 1598
1447730 1598
1447740 1598
1447750 1600
1447760 1604
1447770 1604
1447780 1606
1447790 1607
1447800 1607
1447810 1607
1447820 1603
1447830 1603
1447840 1590
1451300 545
1451310 543
1451320 543
1451330 540
1451340 537
1451350 537
1451360 531
1451370 526
1451380 526
1451390 523
1451400 522
1451410 522
1451420 522
1451430 523
1451440 523
1451450 523
1451460 523
1451470 521
1451480 521
1451490 519
1451500 517
1451510 517
1451520 514
1451530 510
1451540 510
1451550 506
1451560 502
1451570 502
1451580 498
1451590 494
1451600 494
1451610 492
1451620 490
1451630 490
1451640 488
1451650 487
1451660 487
1451670 486
1451680 485
1451690 485
1451700 484
1451710 483
1451720 483
1451730 482
1451740 482
1451750 482
1451760 481
1451770 481
1451780 481
1451790 480
1451800 479
1451810 479
1451820 476
1451830 473
1451840 473
1451850 468
1451860 466
1451870 466
1451880 463
1451890 463
1451900 463
1451910 462
1451920 461
1451930 460
1451940 460
1451950 459
1451960 458
1451970 458
1451980 457
1451990 457
1452000 457
1452010 455
1452020 455
1452030 455
1452040 453
1452050 453
1452060 453
1452070 453
1452080 453
1452090 453
1452100 453
1452110 453
1452120 453
1452130 453
1452140 453
1452150 453
1452160 454
1452170 456
1452180 456
1452190 461
1452200 466
1452210 466
1452220 468
1452230 469
1452240 469
1452250 472
1452260 476
1452270 476
1452280 478
1452290 483
1452300 483
1452310 487
1452320 492
1452330 492
1452340 497
1452350 503
1452360 503
1452370 510
1452380 516
1452390 516
1452400 525
1452410 533
1452420 543
1452430 543
1452440 555
1452450 565
1452460 565
1452470 576
1452480 583
1452490 583
1452500 588
1452510 593
1452520 593
1452530 598
1452540 603
1452550 603
1452560 602
1452570 599
1452580 599
1452590 595
1452600 593
1452610 593
1452620 591
1452630 588
1452640 588
1452650 586
1452660 582
1452670 582
1452680 579
1452690 578
1452700 578
1452710 568
1452720 567
1452730 567
1452740 567
1452750 567
1452760 567
1452770 567
1452780 567
1452790 567
1452800 569
1452810 571
1452820 571
1452830 581
1452840 593
1452850 593
1452860 599
1452870 610
1452880 624
1452890 624
1452900 629
1452910 635
1452920 635
1452930 631
1452940 625
1452950 625
1452960 621
1452970 621
1452980 621
1452990 620
1453000 618
1453010 618
1453020 616
1453030 613
1453040 613
1453050 611
1453060 606
1453070 606
1453080 604
1453090 607
1453100 607
1453110 612
1453120 613
1453130 613
1453140 612
1453150 611
1453160 611
1453170 609
1453180 608
1453190 608
1453200 605
1453210 601
1453220 601
1453230 597
1453240 595
1453250 595
1453260 592
1453270 591
1453280 591
1453290 591
1453300 593
1453310 593
1453320 599
1453330 604
1453340 603
1453350 603
1453360 589
1453370 580
1453380 580
1453390 573
1453400 564
1453410 564
1453420 554
1453430 546
1453440 546
1453450 539
1453460 532
1453470 532
1453480 523
1453490 515
1453500 515
1453510 507
1453520 499
1453530 499
1453540 492
1453550 486
1453560 486
1453570 479
1453580 473
1453590 473
1453600 470
1453610 468
1453620 468
1453630 466
1453640 464
1453650 464
1453660 462
1453670 460
1453680 460
1453690 460
1453700 457
1453710 457
1453720 454
1453730 451
1453740 451
1453750 448
1453760 445
1453770 445
1453780 443
1453790 443
1453800 443
1453810 443
1453820 443
1453830 443
1453840 443
1453850 443
1453860 443
1453870 443
1453880 443
1453890 443
1453900 443
1453910 443
1453920 443
1453930 443
1453940 443
1453950 441
1453960 441
1453970 440
1453980 439
1453990 439
1454000 438
1454010 438
1454020 438
1454030 438
1454040 438
1454050 438
1454060 438
1454070 438
1454080 438
1454090 438
1454100 438
1454110 438
1454120 437
1454130 437
1454140 437
1454150 437
1454160 437
1454170 437
1454180 437
1454190 438
1454200 438
1454210 438
1454220 438
1454230 438
1454240 437
1454250 437
1454260 437
1454270 437
1454280 437
1454290 437
1454300 437
1454310 437
1454320 437
1454330 437
1454340 437
1454350 437
1454360 437
1454370 437
1454380 437
1454390 437
1454400 437
1454410 437
1454420 437
1454430 437
1454440 437
1454450 437
1454460 437
1454470 437
1454480 437
1454490 437
1454500 437
1454510 437
1454520 436
1454530 436
1454540 436
1454550 436
1454560 437
1454570 437
1454580 437
1454590 437
1454600 437
1454610 437
1454620 437
1454630 437
1454640 437
1454650 437
1454660 437
1454670 437
1454680 437
1454690 437
1454700 437
1454710 437
1454720 437
1454730 437
1454740 437
1454750 437
1454760 437
1454770 437
1454780 437
1454790 437
1454800 437
1454810 437
1454820 437
1454830 437
1454840 437
1454850 437
1454860 436
1454870 437
1454880 437
1454890 437
1454900 437
1454910 437
1454920 437
1454930 437
1454940 437
1454950 437
1454960 437
1454970 437
1454980 437
1454990 437
1455000 437
1455010 437
1455020 437
1455030 437
1455040 437
1455050 437
1455060 437
1455070 437
1455080 436
1455090 436
1455100 436
1455110 436
1455120 436
1455130 436
1455140 436
1455150 436
1455160 436
1455170 436
1455180 436
1455190 436
1455200 436
1455210 436
1455220 436
1455230 436
1455240 436
1455250 436
1455260 436
1455270 436
1455280 436
1455290 436
1455300 436
1455310 436
1455320 435
1455330 436
1455340 436
1455350 436
1455360 436
1455370 436
1455380 436
1455390 436
1455400 436
1455410 436
1455420 436
1455430 436
1455440 436
1455450 436
1455460 436
1455470 436
1455480 436
1455490 436
1455500 436
1455510 436
1455520 436
1455530 437
1455540 437
1455550 437
1455560 437
1455570 437
1455580 437
1455590 437
1455600 437
1455610 437
1455620 437
1455630 437
1455640 437
1455650 436
1455660 436
1455670 436
1455680 436
1455690 437
1455700 437
1455710 437
1455720 437
1455730 436
1455740 436
1455750 436
1455760 437
1455770 437
1455780 437
1455790 437
1455800 437
1455810 437
1455820 437
1455830 437
1455840 436
1455850 436
1455860 436
1455870 437
1455880 437
1455890 437
1455900 437
1455910 437
1455920 437
1455930 436
1455940 435
1455950 435
1455960 436
1455970 436
1455980 436
1455990 436
1456000 436
1456010 436
1456020 436
1456030 436
1456040 436
1456050 436
1456060 434
1456070 434
1456080 434
1456090 434
1456100 434
1456110 434
1456120 434
1456130 434
1456140 434
1456150 434
1456160 434
1456170 434
1456180 434
1456190 434
1456200 434
1456210 436
1456220 435
1456230 435
1456240 435
1456250 435
1456260 435
1456270 435
1456280 435
1456290 435
1456300 435
1456310 434
1456320 434
1456330 434
1456340 434
1456350 434
1456360 434
1456370 435
1456380 435
1456390 435
1456400 435
1456410 435
1456420 435
1456430 435
1456440 435
1456450 436
1456460 435
1456470 435
1456480 435
1456490 436
1456500 436
1456510 436
1456520 436
1456530 436
1456540 436
1456550 436
1456560 436
1456570 436
1456580 436
1456590 436
1456600 436
1456610 436
1456620 436
1456630 436
1456640 436
1456650 436
1456660 436
1456670 436
1456680 436
1456690 436
1456700 436
1456710 437
1456720 437
1456730 437
1456740 437
1456750 437
1456760 437
1456770 437
1456780 437
1456790 437
1456800 436
1456810 436
1456820 436
1456830 436
1456840 436
1456850 437
1456860 436
1456870 436
1456880 437
1456890 436
1456900 436
1456910 436
1456920 436
1456930 436
1456940 436
1456950 436
1456960 436
1456970 436
1456980 436
1456990 436
1457000 436
1457010 436
1457020 436
1457030 436
1457040 436
1457050 436
1457060 436
1457070 436
1457080 436
1457090 436
1457100 436
1457110 435
1457120 435
1457130 436
1457140 438
1457150 438
1457160 440
1457170 440
1457180 440
1457190 440
1457200 440
1457210 440
1457220 440
1457230 440
1457240 440
1457250 440
1457260 439
1457270 439
1457280 439
1457290 439
1457300 439
1457310 439
1457320 439
1457330 439
1457340 439
1457350 439
1457360 439
1457370 439
1457380 439
1457390 439
1457400 439
1457410 440
1457420 440
1457430 444
1457440 449
1457450 449
1457460 453
1457470 453
1457480 453
1457490 453
1457500 451
1457510 455
1457520 455
1457530 462
1457540 464
1457550 464
1457560 465
1457570 468
1457580 468
1457590 468
1457600 468
1457610 468
1457620 469
1457630 466
1457640 466
1457650 465
1457660 464
1457670 464
1457680 464
1457690 464
1457700 464
1457710 465
1457720 465
1457730 465
1457740 466
1457750 466
1457760 466
1457770 466
1457780 468
1457790 468
1457800 469
1457810 471
1457820 471
1457830 473
1457840 475
1457850 475
1457860 477
1457870 477
1457880 477
1457890 478
1457900 477
1457910 477
1457920 478
1457930 478
1457940 478
1457950 478
1457960 478
1457970 478
1457980 478
1457990 478
1458000 478
1458010 478
1458020 478
1458030 478
1458040 478
1458050 479
1458060 480
1458070 480
1458080 479
1458090 479
1458100 479
1458110 479
1458120 479
1458130 479
1458140 479
1458150 480
1458160 480
1458170 480
1458180 480
1458190 480
1458200 481
1458210 481
1458220 481
1458230 481
1458240 481
1458250 481
1458260 482
1458270 482
1458280 482
1458290 482
1458300 483
1458310 483
1458320 484
1458330 487
1458340 487
1458350 491
1458360 495
1458370 495
1458380 496
1458390 498
1458400 498
1458410 500
1458420 501
1458430 501
1458440 502
1458450 502
1458460 502
1458470 502
1458480 503
1458490 504
1458500 504
1458510 506
1458520 509
1458530 509
1458540 513
1458550 517
1458560 517
1458570 521
1458580 523
1458590 523
1458600 526
1458610 529
1458620 529
1458630 531
1458640 532
1458650 532
1458660 533
1458670 535
1458680 535
1458690 536
1458700 538
1458710 538
1458720 541
1458730 543
1458740 543
1458750 544
1458760 544
1458770 544
1458780 544
1458790 547
1458800 547
1458810 551
1458820 553
1458830 553
1458840 554
1458850 552
1458860 552
1458870 551
1458880 549
1458890 549
1458900 549
1458910 549
1458920 550
1458930 550
1458940 551
1458950 553
1458960 553
1458970 555
1458980 559
1458990 559
1459000 565
1459010 569
1459020 569
1459030 571
1459040 573
1459050 573
1459060 574
1459070 576
1459080 576
1459090 577
1459100 579
1459110 579
1459120 581
1459130 583
1459140 583
1459150 585
1459160 588
1459170 588
1459180 593
1459190 598
1459200 598
1459210 602
1459220 606
1459230 606
1459240 611
1459250 614
1459260 614
1459270 617
1459280 620
1459290 620
1459300 622
1459310 625
1459320 625
1459330 628
1459340 631
1459350 631
1459360 634
1459370 637
1459380 639
1459390 639
1459400 642
1459410 645
1459420 645
1459430 647
1459440 649
1459450 649
1459460 653
1459470 657
1459480 657
1459490 662
1459500 666
1459510 666
1459520 670
1459530 675
1459540 675
1459550 680
1459560 685
1459570 685
1459580 689
1459590 692
1459600 692
1459610 694
1459620 690
1459630 690
1459640 687
1459650 686
1459660 686
1459670 686
1459680 687
1459690 687
1459700 692
1459710 695
1459720 695
1459730 697
1459740 697
1459750 697
1459760 694
1459770 693
1459780 693
1459790 694
1459800 698
1459810 698
1459820 702
1459830 706
1459840 708
1459850 708
1459860 710
1459870 711
1459880 711
1459890 713
1459900 717
1459910 717
1459920 720
1459930 720
1459940 720
1459950 719
1459960 719
1459970 719
1459980 720
1459990 720
