1440000 843
1440010 845
1440020 845
1440030 848
1440040 851
1440050 851
1440060 854
1440070 856
1440080 856
1440090 851
1440100 848
1440110 848
1440120 849
1440130 851
1440140 851
1440150 854
1440160 857
1440170 857
1440180 856
1440190 855
1440200 855
1440210 859
1440220 863
1440230 863
1440240 868
1440250 874
1440260 874
1440270 878
1440280 882
1440290 882
1440300 886
1440310 888
1440320 888
1440330 893
1440340 898
1440350 898
1440360 903
1440370 908
1440380 914
1440390 914
1440400 918
1440410 922
1440420 922
1440430 927
1440440 933
1440450 933
1440460 939
1440470 944
1440480 944
1440490 947
1440500 951
1440510 951
1440520 955
1440530 961
1440540 961
1440550 967
1440560 973
1440570 973
1440580 977
1440590 982
1440600 982
1440610 986
1440620 990
1440630 990
1440640 995
1440650 999
1440660 999
1440670 1005
1440680 1009
1440690 1009
1440700 1013
1440710 1016
1440720 1016
1440730 1020
1440740 1023
1440750 1023
1440760 1029
1440770 1034
1440780 1034
1440790 1040
1440800 1046
1440810 1046
1440820 1051
1440830 1057
1440840 1063
1440850 1063
1440860 1068
1440870 1074
1440880 1074
1440890 1080
1440900 1087
1440910 1087
1440920 1092
1440930 1098
1440940 1098
1440950 1106
1440960 1113
1440970 1113
1440980 1117
1440990 1120
1441000 1120
1441010 1123
1441020 1125
1441030 1125
1441040 1131
1441050 1137
1441060 1137
1441070 1142
1441080 1147
1441090 1147
1441100 1152
1441110 1156
1441120 1156
1441130 1160
1441140 1165
1441150 1165
1441160 1170
1441170 1174
1441180 1174
1441190 1178
1441200 1182
1441210 1182
1441220 1187
1441230 1191
1441240 1191
1441250 1196
1441260 1200
1441270 1200
1441280 1205
1441290 1209
1441300 1209
1441310 1220
1441320 1225
1441330 1231
1441340 1231
1441350 1236
1441360 1241
1441370 1241
1441380 1246
1441390 1251
1441400 1251
1441410 1256
1441420 1260
1441430 1260
1441440 1267
1441450 1274
1441460 1274
1441470 1280
1441480 1287
1441490 1287
1441500 1295
1441510 1298
1441520 1298
1441530 1297
1441540 1293
1441550 1293
1441560 1287
1441570 1282
1441580 1282
1441590 1279
1441600 1278
1441610 1278
1441620 1277
1441630 1282
1441640 1282
1441650 1289
1441660 1302
1441670 1302
1441680 1317
1441690 1311
1441700 1311
1441710 1305
1441720 1300
1441730 1300
1441740 1297
1441750 1297
1441760 1297
1441770 1299
1441780 1303
1441790 1307
1441800 1307
1441810 1311
1441820 1313
1441830 1313
1441840 1313
1441850 1313
1441860 1313
1441870 1317
1441880 1323
1441890 1323
1441900 1325
1441910 1314
1441920 1314
1441930 1293
1441940 1284
1441950 1284
1441960 1278
1441970 1272
1441980 1272
1441990 1268
1442000 1265
1442010 1265
1442020 1264
1442030 1263
1442040 1263
1442050 1264
1442060 1268
1442070 1268
1442080 1277
1442090 1288
1442100 1288
1442110 1296
1442120 1300
1442130 1300
1442140 1305
1442150 1309
1442160 1309
1442170 1311
1442180 1313
1442190 1313
1442200 1316
1442210 1322
1442220 1322
1442230 1329
1442240 1337
1442250 1345
1442260 1345
1442270 1356
1442280 1372
1442290 1372
1442300 1385
1442310 1395
1442320 1395
1442330 1405
1442340 1416
1442350 1416
1442360 1424
1442370 1430
1442380 1430
1442390 1438
1442400 1446
1442410 1446
1442420 1453
1442430 1453
1442440 1453
1442450 1454
1442460 1456
1442470 1456
1442480 1459
1442490 1464
1442500 1464
1442510 1469
1442520 1475
1442530 1475
1442540 1480
1442550 1486
1442560 1486
1442570 1492
1442580 1499
1442590 1499
1442600 1505
1442610 1511
1442620 1511
1442630 1515
1442640 1519
1442650 1519
1442660 1522
1442670 1523
1442680 1523
1442690 1514
1442700 1485
1442710 1474
1442720 1474
1442730 1456
1442740 1438
1442750 1438
1442760 1422
1442770 1408
1442780 1408
1442790 1396
1442800 1379
1442810 1379
1442820 1344
1442830 1316
1442840 1316
1442850 1299
1442860 1289
1442870 1289
1442880 1267
1442890 1245
1442900 1245
1442910 1231
1442920 1224
1442930 1224
1442940 1220
1442950 1223
1442960 1223
1442970 1224
1442980 1227
1442990 1227
1443000 1231
1443010 1235
1443020 1235
1443030 1239
1443040 1243
1443050 1243
1443060 1246
1443070 1251
1443080 1251
1443090 1255
1443100 1260
1443110 1260
1443120 1265
1443130 1270
1443140 1270
1443150 1275
1443160 1281
1443170 1281
1443180 1286
1443190 1295
1443200 1314
1443210 1314
1443220 1327
1443230 1337
1443240 1337
1443250 1341
1443260 1342
1443270 1342
1443280 1347
1443290 1358
1443300 1358
1443310 1370
1443320 1390
1443330 1390
1443340 1435
1443350 1470
1443360 1470
1443370 1487
1443380 1491
1443390 1491
1443400 1495
1443410 1498
1443420 1498
1443430 1501
1443440 1502
1443450 1502
1443460 1500
1443470 1503
1443480 1503
1443490 1503
1443500 1502
1443510 1502
1443520 1504
1443530 1505
1443540 1505
1443550 1507
1443560 1509
1443570 1509
1443580 1511
1443590 1514
1443600 1514
1443610 1516
1443620 1517
1443630 1517
1443640 1520
1443650 1521
1443660 1522
1443670 1522
1443680 1523
1443690 1522
1443700 1522
1443710 1521
1443720 1519
1443730 1519
1443740 1519
1443750 1518
1443760 1518
1443770 1517
1443780 1515
1443790 1515
1443800 1514
1443810 1511
1443820 1511
1443830 1505
1443840 1502
1443850 1502
1443860 1501
1443870 1500
1443880 1500
1443890 1500
1443900 1499
1443910 1499
1443920 1498
1443930 1498
1443940 1498
1443950 1501
1443960 1501
1443970 1501
1443980 1500
1443990 1498
1444000 1498
1444010 1499
1444020 1499
1444030 1499
1444040 1496
1444050 1494
1444060 1494
1444070 1496
1444080 1494
1444090 1494
1444100 1493
1444110 1493
1444120 1493
1444130 1493
1444140 1500
1444150 1501
1444160 1501
1444170 1499
1444180 1492
1444190 1492
1444200 1485
1444210 1482
1444220 1482
1444230 1479
1444240 1476
1444250 1476
1444260 1475
1444270 1476
1444280 1476
1444290 1471
1444300 1467
1444310 1467
1444320 1463
1444330 1456
1444340 1456
1444350 1446
1444360 1447
1444370 1461
1444380 1463
1444390 1463
1444400 1463
1444410 1459
1444420 1451
1444430 1451
1444440 1438
1444450 1431
1444460 1431
1444470 1431
1444480 1435
1444490 1435
1444500 1437
1444510 1436
1444520 1436
1444530 1431
1444540 1429
1444550 1429
1444560 1430
1444570 1435
1444580 1435
1444590 1437
1444600 1433
1444610 1429
1444620 1429
1444630 1427
1444640 1423
1444650 1423
1444660 1420
1444670 1418
1444680 1418
1444690 1418
1444700 1420
1444710 1420
1444720 1426
1444730 1431
1444740 1431
1444750 1431
1444760 1437
1444770 1437
1444780 1431
1444790 1414
1444800 1414
1444810 1430
1444820 1446
1444830 1446
1444840 1437
1444850 1412
1444860 1412
1444870 1365
1444880 1350
1444890 1350
1444900 1343
1444910 1338
1444920 1338
1444930 1331
1444940 1328
1444950 1328
1444960 1330
1444970 1333
1444980 1333
1444990 1336
1445000 1348
1445010 1348
1445020 1364
1445030 1369
1445040 1369
1445050 1374
1445060 1374
1445070 1374
1445080 1374
1445090 1367
1445100 1365
1445110 1365
1445120 1366
1445130 1369
1445140 1369
1445150 1372
1445160 1376
1445170 1376
1445180 1381
1445190 1386
1445200 1386
1445210 1405
1445220 1449
1445230 1449
1445240 1463
1445250 1470
1445260 1470
1445270 1474
1445280 1478
1445290 1478
1445300 1482
1445310 1483
1445320 1483
1445330 1485
1445340 1485
1445350 1485
1445360 1487
1445370 1489
1445380 1489
1445390 1491
1445400 1491
1445410 1491
1445420 1493
1445430 1493
1445440 1493
1445450 1494
1445460 1494
1445470 1494
1445480 1495
1445490 1491
1445500 1491
1445510 1487
1445520 1489
1445530 1491
1445540 1491
1445550 1493
1445560 1493
1445570 1493
1445580 1493
1445590 1494
1445600 1494
1445610 1494
1445620 1483
1445630 1483
1445640 1473
1445650 1473
1445660 1473
1445670 1476
1445680 1481
1445690 1481
1445700 1488
1445710 1492
1445720 1492
1445730 1497
1445740 1502
1445750 1502
1445760 1516
1445770 1522
1445780 1522
1445790 1526
1445800 1528
1445810 1528
1445820 1528
1445830 1531
1445840 1531
1445850 1533
1445860 1535
1445870 1535
1445880 1535
1445890 1538
1445900 1538
1445910 1536
1445920 1534
1445930 1534
1445940 1535
1445950 1539
1445960 1539
1445970 1547
1445980 1554
1445990 1554
1446000 1557
1446010 1558
1446020 1557
1446030 1557
1446040 1553
1446050 1548
1446060 1548
1446070 1549
1446080 1555
1446090 1555
1446100 1561
1446110 1565
1446120 1565
1446130 1565
1446140 1565
1446150 1565
1446160 1569
1446170 1572
1446180 1572
1446190 1572
1446200 1572
1446210 1572
1446220 1572
1446230 1571
1446240 1571
1446250 1574
1446260 1572
1446270 1572
1446280 1566
1446290 1567
1446300 1567
1446310 1572
1446320 1574
1446330 1574
1446340 1581
1446350 1585
1446360 1585
1446370 1583
1446380 1582
1446390 1582
1446400 1585
1446410 1594
1446420 1594
1446430 1599
1446440 1602
1446450 1602
1446460 1604
1446470 1605
1446480 1606
1446490 1606
1446500 1607
1446510 1608
1446520 1608
1446530 1609
1446540 1611
1446550 1611
1446560 1615
1446570 1619
1446580 1619
1446590 1624
1446600 1620
1446610 1620
1446620 1621
1446630 1624
1446640 1624
1446650 1626
1446660 1627
1446670 1627
1446680 1629
1446690 1630
1446700 1630
1446710 1633
1446720 1638
1446730 1638
1446740 1644
1446750 1650
1446760 1650
1446770 1656
1446780 1665
1446790 1665
1446800 1677
1446810 1684
1446820 1684
1446830 1697
1446840 1710
1446850 1710
1446860 1713
1446870 1716
1446880 1716
1446890 1720
1446900 1722
1446910 1722
1446920 1724
1446930 1726
1446940 1728
1446950 1728
1446960 1726
1446970 1721
1446980 1721
1446990 1720
1447000 1721
1447010 1721
1447020 1718
1447030 1713
1447040 1713
1447050 1715
1447060 1713
1447070 1713
1447080 1709
1447090 1707
1447100 1707
1447110 1702
1447120 1695
1447130 1695
1447140 1701
1447150 1704
1447160 1704
1447170 1704
1447180 1706
1447190 1706
1447200 1713
1447210 1721
1447220 1721
1447230 1728
1447240 1734
1447250 1734
1447260 1733
1447270 1733
1447280 1733
1447290 1737
1447300 1740
1447310 1740
1447320 1746
1447330 1750
1447340 1750
1447350 1749
1447360 1749
1447370 1749
1447380 1754
1447390 1759
1447400 1759
1447410 1763
1447420 1764
1447430 1765
1447440 1765
1447450 1771
1447460 1774
1447470 1774
1447480 1780
1447490 1785
1447500 1785
1447510 1789
1447520 1795
1447530 1795
1447540 1799
1447550 1805
1447560 1805
1447570 1810
1447580 1813
1447590 1813
1447600 1813
1447610 1812
1447620 1812
1447630 1813
1447640 1813
1447650 1813
1447660 1815
1447670 1817
1447680 1817
1447690 1816
1447700 1816
1447710 1816
1447720 1816
1447730 1817
1447740 1817
1447750 1818
1447760 1821
1447770 1821
1447780 1821
1447790 1820
1447800 1820
1447810 1814
1447820 1813
1447830 1813
1447840 1808
1447850 1798
1447860 1798
1447870 1793
1447880 1791
1447890 1790
1447900 1790
1447910 1782
1447920 1768
1447930 1768
1447940 1756
1447950 1744
1447960 1744
1447970 1723
1447980 1649
1447990 1649
1448000 1619
1448010 1601
1448020 1601
1448030 1562
1448040 1500
1448050 1500
1448060 1489
1448070 1470
1448080 1470
1448090 1460
1448100 1452
1448110 1452
1448120 1443
1448130 1438
1448140 1438
1448150 1432
1448160 1426
1448170 1426
1448180 1419
1448190 1412
1448200 1412
1449560 1134
1449570 1122
1449580 1122
1449590 1123
1449600 1127
1449610 1127
1449620 1130
1449630 1126
1449640 1126
1449650 1127
1449660 1136
1449670 1136
1449680 1146
1449690 1151
1449700 1151
1449710 1151
1449720 1149
1449730 1149
1449740 1144
1449750 1139
1449760 1132
1449770 1132
1449780 1127
1449790 1122
1449800 1122
1449810 1118
1449820 1116
1449830 1116
1449840 1118
1449850 1120
1449860 1120
1449870 1121
1449880 1124
1449890 1124
1449900 1127
1449910 1129
1449920 1129
1449930 1122
1449940 1110
1449950 1110
1449960 1103
1449970 1102
1449980 1102
1449990 1094
1450000 1085
1450010 1085
1450020 1075
1450030 1063
1450040 1063
1450050 1051
1450060 1040
1450070 1040
1450080 1033
1450090 1024
1450100 1024
1450110 1015
1450120 1003
1450130 1003
1450140 992
1450150 984
1450160 984
1450170 974
1450180 969
1450190 969
1450200 967
1450210 963
1450220 963
1450230 954
1450240 944
1450250 933
1450260 933
1450270 922
1450280 903
1450290 903
1450300 882
1450310 873
1450320 873
1450330 865
1450340 856
1450350 856
1450360 848
1450370 840
1450380 840
1450390 831
1450400 821
1450410 821
1450420 820
1450430 817
1450440 817
1450450 811
1450460 801
1450470 801
1450480 787
1450490 775
1450500 775
1450510 762
1450520 755
1450530 755
1450540 747
1450550 736
1450560 736
1450570 725
1450580 709
1450590 709
1450600 690
1450610 677
1450620 677
1450630 665
1450640 663
1450650 663
1450660 662
1450670 655
1450680 655
1450690 649
1450700 647
1450710 644
1450720 644
1450730 643
1450740 642
1450750 642
1450760 640
1450770 638
1450780 638
1450790 637
1450800 636
1450810 636
1450820 632
1450830 629
1450840 629
1450850 627
1450860 626
1450870 626
1450880 626
1450890 623
1450900 623
1450910 619
1450920 617
1450930 617
1450940 616
1450950 614
1450960 614
1450970 614
1450980 612
1450990 612
1451000 608
1451010 603
1451020 603
1451030 599
1451040 598
1451050 598
1451060 597
1451070 597
1451080 597
1451090 595
1451100 591
1451110 591
1451120 589
1451130 586
1451140 586
1451150 582
1451160 576
1451170 570
1451180 570
1451190 565
1451200 563
1451210 563
1451220 560
1451230 557
1451240 557
1451250 555
1451260 554
1451270 554
1451280 554
1451290 553
1451300 553
1451310 553
1451320 555
1451330 555
1451340 554
1451350 552
1451360 552
1451370 553
1451380 551
1451390 551
1451400 549
1451410 550
1451420 550
1451430 552
1451440 554
1451450 554
1451460 555
1451470 556
1451480 556
1451490 557
1451500 559
1451510 559
1451520 559
1451530 558
1451540 558
1451550 556
1451560 554
1451570 554
1451580 550
1451590 545
1451600 545
1451610 539
1451620 535
1451630 531
1451640 531
1451650 527
1451660 523
1451670 523
1451680 518
1451690 513
1451700 513
1451710 506
1451720 500
1451730 500
1451740 492
1451750 486
1451760 486
1451770 483
1451780 477
1451790 477
1451800 473
1451810 473
1451820 473
1451830 470
1451840 464
1451850 464
1451860 461
1451870 459
1451880 459
1451890 458
1451900 458
1451910 458
1451920 457
1451930 458
1451940 458
1451950 458
1451960 458
1451970 458
1451980 457
1451990 457
1452000 457
1452010 456
1452020 453
1452030 453
1452040 449
1452050 449
1452060 449
1452070 449
1452080 451
1452090 451
1452100 453
1452110 453
1452120 454
1452130 454
1452140 454
1452150 454
1452160 454
1452170 454
1452180 455
1452190 455
1452200 454
1452210 454
1452220 454
1452230 456
1452240 463
1452250 463
1452260 472
1452270 479
1452280 479
1452290 483
1452300 485
1452310 485
1452320 492
1452330 496
1452340 496
1452350 499
1452360 499
1452370 499
1452380 499
1452390 499
1452400 499
1452410 501
1452420 502
1452430 502
1452440 506
1452450 510
1452460 510
1452470 513
1452480 515
1452490 515
1452500 517
1452510 517
1452520 517
1452530 522
1452540 525
1452550 525
1452560 527
1452570 530
1452580 533
1452590 533
1452600 535
1452610 538
1452620 538
1452630 541
1452640 545
1452650 545
1452660 546
1452670 545
1452680 545
1452690 547
1452700 551
1452710 551
1452720 551
1452730 553
1452740 553
1452750 552
1452760 552
1452770 552
1452780 549
1452790 547
1452800 547
1452810 546
1452820 547
1452830 547
1452840 548
1452850 548
1452860 548
1452870 551
1452880 556
1452890 556
1452900 559
1452910 561
1452920 561
1452930 561
1452940 563
1452950 563
1452960 567
1452970 561
1452980 561
1452990 554
1453000 545
1453010 545
1453020 535
1453030 526
1453040 516
1453050 516
1453060 505
1453070 496
1453080 496
1453090 489
1453100 482
1453110 482
1453120 476
1453130 475
1453140 475
1453150 473
1453160 472
1453170 472
1453180 472
1453190 473
1453200 473
1453210 471
1453220 464
1453230 464
1453240 458
1453250 453
1453260 453
1453270 449
1453280 448
1453290 448
1453300 448
1453310 448
1453320 448
1453330 448
1453340 448
1453350 448
1453360 448
1453370 447
1453380 447
1453390 447
1453400 447
1453410 447
1453420 447
1453430 447
1453440 447
1453450 447
1453460 447
1453470 447
1453480 447
1453490 447
1453500 447
1453510 447
1453520 447
1453530 447
1453540 447
1453550 447
1453560 447
1453570 447
1453580 447
1453590 447
1453600 447
1453610 447
1453620 447
1453630 447
1453640 447
1453650 448
1453660 448
1453670 448
1453680 447
1453690 447
1453700 447
1453710 447
1453720 447
1453730 447
1453740 447
1453750 447
1453760 447
1453770 446
1453780 446
1453790 446
1453800 445
1453810 445
1453820 445
1453830 445
1453840 445
1453850 445
1453860 445
1453870 445
1453880 445
1453890 445
1453900 445
1453910 445
1453920 445
1453930 445
1453940 445
1453950 445
1453960 445
1453970 445
1453980 445
1453990 444
1454000 444
1454010 445
1454020 445
1454030 445
1454040 445
1454050 445
1454060 445
1454070 444
1454080 445
1454090 445
1454100 445
1454110 445
1454120 445
1454130 445
1454140 444
1454150 444
1454160 444
1454170 445
1454180 445
1454190 445
1454200 445
1454210 445
1454220 445
1454230 445
1454240 445
1454250 445
1454260 445
1454270 445
1454280 445
1454290 444
1454300 444
1454310 444
1454320 444
1454330 444
1454340 444
1454350 444
1454360 444
1454370 443
1454380 443
1454390 443
1454400 443
1454410 442
1454420 442
1454430 441
1454440 442
1454450 442
1454460 442
1454470 443
1454480 443
1454490 443
1454500 442
1454510 441
1454520 441
1454530 439
1454540 438
1454550 438
1454560 436
1454570 435
1454580 435
1454590 435
1454600 435
1454610 435
1454620 436
1454630 436
1454640 436
1454650 436
1454660 436
1454670 436
1454680 436
1454690 436
1454700 436
1454710 436
1454720 436
1454730 436
1454740 436
1454750 436
1454760 436
1454770 435
1454780 436
1454790 436
1454800 436
1454810 436
1454820 436
1454830 436
1454840 436
1454850 436
1454860 436
1454870 436
1454880 436
1454890 435
1454900 436
1454910 436
1454920 436
1454930 436
1454940 436
1454950 436
1454960 436
1454970 436
1454980 436
1454990 436
1455000 436
1455010 436
1455020 436
1455030 436
1455040 436
1455050 436
1455060 436
1455070 436
1455080 435
1455090 435
1455100 435
1455110 434
1455120 435
1455130 435
1455140 435
1455150 435
1455160 435
1455170 435
1455180 435
1455190 435
1455200 435
1455210 435
1455220 435
1455230 436
1455240 436
1455250 436
1455260 436
1455270 436
1455280 436
1455290 435
1455300 435
1455310 435
1455320 436
1455330 436
1455340 436
1455350 435
1455360 436
1455370 436
1455380 436
1455390 436
1455400 435
1455410 435
1455420 435
1455430 435
1455440 435
1455450 435
1455460 435
1455470 435
1455480 435
1455490 435
1455500 435
1455510 435
1455520 434
1455530 434
1455540 435
1455550 435
1455560 435
1455570 435
1455580 435
1455590 435
1455600 435
1455610 435
1455620 435
1455630 435
1455640 435
1455650 435
1455660 435
1455670 435
1455680 435
1455690 435
1455700 435
1455710 435
1455720 435
1455730 435
1455740 435
1455750 435
1455760 435
1455770 435
1455780 435
1455790 435
1455800 435
1455810 435
1455820 435
1455830 435
1455840 435
1455850 435
1455860 435
1455870 435
1455880 435
1455890 435
1455900 435
1455910 435
1455920 435
1455930 435
1455940 435
1455950 436
1455960 436
1455970 435
1455980 435
1455990 435
1456000 436
1456010 435
1456020 435
1456030 434
1456040 433
1456050 433
1456060 434
1456070 434
1456080 434
1456090 435
1456100 435
1456110 435
1456120 435
1456130 435
1456140 435
1456150 435
1456160 435
1456170 435
1456180 435
1456190 435
1456200 435
1456210 435
1456220 435
1456230 435
1456240 435
1456250 434
1456260 434
1456270 433
1456280 435
1456290 435
1456300 434
1456310 434
1456320 434
1456330 434
1456340 434
1456350 434
1456360 434
1456370 434
1456380 434
1456390 434
1456400 434
1456410 434
1456420 434
1456430 434
1456440 435
1456450 435
1456460 435
1456470 435
1456480 435
1456490 434
1456500 434
1456510 434
1456520 434
1456530 434
1456540 434
1456550 434
1456560 434
1456570 434
1456580 434
1456590 434
1456600 434
1456610 434
1456620 434
1456630 434
1456640 434
1456650 434
1456660 434
1456670 434
1456680 434
1456690 434
1456700 434
1456710 434
1456720 434
1456730 433
1456740 432
1456750 432
1456760 434
1456770 435
1456780 435
1456790 435
1456800 435
1456810 435
1456820 435
1456830 435
1456840 435
1456850 435
1456860 435
1456870 435
1456880 435
1456890 435
1456900 435
1456910 435
1456920 435
1456930 435
1456940 435
1456950 435
1456960 436
1456970 436
1456980 436
1456990 436
1457000 436
1457010 434
1457020 435
1457030 435
1457040 439
1457050 439
1457060 439
1457070 437
1457080 437
1457090 437
1457100 437
1457110 437
1457120 437
1457130 437
1457140 437
1457150 437
1457160 437
1457170 436
1457180 436
1457190 436
1457200 436
1457210 436
1457220 436
1457230 436
1457240 436
1457250 436
1457260 437
1457270 439
1457280 439
1457290 441
1457300 444
1457310 444
1457320 445
1457330 445
1457340 445
1457350 444
1457360 444
1457370 444
1457380 443
1457390 443
1457400 443
1457410 444
1457420 444
1457430 444
1457440 444
1457450 444
1457460 444
1457470 443
1457480 443
1457490 443
1457500 443
1457510 443
1457520 443
1457530 443
1457540 444
1457550 444
1457560 444
1457570 444
1457580 444
1457590 444
1457600 445
1457610 445
1457620 446
1457630 447
1457640 447
1457650 447
1457660 447
1457670 447
1457680 447
1457690 448
1457700 448
1457710 449
1457720 449
1457730 450
1457740 450
1457750 451
1457760 451
1457770 451
1457780 452
1457790 453
1457800 453
1457810 453
1457820 454
1457830 454
1457840 454
1457850 454
1457860 454
1457870 455
1457880 456
1457890 456
1457900 466
1457910 475
1457920 475
1457930 477
1457940 480
1457950 480
1457960 480
1457970 480
1457980 480
1457990 480
1458000 480
1458010 480
1458020 480
1458030 483
1458040 483
1458050 488
1458060 490
1458070 490
1458080 491
1458090 492
1458100 492
1458110 493
1458120 493
1458130 493
1458140 493
1458150 493
1458160 493
1458170 494
1458180 495
1458190 495
1458200 497
1458210 498
1458220 499
1458230 499
1458240 500
1458250 500
1458260 500
1458270 500
1458280 501
1458290 501
1458300 501
1458310 502
1458320 502
1458330 502
1458340 503
1458350 503
1458360 505
1458370 509
1458380 509
1458390 511
1458400 513
1458410 513
1458420 518
1458430 526
1458440 526
1458450 531
1458460 534
1458470 534
1458480 536
1458490 539
1458500 539
1458510 542
1458520 544
1458530 544
1458540 547
1458550 549
1458560 549
1458570 551
1458580 554
1458590 554
1458600 556
1458610 556
1458620 556
1458630 555
1458640 553
1458650 553
1458660 552
1458670 553
1458680 553
1458690 553
1458700 553
1458710 553
1458720 553
1458730 554
1458740 555
1458750 555
1458760 555
1458770 555
1458780 555
1458790 554
1458800 555
1458810 555
1458820 556
1458830 558
1458840 558
1458850 561
1458860 565
1458870 565
1458880 569
1458890 570
1458900 570
1458910 570
1458920 570
1458930 570
1458940 572
1458950 574
1458960 574
1458970 576
1458980 579
1458990 579
1459000 582
1459010 584
1459020 584
1459030 586
1459040 588
1459050 588
1459060 591
1459070 594
1459080 594
1459090 597
1459100 600
1459110 600
1459120 603
1459130 605
1459140 608
1459150 608
1459160 610
1459170 613
1459180 613
1459190 615
1459200 618
1459210 618
1459220 620
1459230 622
1459240 622
1459250 625
1459260 627
1459270 627
1459280 629
1459290 631
1459300 631
1459310 633
1459320 634
1459330 634
1459340 636
1459350 638
1459360 638
1459370 640
1459380 642
1459390 642
1459400 645
1459410 648
1459420 648
1459430 652
1459440 655
1459450 655
1459460 659
1459470 662
1459480 662
1459490 665
1459500 668
1459510 668
1459520 671
1459530 676
1459540 676
1459550 680
1459560 684
1459570 684
1459580 688
1459590 693
1459600 696
1459610 696
1459620 698
1459630 701
1459640 701
1459650 704
1459660 706
1459670 706
1459680 708
1459690 709
1459700 709
1459710 710
1459720 712
1459730 712
1459740 715
1459750 717
1459760 717
1459770 719
1459780 721
1459790 721
1459800 723
1459810 722
1459820 722
1459830 721
1459840 721
1459850 721
1459860 722
1459870 722
1459880 722
1459890 718
1459900 713
1459910 713
1459920 708
1459930 704
1459940 704
1459950 700
1459960 695
1459970 695
1459980 691
1459990 686
