1440000 583
1440010 583
1440020 584
1440030 584
1440040 584
1440050 584
1440060 585
1440070 585
1440080 587
1440090 589
1440100 589
1440110 590
1440120 592
1440130 594
1440140 594
1440150 596
1440160 598
1440170 598
1440180 600
1440190 602
1440200 602
1440210 604
1440220 609
1440230 609
1440240 612
1440250 614
1440260 614
1440270 613
1440280 612
1440290 612
1440300 614
1440310 617
1440320 617
1440330 618
1440340 621
1440350 621
1440360 625
1440370 629
1440380 629
1440390 633
1440400 635
1440410 635
1440420 635
1440430 635
1440440 635
1440450 635
1440460 635
1440470 635
1440480 635
1440490 635
1440500 635
1440510 635
1440520 635
1440530 635
1440540 635
1440550 636
1440560 636
1440570 637
1440580 638
1440590 638
1440600 639
1440610 639
1440620 635
1440630 635
1440640 631
1440650 627
1440660 627
1440670 624
1440680 620
1440690 620
1440700 617
1440710 614
1440720 614
1440730 611
1440740 609
1440750 609
1440760 606
1440770 604
1440780 604
1440790 602
1440800 601
1440810 601
1440820 601
1440830 600
1440840 600
1440850 600
1440860 599
1440870 599
1440880 597
1440890 596
1440900 596
1440910 594
1440920 592
1440930 592
1440940 591
1440950 590
1440960 588
1440970 587
1440980 586
1440990 586
1441000 585
1441010 584
1441020 584
1441030 580
1441040 578
1441050 578
1441060 580
1441070 583
1441080 583
1441090 583
1441100 583
1441110 580
1441120 580
1441130 578
1441140 578
1441150 578
1441160 580
1441170 581
1441180 581
1441190 582
1441200 584
1441210 584
1441220 587
1441230 588
1441240 588
1441250 589
1441260 590
1441270 590
1441280 592
1441290 593
1441300 593
1441310 594
1441320 595
1441330 595
1441340 595
1441350 596
1441360 596
1441370 596
1441380 596
1441390 596
1441400 597
1441410 599
1441420 599
1441430 602
1441440 604
1441450 604
1441460 606
1441470 608
1441480 608
1441490 610
1441500 611
1441510 611
1441520 612
1441530 615
1441540 615
1441550 617
1441560 620
1441570 622
1441580 622
1441590 624
1441600 626
1441610 626
1441620 628
1441630 629
1441640 629
1441650 631
1441660 632
1441670 632
1441680 634
1441690 636
1441700 636
1441710 637
1441720 639
1441730 639
1441740 640
1441750 641
1441760 641
1441770 642
1441780 642
1441790 642
1441800 642
1441810 641
1441820 641
1441830 641
1441840 642
1441850 642
1441860 642
1441870 643
1441880 643
1441890 643
1441900 643
1441910 643
1441920 643
1441930 643
1441940 643
1441950 643
1441960 642
1441970 642
1441980 639
1441990 637
1442000 637
1442010 637
1442020 641
1442030 641
1442040 643
1442050 643
1442060 644
1442070 644
1442080 644
1442090 644
1442100 644
1442110 643
1442120 642
1442130 642
1442140 640
1442150 638
1442160 638
1442170 636
1442180 634
1442190 634
1442200 632
1442210 636
1442220 636
1442230 641
1442240 645
1442250 645
1442260 648
1442270 651
1442280 651
1442290 655
1442300 658
1442310 658
1442320 658
1442330 658
1442340 658
1442350 658
1442360 657
1442370 657
1442380 657
1442390 656
1442400 656
1442410 656
1442420 656
1442430 656
1442440 656
1442450 657
1442460 657
1442470 657
1442480 658
1442490 658
1442500 658
1442510 659
1442520 659
1442530 659
1442540 660
1442550 661
1442560 661
1442570 662
1442580 663
1442590 663
1442600 664
1442610 664
1442620 664
1442630 665
1442640 665
1442650 665
1442660 665
1442670 665
1442680 665
1442690 664
1442700 664
1442710 664
1442720 665
1442730 666
1442740 666
1442750 667
1442760 667
1442770 667
1442780 668
1442790 669
1442800 669
1442810 670
1442820 671
1442830 671
1442840 671
1442850 672
1442860 672
1442870 673
1442880 674
1442890 674
1442900 674
1442910 674
1442920 674
1442930 674
1442940 674
1442950 674
1442960 674
1442970 675
1442980 675
1442990 677
1443000 680
1443010 681
1443020 681
1443030 684
1443040 685
1443050 685
1443060 687
1443070 690
1443080 690
1443090 691
1443100 692
1443110 692
1443120 693
1443130 693
1443140 693
1443150 692
1443160 692
1443170 692
1443180 692
1443190 692
1443200 692
1443210 692
1443220 691
1443230 691
1443240 691
1443250 692
1443260 692
1443270 692
1443280 692
1443290 692
1443300 693
1443310 694
1443320 694
1443330 696
1443340 697
1443350 697
1443360 699
1443370 700
1443380 700
1443390 700
1443400 700
1443410 700
1443420 700
1443430 699
1443440 699
1443450 697
1443460 695
1443470 695
1443480 694
1443490 694
1443500 695
1443510 695
1443520 695
1443530 696
1443540 696
1443550 696
1443560 699
1443570 699
1443580 701
1443590 702
1443600 702
1443610 703
1443620 703
1443630 703
1443640 700
1443650 695
1443660 695
1443670 689
1443680 684
1443690 684
1443700 680
1443710 675
1443720 675
1443730 671
1443740 668
1443750 668
1443760 666
1443770 665
1443780 665
1443790 663
1443800 661
1443810 661
1443820 659
1443830 658
1443840 658
1443850 656
1443860 654
1443870 654
1443880 653
1443890 651
1443900 651
1443910 650
1443920 648
1443930 648
1443940 646
1443950 644
1443960 644
1443970 642
1443980 640
1443990 639
1444000 641
1444010 639
1444020 638
1444030 638
1444040 636
1444050 634
1444060 634
1444070 631
1444080 629
1444090 629
1444100 627
1444110 625
1444120 625
1444130 624
1444140 621
1444150 621
1444160 617
1444170 616
1444180 616
1444190 617
1444200 617
1444210 617
1444220 616
1444230 616
1444240 616
1444250 616
1444260 617
1444270 617
1444280 617
1444290 618
1444300 618
1444310 618
1444320 617
1444330 617
1444340 616
1444350 613
1444360 613
1444370 609
1444380 612
1444390 612
1444400 615
1444410 618
1444420 618
1444430 620
1444440 618
1444450 618
1444460 607
1444470 613
1444480 626
1444490 626
1444500 630
1444510 632
1444520 632
1444530 634
1444540 635
1444550 635
1444560 635
1444570 638
1444580 638
1444590 641
1444600 643
1444610 643
1444620 645
1444630 647
1444640 647
1444650 649
1444660 650
1444670 650
1444680 652
1444690 655
1444700 655
1444710 655
1444720 657
1444730 657
1444740 662
1444750 669
1444760 669
1444770 673
1444780 676
1444790 676
1444800 674
1444810 674
1444820 674
1444830 675
1444840 676
1444850 676
1444860 677
1444870 680
1444880 680
1444890 683
1444900 684
1444910 684
1444920 686
1444930 688
1444940 690
1444950 690
1444960 691
1444970 695
1444980 695
1444990 698
1445000 701
1445010 701
1445020 704
1445030 706
1445040 706
1445050 709
1445060 713
1445070 713
1445080 716
1445090 718
1445100 718
1445110 718
1445120 719
1445130 719
1445140 719
1445150 720
1445160 720
1445170 721
1445180 721
1445190 721
1445200 722
1445210 721
1445220 721
1445230 720
1445240 720
1445250 720
1445260 721
1445270 722
1445280 722
1445290 723
1445300 725
1445310 725
1445320 727
1445330 729
1445340 729
1445350 731
1445360 733
1445370 733
1445380 733
1445390 734
1445400 734
1445410 735
1445420 736
1445430 739
1445440 739
1445450 741
1445460 743
1445470 743
1445480 744
1445490 743
1445500 743
1445510 746
1445520 748
1445530 748
1445540 748
1445550 748
1445560 748
1445570 745
1445580 740
1445590 740
1445600 745
1445610 752
1445620 752
1445630 756
1445640 759
1445650 759
1445660 760
1445670 766
1445680 766
1445690 771
1445700 774
1445710 774
1445720 776
1445730 778
1445740 778
1445750 780
1445760 783
1445770 783
1445780 786
1445790 789
1445800 789
1445810 791
1445820 790
1445830 790
1445840 788
1445850 789
1445860 789
1445870 791
1445880 793
1445890 793
1445900 795
1445910 796
1445920 797
1445930 797
1445940 798
1445950 797
1445960 797
1445970 794
1445980 793
1445990 793
1446000 796
1446010 801
1446020 801
1446030 804
1446040 807
1446050 807
1446060 812
1446070 816
1446080 816
1446090 817
1446100 815
1446110 815
1446120 813
1446130 810
1446140 810
1446150 808
1446160 813
1446170 813
1446180 818
1446190 821
1446200 821
1446210 824
1446220 828
1446230 828
1446240 831
1446250 834
1446260 834
1446270 839
1446280 844
1446290 844
1446300 846
1446310 841
1446320 841
1446330 837
1446340 834
1446350 834
1446360 835
1446370 837
1446380 837
1446390 841
1446400 844
1446410 847
1446420 847
1446430 849
1446440 847
1446450 847
1446460 843
1446470 840
1446480 840
1446490 839
1446500 840
1446510 840
1446520 840
1446530 839
1446540 839
1446550 836
1446560 833
1446570 833
1446580 826
1446590 816
1446600 816
1446610 803
1446620 791
1446630 791
1446640 783
1446650 777
1446660 777
1446670 771
1446680 765
1446690 765
1446700 761
1446710 761
1446720 761
1446730 768
1446740 776
1446750 776
1446760 784
1446770 792
1446780 792
1446790 804
1446800 815
1446810 815
1446820 827
1446830 836
1446840 836
1446850 845
1446860 849
1446870 849
1446880 849
1446890 845
1446900 844
1446910 844
1446920 847
1446930 849
1446940 849
1446950 853
1446960 859
1446970 859
1446980 866
1446990 874
1447000 874
1447010 882
1447020 890
1447030 890
1447040 897
1447050 905
1447060 905
1447070 913
1447080 920
1447090 920
1447100 928
1447110 935
1447120 935
1447130 942
1447140 950
1447150 950
1447160 957
1447170 964
1447180 964
1447190 971
1447200 979
1447210 979
1447220 988
1447230 996
1447240 996
1447250 1004
1447260 1013
1447270 1013
1447280 1022
1447290 1030
1447300 1031
1447310 1040
1447320 1047
1447330 1047
1447340 1055
1447350 1062
1447360 1067
1447370 1067
1447380 1073
1447390 1079
1447400 1079
1447410 1084
1447420 1089
1447430 1089
1447440 1093
1447450 1098
1447460 1098
1447470 1103
1447480 1108
1447490 1108
1447500 1113
1447510 1115
1447520 1115
1447530 1118
1447540 1119
1447550 1119
1447560 1121
1447570 1123
1447580 1123
1447590 1125
1447600 1126
1447610 1126
1447620 1127
1447630 1129
1447640 1129
1447650 1129
1447660 1127
1447670 1127
1447680 1125
1447690 1123
1447700 1123
1447710 1121
1447720 1117
1447730 1117
1447740 1113
1447750 1110
1447760 1110
1447770 1108
1447780 1106
1447790 1106
1447800 1106
1447810 1111
1447820 1111
1447830 1116
1447840 1120
1447850 1123
1447860 1123
1447870 1125
1447880 1129
1447890 1129
1447900 1135
1447910 1140
1447920 1140
1447930 1144
1447940 1147
1447950 1147
1447960 1150
1447970 1152
1447980 1152
1447990 1154
1448000 1155
1448010 1155
1448020 1155
1448030 1156
1448040 1156
1448050 1156
1448060 1156
1448070 1156
1448080 1157
1448090 1157
1448100 1157
1448110 1158
1448120 1158
1448130 1158
1448140 1158
1448150 1156
1448160 1156
1448170 1155
1448180 1155
1448190 1155
1448200 1151
1448210 1138
1448220 1138
1448230 1111
1448240 1108
1448250 1108
1448260 1099
1448270 1072
1448280 1072
1448290 1047
1448300 1044
1448310 1044
1448320 1038
1448330 1040
1448340 1043
1448350 1043
1448360 1049
1448370 1047
1448380 1047
1448390 1024
1448400 1007
1448410 1007
1448420 998
1448430 990
1448440 990
1448450 982
1448460 973
1448470 973
1448480 966
1448490 959
1448500 959
1448510 952
1448520 944
1448530 944
1448540 937
1448550 929
1448560 929
1448570 921
1448580 913
1448590 913
1448600 904
1448610 895
1448620 895
1448630 887
1448640 878
1448650 878
1448660 869
1448670 861
1448680 861
1448690 852
1448700 850
1448710 850
1448720 851
1448730 852
1448740 852
1448750 852
1448760 852
1448770 852
1448780 852
1448790 857
1448800 857
1448810 859
1448820 857
1448830 854
1448840 854
1448850 849
1448860 845
1448870 845
1448880 840
1448890 833
1448900 833
1448910 826
1448920 819
1448930 819
1448940 814
1448950 810
1448960 810
1448970 806
1448980 804
1448990 804
1449000 803
1449010 801
1449020 801
1449030 798
1449040 794
1449050 794
1449060 790
1449070 788
1449080 788
1449090 785
1449100 781
1449110 781
1449120 778
1449130 775
1449140 775
1449150 772
1449160 768
1449170 768
1449180 763
1449190 765
1449200 765
1449210 770
1449220 775
1449230 775
1449240 781
1449250 783
1449260 783
1449270 782
1449280 781
1449290 783
1449300 783
1449310 786
1449320 789
1449330 789
1449340 791
1449350 794
1449360 794
1449370 798
1449380 801
1449390 801
1449400 803
1449410 804
1449420 804
1449430 807
1449440 811
1449450 811
1449460 816
1449470 822
1449480 822
1449490 827
1449500 831
1449510 831
1449520 835
1449530 839
1449540 839
1449550 843
1449560 847
1449570 847
1449580 852
1449590 856
1449600 856
1449610 861
1449620 865
1449630 865
1449640 868
1449650 875
1449660 875
1449670 882
1449680 890
1449690 890
1449700 900
1449710 916
1449720 916
1449730 932
1449740 939
1449750 939
1449760 939
1449770 920
1449780 910
1449790 910
1449800 900
1449810 882
1449820 882
1449830 851
1449840 827
1449850 827
1449860 810
1449870 794
1449880 794
1449890 784
1449900 779
1449910 779
1449920 774
1449930 770
1449940 770
1449950 764
1449960 759
1449970 759
1449980 753
1449990 747
1450000 747
1450010 742
1450020 737
1450030 737
1450040 733
1450050 730
1450060 730
1450070 726
1450080 722
1450090 722
1450100 718
1450110 715
1450120 715
1450130 712
1450140 708
1450150 708
1450160 703
1450170 700
1450180 700
1450190 696
1450200 691
1450210 691
1450220 688
1450230 686
1450240 686
1450250 685
1450260 682
1450270 679
1450280 679
1450290 677
1450300 676
1450310 676
1450320 675
1450330 671
1450340 671
1450350 669
1450360 667
1450370 667
1450380 663
1450390 659
1450400 659
1450410 654
1450420 648
1450430 648
1450440 644
1450450 639
1450460 639
1450470 637
1450480 634
1450490 634
1450500 631
1450510 626
1450520 626
1450530 622
1450540 617
1450550 617
1450560 614
1450570 611
1450580 611
1450590 609
1450600 608
1450610 608
1450620 605
1450630 603
1450640 603
1450650 599
1450660 595
1450670 595
1450680 593
1450690 592
1450700 592
1450710 588
1450720 583
1450730 579
1450740 579
1450750 575
1450760 572
1450770 572
1450780 569
1450790 567
1450800 567
1450810 565
1450820 563
1450830 563
1450840 562
1450850 561
1450860 561
1450870 558
1450880 559
1450890 559
1450900 560
1450910 560
1450920 560
1450930 558
1450940 553
1450950 553
1450960 546
1450970 539
1450980 539
1450990 537
1451000 534
1451010 534
1451020 533
1451030 530
1451040 530
1451050 526
1451060 524
1451070 524
1451080 523
1451090 520
1451100 520
1451110 518
1451120 515
1451130 515
1451140 512
1451150 508
1451160 508
1451170 504
1451180 501
1451190 501
1451200 499
1451210 495
1451220 489
1451230 489
1451240 484
1451250 480
1451260 480
1451270 477
1451280 473
1451290 473
1451300 469
1451310 465
1451320 465
1451330 461
1451340 458
1451350 458
1451360 454
1451370 451
1451380 451
1451390 451
1451400 451
1451410 451
1451420 451
1451430 451
1451440 451
1451450 451
1451460 451
1451470 451
1451480 451
1451490 451
1451500 451
1451510 451
1451520 451
1451530 451
1451540 451
1451550 451
1451560 451
1451570 451
1451580 451
1451590 451
1451600 451
1451610 451
1451620 451
1451630 451
1451640 451
1451650 451
1451660 451
1451670 451
1451680 451
1451690 451
1451700 451
1451710 451
1451720 451
1451730 451
1451740 451
1451750 451
1451760 451
1451770 451
1451780 451
1451790 451
1451800 451
1451810 451
1451820 451
1451830 451
1451840 451
1451850 451
1451860 451
1451870 451
1451880 451
1451890 451
1451900 451
1451910 450
1451920 451
1451930 451
1451940 451
1451950 451
1451960 451
1451970 451
1451980 451
1451990 451
1452000 451
1452010 451
1452020 451
1452030 451
1452040 450
1452050 450
1452060 450
1452070 450
1452080 450
1452090 450
1452100 450
1452110 450
1452120 450
1452130 450
1452140 450
1452150 449
1452160 449
1452170 449
1452180 450
1452190 450
1452200 450
1452210 450
1452220 450
1452230 450
1452240 450
1452250 450
1452260 450
1452270 450
1452280 450
1452290 450
1452300 450
1452310 450
1452320 450
1452330 450
1452340 450
1452350 450
1452360 450
1452370 450
1452380 450
1452390 450
1452400 450
1452410 450
1452420 450
1452430 449
1452440 450
1452450 450
1452460 450
1452470 449
1452480 449
1452490 449
1452500 449
1452510 449
1452520 449
1452530 449
1452540 449
1452550 449
1452560 449
1452570 449
1452580 449
1452590 449
1452600 449
1452610 448
1452620 448
1452630 448
1452640 448
1452650 448
1452660 448
1452670 448
1452680 448
1452690 448
1452700 448
1452710 448
1452720 448
1452730 448
1452740 448
1452750 448
1452760 448
1452770 448
1452780 448
1452790 448
1452800 449
1452810 450
1452820 450
1452830 451
1452840 453
1452850 453
1452860 454
1452870 456
1452880 456
1452890 458
1452900 460
1452910 460
1452920 463
1452930 465
1452940 465
1452950 468
1452960 471
1452970 471
1452980 472
1452990 463
1453000 463
1453010 454
1453020 449
1453030 449
1453040 446
1453050 446
1453060 446
1453070 446
1453080 445
1453090 445
1453100 445
1453110 445
1453120 445
1453130 444
1453140 444
1453150 444
1453160 444
1453170 444
1453180 444
1453190 444
1453200 444
1453210 444
1453220 444
1453230 444
1453240 444
1453250 444
1453260 444
1453270 444
1453280 444
1453290 444
1453300 443
1453310 443
1453320 443
1453330 444
1453340 444
1453350 444
1453360 444
1453370 444
1453380 444
1453390 444
1453400 444
1453410 444
1453420 443
1453430 443
1453440 443
1453450 443
1453460 443
1453470 443
1453480 443
1453490 443
1453500 442
1453510 442
1453520 442
1453530 442
1453540 442
1453550 442
1453560 442
1453570 442
1453580 442
1453590 442
1453600 442
1453610 442
1453620 442
1453630 442
1453640 442
1453650 442
1453660 441
1453670 441
1453680 441
1453690 441
1453700 441
1453710 441
1453720 441
1453730 442
1453740 442
1453750 441
1453760 441
1453770 441
1453780 441
1453790 441
1453800 441
1453810 441
1453820 441
1453830 441
1453840 441
1453850 441
1453860 441
1453870 441
1453880 441
1453890 441
1453900 441
1453910 440
1453920 440
1453930 440
1453940 441
1453950 441
1453960 440
1453970 440
1453980 440
1453990 440
1454000 440
1454010 440
1454020 440
1454030 440
1454040 440
1454050 440
1454060 440
1454070 440
1454080 440
1454090 439
1454100 439
1454110 439
1454120 439
1454130 439
1454140 439
1454150 439
1454160 439
1454170 439
1454180 439
1454190 439
1454200 439
1454210 439
1454220 439
1454230 439
1454240 439
1454250 439
1454260 439
1454270 439
1454280 439
1454290 439
1454300 439
1454310 439
1454320 439
1454330 439
1454340 439
1454350 439
1454360 439
1454370 439
1454380 439
1454390 439
1454400 439
1454410 439
1454420 439
1454430 438
1454440 438
1454450 438
1454460 438
1454470 438
1454480 439
1454490 439
1454500 439
1454510 438
1454520 438
1454530 438
1454540 438
1454550 438
1454560 438
1454570 438
1454580 438
1454590 438
1454600 438
1454610 438
1454620 437
1454630 437
1454640 437
1454650 437
1454660 437
1454670 437
1454680 437
1454690 437
1454700 437
1454710 437
1454720 437
1454730 437
1454740 437
1454750 437
1454760 437
1454770 437
1454780 437
1454790 438
1454800 438
1454810 438
1454820 438
1454830 438
1454840 438
1454850 438
1454860 438
1454870 438
1454880 438
1454890 438
1454900 438
1454910 438
1454920 438
1454930 438
1454940 438
1454950 438
1454960 438
1454970 438
1454980 438
1454990 438
1455000 438
1455010 438
1455020 438
1455030 438
1455040 438
1455050 438
1455060 438
1455070 438
1455080 438
1455090 438
1455100 438
1455110 437
1455120 437
1455130 437
1455140 437
1455150 437
1455160 437
1455170 437
1455180 437
1455190 437
1455200 438
1455210 438
1455220 438
1455230 437
1455240 437
1455250 437
1455260 437
1455270 437
1455280 437
1455290 437
1455300 437
1455310 437
1455320 437
1455330 437
1455340 436
1455350 436
1455360 436
1455370 436
1455380 435
1455390 435
1455400 435
1455410 436
1455420 436
1455430 436
1455440 437
1455450 437
1455460 438
1455470 439
1455480 439
1455490 439
1455500 439
1455510 439
1455520 439
1455530 439
1455540 439
1455550 439
1455560 438
1455570 438
1455580 438
1455590 437
1455600 436
1455610 436
1455620 435
1455630 435
1455640 435
1455650 435
1455660 435
1455670 435
1455680 434
1455690 434
1455700 434
1455710 434
1455720 434
1455730 434
1455740 434
1455750 434
1455760 434
1455770 433
1455780 433
1455790 433
1455800 432
1455810 432
1455820 432
1455830 432
1455840 433
1455850 433
1455860 432
1455870 432
1455880 432
1455890 432
1455900 432
1455910 432
1455920 432
1455930 432
1455940 432
1455950 432
1455960 432
1455970 432
1455980 432
1455990 431
1456000 431
1456010 430
1456020 429
1456030 429
1456040 428
1456050 428
1456060 428
1456070 428
1456080 428
1456090 428
1456100 428
1456110 428
1456120 428
1456130 428
1456140 428
1456150 428
1456160 428
1456170 428
1456180 429
1456190 429
1456200 432
1456210 432
1456220 432
1456230 432
1456240 432
1456250 432
1456260 432
1456270 431
1456280 431
1456290 425
1456300 422
1456310 422
1456320 422
1456330 422
1456340 422
1456350 422
1456360 422
1456370 422
1456380 422
1456390 423
1456400 423
1456410 423
1456420 423
1456430 423
1456440 426
1456450 429
1456460 429
1456470 431
1456480 433
1456490 433
1456500 433
1456510 432
1456520 431
1456530 431
1456540 432
1456550 433
1456560 433
1456570 431
1456580 431
1456590 431
1456600 431
1456610 431
1456620 431
1456630 431
1456640 431
1456650 431
1456660 432
1456670 433
1456680 433
1456690 433
1456700 432
1456710 432
1456720 432
1456730 432
1456740 432
1456750 432
1456760 432
1456770 432
1456780 432
1456790 432
1456800 432
1456810 432
1456820 433
1456830 433
1456840 434
1456850 435
1456860 435
1456870 436
1456880 438
1456890 438
1456900 440
1456910 440
1456920 440
1456930 440
1456940 439
1456950 439
1456960 439
1456970 439
1456980 439
1456990 440
1457000 441
1457010 442
1457020 442
1457030 443
1457040 445
1457050 445
1457060 444
1457070 445
1457080 445
1457090 448
1457100 446
1457110 446
1457120 446
1457130 446
1457140 446
1457150 447
1457160 449
1457170 449
1457180 452
1457190 456
1457200 456
1457210 459
1457220 461
1457230 461
1457240 462
1457250 463
1457260 463
1457270 464
1457280 465
1457290 465
1457300 466
1457310 466
1457320 466
1457330 467
1457340 467
1457350 467
1457360 468
1457370 469
1457380 469
1457390 470
1457400 471
1457410 471
1457420 471
1457430 472
1457440 472
1457450 472
1457460 473
1457470 473
1457480 472
1457490 470
1457500 469
1457510 469
1457520 469
1457530 468
1457540 468
1457550 467
1457560 466
1457570 466
1457580 465
1457590 465
1457600 465
1457610 465
1457620 466
1457630 466
1457640 466
1457650 467
1457660 467
1457670 468
1457680 469
1457690 469
1457700 472
1457710 477
1457720 477
1457730 482
1457740 485
1457750 485
1457760 489
1457770 494
1457780 494
1457790 497
1457800 500
1457810 500
1457820 504
1457830 509
1457840 509
1457850 513
1457860 517
1457870 517
1457880 521
1457890 523
1457900 523
1457910 523
1457920 525
1457930 525
1457940 528
1457950 531
1457960 533
1457970 533
1457980 536
1457990 539
1458000 539
1458010 539
1458020 540
1458030 540
1458040 540
1458050 541
1458060 541
1458070 542
1458080 543
1458090 543
1458100 545
1458110 546
1458120 546
1458130 546
1458140 546
1458150 546
1458160 549
1458170 549
1458180 549
1458190 547
1458200 544
1458210 544
1458220 542
1458230 541
1458240 541
1458250 541
1458260 541
1458270 541
1458280 541
1458290 542
1458300 542
1458310 543
1458320 544
1458330 544
1458340 546
1458350 548
1458360 548
1458370 551
1458380 552
1458390 552
1458400 553
1458410 554
1458420 554
1458430 554
1458440 554
1458450 555
1458460 555
1458470 554
1458480 553
1458490 553
1458500 552
1458510 551
1458520 551
1458530 551
1458540 551
1458550 551
1458560 551
1458570 552
1458580 552
1458590 554
1458600 556
1458610 556
1458620 559
1458630 564
1458640 564
1458650 570
1458660 576
1458670 576
1458680 580
1458690 583
1458700 583
1458710 585
1458720 589
1458730 589
1458740 593
1458750 596
1458760 596
1458770 599
1458780 602
1458790 602
1458800 605
1458810 607
1458820 607
1458830 609
1458840 611
1458850 611
1458860 613
1458870 615
1458880 615
1458890 618
1458900 622
1458910 622
1458920 625
1458930 626
1458940 628
1458950 628
1458960 632
1458970 637
1458980 637
1458990 641
1459000 644
1459010 644
1459020 646
1459030 648
1459040 648
1459050 650
1459060 650
1459070 650
1459080 650
1459090 649
1459100 649
1459110 648
1459120 648
1459130 648
1459140 648
1459150 649
1459160 649
1459170 650
1459180 652
1459190 652
1459200 653
1459210 655
1459220 655
1459230 657
1459240 658
1459250 658
1459260 659
1459270 660
1459280 660
1459290 661
1459300 663
1459310 663
1459320 665
1459330 666
1459340 666
1459350 663
1459360 661
1459370 661
1459380 661
1459390 661
1459400 662
1459410 662
1459420 664
1459430 668
1459440 668
1459450 671
1459460 675
1459470 675
1459480 681
1459490 684
1459500 684
1459510 684
1459520 684
1459530 684
1459540 684
1459550 685
1459560 685
1459570 686
1459580 687
1459590 687
1459600 689
1459610 690
1459620 690
1459630 692
1459640 694
1459650 694
1459660 696
1459670 699
1459680 698
1459690 700
1459700 703
1459710 703
1459720 705
1459730 708
1459740 708
1459750 710
1459760 710
1459770 710
1459780 710
1459790 712
1459800 712
1459810 715
1459820 719
1459830 719
1459840 722
1459850 725
1459860 725
1459870 729
1459880 732
1459890 735
1459900 735
1459910 737
1459920 739
1459930 739
1459940 739
1459950 742
1459960 742
1459970 744
1459980 744
1459990 744
