1440000 576
1440010 576
1440020 577
1440030 579
1440040 579
1440050 581
1440060 581
1440070 581
1440080 583
1440090 585
1440100 586
1440110 586
1440120 587
1440130 589
1440140 589
1440150 589
1440160 590
1440170 590
1440180 592
1440190 594
1440200 594
1440210 596
1440220 597
1440230 597
1440240 598
1440250 600
1440260 600
1440270 603
1440280 607
1440290 607
1440300 610
1440310 610
1440320 610
1440330 612
1440340 616
1440350 616
1440360 619
1440370 621
1440380 621
1440390 623
1440400 625
1440410 625
1440420 627
1440430 630
1440440 630
1440450 633
1440460 634
1440470 634
1440480 634
1440490 633
1440500 633
1440510 633
1440520 633
1440530 633
1440540 633
1440550 633
1440560 633
1440570 633
1440580 634
1440590 634
1440600 634
1440610 634
1440620 635
1440630 635
1440640 635
1440650 635
1440660 635
1440670 633
1440680 630
1440690 630
1440700 627
1440710 623
1440720 623
1440730 620
1440740 617
1440750 617
1440760 614
1440770 611
1440780 611
1440790 609
1440800 608
1440810 608
1440820 606
1440830 605
1440840 605
1440850 604
1440860 602
1440870 602
1440880 600
1440890 599
1440900 599
1440910 598
1440920 597
1440930 597
1440940 596
1440950 595
1440960 595
1440970 594
1440980 594
1440990 594
1441000 592
1441010 592
1441020 592
1441030 591
1441040 590
1441050 589
1441060 589
1441070 587
1441080 586
1441090 586
1441100 582
1441110 580
1441120 580
1441130 577
1441140 575
1441150 575
1441160 575
1441170 578
1441180 578
1441190 579
1441200 579
1441210 579
1441220 579
1441230 580
1441240 580
1441250 583
1441260 585
1441270 585
1441280 585
1441290 584
1441300 584
1441310 583
1441320 586
1441330 586
1441340 589
1441350 590
1441360 590
1441370 590
1441380 591
1441390 591
1441400 593
1441410 594
1441420 594
1441430 596
1441440 597
1441450 597
1441460 599
1441470 600
1441480 600
1441490 602
1441500 605
1441510 605
1441520 611
1441530 615
1441540 618
1441550 618
1441560 619
1441570 618
1441580 618
1441590 619
1441600 620
1441610 620
1441620 622
1441630 624
1441640 624
1441650 625
1441660 626
1441670 626
1441680 627
1441690 628
1441700 628
1441710 629
1441720 630
1441730 630
1441740 631
1441750 632
1441760 632
1441770 633
1441780 633
1441790 633
1441800 633
1441810 635
1441820 635
1441830 635
1441840 634
1441850 634
1441860 636
1441870 637
1441880 637
1441890 637
1441900 637
1441910 637
1441920 636
1441930 635
1441940 635
1441950 631
1441960 631
1441970 631
1441980 636
1441990 637
1442000 637
1442010 638
1442020 638
1442030 639
1442040 639
1442050 640
1442060 641
1442070 641
1442080 641
1442090 641
1442100 641
1442110 636
1442120 627
1442130 627
1442140 623
1442150 621
1442160 621
1442170 623
1442180 628
1442190 628
1442200 634
1442210 639
1442220 639
1442230 643
1442240 646
1442250 646
1442260 648
1442270 650
1442280 650
1442290 651
1442300 652
1442310 652
1442320 653
1442330 653
1442340 653
1442350 653
1442360 653
1442370 653
1442380 653
1442390 653
1442400 653
1442410 653
1442420 653
1442430 653
1442440 652
1442450 653
1442460 653
1442470 653
1442480 653
1442490 653
1442500 653
1442510 654
1442520 654
1442530 654
1442540 654
1442550 655
1442560 655
1442570 656
1442580 658
1442590 658
1442600 659
1442610 659
1442620 659
1442630 659
1442640 659
1442650 659
1442660 659
1442670 660
1442680 660
1442690 660
1442700 659
1442710 659
1442720 658
1442730 658
1442740 658
1442750 659
1442760 659
1442770 659
1442780 660
1442790 661
1442800 661
1442810 662
1442820 662
1442830 662
1442840 663
1442850 664
1442860 664
1442870 665
1442880 665
1442890 665
1442900 665
1442910 666
1442920 666
1442930 666
1442940 667
1442950 667
1442960 667
1442970 668
1442980 669
1442990 669
1443000 670
1443010 671
1443020 671
1443030 673
1443040 675
1443050 675
1443060 677
1443070 681
1443080 681
1443090 682
1443100 682
1443110 682
1443120 681
1443130 680
1443140 680
1443150 680
1443160 680
1443170 680
1443180 680
1443190 681
1443200 681
1443210 683
1443220 683
1443230 683
1443240 684
1443250 683
1443260 683
1443270 684
1443280 685
1443290 685
1443300 686
1443310 687
1443320 687
1443330 688
1443340 689
1443350 689
1443360 689
1443370 689
1443380 689
1443390 690
1443400 690
1443410 690
1443420 690
1443430 690
1443440 690
1443450 689
1443460 688
1443470 687
1443480 687
1443490 686
1443500 686
1443510 686
1443520 685
1443530 685
1443540 685
1443550 684
1443560 684
1443570 684
1443580 686
1443590 689
1443600 689
1443610 690
1443620 691
1443630 691
1443640 691
1443650 691
1443660 691
1443670 689
1443680 688
1443690 688
1443700 685
1443710 681
1443720 681
1443730 677
1443740 673
1443750 673
1443760 670
1443770 668
1443780 668
1443790 666
1443800 664
1443810 664
1443820 662
1443830 659
1443840 659
1443850 654
1443860 650
1443870 650
1443880 647
1443890 645
1443900 645
1443910 643
1443920 642
1443930 642
1443940 640
1443950 638
1443960 637
1443970 637
1443980 635
1443990 633
1444000 633
1444010 631
1444020 630
1444030 630
1444040 629
1444050 627
1444060 627
1444070 626
1444080 624
1444090 624
1444100 623
1444110 621
1444120 621
1444130 620
1444140 618
1444150 618
1444160 616
1444170 615
1444180 615
1444190 612
1444200 612
1444210 612
1444220 612
1444230 612
1444240 612
1444250 609
1444260 602
1444270 602
1444280 598
1444290 597
1444300 597
1444310 596
1444320 594
1444330 594
1444340 595
1444350 595
1444360 595
1444370 595
1444380 596
1444390 596
1444400 598
1444410 599
1444420 599
1444430 600
1444440 599
1444450 593
1444460 593
1444470 592
1444480 596
1444490 596
1444500 601
1444510 604
1444520 604
1444530 608
1444540 610
1444550 610
1444560 611
1444570 613
1444580 613
1444590 613
1444600 613
1444610 613
1444620 612
1444630 610
1444640 610
1444650 610
1444660 611
1444670 611
1444680 612
1444690 615
1444700 615
1444710 617
1444720 621
1444730 621
1444740 625
1444750 631
1444760 631
1444770 638
1444780 643
1444790 643
1444800 643
1444810 645
1444820 645
1444830 647
1444840 649
1444850 649
1444860 653
1444870 655
1444880 655
1444890 656
1444900 657
1444910 659
1444920 659
1444930 661
1444940 664
1444950 664
1444960 666
1444970 669
1444980 669
1444990 674
1445000 678
1445010 678
1445020 681
1445030 683
1445040 683
1445050 686
1445060 688
1445070 688
1445080 688
1445090 688
1445100 688
1445110 688
1445120 690
1445130 690
1445140 691
1445150 692
1445160 692
1445170 693
1445180 693
1445190 693
1445200 693
1445210 692
1445220 692
1445230 692
1445240 692
1445250 692
1445260 693
1445270 695
1445280 695
1445290 697
1445300 699
1445310 699
1445320 702
1445330 703
1445340 703
1445350 704
1445360 704
1445370 704
1445380 705
1445390 707
1445400 710
1445410 710
1445420 713
1445430 715
1445440 715
1445450 717
1445460 716
1445470 716
1445480 715
1445490 718
1445500 718
1445510 720
1445520 723
1445530 723
1445540 719
1445550 717
1445560 717
1445570 723
1445580 726
1445590 726
1445600 729
1445610 731
1445620 731
1445630 732
1445640 736
1445650 736
1445660 738
1445670 741
1445680 741
1445690 742
1445700 743
1445710 743
1445720 746
1445730 749
1445740 749
1445750 751
1445760 752
1445770 752
1445780 754
1445790 755
1445800 755
1445810 756
1445820 757
1445830 757
1445840 762
1445850 766
1445860 766
1445870 767
1445880 766
1445890 766
1445900 766
1445910 768
1445920 769
1445930 769
1445940 768
1445950 770
1445960 770
1445970 774
1445980 776
1445990 776
1446000 779
1446010 783
1446020 783
1446030 787
1446040 791
1446050 791
1446060 792
1446070 790
1446080 790
1446090 788
1446100 787
1446110 787
1446120 784
1446130 785
1446140 785
1446150 788
1446160 791
1446170 791
1446180 792
1446190 796
1446200 796
1446210 801
1446220 806
1446230 806
1446240 810
1446250 815
1446260 815
1446270 819
1446280 826
1446290 826
1446300 824
1446310 820
1446320 820
1446330 815
1446340 812
1446350 812
1446360 813
1446370 816
1446380 819
1446390 819
1446400 821
1446410 825
1446420 825
1446430 828
1446440 824
1446450 824
1446460 819
1446470 816
1446480 816
1446490 816
1446500 816
1446510 816
1446520 816
1446530 813
1446540 813
1446550 808
1446560 802
1446570 802
1446580 796
1446590 788
1446600 788
1446610 776
1446620 768
1446630 768
1446640 760
1446650 753
1446660 753
1446670 750
1446680 752
1446690 752
1446700 759
1446710 767
1446720 767
1446730 773
1446740 780
1446750 780
1446760 789
1446770 803
1446780 803
1446790 816
1446800 822
1446810 822
1446820 827
1446830 832
1446840 835
1446850 835
1446860 837
1446870 838
1446880 838
1446890 837
1446900 836
1446910 836
1446920 839
1446930 843
1446940 843
1446950 849
1446960 855
1446970 855
1446980 862
1446990 869
1447000 869
1447010 877
1447020 886
1447030 886
1447040 896
1447050 904
1447060 904
1447070 912
1447080 919
1447090 919
1447100 926
1447110 934
1447120 934
1447130 941
1447140 950
1447150 950
1447160 957
1447170 965
1447180 965
1447190 973
1447200 981
1447210 981
1447220 989
1447230 997
1447240 997
1447250 1004
1447260 1012
1447270 1012
1447280 1018
1447290 1026
1447300 1026
1447310 1032
1447320 1040
1447330 1048
1447340 1048
1447350 1056
1447360 1063
1447370 1063
1447380 1070
1447390 1075
1447400 1075
1447410 1079
1447420 1082
1447430 1082
1447440 1085
1447450 1087
1447460 1087
1447470 1089
1447480 1092
1447490 1092
1447500 1094
1447510 1095
1447520 1095
1447530 1096
1447540 1097
1447550 1097
1447560 1099
1447570 1100
1447580 1100
1447590 1101
1447600 1102
1447610 1102
1447620 1102
1447630 1100
1447640 1100
1447650 1099
1447660 1097
1447670 1097
1447680 1095
1447690 1091
1447700 1091
1447710 1088
1447720 1085
1447730 1085
1447740 1082
1447750 1078
1447760 1078
1447770 1078
1447780 1080
1447790 1080
1447800 1084
1447810 1087
1447820 1092
1447830 1092
1447840 1097
1447850 1103
1447860 1103
1447870 1109
1447880 1115
1447890 1115
1447900 1117
1447910 1119
1447920 1119
1447930 1121
1447940 1122
1447950 1122
1447960 1123
1447970 1124
1447980 1124
1447990 1124
1448000 1125
1448010 1125
1448020 1126
1448030 1127
1448040 1127
1448050 1127
1448060 1127
1448070 1127
1448080 1127
1448090 1127
1448100 1127
1448110 1128
1448120 1127
1448130 1127
1448140 1127
1448150 1125
1448160 1125
1448170 1124
1448180 1122
1448190 1122
1448200 1105
1448210 1075
1448220 1075
1448230 1061
1448240 1048
1448250 1048
1448260 1036
1448270 1024
1448280 1024
1448290 1013
1448300 1002
1448310 993
1448320 993
1448330 986
1448340 983
1448350 983
1448360 978
1448370 981
1448380 981
1448390 987
1448400 984
1448410 984
1448420 966
1448430 972
1448440 972
1448450 968
1448460 953
1448470 953
1448480 940
1448490 932
1448500 932
1448510 925
1448520 919
1448530 919
1448540 915
1448550 913
1448560 913
1448570 910
1448580 908
1448590 908
1448600 907
1448610 901
1448620 901
1448630 893
1448640 886
1448650 886
1448660 878
1448670 869
1448680 869
1448690 861
1448700 852
1448710 852
1448720 844
1448730 835
1448740 835
1448750 826
1448760 818
1448770 818
1448780 809
1448790 804
1448800 802
1448810 802
1448820 797
1448830 794
1448840 794
1448850 791
1448860 792
1448870 792
1448880 793
1448890 792
1448900 792
1448910 790
1448920 787
1448930 787
1448940 784
1448950 781
1448960 781
1448970 776
1448980 773
1448990 773
1449000 769
1449010 766
1449020 766
1449030 762
1449040 757
1449050 757
1449060 754
1449070 752
1449080 752
1449090 750
1449100 748
1449110 748
1449120 746
1449130 744
1449140 744
1449150 741
1449160 741
1449170 741
1449180 747
1449190 753
1449200 753
1449210 758
1449220 763
1449230 763
1449240 767
1449250 772
1449260 775
1449270 775
1449280 779
1449290 785
1449300 785
1449310 792
1449320 801
1449330 801
1449340 811
1449350 818
1449360 818
1449370 825
1449380 833
1449390 833
1449400 841
1449410 846
1449420 846
1449430 847
1449440 844
1449450 844
1449460 843
1449470 852
1449480 852
1449490 868
1449500 883
1449510 883
1449520 883
1449530 888
1449540 888
1449550 907
1449560 916
1449570 916
1449580 907
1449590 899
1449600 899
1449610 901
1449620 904
1449630 904
1449640 923
1449650 939
1449660 939
1449670 947
1449680 954
1449690 954
1449700 965
1449710 969
1449720 969
1449730 943
1449740 923
1449750 911
1449760 911
1449770 904
1449780 903
1449790 903
1449800 888
1449810 864
1449820 864
1449830 846
1449840 830
1449850 830
1449860 816
1449870 802
1449880 802
1449890 794
1449900 789
1449910 789
1449920 784
1449930 778
1449940 778
1449950 770
1449960 762
1449970 762
1449980 757
1449990 751
1450000 751
1450010 745
1450020 741
1450030 741
1450040 736
1450050 732
1450060 732
1450070 726
1450080 720
1450090 720
1450100 714
1450110 710
1450120 710
1450130 704
1450140 701
1450150 701
1450160 698
1450170 695
1450180 695
1450190 691
1450200 687
1450210 687
1450220 684
1450230 683
1450240 682
1450250 682
1450260 682
1450270 681
1450280 681
1450290 679
1450300 677
1450310 677
1450320 675
1450330 672
1450340 672
1450350 669
1450360 666
1450370 666
1450380 661
1450390 657
1450400 657
1450410 655
1450420 652
1450430 652
1450440 647
1450450 642
1450460 642
1450470 638
1450480 634
1450490 634
1450500 630
1450510 624
1450520 624
1450530 621
1450540 617
1450550 617
1450560 614
1450570 611
1450580 611
1450590 608
1450600 606
1450610 606
1450620 602
1450630 598
1450640 598
1450650 595
1450660 593
1450670 593
1450680 590
1450690 585
1450700 585
1450710 584
1450720 581
1450730 577
1450740 577
1450750 574
1450760 571
1450770 571
1450780 569
1450790 568
1450800 568
1450810 567
1450820 565
1450830 565
1450840 565
1450850 563
1450860 563
1450870 560
1450880 560
1450890 560
1450900 560
1450910 558
1450920 558
1450930 555
1450940 550
1450950 550
1450960 545
1450970 538
1450980 538
1450990 534
1451000 533
1451010 533
1451020 531
1451030 530
1451040 530
1451050 526
1451060 524
1451070 524
1451080 522
1451090 520
1451100 520
1451110 518
1451120 515
1451130 515
1451140 512
1451150 507
1451160 507
1451170 503
1451180 498
1451190 492
1451200 492
1451210 488
1451220 484
1451230 484
1451240 480
1451250 475
1451260 475
1451270 471
1451280 469
1451290 469
1451300 465
1451310 461
1451320 461
1451330 457
1451340 453
1451350 453
1451360 451
1451370 451
1451380 451
1451390 451
1451400 450
1451410 450
1451420 451
1451430 451
1451440 451
1451450 450
1451460 450
1451470 450
1451480 450
1451490 450
1451500 450
1451510 450
1451520 450
1451530 450
1451540 450
1451550 450
1451560 450
1451570 450
1451580 450
1451590 450
1451600 450
1451610 450
1451620 450
1451630 450
1451640 450
1451650 450
1451660 451
1451670 451
1451680 450
1451690 450
1451700 450
1451710 450
1451720 450
1451730 450
1451740 450
1451750 450
1451760 450
1451770 451
1451780 451
1451790 450
1451800 450
1451810 450
1451820 450
1451830 450
1451840 450
1451850 450
1451860 450
1451870 450
1451880 450
1451890 450
1451900 450
1451910 451
1451920 451
1451930 451
1451940 450
1451950 450
1451960 450
1451970 450
1451980 450
1451990 450
1452000 450
1452010 450
1452020 450
1452030 450
1452040 450
1452050 450
1452060 450
1452070 450
1452080 450
1452090 450
1452100 450
1452110 450
1452120 450
1452130 450
1452140 450
1452150 450
1452160 449
1452170 449
1452180 449
1452190 449
1452200 450
1452210 450
1452220 450
1452230 450
1452240 450
1452250 450
1452260 450
1452270 450
1452280 450
1452290 449
1452300 449
1452310 449
1452320 449
1452330 449
1452340 449
1452350 449
1452360 449
1452370 449
1452380 449
1452390 449
1452400 449
1452410 449
1452420 449
1452430 449
1452440 449
1452450 449
1452460 449
1452470 449
1452480 449
1452490 449
1452500 449
1452510 449
1452520 449
1452530 449
1452540 449
1452550 449
1452560 449
1452570 449
1452580 449
1452590 449
1452600 449
1452610 448
1452620 449
1452630 449
1452640 448
1452650 448
1452660 448
1452670 448
1452680 448
1452690 448
1452700 448
1452710 448
1452720 448
1452730 448
1452740 448
1452750 448
1452760 448
1452770 448
1452780 448
1452790 448
1452800 448
1452810 448
1452820 448
1452830 449
1452840 450
1452850 450
1452860 452
1452870 454
1452880 454
1452890 454
1452900 457
1452910 457
1452920 459
1452930 463
1452940 463
1452950 466
1452960 464
1452970 464
1452980 457
1452990 451
1453000 451
1453010 447
1453020 446
1453030 446
1453040 446
1453050 445
1453060 445
1453070 445
1453080 445
1453090 445
1453100 445
1453110 445
1453120 445
1453130 445
1453140 445
1453150 445
1453160 445
1453170 445
1453180 445
1453190 445
1453200 444
1453210 444
1453220 444
1453230 444
1453240 444
1453250 444
1453260 444
1453270 444
1453280 444
1453290 444
1453300 444
1453310 444
1453320 444
1453330 444
1453340 444
1453350 444
1453360 444
1453370 444
1453380 444
1453390 444
1453400 444
1453410 444
1453420 443
1453430 443
1453440 443
1453450 443
1453460 443
1453470 443
1453480 443
1453490 443
1453500 442
1453510 442
1453520 442
1453530 442
1453540 442
1453550 442
1453560 442
1453570 442
1453580 442
1453590 442
1453600 442
1453610 442
1453620 442
1453630 442
1453640 442
1453650 442
1453660 442
1453670 442
1453680 442
1453690 441
1453700 441
1453710 441
1453720 441
1453730 442
1453740 442
1453750 441
1453760 441
1453770 441
1453780 441
1453790 441
1453800 441
1453810 441
1453820 441
1453830 441
1453840 441
1453850 441
1453860 441
1453870 441
1453880 441
1453890 441
1453900 441
1453910 440
1453920 440
1453930 440
1453940 440
1453950 440
1453960 440
1453970 440
1453980 440
1453990 440
1454000 440
1454010 440
1454020 440
1454030 439
1454040 439
1454050 439
1454060 440
1454070 440
1454080 440
1454090 440
1454100 440
1454110 440
1454120 439
1454130 439
1454140 439
1454150 439
1454160 439
1454170 439
1454180 439
1454190 439
1454200 439
1454210 439
1454220 439
1454230 439
1454240 439
1454250 439
1454260 439
1454270 439
1454280 439
1454290 439
1454300 439
1454310 439
1454320 439
1454330 439
1454340 439
1454350 439
1454360 438
1454370 439
1454380 439
1454390 439
1454400 439
1454410 439
1454420 438
1454430 438
1454440 438
1454450 438
1454460 438
1454470 438
1454480 438
1454490 439
1454500 439
1454510 439
1454520 438
1454530 438
1454540 438
1454550 438
1454560 438
1454570 438
1454580 438
1454590 438
1454600 438
1454610 438
1454620 438
1454630 438
1454640 438
1454650 438
1454660 438
1454670 437
1454680 437
1454690 437
1454700 437
1454710 437
1454720 437
1454730 437
1454740 437
1454750 437
1454760 437
1454770 437
1454780 437
1454790 437
1454800 437
1454810 437
1454820 437
1454830 437
1454840 437
1454850 437
1454860 437
1454870 437
1454880 437
1454890 437
1454900 437
1454910 438
1454920 438
1454930 438
1454940 438
1454950 438
1454960 438
1454970 438
1454980 438
1454990 438
1455000 438
1455010 438
1455020 438
1455030 438
1455040 438
1455050 438
1455060 438
1455070 438
1455080 438
1455090 438
1455100 438
1455110 438
1455120 438
1455130 438
1455140 438
1455150 438
1455160 438
1455170 438
1455180 438
1455190 438
1455200 438
1455210 438
1455220 438
1455230 438
1455240 438
1455250 438
1455260 439
1455270 439
1455280 439
1455290 439
1455300 439
1455310 439
1455320 439
1455330 439
1455340 439
1455350 439
1455360 439
1455370 439
1455380 439
1455390 439
1455400 437
1455410 435
1455420 435
1455430 436
1455440 435
1455450 435
1455460 435
1455470 435
1455480 435
1455490 434
1455500 434
1455510 434
1455520 434
1455530 434
1455540 434
1455550 434
1455560 435
1455570 435
1455580 435
1455590 435
1455600 435
1455610 435
1455620 435
1455630 435
1455640 435
1455650 435
1455660 434
1455670 434
1455680 433
1455690 432
1455700 432
1455710 432
1455720 432
1455730 432
1455740 432
1455750 432
1455760 432
1455770 433
1455780 433
1455790 433
1455800 433
1455810 432
1455820 432
1455830 432
1455840 432
1455850 432
1455860 432
1455870 432
1455880 432
1455890 432
1455900 432
1455910 432
1455920 429
1455930 428
1455940 428
1455950 428
1455960 428
1455970 428
1455980 428
1455990 428
1456000 428
1456010 428
1456020 428
1456030 428
1456040 428
1456050 428
1456060 428
1456070 428
1456080 428
1456090 428
1456100 428
1456110 429
1456120 430
1456130 430
1456140 431
1456150 431
1456160 431
1456170 432
1456180 432
1456190 432
1456200 432
1456210 432
1456220 432
1456230 432
1456240 432
1456250 432
1456260 431
1456270 430
1456280 430
1456290 424
1456300 422
1456310 422
1456320 422
1456330 422
1456340 422
1456350 422
1456360 422
1456370 422
1456380 422
1456390 422
1456400 422
1456410 423
1456420 424
1456430 424
1456440 428
1456450 432
1456460 432
1456470 432
1456480 432
1456490 432
1456500 432
1456510 430
1456520 432
1456530 432
1456540 432
1456550 432
1456560 432
1456570 431
1456580 431
1456590 431
1456600 432
1456610 433
1456620 433
1456630 433
1456640 432
1456650 432
1456660 433
1456670 432
1456680 432
1456690 432
1456700 432
1456710 432
1456720 432
1456730 432
1456740 432
1456750 431
1456760 431
1456770 431
1456780 431
1456790 432
1456800 432
1456810 432
1456820 432
1456830 432
1456840 434
1456850 436
1456860 436
1456870 438
1456880 439
1456890 439
1456900 439
1456910 440
1456920 440
1456930 440
1456940 440
1456950 440
1456960 439
1456970 439
1456980 439
1456990 439
1457000 440
1457010 441
1457020 441
1457030 441
1457040 441
1457050 441
1457060 441
1457070 441
1457080 441
1457090 441
1457100 442
1457110 442
1457120 444
1457130 449
1457140 449
1457150 453
1457160 456
1457170 456
1457180 457
1457190 457
1457200 457
1457210 458
1457220 459
1457230 459
1457240 460
1457250 462
1457260 462
1457270 463
1457280 463
1457290 463
1457300 463
1457310 463
1457320 463
1457330 463
1457340 464
1457350 464
1457360 465
1457370 466
1457380 466
1457390 468
1457400 468
1457410 468
1457420 469
1457430 470
1457440 470
1457450 468
1457460 467
1457470 467
1457480 467
1457490 467
1457500 467
1457510 467
1457520 466
1457530 465
1457540 465
1457550 464
1457560 464
1457570 464
1457580 464
1457590 465
1457600 465
1457610 466
1457620 467
1457630 467
1457640 468
1457650 469
1457660 469
1457670 471
1457680 474
1457690 474
1457700 477
1457710 480
1457720 480
1457730 484
1457740 489
1457750 489
1457760 493
1457770 497
1457780 497
1457790 501
1457800 506
1457810 506
1457820 512
1457830 516
1457840 516
1457850 517
1457860 517
1457870 517
1457880 517
1457890 518
1457900 518
1457910 519
1457920 521
1457930 521
1457940 525
1457950 532
1457960 535
1457970 535
1457980 536
1457990 536
1458000 536
1458010 537
1458020 539
1458030 539
1458040 541
1458050 544
1458060 544
1458070 547
1458080 549
1458090 549
1458100 551
1458110 551
1458120 551
1458130 546
1458140 542
1458150 542
1458160 538
1458170 537
1458180 537
1458190 538
1458200 537
1458210 537
1458220 537
1458230 538
1458240 538
1458250 538
1458260 539
1458270 539
1458280 539
1458290 539
1458300 539
1458310 540
1458320 542
1458330 542
1458340 545
1458350 548
1458360 548
1458370 551
1458380 554
1458390 554
1458400 558
1458410 559
1458420 557
1458430 557
1458440 555
1458450 554
1458460 554
1458470 552
1458480 551
1458490 551
1458500 549
1458510 549
1458520 549
1458530 549
1458540 549
1458550 549
1458560 551
1458570 555
1458580 555
1458590 558
1458600 560
1458610 560
1458620 565
1458630 572
1458640 572
1458650 578
1458660 580
1458670 580
1458680 583
1458690 586
1458700 586
1458710 589
1458720 591
1458730 591
1458740 593
1458750 596
1458760 596
1458770 598
1458780 601
1458790 601
1458800 604
1458810 607
1458820 607
1458830 610
1458840 613
1458850 613
1458860 617
1458870 621
1458880 621
1458890 625
1458900 630
1458910 634
1458920 634
1458930 637
1458940 639
1458950 639
1458960 642
1458970 645
1458980 645
1458990 647
1459000 649
1459010 649
1459020 650
1459030 650
1459040 650
1459050 650
1459060 649
1459070 649
1459080 649
1459090 649
1459100 649
1459110 650
1459120 651
1459130 651
1459140 653
1459150 654
1459160 654
1459170 656
1459180 658
1459190 658
1459200 659
1459210 660
1459220 660
1459230 661
1459240 662
1459250 662
1459260 664
1459270 666
1459280 666
1459290 666
1459300 663
1459310 663
1459320 663
1459330 665
1459340 665
1459350 667
1459360 669
1459370 669
1459380 671
1459390 673
1459400 675
1459410 675
1459420 679
1459430 683
1459440 683
1459450 688
1459460 689
1459470 689
1459480 687
1459490 687
1459500 687
1459510 687
1459520 688
1459530 688
1459540 688
1459550 690
1459560 690
1459570 691
1459580 693
1459590 693
1459600 695
1459610 698
1459620 698
1459630 701
1459640 703
1459650 703
1459660 706
1459670 709
1459680 709
1459690 712
1459700 715
1459710 715
1459720 718
1459730 721
1459740 721
1459750 724
1459760 726
1459770 726
1459780 729
1459790 729
1459800 729
1459810 726
1459820 724
1459830 724
1459840 726
1459850 730
1459860 733
1459870 733
1459880 735
1459890 736
1459900 736
1459910 737
1459920 738
1459930 738
1459940 740
1459950 742
1459960 742
1459970 745
1459980 747
1459990 747
