1440000 547
1440010 547
1440020 547
1440030 548
1440040 548
1440050 548
1440060 549
1440070 549
1440080 549
1440090 550
1440100 550
1440110 550
1440120 551
1440130 551
1440140 551
1440150 552
1440160 553
1440170 553
1440180 554
1440190 555
1440200 555
1440210 555
1440220 556
1440230 556
1440240 557
1440250 558
1440260 558
1440270 559
1440280 560
1440290 560
1440300 560
1440310 561
1440320 561
1440330 562
1440340 563
1440350 564
1440360 564
1440370 565
1440380 566
1440390 566
1440400 567
1440410 568
1440420 568
1440430 569
1440440 570
1440450 570
1440460 572
1440470 574
1440480 574
1440490 575
1440500 577
1440510 577
1440520 580
1440530 583
1440540 583
1440550 586
1440560 588
1440570 588
1440580 590
1440590 593
1440600 593
1440610 596
1440620 598
1440630 598
1440640 600
1440650 602
1440660 602
1440670 600
1440680 595
1440690 595
1440700 590
1440710 587
1440720 587
1440730 587
1440740 587
1440750 587
1440760 586
1440770 586
1440780 586
1440790 587
1440800 590
1440810 590
1440820 588
1440830 589
1440840 592
1440850 592
1440860 596
1440870 598
1440880 598
1440890 599
1440900 599
1440910 599
1440920 597
1440930 595
1440940 595
1440950 592
1440960 589
1440970 589
1440980 587
1440990 585
1441000 585
1441010 582
1441020 579
1441030 579
1441040 576
1441050 574
1441060 574
1441070 571
1441080 569
1441090 569
1441100 567
1441110 564
1441120 564
1441130 563
1441140 562
1441150 562
1441160 561
1441170 561
1441180 561
1441190 560
1441200 559
1441210 559
1441220 560
1441230 560
1441240 560
1441250 560
1441260 561
1441270 561
1441280 562
1441290 562
1441300 562
1441310 563
1441320 564
1441330 568
1441340 568
1441350 573
1441360 575
1441370 575
1441380 578
1441390 580
1441400 580
1441410 581
1441420 581
1441430 581
1441440 581
1441450 581
1441460 581
1441470 581
1441480 581
1441490 581
1441500 581
1441510 581
1441520 581
1441530 580
1441540 577
1441550 577
1441560 573
1441570 573
1441580 573
1441590 573
1441600 574
1441610 574
1441620 574
1441630 575
1441640 575
1441650 575
1441660 575
1441670 575
1441680 577
1441690 578
1441700 579
1441710 579
1441720 580
1441730 580
1441740 580
1441750 581
1441760 581
1441770 581
1441780 582
1441790 582
1441800 582
1441810 583
1441820 584
1441830 584
1441840 584
1441850 585
1441860 585
1441870 586
1441880 586
1441890 586
1441900 587
1441910 587
1441920 587
1441930 587
1441940 587
1441950 587
1441960 588
1441970 589
1441980 589
1441990 590
1442000 590
1442010 590
1442020 591
1442030 593
1442040 593
1442050 596
1442060 598
1442070 598
1442080 598
1442090 596
1442100 596
1442110 595
1442120 595
1442130 595
1442140 596
1442150 596
1442160 596
1442170 597
1442180 598
1442190 598
1442200 599
1442210 599
1442220 599
1442230 601
1442240 603
1442250 603
1442260 606
1442270 609
1442280 609
1442290 610
1442300 612
1442310 613
1442320 613
1442330 614
1442340 616
1442350 616
1442360 618
1442370 620
1442380 620
1442390 621
1442400 620
1442410 620
1442420 619
1442430 617
1442440 617
1442450 617
1442460 617
1442470 617
1442480 617
1442490 616
1442500 616
1442510 616
1442520 616
1442530 616
1442540 617
1442550 618
1442560 618
1442570 618
1442580 619
1442590 619
1442600 621
1442610 623
1442620 623
1442630 624
1442640 625
1442650 625
1442660 626
1442670 626
1442680 626
1442690 626
1442700 627
1442710 627
1442720 629
1442730 630
1442740 630
1442750 632
1442760 633
1442770 633
1442780 634
1442790 635
1442800 635
1442810 635
1442820 635
1442830 635
1442840 635
1442850 635
1442860 635
1442870 635
1442880 635
1442890 635
1442900 635
1442910 636
1442920 636
1442930 636
1442940 637
1442950 638
1442960 638
1442970 638
1442980 640
1442990 640
1443000 641
1443010 642
1443020 642
1443030 643
1443040 643
1443050 643
1443060 643
1443070 643
1443080 643
1443090 643
1443100 643
1443110 643
1443120 642
1443130 641
1443140 641
1443150 640
1443160 638
1443170 638
1443180 637
1443190 638
1443200 638
1443210 638
1443220 638
1443230 638
1443240 639
1443250 641
1443260 641
1443270 641
1443280 642
1443290 643
1443300 643
1443310 643
1443320 643
1443330 643
1443340 643
1443350 643
1443360 643
1443370 642
1443380 642
1443390 642
1443400 642
1443410 641
1443420 641
1443430 641
1443440 641
1443450 641
1443460 641
1443470 641
1443480 641
1443490 642
1443500 641
1443510 641
1443520 641
1443530 641
1443540 641
1443550 641
1443560 642
1443570 642
1443580 642
1443590 642
1443600 642
1443610 642
1443620 644
1443630 644
1443640 645
1443650 644
1443660 644
1443670 643
1443680 643
1443690 643
1443700 642
1443710 641
1443720 641
1443730 640
1443740 639
1443750 638
1443760 638
1443770 637
1443780 636
1443790 636
1443800 635
1443810 635
1443820 635
1443830 634
1443840 633
1443850 633
1443860 632
1443870 631
1443880 631
1443890 630
1443900 629
1443910 629
1443920 627
1443930 625
1443940 625
1443950 623
1443960 620
1443970 620
1443980 618
1443990 615
1444000 615
1444010 612
1444020 610
1444030 610
1444040 609
1444050 607
1444060 607
1444070 604
1444080 600
1444090 600
1444100 596
1444110 593
1444120 593
1444130 591
1444140 590
1444150 590
1444160 589
1444170 588
1444180 588
1444190 588
1444200 587
1444210 587
1444220 587
1444230 586
1444240 586
1444250 586
1444260 585
1444270 585
1444280 585
1444290 585
1444300 584
1444310 584
1444320 584
1444330 583
1444340 583
1444350 583
1444360 583
1444370 583
1444380 583
1444390 582
1444400 582
1444410 582
1444420 582
1444430 582
1444440 581
1444450 578
1444460 578
1444470 576
1444480 575
1444490 575
1444500 573
1444510 572
1444520 572
1444530 568
1444540 565
1444550 565
1444560 562
1444570 557
1444580 557
1444590 554
1444600 555
1444610 555
1444620 559
1444630 561
1444640 561
1444650 566
1444660 572
1444670 572
1444680 575
1444690 576
1444700 576
1444710 576
1444720 577
1444730 577
1444740 577
1444750 578
1444760 578
1444770 578
1444780 578
1444790 578
1444800 579
1444810 580
1444820 580
1444830 580
1444840 580
1444850 580
1444860 580
1444870 580
1444880 581
1444890 581
1444900 582
1444910 581
1444920 581
1444930 580
1444940 581
1444950 581
1444960 581
1444970 582
1444980 582
1444990 583
1445000 584
1445010 584
1445020 584
1445030 585
1445040 585
1445050 586
1445060 587
1445070 587
1445080 587
1445090 588
1445100 588
1445110 589
1445120 589
1445130 589
1445140 589
1445150 590
1445160 590
1445170 591
1445180 594
1445190 594
1445200 597
1445210 597
1445220 599
1445230 599
1445240 604
1445250 605
1445260 605
1445270 605
1445280 605
1445290 605
1445300 602
1445310 599
1445320 599
1445330 596
1445340 592
1445350 592
1445360 584
1445370 578
1445380 578
1445390 574
1445400 575
1445410 575
1445420 582
1445430 588
1445440 588
1445450 596
1445460 602
1445470 602
1445480 608
1445490 611
1445500 611
1445510 613
1445520 616
1445530 616
1445540 617
1445550 619
1445560 619
1445570 621
1445580 622
1445590 622
1445600 624
1445610 626
1445620 626
1445630 630
1445640 633
1445650 633
1445660 634
1445670 633
1445680 633
1445690 633
1445700 634
1445710 635
1445720 635
1445730 636
1445740 635
1445750 635
1445760 635
1445770 630
1445780 630
1445790 625
1445800 622
1445810 622
1445820 622
1445830 624
1445840 624
1445850 626
1445860 628
1445870 628
1445880 629
1445890 632
1445900 632
1445910 636
1445920 641
1445930 641
1445940 646
1445950 647
1445960 647
1445970 648
1445980 649
1445990 649
1446000 651
1446010 655
1446020 655
1446030 657
1446040 657
1446050 657
1446060 657
1446070 659
1446080 659
1446090 661
1446100 664
1446110 664
1446120 669
1446130 674
1446140 674
1446150 676
1446160 674
1446170 672
1446180 672
1446190 671
1446200 674
1446210 674
1446220 676
1446230 677
1446240 677
1446250 679
1446260 681
1446270 681
1446280 685
1446290 689
1446300 689
1446310 690
1446320 690
1446330 690
1446340 687
1446350 685
1446360 685
1446370 682
1446380 681
1446390 681
1446400 681
1446410 682
1446420 682
1446430 680
1446440 679
1446450 679
1446460 678
1446470 673
1446480 673
1446490 656
1446500 647
1446510 647
1446520 651
1446530 668
1446540 668
1446550 678
1446560 680
1446570 680
1446580 680
1446590 680
1446600 680
1446610 680
1446620 680
1446630 680
1446640 681
1446650 685
1446660 688
1446670 688
1446680 686
1446690 682
1446700 682
1446710 681
1446720 680
1446730 680
1446740 688
1446750 699
1446760 699
1446770 710
1446780 718
1446790 718
1446800 725
1446810 733
1446820 733
1446830 740
1446840 748
1446850 748
1446860 756
1446870 764
1446880 764
1446890 772
1446900 779
1446910 779
1446920 787
1446930 796
1446940 796
1446950 805
1446960 814
1446970 814
1446980 821
1446990 828
1447000 828
1447010 834
1447020 840
1447030 840
1447040 847
1447050 854
1447060 854
1447070 859
1447080 865
1447090 865
1447100 870
1447110 877
1447120 877
1447130 885
1447140 893
1447150 901
1447160 901
1447170 905
1447180 911
1447190 911
1447200 918
1447210 922
1447220 922
1447230 927
1447240 932
1447250 932
1447260 936
1447270 939
1447280 939
1447290 943
1447300 945
1447310 945
1447320 947
1447330 949
1447340 949
1447350 950
1447360 952
1447370 952
1447380 955
1447390 957
1447400 957
1447410 959
1447420 961
1447430 961
1447440 962
1447450 963
1447460 963
1447470 964
1447480 965
1447490 965
1447500 965
1447510 966
1447520 966
1447530 966
1447540 967
1447550 967
1447560 967
1447570 966
1447580 966
1447590 962
1447600 952
1447610 952
1447620 945
1447630 936
1447640 930
1447650 930
1447660 925
1447670 917
1447680 917
1447690 913
1447700 916
1447710 916
1447720 921
1447730 926
1447740 926
1447750 930
1447760 934
1447770 934
1447780 940
1447790 946
1447800 946
1447810 952
1447820 958
1447830 958
1447840 965
1447850 971
1447860 971
1447870 974
1447880 974
1447890 974
1447900 975
1447910 976
1447920 976
1447930 977
1447940 977
1447950 977
1447960 978
1447970 977
1447980 977
1447990 977
1448000 976
1448010 976
1448020 977
1448030 977
1448040 977
1448050 978
1448060 978
1448070 978
1448080 978
1448090 977
1448100 977
1448110 977
1448120 976
1448130 959
1448140 959
1448150 945
1448160 925
1448170 925
1448180 900
1448190 891
1448200 891
1448210 883
1448220 879
1448230 879
1448240 871
1448250 858
1448260 858
1448270 857
1448280 869
1448290 869
1448300 876
1448310 877
1448320 877
1448330 872
1448340 877
1448350 877
1448360 873
1448370 865
1448380 865
1448390 857
1448400 849
1448410 849
1448420 837
1448430 825
1448440 825
1448450 816
1448460 810
1448470 810
1448480 803
1448490 795
1448500 795
1448510 786
1448520 782
1448530 782
1448540 784
1448550 783
1448560 783
1448570 779
1448580 774
1448590 774
1448600 766
1448610 763
1448620 756
1448630 756
1448640 744
1448650 732
1448660 732
1448670 726
1448680 720
1448690 720
1448700 716
1448710 710
1448720 710
1448730 705
1448740 700
1448750 700
1448760 697
1448770 692
1448780 692
1448790 687
1448800 683
1448810 683
1448820 679
1448830 676
1448840 676
1448850 672
1448860 669
1448870 669
1448880 667
1448890 665
1448900 665
1448910 660
1448920 661
1448930 661
1448940 673
1448950 682
1448960 682
1448970 691
1448980 700
1448990 700
1449000 711
1449010 730
1449020 730
1449030 739
1449040 741
1449050 741
1449060 744
1449070 750
1449080 755
1449090 755
1449100 760
1449110 767
1449120 767
1449130 775
1449140 782
1449150 782
1449160 790
1449170 800
1449180 800
1449190 809
1449200 817
1449210 817
1449220 827
1449230 836
1449240 836
1449250 844
1449260 851
1449270 851
1449280 858
1449290 865
1449300 865
1449310 873
1449320 881
1449330 881
1449340 890
1449350 900
1449360 900
1449370 907
1449380 913
1449390 913
1449400 916
1449410 916
1449420 916
1449430 912
1449440 906
1449450 906
1449460 900
1449470 891
1449480 891
1449490 883
1449500 875
1449510 875
1449520 865
1449530 841
1449540 841
1449550 813
1449560 793
1449570 773
1449580 773
1449590 751
1449600 744
1449610 744
1449620 739
1449630 736
1449640 736
1449650 734
1449660 730
1449670 730
1449680 728
1449690 728
1449700 728
1449710 727
1449720 725
1449730 725
1449740 722
1449750 721
1449760 721
1449770 722
1449780 715
1449790 715
1449800 708
1449810 710
1449820 710
1449830 710
1449840 711
1449850 711
1449860 705
1449870 704
1449880 704
1449890 706
1449900 709
1449910 709
1449920 704
1449930 703
1449940 703
1449950 702
1449960 701
1449970 701
1449980 699
1449990 696
1450000 696
1450010 693
1450020 690
1450030 690
1450040 687
1450050 683
1450060 678
1450070 678
1450080 674
1450090 669
1450100 669
1450110 664
1450120 660
1450130 660
1450140 655
1450150 651
1450160 651
1450170 648
1450180 645
1450190 645
1450200 645
1450210 642
1450220 642
1450230 638
1450240 636
1450250 636
1450260 633
1450270 631
1450280 631
1450290 628
1450300 626
1450310 626
1450320 620
1450330 612
1450340 612
1450350 605
1450360 598
1450370 598
1450380 594
1450390 590
1450400 590
1450410 586
1450420 582
1450430 582
1450440 579
1450450 575
1450460 575
1450470 570
1450480 564
1450490 564
1450500 559
1450510 553
1450520 553
1450530 548
1450540 543
1450550 540
1450560 540
1450570 537
1450580 535
1450590 535
1450600 532
1450610 529
1450620 529
1450630 530
1450640 530
1450650 530
1450660 532
1450670 533
1450680 533
1450690 534
1450700 536
1450710 536
1450720 537
1450730 537
1450740 537
1450750 536
1450760 531
1450770 531
1450780 525
1450790 519
1450800 519
1450810 519
1450820 520
1450830 520
1450840 520
1450850 520
1450860 520
1450870 520
1450880 519
1450890 519
1450900 517
1450910 516
1450920 516
1450930 515
1450940 511
1450950 511
1450960 509
1450970 508
1450980 508
1450990 504
1451000 499
1451010 499
1451020 493
1451030 485
1451040 477
1451050 477
1451060 474
1451070 474
1451080 474
1451090 474
1451100 475
1451110 475
1451120 473
1451130 470
1451140 470
1451150 467
1451160 466
1451170 466
1451180 465
1451190 462
1451200 462
1451210 460
1451220 458
1451230 458
1451240 457
1451250 456
1451260 456
1451270 455
1451280 451
1451290 451
1451300 450
1451310 449
1451320 449
1451330 448
1451340 449
1451350 449
1451360 449
1451370 449
1451380 449
1451390 449
1451400 449
1451410 449
1451420 448
1451430 448
1451440 448
1451450 448
1451460 448
1451470 448
1451480 448
1451490 448
1451500 448
1451510 448
1451520 448
1451530 448
1451540 448
1451550 448
1451560 448
1451570 448
1451580 448
1451590 448
1451600 448
1451610 448
1451620 448
1451630 448
1451640 448
1451650 448
1451660 448
1451670 448
1451680 448
1451690 448
1451700 448
1451710 448
1451720 448
1451730 448
1451740 448
1451750 448
1451760 448
1451770 448
1451780 448
1451790 448
1451800 448
1451810 448
1451820 448
1451830 448
1451840 448
1451850 448
1451860 448
1451870 448
1451880 448
1451890 448
1451900 448
1451910 448
1451920 448
1451930 448
1451940 448
1451950 448
1451960 448
1451970 448
1451980 448
1451990 448
1452000 448
1452010 448
1452020 448
1452030 448
1452040 448
1452050 448
1452060 448
1452070 448
1452080 448
1452090 448
1452100 448
1452110 448
1452120 448
1452130 448
1452140 448
1452150 448
1452160 448
1452170 448
1452180 448
1452190 448
1452200 448
1452210 448
1452220 448
1452230 448
1452240 448
1452250 448
1452260 449
1452270 449
1452280 449
1452290 449
1452300 449
1452310 449
1452320 448
1452330 448
1452340 448
1452350 448
1452360 448
1452370 448
1452380 448
1452390 448
1452400 448
1452410 448
1452420 448
1452430 448
1452440 448
1452450 448
1452460 448
1452470 447
1452480 447
1452490 447
1452500 447
1452510 447
1452520 447
1452530 447
1452540 447
1452550 447
1452560 447
1452570 447
1452580 447
1452590 447
1452600 447
1452610 447
1452620 447
1452630 448
1452640 448
1452650 448
1452660 448
1452670 448
1452680 448
1452690 449
1452700 449
1452710 449
1452720 449
1452730 449
1452740 449
1452750 449
1452760 449
1452770 449
1452780 449
1452790 449
1452800 449
1452810 449
1452820 449
1452830 449
1452840 450
1452850 450
1452860 452
1452870 456
1452880 456
1452890 458
1452900 459
1452910 459
1452920 460
1452930 458
1452940 458
1452950 457
1452960 455
1452970 452
1452980 452
1452990 448
1453000 447
1453010 447
1453020 446
1453030 446
1453040 446
1453050 446
1453060 446
1453070 446
1453080 446
1453090 445
1453100 445
1453110 445
1453120 445
1453130 445
1453140 445
1453150 445
1453160 445
1453170 445
1453180 445
1453190 445
1453200 445
1453210 445
1453220 445
1453230 445
1453240 445
1453250 445
1453260 445
1453270 444
1453280 444
1453290 444
1453300 444
1453310 444
1453320 444
1453330 444
1453340 444
1453350 444
1453360 444
1453370 444
1453380 443
1453390 443
1453400 443
1453410 443
1453420 443
1453430 443
1453440 443
1453450 443
1453460 443
1453470 443
1453480 443
1453490 443
1453500 443
1453510 443
1453520 443
1453530 443
1453540 443
1453550 443
1453560 443
1453570 443
1453580 443
1453590 443
1453600 443
1453610 443
1453620 443
1453630 443
1453640 443
1453650 443
1453660 443
1453670 443
1453680 443
1453690 443
1453700 443
1453710 443
1453720 442
1453730 442
1453740 442
1453750 442
1453760 442
1453770 442
1453780 442
1453790 442
1453800 442
1453810 442
1453820 442
1453830 442
1453840 442
1453850 441
1453860 441
1453870 441
1453880 441
1453890 441
1453900 441
1453910 441
1453920 441
1453930 441
1453940 441
1453950 441
1453960 441
1453970 440
1453980 441
1453990 441
1454000 442
1454010 440
1454020 440
1454030 440
1454040 440
1454050 440
1454060 440
1454070 440
1454080 440
1454090 440
1454100 440
1454110 440
1454120 440
1454130 440
1454140 440
1454150 440
1454160 440
1454170 440
1454180 441
1454190 441
1454200 441
1454210 442
1454220 442
1454230 442
1454240 442
1454250 442
1454260 442
1454270 442
1454280 442
1454290 442
1454300 441
1454310 440
1454320 440
1454330 439
1454340 438
1454350 438
1454360 438
1454370 438
1454380 438
1454390 438
1454400 438
1454410 438
1454420 438
1454430 438
1454440 438
1454450 438
1454460 438
1454470 438
1454480 438
1454490 438
1454500 438
1454510 438
1454520 438
1454530 438
1454540 438
1454550 438
1454560 438
1454570 438
1454580 438
1454590 438
1454600 438
1454610 437
1454620 436
1454630 436
1454640 436
1454650 437
1454660 437
1454670 437
1454680 437
1454690 437
1454700 437
1454710 437
1454720 437
1454730 437
1454740 437
1454750 437
1454760 437
1454770 437
1454780 437
1454790 437
1454800 437
1454810 437
1454820 437
1454830 436
1454840 436
1454850 436
1454860 436
1454870 436
1454880 436
1454890 437
1454900 437
1454910 437
1454920 437
1454930 437
1454940 437
1454950 437
1454960 437
1454970 437
1454980 436
1454990 437
1455000 437
1455010 436
1455020 436
1455030 436
1455040 436
1455050 436
1455060 436
1455070 436
1455080 436
1455090 436
1455100 436
1455110 436
1455120 436
1455130 436
1455140 436
1455150 436
1455160 436
1455170 436
1455180 436
1455190 436
1455200 436
1455210 436
1455220 436
1455230 435
1455240 435
1455250 435
1455260 435
1455270 435
1455280 435
1455290 435
1455300 435
1455310 435
1455320 435
1455330 435
1455340 435
1455350 435
1455360 435
1455370 435
1455380 433
1455390 431
1455400 431
1455410 432
1455420 431
1455430 431
1455440 431
1455450 432
1455460 432
1455470 432
1455480 431
1455490 431
1455500 431
1455510 431
1455520 431
1455530 431
1455540 431
1455550 431
1455560 431
1455570 431
1455580 431
1455590 431
1455600 431
1455610 431
1455620 431
1455630 431
1455640 431
1455650 431
1455660 431
1455670 431
1455680 431
1455690 431
1455700 431
1455710 431
1455720 431
1455730 431
1455740 431
1455750 431
1455760 431
1455770 432
1455780 432
1455790 432
1455800 432
1455810 432
1455820 432
1455830 432
1455840 432
1455850 432
1455860 432
1455870 432
1455880 432
1455890 432
1455900 432
1455910 432
1455920 432
1455930 432
1455940 431
1455950 431
1455960 431
1455970 431
1455980 431
1455990 430
1456000 430
1456010 430
1456020 430
1456030 430
1456040 430
1456050 430
1456060 430
1456070 430
1456080 429
1456090 429
1456100 429
1456110 429
1456120 430
1456130 430
1456140 431
1456150 431
1456160 431
1456170 432
1456180 431
1456190 431
1456200 430
1456210 431
1456220 431
1456230 430
1456240 426
1456250 426
1456260 422
1456270 422
1456280 422
1456290 422
1456300 422
1456310 422
1456320 422
1456330 422
1456340 422
1456350 422
1456360 425
1456370 430
1456380 430
1456390 431
1456400 431
1456410 431
1456420 430
1456430 430
1456440 430
1456450 430
1456460 432
1456470 432
1456480 434
1456490 435
1456500 435
1456510 433
1456520 433
1456530 433
1456540 434
1456550 433
1456560 433
1456570 432
1456580 431
1456590 431
1456600 431
1456610 431
1456620 431
1456630 431
1456640 431
1456650 431
1456660 431
1456670 431
1456680 431
1456690 431
1456700 431
1456710 431
1456720 431
1456730 431
1456740 431
1456750 431
1456760 431
1456770 431
1456780 431
1456790 431
1456800 431
1456810 431
1456820 431
1456830 431
1456840 431
1456850 431
1456860 431
1456870 431
1456880 431
1456890 431
1456900 431
1456910 431
1456920 432
1456930 432
1456940 436
1456950 438
1456960 438
1456970 437
1456980 437
1456990 437
1457000 437
1457010 436
1457020 436
1457030 436
1457040 438
1457050 438
1457060 439
1457070 439
1457080 439
1457090 439
1457100 439
1457110 439
1457120 440
1457130 440
1457140 440
1457150 441
1457160 442
1457170 442
1457180 443
1457190 444
1457200 444
1457210 447
1457220 450
1457230 450
1457240 453
1457250 457
1457260 457
1457270 459
1457280 460
1457290 460
1457300 462
1457310 463
1457320 466
1457330 466
1457340 468
1457350 469
1457360 469
1457370 469
1457380 471
1457390 471
1457400 473
1457410 477
1457420 477
1457430 482
1457440 488
1457450 488
1457460 496
1457470 503
1457480 503
1457490 507
1457500 511
1457510 511
1457520 515
1457530 517
1457540 517
1457550 519
1457560 519
1457570 519
1457580 519
1457590 518
1457600 518
1457610 518
1457620 518
1457630 518
1457640 518
1457650 518
1457660 518
1457670 518
1457680 520
1457690 520
1457700 522
1457710 523
1457720 523
1457730 523
1457740 523
1457750 523
1457760 523
1457770 523
1457780 523
1457790 524
1457800 525
1457810 525
1457820 525
1457830 522
1457840 520
1457850 520
1457860 521
1457870 520
1457880 520
1457890 518
1457900 517
1457910 517
1457920 517
1457930 517
1457940 517
1457950 517
1457960 518
1457970 518
1457980 518
1457990 518
1458000 518
1458010 519
1458020 521
1458030 521
1458040 525
1458050 531
1458060 531
1458070 537
1458080 540
1458090 540
1458100 544
1458110 550
1458120 550
1458130 555
1458140 556
1458150 556
1458160 556
1458170 557
1458180 557
1458190 557
1458200 556
1458210 556
1458220 555
1458230 553
1458240 553
1458250 552
1458260 552
1458270 552
1458280 552
1458290 553
1458300 554
1458310 554
1458320 556
1458330 557
1458340 557
1458350 559
1458360 560
1458370 560
1458380 563
1458390 566
1458400 566
1458410 571
1458420 576
1458430 576
1458440 579
1458450 583
1458460 583
1458470 586
1458480 588
1458490 588
1458500 590
1458510 592
1458520 592
1458530 595
1458540 598
1458550 598
1458560 601
1458570 604
1458580 604
1458590 606
1458600 610
1458610 610
1458620 613
1458630 616
1458640 616
1458650 620
1458660 622
1458670 622
1458680 624
1458690 626
1458700 626
1458710 626
1458720 626
1458730 626
1458740 626
1458750 627
1458760 627
1458770 628
1458780 631
1458790 633
1458800 633
1458810 634
1458820 636
1458830 636
1458840 637
1458850 638
1458860 638
1458870 639
1458880 640
1458890 640
1458900 641
1458910 642
1458920 642
1458930 642
1458940 643
1458950 643
1458960 645
1458970 646
1458980 646
1458990 648
1459000 651
1459010 651
1459020 653
1459030 655
1459040 655
1459050 658
1459060 661
1459070 661
1459080 665
1459090 667
1459100 667
1459110 669
1459120 670
1459130 670
1459140 671
1459150 672
1459160 672
1459170 675
1459180 676
1459190 676
1459200 678
1459210 680
1459220 680
1459230 682
1459240 684
1459250 684
1459260 686
1459270 687
1459280 686
1459290 686
1459300 685
1459310 685
1459320 685
1459330 688
1459340 690
1459350 690
1459360 692
1459370 694
1459380 694
1459390 697
1459400 699
1459410 699
1459420 701
1459430 706
1459440 706
1459450 710
1459460 713
1459470 713
1459480 715
1459490 717
1459500 717
1459510 719
1459520 721
1459530 721
1459540 722
1459550 722
1459560 722
1459570 723
1459580 724
1459590 724
1459600 724
1459610 725
1459620 725
1459630 726
1459640 728
1459650 728
1459660 729
1459670 731
1459680 731
1459690 733
1459700 735
1459710 735
1459720 737
1459730 738
1459740 739
1459750 739
1459760 740
1459770 741
1459780 741
1459790 742
1459800 742
1459810 742
1459820 743
1459830 745
1459840 745
1459850 748
1459860 753
1459870 753
1459880 757
1459890 760
1459900 760
1459910 761
1459920 761
1459930 761
1459940 761
1459950 761
1459960 761
1459970 762
1459980 765
1459990 765
