1440000 472
1440010 472
1440020 472
1440030 472
1440040 472
1440050 472
1440060 472
1440070 472
1440080 472
1440090 472
1440100 472
1440110 473
1440120 473
1440130 473
1440140 474
1440150 474
1440160 474
1440170 475
1440180 475
1440190 475
1440200 476
1440210 477
1440220 477
1440230 478
1440240 478
1440250 478
1440260 478
1440270 479
1440280 479
1440290 479
1440300 479
1440310 479
1440320 479
1440330 480
1440340 480
1440350 480
1440360 480
1440370 480
1440380 480
1440390 481
1440400 482
1440410 482
1440420 482
1440430 482
1440440 482
1440450 483
1440460 483
1440470 483
1440480 483
1440490 482
1440500 482
1440510 482
1440520 482
1440530 482
1440540 482
1440550 482
1440560 482
1440570 482
1440580 482
1440590 482
1440600 482
1440610 482
1440620 482
1440630 481
1440640 481
1440650 481
1440660 480
1440670 480
1440680 480
1440690 479
1440700 479
1440710 479
1440720 479
1440730 480
1440740 480
1440750 480
1440760 480
1440770 480
1440780 480
1440790 480
1440800 480
1440810 480
1440820 481
1440830 481
1440840 481
1440850 481
1440860 481
1440870 481
1440880 482
1440890 482
1440900 482
1440910 482
1440920 483
1440930 483
1440940 483
1440950 483
1440960 483
1440970 483
1440980 483
1440990 483
1441000 483
1441010 484
1441020 484
1441030 484
1441040 485
1441050 485
1441060 485
1441070 486
1441080 486
1441090 486
1441100 487
1441110 487
1441120 487
1441130 488
1441140 488
1441150 489
1441160 489
1441170 489
1441180 490
1441190 491
1441200 491
1441210 491
1441220 492
1441230 492
1441240 492
1441250 493
1441260 493
1441270 494
1441280 495
1441290 495
1441300 496
1441310 497
1441320 498
1441330 498
1441340 498
1441350 499
1441360 499
1441370 500
1441380 502
1441390 502
1441400 503
1441410 505
1441420 505
1441430 506
1441440 507
1441450 507
1441460 509
1441470 511
1441480 511
1441490 513
1441500 514
1441510 514
1441520 514
1441530 514
1441540 514
1441550 515
1441560 515
1441570 515
1441580 515
1441590 514
1441600 514
1441610 513
1441620 514
1441630 514
1441640 514
1441650 514
1441660 514
1441670 513
1441680 512
1441690 512
1441700 511
1441710 508
1441720 508
1441730 506
1441740 508
1441750 508
1441760 512
1441770 516
1441780 516
1441790 519
1441800 521
1441810 522
1441820 522
1441830 523
1441840 523
1441850 523
1441860 524
1441870 525
1441880 525
1441890 525
1441900 525
1441910 525
1441920 526
1441930 526
1441940 526
1441950 527
1441960 527
1441970 527
1441980 527
1441990 527
1442000 527
1442010 528
1442020 528
1442030 528
1442040 527
1442050 528
1442060 528
1442070 528
1442080 527
1442090 527
1442100 527
1442110 527
1442120 527
1442130 527
1442140 527
1442150 527
1442160 526
1442170 526
1442180 526
1442190 526
1442200 525
1442210 525
1442220 524
1442230 523
1442240 523
1442250 522
1442260 521
1442270 521
1442280 521
1442290 520
1442300 520
1442310 520
1442320 519
1442330 518
1442340 518
1442350 518
1442360 518
1442370 518
1442380 517
1442390 516
1442400 516
1442410 517
1442420 519
1442430 519
1442440 521
1442450 523
1442460 523
1442470 524
1442480 525
1442490 525
1442500 526
1442510 526
1442520 526
1442530 527
1442540 528
1442550 528
1442560 529
1442570 530
1442580 530
1442590 531
1442600 532
1442610 532
1442620 533
1442630 534
1442640 534
1442650 535
1442660 535
1442670 535
1442680 535
1442690 535
1442700 535
1442710 535
1442720 534
1442730 534
1442740 534
1442750 533
1442760 533
1442770 533
1442780 530
1442790 530
1442800 530
1442810 532
1442820 533
1442830 533
1442840 533
1442850 533
1442860 533
1442870 533
1442880 533
1442890 533
1442900 533
1442910 533
1442920 533
1442930 533
1442940 532
1442950 532
1442960 532
1442970 530
1442980 530
1442990 524
1443000 514
1443010 514
1443020 512
1443030 519
1443040 519
1443050 525
1443060 529
1443070 529
1443080 530
1443090 528
1443100 528
1443110 524
1443120 519
1443130 519
1443140 514
1443150 512
1443160 512
1443170 516
1443180 520
1443190 520
1443200 525
1443210 524
1443220 524
1443230 521
1443240 524
1443250 524
1443260 526
1443270 530
1443280 534
1443290 534
1443300 535
1443310 535
1443320 535
1443330 535
1443340 533
1443350 533
1443360 527
1443370 520
1443380 520
1443390 517
1443400 521
1443410 521
1443420 525
1443430 526
1443440 526
1443450 522
1443460 516
1443470 516
1443480 519
1443490 525
1443500 525
1443510 526
1443520 527
1443530 527
1443540 528
1443550 529
1443560 529
1443570 529
1443580 530
1443590 530
1443600 529
1443610 528
1443620 528
1443630 527
1443640 526
1443650 526
1443660 527
1443670 528
1443680 528
1443690 527
1443700 526
1443710 526
1443720 523
1443730 522
1443740 522
1443750 521
1443760 520
1443770 519
1443780 519
1443790 517
1443800 517
1443810 517
1443820 518
1443830 518
1443840 518
1443850 518
1443860 517
1443870 517
1443880 517
1443890 516
1443900 516
1443910 513
1443920 507
1443930 507
1443940 507
1443950 509
1443960 509
1443970 508
1443980 505
1443990 505
1444000 502
1444010 496
1444020 496
1444030 492
1444040 491
1444050 491
1444060 493
1444070 495
1444080 495
1444090 498
1444100 502
1444110 502
1444120 508
1444130 515
1444140 515
1444150 520
1444160 520
1444170 520
1444180 520
1444190 520
1444200 520
1444210 520
1444220 521
1444230 521
1444240 521
1444250 521
1444260 521
1444270 521
1444280 521
1444290 521
1444300 521
1444310 522
1444320 522
1444330 522
1444340 522
1444350 523
1444360 523
1444370 523
1444380 523
1444390 523
1444400 524
1444410 524
1444420 524
1444430 524
1444440 524
1444450 524
1444460 524
1444470 524
1444480 524
1444490 524
1444500 524
1444510 524
1444520 524
1444530 524
1444540 524
1444550 524
1444560 524
1444570 524
1444580 524
1444590 523
1444600 523
1444610 521
1444620 518
1444630 518
1444640 515
1444650 509
1444660 509
1444670 502
1444680 493
1444690 493
1444700 484
1444710 480
1444720 480
1444730 484
1444740 488
1444750 488
1444760 493
1444770 497
1444780 501
1444790 501
1444800 506
1444810 510
1444820 510
1444830 512
1444840 516
1444850 516
1444860 520
1444870 522
1444880 522
1444890 523
1444900 520
1444910 520
1444920 515
1444930 512
1444940 512
1444950 513
1444960 520
1444970 520
1444980 526
1444990 530
1445000 530
1445010 532
1445020 534
1445030 534
1445040 535
1445050 536
1445060 536
1445070 536
1445080 537
1445090 537
1445100 538
1445110 539
1445120 539
1445130 540
1445140 541
1445150 541
1445160 542
1445170 543
1445180 543
1445190 545
1445200 547
1445210 547
1445220 549
1445230 551
1445240 551
1445250 552
1445260 554
1445270 555
1445280 555
1445290 556
1445300 556
1445310 556
1445320 558
1445330 559
1445340 559
1445350 562
1445360 564
1445370 564
1445380 567
1445390 569
1445400 569
1445410 569
1445420 569
1445430 569
1445440 568
1445450 568
1445460 568
1445470 569
1445480 569
1445490 569
1445500 570
1445510 571
1445520 571
1445530 573
1445540 573
1445550 573
1445560 574
1445570 575
1445580 575
1445590 575
1445600 575
1445610 575
1445620 576
1445630 577
1445640 577
1445650 579
1445660 579
1445670 579
1445680 578
1445690 576
1445700 576
1445710 574
1445720 573
1445730 573
1445740 571
1445750 570
1445760 568
1445770 568
1445780 567
1445790 566
1445800 566
1445810 565
1445820 563
1445830 563
1445840 561
1445850 559
1445860 559
1445870 556
1445880 552
1445890 552
1445900 546
1445910 542
1445920 542
1445930 537
1445940 530
1445950 530
1445960 522
1445970 515
1445980 515
1445990 509
1446000 504
1446010 504
1446020 499
1446030 494
1446040 494
1446050 489
1446060 485
1446070 485
1446080 480
1446090 476
1446100 476
1446110 473
1446120 470
1446130 470
1446140 467
1446150 463
1446160 463
1446170 458
1446180 454
1446190 454
1446200 452
1446210 450
1446220 450
1446230 449
1446240 449
1446250 449
1446260 448
1446270 446
1446280 445
1446290 445
1446300 445
1446310 445
1446320 445
1446330 443
1446340 444
1446350 444
1446360 444
1446370 444
1446380 444
1446390 444
1446400 444
1446410 444
1446420 444
1446430 444
1446440 444
1446450 444
1446460 444
1446470 444
1446480 444
1446490 444
1446500 444
1446510 444
1446520 444
1446530 444
1446540 444
1446550 443
1446560 443
1446570 443
1446580 443
1446590 443
1446600 443
1446610 443
1446620 443
1446630 443
1446640 443
1446650 443
1446660 442
1446670 442
1446680 442
1446690 442
1446700 442
1446710 442
1446720 442
1446730 442
1446740 442
1446750 442
1446760 442
1446770 441
1446780 441
1446790 441
1446800 441
1446810 441
1446820 441
1446830 442
1446840 442
1446850 441
1446860 441
1446870 441
1446880 441
1446890 441
1446900 441
1446910 441
1446920 442
1446930 442
1446940 442
1446950 442
1446960 442
1446970 442
1446980 441
1446990 441
1447000 441
1447010 441
1447020 441
1447030 441
1447040 441
1447050 441
1447060 440
1447070 440
1447080 440
1447090 440
1447100 440
1447110 440
1447120 440
1447130 440
1447140 440
1447150 440
1447160 440
1447170 440
1447180 440
1447190 440
1447200 440
1447210 440
1447220 440
1447230 440
1447240 439
1447250 439
1447260 439
1447270 439
1447280 439
1447290 439
1447300 439
1447310 439
1447320 439
1447330 439
1447340 439
1447350 438
1447360 438
1447370 439
1447380 439
1447390 439
1447400 439
1447410 439
1447420 439
1447430 439
1447440 439
1447450 439
1447460 439
1447470 439
1447480 439
1447490 439
1447500 439
1447510 439
1447520 439
1447530 438
1447540 438
1447550 439
1447560 439
1447570 439
1447580 439
1447590 439
1447600 439
1447610 439
1447620 439
1447630 439
1447640 439
1447650 439
1447660 439
1447670 439
1447680 439
1447690 439
1447700 440
1447710 440
1447720 440
1447730 440
1447740 441
1447750 442
1447760 442
1447770 443
1447780 443
1447790 443
1447800 443
1447810 443
1447820 443
1447830 443
1447840 443
1447850 443
1447860 443
1447870 443
1447880 443
1447890 444
1447900 446
1447910 446
1447920 448
1447930 450
1447940 450
1447950 453
1447960 455
1447970 455
1447980 457
1447990 458
1448000 458
1448010 460
1448020 460
1448030 460
1448040 458
1448050 456
1448060 456
1448070 447
1448080 445
1448090 445
1448100 444
1448110 444
1448120 444
1448130 443
1448140 443
1448150 443
1448160 444
1448170 443
1448180 443
1448190 443
1448200 443
1448210 443
1448220 443
1448230 443
1448240 443
1448250 443
1448260 443
1448270 443
1448280 443
1448290 443
1448300 443
1448310 443
1448320 443
1448330 443
1448340 443
1448350 443
1448360 443
1448370 443
1448380 443
1448390 443
1448400 443
1448410 443
1448420 443
1448430 443
1448440 443
1448450 443
1448460 443
1448470 443
1448480 443
1448490 443
1448500 443
1448510 443
1448520 443
1448530 443
1448540 443
1448550 443
1448560 443
1448570 444
1448580 444
1448590 445
1448600 444
1448610 444
1448620 444
1448630 444
1448640 444
1448650 444
1448660 443
1448670 443
1448680 443
1448690 443
1448700 443
1448710 442
1448720 442
1448730 442
1448740 443
1448750 443
1448760 443
1448770 443
1448780 443
1448790 443
1448800 443
1448810 442
1448820 442
1448830 442
1448840 442
1448850 442
1448860 442
1448870 442
1448880 441
1448890 441
1448900 441
1448910 440
1448920 440
1448930 441
1448940 441
1448950 441
1448960 441
1448970 441
1448980 441
1448990 441
1449000 441
1449010 441
1449020 440
1449030 439
1449040 439
1449050 439
1449060 438
1449070 438
1449080 438
1449090 438
1449100 438
1449110 438
1449120 438
1449130 438
1449140 438
1449150 438
1449160 438
1449170 438
1449180 438
1449190 438
1449200 438
1449210 437
1449220 437
1449230 437
1449240 437
1449250 438
1449260 438
1449270 437
1449280 437
1449290 437
1449300 437
1449310 437
1449320 437
1449330 437
1449340 438
1449350 438
1449360 437
1449370 438
1449380 438
1449390 438
1449400 438
1449410 438
1449420 438
1449430 438
1449440 438
1449450 438
1449460 438
1449470 438
1449480 439
1449490 441
1449500 441
1449510 442
1449520 441
1449530 441
1449540 441
1449550 442
1449560 442
1449570 442
1449580 442
1449590 442
1449600 442
1449610 442
1449620 442
1449630 442
1449640 441
1449650 441
1449660 439
1449670 438
1449680 438
1449690 438
1449700 438
1449710 438
1449720 438
1449730 438
1449740 438
1449750 438
1449760 438
1449770 438
1449780 438
1449790 438
1449800 438
1449810 438
1449820 438
1449830 438
1449840 438
1449850 438
1449860 438
1449870 438
1449880 438
1449890 438
1449900 438
1449910 438
1449920 438
1449930 438
1449940 438
1449950 438
1449960 438
1449970 438
1449980 438
1449990 438
1450000 438
1450010 438
1450020 438
1450030 439
1450040 439
1450050 439
1450060 439
1450070 439
1450080 439
1450090 439
1450100 439
1450110 439
1450120 439
1450130 439
1450140 439
1450150 439
1450160 439
1450170 439
1450180 439
1450190 439
1450200 439
1450210 439
1450220 439
1450230 439
1450240 439
1450250 439
1450260 440
1450270 440
1450280 440
1450290 440
1450300 440
1450310 440
1450320 440
1450330 440
1450340 440
1450350 440
1450360 440
1450370 440
1450380 440
1450390 440
1450400 440
1450410 440
1450420 440
1450430 440
1450440 440
1450450 440
1450460 440
1450470 440
1450480 440
1450490 440
1450500 440
1450510 440
1450520 440
1450530 440
1450540 440
1450550 440
1450560 440
1450570 440
1450580 440
1450590 440
1450600 440
1450610 440
1450620 440
1450630 440
1450640 440
1450650 440
1450660 440
1450670 440
1450680 440
1450690 440
1450700 440
1450710 439
1450720 439
1450730 439
1450740 439
1450750 439
1450760 439
1450770 439
1450780 439
1450790 439
1450800 439
1450810 439
1450820 439
1450830 439
1450840 440
1450850 440
1450860 440
1450870 440
1450880 440
1450890 440
1450900 440
1450910 440
1450920 440
1450930 440
1450940 440
1450950 440
1450960 440
1450970 440
1450980 439
1450990 439
1451000 439
1451010 439
1451020 439
1451030 439
1451040 439
1451050 439
1451060 439
1451070 440
1451080 440
1451090 440
1451100 440
1451110 440
1451120 440
1451130 440
1451140 440
1451150 440
1451160 440
1451170 441
1451180 441
1451190 441
1451200 441
1451210 441
1451220 440
1451230 440
1451240 439
1451250 439
1451260 439
1451270 439
1451280 439
1451290 439
1451300 439
1451310 439
1451320 439
1451330 439
1451340 439
1451350 439
1451360 439
1451370 439
1451380 439
1451390 439
1451400 439
1451410 439
1451420 439
1451430 439
1451440 439
1451450 439
1451460 439
1451470 439
1451480 439
1451490 439
1451500 439
1451510 439
1451520 439
1451530 439
1451540 439
1451550 439
1451560 440
1451570 440
1451580 440
1451590 440
1451600 440
1451610 440
1451620 440
1451630 440
1451640 440
1451650 439
1451660 439
1451670 439
1451680 439
1451690 439
1451700 439
1451710 439
1451720 439
1451730 440
1451740 440
1451750 440
1451760 440
1451770 440
1451780 440
1451790 439
1451800 439
1451810 439
1451820 439
1451830 439
1451840 439
1451850 439
1451860 439
1451870 439
1451880 439
1451890 439
1451900 439
1451910 440
1451920 440
1451930 440
1451940 440
1451950 440
1451960 440
1451970 440
1451980 440
1451990 440
1452000 440
1452010 440
1452020 440
1452030 440
1452040 440
1452050 440
1452060 440
1452070 440
1452080 440
1452090 440
1452100 440
1452110 440
1452120 440
1452130 440
1452140 440
1452150 440
1452160 440
1452170 440
1452180 440
1452190 440
1452200 440
1452210 440
1452220 440
1452230 440
1452240 439
1452250 439
1452260 439
1452270 439
1452280 439
1452290 439
1452300 439
1452310 439
1452320 439
1452330 439
1452340 439
1452350 439
1452360 439
1452370 439
1452380 439
1452390 439
1452400 439
1452410 439
1452420 439
1452430 439
1452440 439
1452450 439
1452460 439
1452470 439
1452480 439
1452490 440
1452500 440
1452510 440
1452520 440
1452530 440
1452540 440
1452550 439
1452560 439
1452570 439
1452580 439
1452590 439
1452600 439
1452610 439
1452620 439
1452630 439
1452640 440
1452650 440
1452660 439
1452670 439
1452680 439
1452690 439
1452700 439
1452710 439
1452720 439
1452730 439
1452740 439
1452750 439
1452760 439
1452770 439
1452780 439
1452790 439
1452800 439
1452810 439
1452820 439
1452830 439
1452840 439
1452850 439
1452860 439
1452870 439
1452880 439
1452890 439
1452900 439
1452910 439
1452920 439
1452930 439
1452940 439
1452950 438
1452960 438
1452970 438
1452980 438
1452990 438
1453000 438
1453010 438
1453020 438
1453030 438
1453040 438
1453050 438
1453060 439
1453070 439
1453080 439
1453090 439
1453100 439
1453110 439
1453120 439
1453130 439
1453140 439
1453150 439
1453160 439
1453170 439
1453180 439
1453190 439
1453200 439
1453210 439
1453220 439
1453230 439
1453240 439
1453250 439
1453260 440
1453270 440
1453280 440
1453290 440
1453300 440
1453310 439
1453320 439
1453330 439
1453340 439
1453350 439
1453360 439
1453370 439
1453380 439
1453390 439
1453400 439
1453410 439
1453420 439
1453430 439
1453440 439
1453450 439
1453460 439
1453470 439
1453480 439
1453490 439
1453500 439
1453510 439
1453520 439
1453530 439
1453540 439
1453550 439
1453560 439
1453570 439
1453580 439
1453590 439
1453600 439
1453610 440
1453620 440
1453630 440
1453640 440
1453650 440
1453660 440
1453670 440
1453680 440
1453690 440
1453700 440
1453710 440
1453720 440
1453730 440
1453740 440
1453750 440
1453760 440
1453770 440
1453780 440
1453790 440
1453800 440
1453810 440
1453820 440
1453830 440
1453840 440
1453850 440
1453860 440
1453870 440
1453880 440
1453890 440
1453900 440
1453910 440
1453920 440
1453930 440
1453940 440
1453950 440
1453960 440
1453970 440
1453980 440
1453990 440
1454000 440
1454010 440
1454020 440
1454030 440
1454040 439
1454050 439
1454060 439
1454070 439
1454080 439
1454090 439
1454100 439
1454110 439
1454120 439
1454130 439
1454140 439
1454150 439
1454160 439
1454170 439
1454180 439
1454190 439
1454200 439
1454210 439
1454220 439
1454230 440
1454240 440
1454250 440
1454260 439
1454270 439
1454280 439
1454290 439
1454300 439
1454310 439
1454320 439
1454330 439
1454340 439
1454350 439
1454360 439
1454370 439
1454380 439
1454390 439
1454400 439
1454410 439
1454420 438
1454430 438
1454440 437
1454450 435
1454460 435
1454470 433
1454480 433
1454490 433
1454500 432
1454510 432
1454520 432
1454530 432
1454540 432
1454550 432
1454560 432
1454570 431
1454580 431
1454590 430
1454600 430
1454610 430
1454620 431
1454630 430
1454640 430
1454650 431
1454660 430
1454670 430
1454680 430
1454690 431
1454700 431
1454710 431
1454720 431
1454730 430
1454740 430
1454750 430
1454760 430
1454770 430
1454780 430
1454790 431
1454800 431
1454810 431
1454820 431
1454830 431
1454840 430
1454850 430
1454860 430
1454870 430
1454880 430
1454890 430
1454900 430
1454910 429
1454920 429
1454930 429
1454940 429
1454950 429
1454960 429
1454970 429
1454980 429
1454990 429
1455000 429
1455010 429
1455020 429
1455030 429
1455040 429
1455050 429
1455060 429
1455070 429
1455080 429
1455090 429
1455100 429
1455110 429
1455120 429
1455130 429
1455140 429
1455150 429
1455160 429
1455170 429
1455180 429
1455190 429
1455200 429
1455210 429
1455220 429
1455230 429
1455240 429
1455250 429
1455260 429
1455270 429
1455280 429
1455290 429
1455300 429
1455310 429
1455320 429
1455330 429
1455340 428
1455350 428
1455360 428
1455370 428
1455380 428
1455390 429
1455400 429
1455410 429
1455420 429
1455430 429
1455440 429
1455450 429
1455460 429
1455470 429
1455480 429
1455490 429
1455500 429
1455510 428
1455520 429
1455530 429
1455540 429
1455550 429
1455560 429
1455570 429
1455580 429
1455590 429
1455600 428
1455610 429
1455620 429
1455630 429
1455640 429
1455650 429
1455660 429
1455670 429
1455680 429
1455690 429
1455700 429
1455710 429
1455720 429
1455730 429
1455740 429
1455750 429
1455760 429
1455770 429
1455780 429
1455790 429
1455800 428
1455810 428
1455820 428
1455830 429
1455840 429
1455850 429
1455860 429
1455870 429
1455880 429
1455890 429
1455900 429
1455910 429
1455920 429
1455930 429
1455940 429
1455950 429
1455960 429
1455970 428
1455980 426
1455990 426
1456000 427
1456010 428
1456020 428
1456030 427
1456040 424
1456050 424
1456060 421
1456070 421
1456080 421
1456090 421
1456100 421
1456110 421
1456120 421
1456130 421
1456140 421
1456150 424
1456160 427
1456170 427
1456180 428
1456190 428
1456200 428
1456210 428
1456220 428
1456230 427
1456240 427
1456250 427
1456260 428
1456270 428
1456280 430
1456290 430
1456300 430
1456310 430
1456320 429
1456330 429
1456340 429
1456350 429
1456360 429
1456370 429
1456380 429
1456390 429
1456400 429
1456410 429
1456420 429
1456430 429
1456440 429
1456450 429
1456460 429
1456470 429
1456480 429
1456490 428
1456500 431
1456510 431
1456520 432
1456530 432
1456540 432
1456550 432
1456560 433
1456570 433
1456580 433
1456590 433
1456600 433
1456610 434
1456620 433
1456630 433
1456640 433
1456650 433
1456660 433
1456670 433
1456680 433
1456690 433
1456700 433
1456710 434
1456720 434
1456730 434
1456740 435
1456750 435
1456760 435
1456770 435
1456780 435
1456790 435
1456800 435
1456810 435
1456820 435
1456830 435
1456840 435
1456850 435
1456860 435
1456870 436
1456880 436
1456890 436
1456900 436
1456910 436
1456920 438
1456930 439
1456940 439
1456950 439
1456960 439
1456970 439
1456980 440
1456990 440
1457000 440
1457010 440
1457020 441
1457030 441
1457040 442
1457050 442
1457060 442
1457070 442
1457080 442
1457090 442
1457100 443
1457110 445
1457120 445
1457130 447
1457140 450
1457150 450
1457160 454
1457170 459
1457180 463
1457190 463
1457200 468
1457210 473
1457220 473
1457230 478
1457240 483
1457250 483
1457260 488
1457270 494
1457280 494
1457290 500
1457300 505
1457310 505
1457320 512
1457330 518
1457340 518
1457350 524
1457360 531
1457370 531
1457380 537
1457390 544
1457400 544
1457410 550
1457420 556
1457430 556
1457440 563
1457450 569
1457460 569
1457470 573
1457480 574
1457490 574
1457500 575
1457510 576
1457520 576
1457530 576
1457540 577
1457550 577
1457560 577
1457570 577
1457580 577
1457590 575
1457600 574
1457610 574
1457620 572
1457630 570
1457640 570
1457650 568
1457660 566
1457670 563
1457680 563
1457690 561
1457700 557
1457710 557
1457720 553
1457730 550
1457740 550
1457750 546
1457760 542
1457770 542
1457780 538
1457790 535
1457800 535
1457810 531
1457820 526
1457830 526
1457840 522
1457850 518
1457860 518
1457870 515
1457880 512
1457890 512
1457900 510
1457910 507
1457920 507
1457930 503
1457940 504
1457950 504
1457960 512
1457970 518
1457980 518
1457990 523
1458000 527
1458010 527
1458020 532
1458030 535
1458040 535
1458050 535
1458060 535
1458070 535
1458080 535
1458090 536
1458100 536
1458110 537
1458120 539
1458130 539
1458140 540
1458150 545
1458160 551
1458170 551
1458180 558
1458190 566
1458200 566
1458210 573
1458220 582
1458230 582
1458240 590
1458250 597
1458260 597
1458270 603
1458280 607
1458290 607
1458300 609
1458310 613
1458320 613
1458330 618
1458340 622
1458350 622
1458360 627
1458370 633
1458380 633
1458390 637
1458400 640
1458410 640
1458420 643
1458430 647
1458440 647
1458450 650
1458460 653
1458470 653
1458480 659
1458490 662
1458500 662
1458510 664
1458520 666
1458530 666
1458540 668
1458550 672
1458560 672
1458570 676
1458580 678
1458590 678
1458600 678
1458610 675
1458620 675
1458630 671
1458640 668
1458650 668
1458660 667
1458670 668
1458680 668
1458690 668
1458700 670
1458710 673
1458720 673
1458730 677
1458740 682
1458750 682
1458760 687
1458770 690
1458780 690
1458790 692
1458800 694
1458810 694
1458820 693
1458830 695
1458840 695
1458850 698
1458860 699
1458870 699
1458880 700
1458890 701
1458900 701
1458910 704
1458920 708
1458930 708
1458940 711
1458950 718
1458960 718
1458970 725
1458980 729
1458990 729
1459000 734
1459010 740
1459020 740
1459030 746
1459040 751
1459050 751
1459060 754
1459070 758
1459080 758
1459090 762
1459100 767
1459110 767
1459120 769
1459130 769
1459140 769
1459150 769
1459160 770
1459170 773
1459180 773
1459190 777
1459200 782
1459210 782
1459220 787
1459230 788
1459240 788
1459250 789
1459260 792
1459270 792
1459280 796
1459290 801
1459300 801
1459310 805
1459320 808
1459330 808
1459340 811
1459350 815
1459360 815
1459370 821
1459380 828
1459390 828
1459400 833
1459410 837
1459420 837
1459430 843
1459440 847
1459450 847
1459460 849
1459470 851
1459480 851
1459490 854
1459500 856
1459510 856
1459520 858
1459530 863
1459540 863
1459550 868
1459560 872
1459570 872
1459580 875
1459590 877
1459600 877
1459610 880
1459620 883
1459630 883
1459640 885
1459650 885
1459660 885
1459670 885
1459680 887
1459690 890
1459700 890
1459710 894
1459720 898
1459730 898
1459740 900
1459750 899
1459760 899
1459770 899
1459780 900
1459790 900
1459800 903
1459810 906
1459820 906
1459830 907
1459840 908
1459850 908
1459860 909
1459870 910
1459880 910
1459890 912
1459900 914
1459910 914
1459920 915
1459930 917
1459940 917
1459950 918
1459960 921
1459970 921
1459980 923
1459990 926
