1440290 476
1440300 477
1440310 477
1440320 477
1440330 477
1440340 477
1440350 478
1440360 478
1440370 478
1440380 478
1440390 479
1440400 479
1440410 479
1440420 479
1440430 479
1440440 479
1440450 479
1440460 479
1440470 479
1440480 479
1440490 479
1440500 479
1440510 480
1440520 480
1440530 480
1440540 481
1440550 481
1440560 481
1440570 481
1440580 481
1440590 481
1440600 481
1440610 481
1440620 481
1440630 481
1440640 481
1440650 481
1440660 481
1440670 481
1440680 481
1440690 481
1440700 481
1440710 481
1440720 481
1440730 481
1440740 481
1440750 481
1440760 481
1440770 481
1440780 480
1440790 480
1440800 480
1440810 480
1440820 480
1440830 480
1440840 480
1440850 480
1440860 480
1440870 479
1440880 479
1440890 479
1440900 479
1440910 479
1440920 479
1440930 479
1440940 478
1440950 478
1440960 478
1440970 478
1440980 478
1440990 478
1441000 478
1441010 478
1441020 478
1441030 477
1441040 477
1441050 477
1441060 477
1441070 477
1441080 477
1441090 477
1441100 477
1441110 477
1441120 476
1441130 476
1441140 476
1441150 476
1441160 476
1441170 476
1441180 476
1441190 476
1441200 476
1441210 477
1441220 477
1441230 477
1441240 477
1441250 477
1441260 477
1441270 478
1441280 478
1441290 478
1441300 479
1441310 479
1441320 479
1441330 480
1441340 481
1441350 481
1441360 482
1441370 482
1441380 482
1441390 483
1441400 483
1441410 483
1441420 483
1441430 483
1441440 483
1441450 483
1441460 483
1441470 483
1441480 483
1441490 484
1441500 484
1441510 484
1441520 484
1441530 484
1441540 484
1441550 484
1441560 484
1441570 485
1441580 485
1441590 485
1441600 485
1441610 485
1441620 485
1441630 486
1441640 488
1441650 488
1441660 489
1441670 491
1441680 491
1441690 493
1441700 493
1441710 493
1441720 492
1441730 494
1441740 494
1441750 497
1441760 498
1441770 498
1441780 500
1441790 500
1441800 502
1441810 502
1441820 503
1441830 504
1441840 504
1441850 504
1441860 504
1441870 504
1441880 505
1441890 505
1441900 505
1441910 506
1441920 507
1441930 507
1441940 509
1441950 510
1441960 510
1441970 511
1441980 512
1441990 512
1442000 513
1442010 514
1442020 514
1442030 515
1442040 516
1442050 516
1442060 517
1442070 518
1442080 518
1442090 518
1442100 518
1442110 518
1442120 518
1442130 519
1442140 519
1442150 519
1442160 518
1442170 518
1442180 518
1442190 518
1442200 518
1442210 518
1442220 519
1442230 519
1442240 519
1442250 519
1442260 519
1442270 519
1442280 518
1442290 518
1442300 518
1442310 518
1442320 518
1442330 518
1442340 518
1442350 518
1442360 518
1442370 518
1442380 518
1442390 518
1442400 518
1442410 518
1442420 518
1442430 518
1442440 518
1442450 518
1442460 519
1442470 519
1442480 519
1442490 519
1442500 520
1442510 520
1442520 520
1442530 520
1442540 520
1442550 521
1442560 522
1442570 522
1442580 522
1442590 522
1442600 522
1442610 519
1442620 513
1442630 513
1442640 506
1442650 501
1442660 501
1442670 497
1442680 493
1442690 493
1442700 489
1442710 485
1442720 485
1442730 481
1442740 477
1442750 477
1442760 472
1442770 467
1442780 467
1442790 462
1442800 458
1442810 455
1442820 455
1442830 451
1442840 450
1442850 450
1442860 448
1442870 447
1442880 447
1442890 445
1442900 445
1442910 445
1442920 446
1442930 446
1442940 446
1442950 445
1442960 445
1442970 445
1442980 445
1442990 445
1443000 445
1443010 445
1443020 445
1443030 445
1443040 445
1443050 445
1443060 445
1443070 445
1443080 445
1443090 445
1443100 445
1443110 445
1443120 445
1443130 445
1443140 446
1443150 446
1443160 446
1443170 445
1443180 445
1443190 445
1443200 445
1443210 445
1443220 445
1443230 445
1443240 445
1443250 445
1443260 445
1443270 445
1443280 444
1443290 443
1443300 444
1443310 444
1443320 445
1443330 445
1443340 445
1443350 445
1443360 445
1443370 445
1443380 445
1443390 445
1443400 445
1443410 445
1443420 445
1443430 445
1443440 445
1443450 445
1443460 445
1443470 445
1443480 445
1443490 445
1443500 446
1443510 446
1443520 446
1443530 445
1443540 445
1443550 445
1443560 445
1443570 445
1443580 445
1443590 445
1443600 445
1443610 445
1443620 446
1443630 447
1443640 447
1443650 447
1443660 447
1443670 447
1443680 447
1443690 447
1443700 447
1443710 447
1443720 447
1443730 447
1443740 447
1443750 446
1443760 446
1443770 446
1443780 446
1443790 446
1443800 446
1443810 445
1443820 445
1443830 445
1443840 445
1443850 445
1443860 445
1443870 445
1443880 445
1443890 445
1443900 445
1443910 445
1443920 445
1443930 445
1443940 445
1443950 445
1443960 445
1443970 445
1443980 445
1443990 445
1444000 444
1444010 444
1444020 444
1444030 444
1444040 444
1444050 444
1444060 444
1444070 444
1444080 444
1444090 444
1444100 444
1444110 444
1444120 445
1444130 445
1444140 445
1444150 445
1444160 445
1444170 445
1444180 445
1444190 445
1444200 445
1444210 445
1444220 445
1444230 445
1444240 445
1444250 445
1444260 445
1444270 445
1444280 445
1444290 445
1444300 445
1444310 445
1444320 445
1444330 445
1444340 445
1444350 445
1444360 445
1444370 445
1444380 445
1444390 445
1444400 445
1444410 445
1444420 445
1444430 445
1444440 445
1444450 445
1444460 445
1444470 445
1444480 445
1444490 445
1444500 445
1444510 444
1444520 444
1444530 444
1444540 444
1444550 444
1444560 444
1444570 443
1444580 442
1444590 442
1444600 441
1444610 441
1444620 441
1444630 442
1444640 441
1444650 441
1444660 441
1444670 441
1444680 441
1444690 441
1444700 441
1444710 441
1444720 441
1444730 440
1444740 440
1444750 440
1444760 440
1444770 440
1444780 440
1444790 440
1444800 440
1444810 440
1444820 440
1444830 440
1444840 440
1444850 440
1444860 440
1444870 440
1444880 440
1444890 440
1444900 440
1444910 440
1444920 440
1444930 440
1444940 440
1444950 440
1444960 440
1444970 440
1444980 440
1444990 440
1445000 440
1445010 440
1445020 440
1445030 440
1445040 440
1445050 440
1445060 440
1445070 440
1445080 440
1445090 440
1445100 440
1445110 440
1445120 440
1445130 440
1445140 440
1445150 440
1445160 440
1445170 440
1445180 440
1445190 440
1445200 440
1445210 440
1445220 440
1445230 440
1445240 440
1445250 439
1445260 439
1445270 439
1445280 439
1445290 439
1445300 439
1445310 439
1445320 439
1445330 439
1445340 439
1445350 439
1445360 439
1445370 439
1445380 439
1445390 439
1445400 439
1445410 439
1445420 439
1445430 440
1445440 440
1445450 440
1445460 440
1445470 440
1445480 440
1445490 440
1445500 442
1445510 442
1445520 444
1445530 446
1445540 446
1445550 448
1445560 449
1445570 449
1445580 452
1445590 453
1445600 453
1445610 453
1445620 453
1445630 453
1445640 454
1445650 454
1445660 454
1445670 455
1445680 455
1445690 455
1445700 456
1445710 456
1445720 456
1445730 456
1445740 456
1445750 456
1445760 455
1445770 455
1445780 455
1445790 453
1445800 451
1445810 451
1445820 451
1445830 452
1445840 452
1445850 452
1445860 453
1445870 453
1445880 453
1445890 454
1445900 454
1445910 454
1445920 454
1445930 454
1445940 454
1445950 451
1445960 448
1445970 448
1445980 451
1445990 452
1446000 452
1446010 451
1446020 450
1446030 450
1446040 449
1446050 449
1446060 449
1446070 448
1446080 447
1446090 447
1446100 446
1446110 444
1446120 444
1446130 442
1446140 441
1446150 441
1446160 440
1446170 440
1446180 440
1446190 440
1446200 440
1446210 440
1446220 442
1446230 445
1446240 445
1446250 445
1446260 446
1446270 446
1446280 447
1446290 448
1446300 448
1446310 448
1446320 451
1446330 451
1446340 454
1446350 455
1446360 456
1446370 456
1446380 456
1446390 457
1446400 457
1446410 457
1446420 457
1446430 457
1446440 458
1446450 458
1446460 458
1446470 459
1446480 459
1446490 459
1446500 460
1446510 460
1446520 460
1446530 461
1446540 461
1446550 461
1446560 461
1446570 461
1446580 461
1446590 462
1446600 462
1446610 462
1446620 462
1446630 462
1446640 462
1446650 462
1446660 461
1446670 461
1446680 461
1446690 459
1446700 459
1446710 457
1446720 456
1446730 456
1446740 454
1446750 453
1446760 453
1446770 451
1446780 450
1446790 450
1446800 449
1446810 447
1446820 447
1446830 446
1446840 441
1446850 441
1446860 436
1446870 434
1446880 434
1446890 434
1446900 434
1446910 434
1446920 434
1446930 434
1446940 434
1446950 434
1446960 434
1446970 433
1446980 433
1446990 433
1447000 433
1447010 433
1447020 433
1447030 433
1447040 433
1447050 433
1447060 433
1447070 433
1447080 433
1447090 433
1447100 433
1447110 433
1447120 433
1447130 433
1447140 433
1447150 433
1447160 433
1447170 433
1447180 433
1447190 433
1447200 433
1447210 433
1447220 433
1447230 433
1447240 432
1447250 432
1447260 432
1447270 432
1447280 432
1447290 433
1447300 434
1447310 434
1447320 435
1447330 435
1447340 435
1447350 435
1447360 435
1447370 435
1447380 435
1447390 432
1447400 432
1447410 432
1447420 432
1447430 432
1447440 432
1447450 432
1447460 432
1447470 432
1447480 432
1447490 432
1447500 432
1447510 433
1447520 433
1447530 433
1447540 434
1447550 435
1447560 435
1447570 435
1447580 434
1447590 434
1447600 434
1447610 433
1447620 433
1447630 433
1447640 432
1447650 432
1447660 432
1447670 432
1447680 432
1447690 433
1447700 433
1447710 433
1447720 432
1447730 433
1447740 433
1447750 433
1447760 433
1447770 433
1447780 433
1447790 433
1447800 433
1447810 433
1447820 433
1447830 433
1447840 433
1447850 433
1447860 433
1447870 433
1447880 433
1447890 433
1447900 433
1447910 433
1447920 433
1447930 433
1447940 433
1447950 434
1447960 434
1447970 434
1447980 434
1447990 434
1448000 433
1448010 433
1448020 433
1448030 433
1448040 434
1448050 434
1448060 434
1448070 433
1448080 433
1448090 433
1448100 433
1448110 433
1448120 433
1448130 434
1448140 434
1448150 434
1448160 434
1448170 434
1448180 433
1448190 433
1448200 433
1448210 433
1448220 433
1448230 433
1448240 433
1448250 433
1448260 433
1448270 433
1448280 433
1448290 433
1448300 433
1448310 433
1448320 433
1448330 433
1448340 433
1448350 433
1448360 433
1448370 434
1448380 434
1448390 434
1448400 434
1448410 434
1448420 434
1448430 433
1448440 433
1448450 433
1448460 434
1448470 434
1448480 434
1448490 434
1448500 434
1448510 434
1448520 435
1448530 435
1448540 435
1448550 436
1448560 436
1448570 436
1448580 436
1448590 436
1448600 436
1448610 436
1448620 436
1448630 436
1448640 436
1448650 436
1448660 436
1448670 437
1448680 436
1448690 436
1448700 436
1448710 436
1448720 436
1448730 436
1448740 436
1448750 436
1448760 436
1448770 436
1448780 436
1448790 436
1448800 436
1448810 436
1448820 436
1448830 436
1448840 436
1448850 436
1448860 436
1448870 436
1448880 436
1448890 436
1448900 436
1448910 436
1448920 436
1448930 436
1448940 436
1448950 436
1448960 437
1448970 437
1448980 437
1448990 437
1449000 437
1449010 436
1449020 436
1449030 436
1449040 436
1449050 436
1449060 436
1449070 436
1449080 436
1449090 436
1449100 436
1449110 437
1449120 437
1449130 437
1449140 437
1449150 437
1449160 437
1449170 437
1449180 437
1449190 437
1449200 436
1449210 436
1449220 437
1449230 437
1449240 437
1449250 437
1449260 437
1449270 437
1449280 437
1449290 437
1449300 437
1449310 437
1449320 437
1449330 437
1449340 436
1449350 436
1449360 436
1449370 435
1449380 435
1449390 435
1449400 434
1449410 434
1449420 434
1449430 434
1449440 434
1449450 434
1449460 434
1449470 434
1449480 434
1449490 434
1449500 434
1449510 434
1449520 434
1449530 434
1449540 434
1449550 434
1449560 434
1449570 434
1449580 434
1449590 434
1449600 434
1449610 434
1449620 434
1449630 434
1449640 434
1449650 434
1449660 434
1449670 434
1449680 434
1449690 434
1449700 434
1449710 434
1449720 434
1449730 434
1449740 434
1449750 434
1449760 434
1449770 434
1449780 434
1449790 434
1449800 434
1449810 434
1449820 434
1449830 434
1449840 434
1449850 434
1449860 434
1449870 434
1449880 434
1449890 434
1449900 434
1449910 434
1449920 434
1449930 434
1449940 435
1449950 435
1449960 434
1449970 434
1449980 434
1449990 434
1450000 435
1450010 435
1450020 435
1450030 435
1450040 435
1450050 435
1450060 435
1450070 435
1450080 435
1450090 435
1450100 435
1450110 435
1450120 435
1450130 435
1450140 435
1450150 435
1450160 435
1450170 435
1450180 435
1450190 435
1450200 435
1450210 435
1450220 435
1450230 434
1450240 435
1450250 435
1450260 435
1450270 435
1450280 435
1450290 435
1450300 435
1450310 435
1450320 435
1450330 435
1450340 435
1450350 435
1450360 435
1450370 435
1450380 435
1450390 435
1450400 435
1450410 435
1450420 435
1450430 435
1450440 435
1450450 435
1450460 435
1450470 435
1450480 435
1450490 435
1450500 435
1450510 435
1450520 436
1450530 436
1450540 437
1450550 436
1450560 436
1450570 436
1450580 437
1450590 437
1450600 437
1450610 436
1450620 436
1450630 435
1450640 435
1450650 435
1450660 435
1450670 435
1450680 435
1450690 435
1450700 435
1450710 435
1450720 435
1450730 435
1450740 435
1450750 435
1450760 435
1450770 435
1450780 435
1450790 435
1450800 435
1450810 435
1450820 435
1450830 435
1450840 435
1450850 435
1450860 435
1450870 435
1450880 435
1450890 435
1450900 435
1450910 435
1450920 435
1450930 435
1450940 435
1450950 436
1450960 436
1450970 436
1450980 436
1450990 436
1451000 436
1451010 436
1451020 436
1451030 436
1451040 436
1451050 436
1451060 435
1451070 436
1451080 436
1451090 436
1451100 436
1451110 436
1451120 436
1451130 436
1451140 436
1451150 435
1451160 436
1451170 436
1451180 436
1451190 435
1451200 435
1451210 435
1451220 435
1451230 435
1451240 434
1451250 434
1451260 434
1451270 434
1451280 434
1451290 434
1451300 434
1451310 434
1451320 434
1451330 435
1451340 434
1451350 434
1451360 434
1451370 434
1451380 434
1451390 434
1451400 434
1451410 434
1451420 434
1451430 434
1451440 435
1451450 435
1451460 435
1451470 435
1451480 435
1451490 435
1451500 435
1451510 435
1451520 435
1451530 434
1451540 434
1451550 434
1451560 435
1451570 435
1451580 436
1451590 434
1451600 434
1451610 434
1451620 434
1451630 434
1451640 434
1451650 434
1451660 434
1451670 434
1451680 434
1451690 434
1451700 434
1451710 435
1451720 435
1451730 434
1451740 435
1451750 435
1451760 435
1451770 435
1451780 435
1451790 434
1451800 434
1451810 434
1451820 434
1451830 434
1451840 434
1451850 434
1451860 434
1451870 434
1451880 434
1451890 434
1451900 434
1451910 434
1451920 434
1451930 434
1451940 434
1451950 434
1451960 434
1451970 434
1451980 434
1451990 434
1452000 434
1452010 434
1452020 434
1452030 434
1452040 434
1452050 434
1452060 434
1452070 434
1452080 434
1452090 434
1452100 434
1452110 434
1452120 434
1452130 434
1452140 434
1452150 434
1452160 435
1452170 435
1452180 435
1452190 434
1452200 434
1452210 434
1452220 434
1452230 434
1452240 434
1452250 434
1452260 434
1452270 434
1452280 434
1452290 434
1452300 434
1452310 434
1452320 434
1452330 434
1452340 434
1452350 434
1452360 434
1452370 434
1452380 434
1452390 434
1452400 434
1452410 434
1452420 434
1452430 434
1452440 434
1452450 434
1452460 434
1452470 434
1452480 434
1452490 434
1452500 435
1452510 435
1452520 435
1452530 435
1452540 435
1452550 435
1452560 435
1452570 435
1452580 435
1452590 435
1452600 435
1452610 435
1452620 435
1452630 435
1452640 435
1452650 435
1452660 436
1452670 436
1452680 436
1452690 436
1452700 436
1452710 437
1452720 436
1452730 436
1452740 436
1452750 436
1452760 436
1452770 436
1452780 436
1452790 436
1452800 436
1452810 436
1452820 436
1452830 436
1452840 436
1452850 436
1452860 436
1452870 436
1452880 436
1452890 436
1452900 436
1452910 436
1452920 436
1452930 436
1452940 436
1452950 436
1452960 436
1452970 436
1452980 436
1452990 436
1453000 436
1453010 436
1453020 436
1453030 436
1453040 436
1453050 436
1453060 435
1453070 435
1453080 435
1453090 435
1453100 435
1453110 435
1453120 435
1453130 435
1453140 435
1453150 435
1453160 435
1453170 435
1453180 435
1453190 435
1453200 435
1453210 435
1453220 435
1453230 435
1453240 435
1453250 435
1453260 435
1453270 435
1453280 435
1453290 435
1453300 435
1453310 435
1453320 435
1453330 435
1453340 435
1453350 435
1453360 435
1453370 435
1453380 435
1453390 436
1453400 436
1453410 436
1453420 436
1453430 436
1453440 436
1453450 436
1453460 436
1453470 436
1453480 436
1453490 435
1453500 435
1453510 436
1453520 436
1453530 436
1453540 436
1453550 436
1453560 436
1453570 436
1453580 436
1453590 436
1453600 436
1453610 435
1453620 435
1453630 436
1453640 437
1453650 437
1453660 437
1453670 436
1453680 436
1453690 436
1453700 436
1453710 436
1453720 436
1453730 436
1453740 436
1453750 436
1453760 436
1453770 436
1453780 436
1453790 436
1453800 436
1453810 436
1453820 436
1453830 436
1453840 436
1453850 435
1453860 435
1453870 434
1453880 432
1453890 432
1453900 431
1453910 430
1453920 430
1453930 429
1453940 428
1453950 428
1453960 428
1453970 428
1453980 428
1453990 428
1454000 428
1454010 428
1454020 428
1454030 428
1454040 428
1454050 428
1454060 428
1454070 428
1454080 428
1454090 428
1454100 428
1454110 428
1454120 428
1454130 428
1454140 428
1454150 428
1454160 428
1454170 428
1454180 428
1454190 428
1454200 428
1454210 428
1454220 428
1454230 428
1454240 428
1454250 429
1454260 429
1454270 428
1454280 428
1454290 428
1454300 428
1454310 428
1454320 428
1454330 428
1454340 428
1454350 428
1454360 428
1454370 428
1454380 428
1454390 428
1454400 428
1454410 428
1454420 428
1454430 428
1454440 428
1454450 427
1454460 427
1454470 427
1454480 427
1454490 427
1454500 427
1454510 427
1454520 427
1454530 427
1454540 427
1454550 427
1454560 427
1454570 427
1454580 428
1454590 428
1454600 428
1454610 428
1454620 427
1454630 427
1454640 426
1454650 426
1454660 426
1454670 426
1454680 426
1454690 426
1454700 426
1454710 426
1454720 426
1454730 426
1454740 426
1454750 426
1454760 426
1454770 426
1454780 426
1454790 426
1454800 426
1454810 426
1454820 426
1454830 426
1454840 426
1454850 426
1454860 427
1454870 427
1454880 427
1454890 427
1454900 427
1454910 427
1454920 427
1454930 427
1454940 427
1454950 427
1454960 427
1454970 427
1454980 427
1454990 427
1455000 427
1455010 427
1455020 427
1455030 427
1455040 427
1455050 426
1455060 426
1455070 426
1455080 426
1455090 426
1455100 426
1455110 427
1455120 427
1455130 427
1455140 427
1455150 427
1455160 426
1455170 427
1455180 427
1455190 428
1455200 428
1455210 428
1455220 427
1455230 427
1455240 427
1455250 426
1455260 427
1455270 427
1455280 427
1455290 427
1455300 427
1455310 427
1455320 427
1455330 427
1455340 427
1455350 427
1455360 427
1455370 427
1455380 427
1455390 427
1455400 427
1455410 427
1455420 427
1455430 427
1455440 427
1455450 427
1455460 426
1455470 427
1455480 427
1455490 427
1455500 427
1455510 427
1455520 427
1455530 426
1455540 426
1455550 426
1455560 426
1455570 426
1455580 426
1455590 426
1455600 426
1455610 426
1455620 423
1455630 420
1455640 420
1455650 420
1455660 420
1455670 420
1455680 420
1455690 420
1455700 420
1455710 420
1455720 420
1455730 420
1455740 423
1455750 426
1455760 426
1455770 427
1455780 427
1455790 427
1455800 427
1455810 427
1455820 427
1455830 427
1455840 427
1455850 427
1455860 428
1455870 428
1455880 428
1455890 428
1455900 428
1455910 428
1455920 428
1455930 427
1455940 427
1455950 427
1455960 428
1455970 428
1455980 427
1455990 427
1456000 427
1456010 427
1456020 427
1456030 427
1456040 427
1456050 427
1456060 427
1456070 427
1456080 428
1456090 429
1456100 429
1456110 429
1456120 427
1456130 427
1456140 427
1456150 426
1456160 426
1456170 426
1456180 427
1456190 427
1456200 427
1456210 426
1456220 426
1456230 426
1456240 426
1456250 426
1456260 428
1456270 429
1456280 429
1456290 429
1456300 429
1456310 429
1456320 430
1456330 430
1456340 430
1456350 430
1456360 430
1456370 430
1456380 430
1456390 431
1456400 431
1456410 431
1456420 431
1456430 431
1456440 433
1456450 435
1456460 435
1456470 436
1456480 439
1456490 439
1456500 439
1456510 441
1456520 444
1456530 444
1456540 447
1456550 450
1456560 450
1456570 453
1456580 455
1456590 455
1456600 457
1456610 457
1456620 457
1456630 457
1456640 455
1456650 455
1456660 448
1456670 441
1456680 441
1456690 437
1456700 437
1456710 437
1456720 437
1456730 437
1456740 437
1456750 436
1456760 436
1456770 436
1456780 436
1456790 436
1456800 436
1456810 436
1456820 436
1456830 436
1456840 436
1456850 436
1456860 436
1456870 436
1456880 436
1456890 436
1456900 436
1456910 436
1456920 436
1456930 437
1456940 437
1456950 437
1456960 437
1456970 438
1456980 438
1456990 440
1457000 444
1457010 444
1457020 448
1457030 452
1457040 455
1457050 455
1457060 459
1457070 463
1457080 463
1457090 468
1457100 473
1457110 473
1457120 477
1457130 480
1457140 480
1457150 481
1457160 480
1457170 477
1457180 478
1457190 481
1457200 481
1457210 484
1457220 488
1457230 488
1457240 492
1457250 496
1457260 496
1457270 501
1457280 506
1457290 506
1457300 512
1457310 518
1457320 518
1457330 523
1457340 528
1457350 528
1457360 532
1457370 536
1457380 536
1457390 541
1457400 547
1457410 547
1457420 553
1457430 557
1457440 557
1457450 560
1457460 560
1457470 560
1457480 563
1457490 564
1457500 564
1457510 566
1457520 568
1457530 569
1457540 569
1457550 571
1457560 574
1457570 574
1457580 577
1457590 581
1457600 581
1457610 584
1457620 589
1457630 589
1457640 595
1457650 601
1457660 601
1457670 607
1457680 615
1457690 615
1457700 619
1457710 622
1457720 622
1457730 626
1457740 629
1457750 629
1457760 631
1457770 634
1457780 634
1457790 636
1457800 639
1457810 639
1457820 642
1457830 645
1457840 645
1457850 648
1457860 651
1457870 651
1457880 654
1457890 658
1457900 658
1457910 662
1457920 665
1457930 665
1457940 666
1457950 667
1457960 667
1457970 669
1457980 671
1457990 671
1458000 673
1458010 675
1458020 675
1458030 678
1458040 681
1458050 683
1458060 683
1458070 684
1458080 685
1458090 685
1458100 685
1458110 686
1458120 686
1458130 687
1458140 689
1458150 689
1458160 691
1458170 695
1458180 695
1458190 697
1458200 700
1458210 700
1458220 703
1458230 706
1458240 706
1458250 709
1458260 713
1458270 713
1458280 716
1458290 720
1458300 720
1458310 721
1458320 722
1458330 722
1458340 723
1458350 725
1458360 725
1458370 728
1458380 733
1458390 733
1458400 736
1458410 738
1458420 738
1458430 739
1458440 739
1458450 739
1458460 737
1458470 737
1458480 737
1458490 737
1458500 736
1458510 736
1458520 734
1458530 730
1458540 725
1458550 725
1458560 720
1458570 713
1458580 713
1458590 705
1458600 698
1458610 698
1458620 692
1458630 686
1458640 686
1458650 680
1458660 675
1458670 675
1458680 670
1458690 667
1458700 667
1458710 665
1458720 663
1458730 663
1458740 662
1458750 661
1458760 661
1458770 660
1458780 660
1458790 660
1458800 659
1458810 659
1458820 659
1458830 658
1458840 657
1458850 657
1458860 657
1458870 657
1458880 657
1458890 655
1458900 654
1458910 654
1458920 655
1458930 656
1458940 656
1458950 658
1458960 660
1458970 660
1458980 661
1458990 662
1459000 662
1459010 663
1459020 663
1459030 663
1459040 663
1459050 664
1459060 664
1459070 664
1459080 663
1459090 663
1459100 663
1459110 664
1459120 664
1459130 664
1459140 664
1459150 665
1459160 665
1459170 662
1459180 656
1459190 656
1459200 651
1459210 648
1459220 648
1459230 646
1459240 641
1459250 641
1459260 637
1459270 635
1459280 635
1459290 634
1459300 631
1459310 631
1459320 626
1459330 620
1459340 620
1459350 615
1459360 612
1459370 612
1459380 615
1459390 621
1459400 621
1459410 625
1459420 629
1459430 629
1459440 635
1459450 641
1459460 641
1459470 647
1459480 654
1459490 654
1459500 659
1459510 664
1459520 664
1459530 668
1459540 672
1459550 676
1459560 676
1459570 680
1459580 684
1459590 684
1459600 688
1459610 693
1459620 693
1459630 699
1459640 705
1459650 705
1459660 712
1459670 718
1459680 718
1459690 724
1459700 730
1459710 730
1459720 736
1459730 740
1459740 740
1459750 744
1459760 747
1459770 747
1459780 750
1459790 753
1459800 753
1459810 755
1459820 758
1459830 758
1459840 759
1459850 761
1459860 761
1459870 764
1459880 767
1459890 767
1459900 770
1459910 774
1459920 774
1459930 777
1459940 779
1459950 779
1459960 782
1459970 784
1459980 784
1459990 786
