1440000 449
1440010 446
1440020 444
1440030 444
1440040 444
1440050 444
1440060 444
1440070 444
1440080 444
1440090 444
1440100 443
1440110 443
1440120 443
1440130 443
1440140 443
1440150 443
1440160 443
1440170 443
1440180 443
1440190 443
1440200 443
1440210 443
1440220 443
1440230 443
1440240 443
1440250 443
1440260 443
1440270 443
1440280 443
1440290 442
1440300 442
1440310 442
1440320 442
1440330 442
1440340 442
1440350 442
1440360 442
1440370 442
1440380 442
1440390 442
1440400 442
1440410 442
1440420 442
1440430 442
1440440 442
1440450 443
1440460 443
1440470 445
1440480 449
1440490 449
1440500 454
1440510 458
1440520 458
1440530 463
1440540 468
1440550 468
1440560 469
1440570 469
1440580 469
1440590 468
1440600 468
1440610 468
1440620 468
1440630 467
1440640 467
1440650 467
1440660 466
1440670 466
1440680 467
1440690 466
1440700 466
1440710 466
1440720 466
1440730 466
1440740 467
1440750 467
1440760 467
1440770 467
1440780 467
1440790 467
1440800 467
1440810 468
1440820 468
1440830 469
1440840 470
1440850 470
1440860 470
1440870 471
1440880 472
1440890 472
1440900 473
1440910 474
1440920 474
1440930 474
1440940 475
1440950 475
1440960 475
1440970 475
1440980 475
1440990 475
1441000 475
1441010 475
1441020 474
1441030 473
1441040 473
1441050 473
1441060 472
1441070 472
1441080 470
1441090 468
1441100 468
1441110 466
1441120 464
1441130 464
1441140 462
1441150 460
1441160 460
1441170 457
1441180 454
1441190 454
1441200 452
1441210 451
1441220 451
1441230 451
1441240 450
1441250 450
1441260 449
1441270 449
1441280 449
1441290 448
1441300 448
1441310 448
1441320 448
1441330 447
1441340 447
1441350 447
1441360 447
1441370 447
1441380 446
1441390 446
1441400 446
1441410 446
1441420 446
1441430 445
1441440 445
1441450 445
1441460 445
1441470 445
1441480 445
1441490 445
1441500 445
1441510 445
1441520 445
1441530 445
1441540 444
1441550 444
1441560 444
1441570 445
1441580 445
1441590 445
1441600 445
1441610 445
1441620 445
1441630 445
1441640 445
1441650 445
1441660 445
1441670 445
1441680 445
1441690 445
1441700 445
1441710 445
1441720 444
1441730 444
1441740 444
1441750 443
1441760 443
1441770 443
1441780 443
1441790 442
1441800 442
1441810 442
1441820 442
1441830 442
1441840 442
1441850 442
1441860 442
1441870 442
1441880 442
1441890 442
1441900 442
1441910 442
1441920 442
1441930 442
1441940 442
1441950 442
1441960 442
1441970 442
1441980 443
1441990 443
1442000 442
1442010 442
1442020 442
1442030 442
1442040 442
1442050 442
1442060 442
1442070 442
1442080 442
1442090 442
1442100 442
1442110 442
1442120 443
1442130 443
1442140 443
1442150 443
1442160 443
1442170 443
1442180 443
1442190 443
1442200 443
1442210 443
1442220 442
1442230 442
1442240 442
1442250 442
1442260 442
1442270 442
1442280 443
1442290 443
1442300 443
1442310 443
1442320 443
1442330 442
1442340 442
1442350 442
1442360 442
1442370 442
1442380 442
1442390 441
1442400 441
1442410 441
1442420 441
1442430 441
1442440 441
1442450 441
1442460 441
1442470 441
1442480 441
1442490 441
1442500 441
1442510 441
1442520 441
1442530 441
1442540 441
1442550 441
1442560 441
1442570 441
1442580 441
1442590 441
1442600 441
1442610 441
1442620 441
1442630 441
1442640 441
1442650 441
1442660 441
1442670 441
1442680 441
1442690 441
1442700 441
1442710 441
1442720 441
1442730 441
1442740 440
1442750 440
1442760 440
1442770 440
1442780 440
1442790 440
1442800 440
1442810 440
1442820 440
1442830 440
1442840 440
1442850 440
1442860 440
1442870 440
1442880 440
1442890 440
1442900 440
1442910 440
1442920 440
1442930 440
1442940 440
1442950 440
1442960 440
1442970 440
1442980 440
1442990 440
1443000 440
1443010 440
1443020 440
1443030 440
1443040 440
1443050 440
1443060 440
1443070 440
1443080 440
1443090 440
1443100 440
1443110 440
1443120 440
1443130 440
1443140 439
1443150 439
1443160 439
1443170 439
1443180 439
1443190 439
1443200 439
1443210 439
1443220 439
1443230 439
1443240 439
1443250 439
1443260 439
1443270 439
1443280 439
1443290 440
1443300 440
1443310 440
1443320 439
1443330 439
1443340 439
1443350 439
1443360 439
1443370 439
1443380 439
1443390 439
1443400 439
1443410 439
1443420 439
1443430 439
1443440 439
1443450 439
1443460 439
1443470 439
1443480 439
1443490 439
1443500 438
1443510 438
1443520 438
1443530 438
1443540 438
1443550 438
1443560 438
1443570 438
1443580 438
1443590 438
1443600 438
1443610 438
1443620 438
1443630 438
1443640 438
1443650 438
1443660 438
1443670 438
1443680 438
1443690 438
1443700 438
1443710 438
1443720 438
1443730 438
1443740 438
1443750 438
1443760 438
1443770 438
1443780 438
1443790 438
1443800 438
1443810 438
1443820 438
1443830 438
1443840 438
1443850 438
1443860 438
1443870 438
1443880 438
1443890 438
1443900 438
1443910 438
1443920 438
1443930 438
1443940 438
1443950 438
1443960 438
1443970 438
1443980 437
1443990 437
1444000 437
1444010 437
1444020 437
1444030 437
1444040 437
1444050 437
1444060 437
1444070 437
1444080 438
1444090 437
1444100 437
1444110 437
1444120 437
1444130 437
1444140 437
1444150 437
1444160 437
1444170 437
1444180 437
1444190 437
1444200 437
1444210 437
1444220 437
1444230 437
1444240 437
1444250 437
1444260 437
1444270 437
1444280 437
1444290 437
1444300 437
1444310 437
1444320 437
1444330 437
1444340 437
1444350 437
1444360 437
1444370 437
1444380 437
1444390 437
1444400 437
1444410 437
1444420 437
1444430 437
1444440 437
1444450 437
1444460 437
1444470 437
1444480 437
1444490 437
1444500 438
1444510 437
1444520 437
1444530 437
1444540 437
1444550 437
1444560 437
1444570 437
1444580 436
1444590 436
1444600 436
1444610 436
1444620 436
1444630 436
1444640 436
1444650 436
1444660 436
1444670 436
1444680 436
1444690 436
1444700 436
1444710 436
1444720 436
1444730 436
1444740 436
1444750 436
1444760 436
1444770 436
1444780 436
1444790 436
1444800 436
1444810 436
1444820 436
1444830 436
1444840 436
1444850 438
1444860 438
1444870 440
1444880 439
1444890 439
1444900 438
1444910 438
1444920 438
1444930 439
1444940 439
1444950 439
1444960 439
1444970 439
1444980 439
1444990 438
1445000 436
1445010 436
1445020 435
1445030 435
1445040 435
1445050 435
1445060 435
1445070 435
1445080 435
1445090 435
1445100 435
1445110 435
1445120 435
1445130 435
1445140 435
1445150 435
1445160 433
1445170 433
1445180 431
1445190 431
1445200 431
1445210 431
1445220 431
1445230 431
1445240 431
1445250 431
1445260 431
1445270 431
1445280 431
1445290 431
1445300 431
1445310 431
1445320 431
1445330 431
1445340 431
1445350 431
1445360 431
1445370 431
1445380 431
1445390 431
1445400 431
1445410 431
1445420 431
1445430 431
1445440 431
1445450 431
1445460 431
1445470 431
1445480 431
1445490 431
1445500 431
1445510 431
1445520 431
1445530 431
1445540 431
1445550 431
1445560 431
1445570 431
1445580 431
1445590 431
1445600 431
1445610 431
1445620 431
1445630 431
1445640 431
1445650 431
1445660 431
1445670 431
1445680 431
1445690 431
1445700 432
1445710 434
1445720 434
1445730 434
1445740 434
1445750 434
1445760 435
1445770 435
1445780 435
1445790 434
1445800 434
1445810 434
1445820 434
1445830 434
1445840 434
1445850 434
1445860 435
1445870 435
1445880 435
1445890 434
1445900 434
1445910 434
1445920 433
1445930 433
1445940 433
1445950 433
1445960 433
1445970 432
1445980 432
1445990 432
1446000 433
1446010 433
1446020 433
1446030 433
1446040 433
1446050 433
1446060 433
1446070 433
1446080 433
1446090 433
1446100 434
1446110 433
1446120 433
1446130 433
1446140 433
1446150 433
1446160 433
1446170 433
1446180 433
1446190 433
1446200 433
1446210 433
1446220 434
1446230 433
1446240 433
1446250 434
1446260 433
1446270 433
1446280 433
1446290 433
1446300 433
1446310 433
1446320 433
1446330 433
1446340 433
1446350 433
1446360 433
1446370 433
1446380 433
1446390 433
1446400 433
1446410 433
1446420 433
1446430 433
1446440 433
1446450 433
1446460 433
1446470 433
1446480 433
1446490 433
1446500 433
1446510 433
1446520 432
1446530 433
1446540 433
1446550 433
1446560 433
1446570 433
1446580 433
1446590 433
1446600 433
1446610 433
1446620 434
1446630 434
1446640 433
1446650 433
1446660 433
1446670 433
1446680 433
1446690 433
1446700 433
1446710 432
1446720 431
1446730 431
1446740 431
1446750 431
1446760 431
1446770 432
1446780 432
1446790 432
1446800 433
1446810 432
1446820 432
1446830 432
1446840 432
1446850 432
1446860 432
1446870 432
1446880 432
1446890 432
1446900 432
1446910 432
1446920 432
1446930 432
1446940 432
1446950 432
1446960 432
1446970 432
1446980 432
1446990 432
1447000 432
1447010 432
1447020 432
1447030 432
1447040 432
1447050 432
1447060 432
1447070 432
1447080 432
1447090 432
1447100 432
1447110 432
1447120 432
1447130 432
1447140 432
1447150 432
1447160 431
1447170 431
1447180 431
1447190 431
1447200 431
1447210 431
1447220 431
1447230 431
1447240 431
1447250 431
1447260 431
1447270 431
1447280 431
1447290 431
1447300 431
1447310 431
1447320 431
1447330 431
1447340 431
1447350 431
1447360 431
1447370 431
1447380 431
1447390 431
1447400 431
1447410 431
1447420 430
1447430 430
1447440 430
1447450 430
1447460 430
1447470 430
1447480 430
1447490 430
1447500 430
1447510 430
1447520 430
1447530 430
1447540 430
1447550 430
1447560 430
1447570 430
1447580 430
1447590 430
1447600 430
1447610 430
1447620 430
1447630 430
1447640 430
1447650 429
1447660 429
1447670 429
1447680 429
1447690 429
1447700 429
1447710 429
1447720 429
1447730 429
1447740 429
1447750 429
1447760 429
1447770 429
1447780 429
1447790 429
1447800 429
1447810 430
1447820 430
1447830 430
1447840 429
1447850 429
1447860 429
1447870 429
1447880 429
1447890 429
1447900 429
1447910 429
1447920 429
1447930 429
1447940 429
1447950 429
1447960 429
1447970 429
1447980 429
1447990 429
1448000 429
1448010 429
1448020 428
1448030 426
1448040 426
1448050 427
1448060 429
1448070 429
1448080 429
1448090 429
1448100 429
1448110 429
1448120 429
1448130 429
1448140 429
1448150 429
1448160 429
1448170 428
1448180 428
1448190 428
1448200 428
1448210 428
1448220 428
1448230 428
1448240 429
1448250 429
1448260 429
1448270 429
1448280 429
1448290 429
1448300 429
1448310 429
1448320 429
1448330 429
1448340 429
1448350 429
1448360 429
1448370 429
1448380 429
1448390 429
1448400 428
1448410 428
1448420 428
1448430 428
1448440 428
1448450 428
1448460 429
1448470 429
1448480 429
1448490 429
1448500 429
1448510 429
1448520 429
1448530 429
1448540 429
1448550 429
1448560 429
1448570 429
1448580 429
1448590 429
1448600 428
1448610 428
1448620 428
1448630 428
1448640 427
1448650 427
1448660 428
1448670 428
1448680 428
1448690 428
1448700 428
1448710 428
1448720 428
1448730 428
1448740 428
1448750 428
1448760 428
1448770 428
1448780 428
1448790 428
1448800 428
1448810 428
1448820 428
1448830 428
1448840 428
1448850 428
1448860 428
1448870 428
1448880 429
1448890 429
1448900 429
1448910 429
1448920 428
1448930 428
1448940 428
1448950 428
1448960 428
1448970 428
1448980 428
1448990 428
1449000 428
1449010 428
1449020 428
1449030 428
1449040 428
1449050 428
1449060 428
1449070 428
1449080 428
1449090 428
1449100 428
1449110 428
1449120 428
1449130 428
1449140 428
1449150 429
1449160 429
1449170 429
1449180 429
1449190 430
1449200 430
1449210 430
1449220 431
1449230 431
1449240 431
1449250 431
1449260 431
1449270 430
1449280 430
1449290 430
1449300 430
1449310 430
1449320 430
1449330 430
1449340 430
1449350 430
1449360 430
1449370 430
1449380 430
1449390 430
1449400 430
1449410 429
1449420 429
1449430 429
1449440 429
1449450 429
1449460 429
1449470 429
1449480 429
1449490 429
1449500 430
1449510 430
1449520 431
1449530 431
1449540 431
1449550 431
1449560 431
1449570 431
1449580 431
1449590 431
1449600 431
1449610 431
1449620 432
1449630 432
1449640 432
1449650 432
1449660 432
1449670 432
1449680 432
1449690 432
1449700 432
1449710 432
1449720 432
1449730 432
1449740 432
1449750 432
1449760 431
1449770 431
1449780 431
1449790 431
1449800 431
1449810 431
1449820 431
1449830 431
1449840 432
1449850 432
1449860 432
1449870 433
1449880 433
1449890 432
1449900 432
1449910 432
1449920 432
1449930 432
1449940 432
1449950 432
1449960 432
1449970 432
1449980 432
1449990 432
1450000 432
1450010 432
1450020 432
1450030 432
1450040 432
1450050 432
1450060 432
1450070 432
1450080 432
1450090 432
1450100 432
1450110 432
1450120 432
1450130 432
1450140 432
1450150 432
1450160 432
1450170 432
1450180 432
1450190 432
1450200 432
1450210 432
1450220 432
1450230 432
1450240 432
1450250 432
1450260 433
1450270 433
1450280 433
1450290 433
1450300 433
1450310 432
1450320 432
1450330 432
1450340 432
1450350 432
1450360 432
1450370 432
1450380 432
1450390 432
1450400 432
1450410 432
1450420 432
1450430 432
1450440 432
1450450 432
1450460 432
1450470 432
1450480 432
1450490 432
1450500 432
1450510 432
1450520 432
1450530 432
1450540 433
1450550 433
1450560 432
1450570 432
1450580 432
1450590 431
1450600 431
1450610 431
1450620 430
1450630 430
1450640 430
1450650 430
1450660 430
1450670 430
1450680 430
1450690 430
1450700 430
1450710 430
1450720 430
1450730 430
1450740 430
1450750 431
1450760 431
1450770 431
1450780 431
1450790 431
1450800 431
1450810 432
1450820 432
1450830 432
1450840 431
1450850 431
1450860 431
1450870 431
1450880 431
1450890 431
1450900 431
1450910 431
1450920 431
1450930 431
1450940 431
1450950 431
1450960 431
1450970 431
1450980 431
1450990 431
1451000 431
1451010 431
1451020 431
1451030 431
1451040 431
1451050 431
1451060 432
1451070 432
1451080 433
1451090 433
1451100 433
1451110 432
1451120 432
1451130 432
1451140 431
1451150 432
1451160 432
1451170 433
1451180 433
1451190 433
1451200 433
1451210 433
1451220 433
1451230 433
1451240 433
1451250 433
1451260 433
1451270 433
1451280 433
1451290 432
1451300 432
1451310 432
1451320 432
1451330 432
1451340 432
1451350 432
1451360 432
1451370 432
1451380 432
1451390 432
1451400 431
1451410 431
1451420 431
1451430 431
1451440 431
1451450 432
1451460 431
1451470 431
1451480 431
1451490 431
1451500 431
1451510 431
1451520 431
1451530 431
1451540 431
1451550 431
1451560 431
1451570 431
1451580 431
1451590 431
1451600 431
1451610 431
1451620 431
1451630 431
1451640 432
1451650 432
1451660 431
1451670 431
1451680 431
1451690 431
1451700 432
1451710 432
1451720 432
1451730 432
1451740 432
1451750 432
1451760 432
1451770 432
1451780 432
1451790 433
1451800 433
1451810 433
1451820 432
1451830 432
1451840 431
1451850 431
1451860 431
1451870 432
1451880 431
1451890 431
1451900 431
1451910 431
1451920 431
1451930 431
1451940 431
1451950 431
1451960 431
1451970 431
1451980 431
1451990 431
1452000 431
1452010 431
1452020 431
1452030 431
1452040 431
1452050 431
1452060 431
1452070 431
1452080 431
1452090 431
1452100 431
1452110 431
1452120 431
1452130 431
1452140 431
1452150 431
1452160 431
1452170 431
1452180 431
1452190 431
1452200 431
1452210 431
1452220 431
1452230 431
1452240 431
1452250 431
1452260 431
1452270 431
1452280 431
1452290 431
1452300 431
1452310 431
1452320 431
1452330 431
1452340 431
1452350 431
1452360 431
1452370 431
1452380 431
1452390 431
1452400 431
1452410 431
1452420 431
1452430 431
1452440 431
1452450 431
1452460 431
1452470 431
1452480 431
1452490 431
1452500 431
1452510 431
1452520 431
1452530 431
1452540 431
1452550 431
1452560 431
1452570 431
1452580 431
1452590 431
1452600 431
1452610 431
1452620 431
1452630 431
1452640 431
1452650 431
1452660 431
1452670 431
1452680 431
1452690 431
1452700 431
1452710 431
1452720 431
1452730 431
1452740 431
1452750 431
1452760 431
1452770 429
1452780 429
1452790 427
1452800 425
1452810 425
1452820 424
1452830 424
1452840 424
1452850 424
1452860 424
1452870 424
1452880 424
1452890 424
1452900 424
1452910 424
1452920 424
1452930 424
1452940 424
1452950 424
1452960 424
1452970 424
1452980 424
1452990 424
1453000 424
1453010 424
1453020 424
1453030 424
1453040 424
1453050 424
1453060 424
1453070 424
1453080 424
1453090 424
1453100 424
1453110 424
1453120 424
1453130 424
1453140 424
1453150 424
1453160 423
1453170 423
1453180 423
1453190 423
1453200 423
1453210 423
1453220 423
1453230 423
1453240 423
1453250 423
1453260 423
1453270 423
1453280 423
1453290 423
1453300 423
1453310 423
1453320 423
1453330 423
1453340 423
1453350 423
1453360 423
1453370 423
1453380 423
1453390 423
1453400 424
1453410 424
1453420 424
1453430 424
1453440 424
1453450 424
1453460 424
1453470 424
1453480 424
1453490 424
1453500 424
1453510 423
1453520 423
1453530 424
1453540 424
1453550 424
1453560 423
1453570 423
1453580 423
1453590 423
1453600 423
1453610 423
1453620 423
1453630 422
1453640 422
1453650 422
1453660 422
1453670 422
1453680 422
1453690 422
1453700 422
1453710 422
1453720 422
1453730 422
1453740 422
1453750 422
1453760 422
1453770 422
1453780 422
1453790 422
1453800 422
1453810 422
1453820 422
1453830 422
1453840 423
1453850 423
1453860 423
1453870 423
1453880 423
1453890 422
1453900 422
1453910 422
1453920 423
1453930 423
1453940 423
1453950 423
1453960 423
1453970 423
1453980 423
1453990 423
1454000 423
1454010 423
1454020 423
1454030 423
1454040 423
1454050 424
1454060 424
1454070 424
1454080 424
1454090 424
1454100 424
1454110 424
1454120 423
1454130 423
1454140 423
1454150 424
1454160 424
1454170 423
1454180 423
1454190 423
1454200 423
1454210 423
1454220 423
1454230 423
1454240 423
1454250 423
1454260 423
1454270 423
1454280 423
1454290 423
1454300 423
1454310 423
1454320 423
1454330 423
1454340 423
1454350 423
1454360 423
1454370 423
1454380 423
1454390 423
1454400 423
1454410 423
1454420 424
1454430 424
1454440 424
1454450 424
1454460 424
1454470 424
1454480 423
1454490 423
1454500 424
1454510 424
1454520 424
1454530 424
1454540 424
1454550 423
1454560 423
1454570 423
1454580 423
1454590 423
1454600 424
1454610 424
1454620 424
1454630 424
1454640 425
1454650 425
1454660 425
1454670 425
1454680 425
1454690 425
1454700 425
1454710 425
1454720 424
1454730 423
1454740 423
1454750 424
1454760 424
1454770 424
1454780 424
1454790 424
1454800 424
1454810 424
1454820 424
1454830 424
1454840 423
1454850 423
1454860 423
1454870 423
1454880 423
1454890 423
1454900 423
1454910 424
1454920 424
1454930 424
1454940 423
1454950 423
1454960 424
1454970 424
1454980 424
1454990 424
1455000 424
1455010 424
1455020 424
1455030 424
1455040 423
1455050 423
1455060 423
1455070 423
1455080 423
1455090 424
1455100 424
1455110 424
1455120 424
1455130 424
1455140 424
1455150 424
1455160 424
1455170 424
1455180 424
1455190 424
1455200 424
1455210 424
1455220 424
1455230 424
1455240 424
1455250 423
1455260 423
1455270 423
1455280 424
1455290 424
1455300 424
1455310 424
1455320 424
1455330 424
1455340 424
1455350 424
1455360 424
1455370 424
1455380 424
1455390 424
1455400 424
1455410 424
1455420 424
1455430 424
1455440 424
1455450 425
1455460 425
1455470 425
1455480 425
1455490 425
1455500 425
1455510 423
1455520 421
1455530 421
1455540 419
1455550 418
1455560 418
1455570 418
1455580 418
1455590 418
1455600 418
1455610 418
1455620 418
1455630 418
1455640 418
1455650 422
1455660 422
1455670 423
1455680 424
1455690 424
1455700 423
1455710 424
1455720 424
1455730 424
1455740 425
1455750 425
1455760 425
1455770 425
1455780 425
1455790 425
1455800 425
1455810 425
1455820 425
1455830 425
1455840 425
1455850 425
1455860 425
1455870 425
1455880 425
1455890 425
1455900 425
1455910 425
1455920 424
1455930 424
1455940 424
1455950 425
1455960 425
1455970 425
1455980 425
1455990 425
1456000 425
1456010 424
1456020 424
1456030 424
1456040 424
1456050 424
1456060 425
1456070 425
1456080 425
1456090 424
1456100 426
1456110 427
1456120 427
1456130 426
1456140 425
1456150 425
1456160 427
1456170 427
1456180 427
1456190 422
1456200 427
1456210 427
1456220 428
1456230 428
1456240 428
1456250 428
1456260 428
1456270 428
1456280 428
1456290 428
1456300 428
1456310 428
1456320 428
1456330 428
1456340 428
1456350 428
1456360 428
1456370 428
1456380 428
1456390 428
1456400 428
1456410 429
1456420 429
1456430 429
1456440 429
1456450 429
1456460 429
1456470 429
1456480 429
1456490 429
1456500 428
1456510 428
1456520 428
1456530 428
1456540 428
1456550 428
1456560 428
1456570 428
1456580 428
1456590 428
1456600 428
1456610 428
1456620 428
1456630 428
1456640 428
1456650 428
1456660 428
1456670 428
1456680 429
1456690 429
1456700 429
1456710 429
1456720 429
1456730 429
1456740 430
1456750 431
1456760 431
1456770 431
1456780 432
1456790 432
1456800 432
1456810 432
1456820 432
1456830 431
1456840 432
1456850 432
1456860 431
1456870 431
1456880 431
1456890 431
1456900 431
1456910 431
1456920 431
1456930 431
1456940 431
1456950 431
1456960 431
1456970 431
1456980 432
1456990 432
1457000 432
1457010 432
1457020 432
1457030 432
1457040 432
1457050 432
1457060 432
1457070 433
1457080 434
1457090 434
1457100 435
1457110 436
1457120 436
1457130 440
1457140 442
1457150 442
1457160 442
1457170 442
1457180 442
1457190 442
1457200 443
1457210 447
1457220 447
1457230 449
1457240 450
1457250 450
1457260 450
1457270 451
1457280 451
1457290 453
1457300 454
1457310 454
1457320 456
1457330 458
1457340 458
1457350 461
1457360 463
1457370 463
1457380 465
1457390 468
1457400 468
1457410 467
1457420 467
1457430 467
1457440 469
1457450 470
1457460 470
1457470 471
1457480 472
1457490 472
1457500 475
1457510 479
1457520 479
1457530 484
1457540 488
1457550 488
1457560 491
1457570 492
1457580 492
1457590 493
1457600 493
1457610 493
1457620 494
1457630 494
1457640 494
1457650 494
1457660 495
1457670 495
1457680 495
1457690 497
1457700 498
1457710 498
1457720 499
1457730 500
1457740 500
1457750 501
1457760 503
1457770 503
1457780 505
1457790 507
1457800 507
1457810 509
1457820 511
1457830 511
1457840 513
1457850 516
1457860 516
1457870 520
1457880 523
1457890 523
1457900 526
1457910 530
1457920 530
1457930 532
1457940 534
1457950 534
1457960 534
1457970 533
1457980 533
1457990 534
1458000 536
1458010 536
1458020 537
1458030 540
1458040 540
1458050 544
1458060 550
1458070 550
1458080 557
1458090 562
1458100 562
1458110 567
1458120 572
1458130 572
1458140 577
1458150 580
1458160 580
1458170 583
1458180 589
1458190 596
1458200 596
1458210 602
1458220 606
1458230 606
1458240 609
1458250 609
1458260 609
1458270 608
1458280 609
1458290 609
1458300 610
1458310 610
1458320 610
1458330 611
1458340 613
1458350 613
1458360 615
1458370 618
1458380 618
1458390 621
1458400 624
1458410 624
1458420 628
1458430 633
1458440 633
1458450 639
1458460 646
1458470 646
1458480 651
1458490 655
1458500 655
1458510 655
1458520 654
1458530 654
1458540 652
1458550 650
1458560 650
1458570 649
1458580 648
1458590 648
1458600 649
1458610 650
1458620 650
1458630 649
1458640 646
1458650 646
1458660 651
1458670 655
1458680 655
1458690 656
1458700 659
1458710 663
1458720 663
1458730 668
1458740 671
1458750 671
1458760 674
1458770 677
1458780 677
1458790 682
1458800 687
1458810 687
1458820 692
1458830 695
1458840 695
1458850 700
1458860 705
1458870 705
1458880 711
1458890 717
1458900 717
1458910 724
1458920 731
1458930 731
1458940 735
1458950 738
1458960 738
1458970 741
1458980 744
1458990 744
1459000 747
1459010 752
1459020 752
1459030 757
1459040 763
1459050 763
1459060 767
1459070 771
1459080 771
1459090 775
1459100 779
1459110 779
1459120 782
1459130 784
1459140 784
1459150 789
1459160 794
1459170 794
1459180 799
1459190 803
1459200 803
1459210 806
1459220 809
1459230 812
1459240 812
1459250 815
1459260 818
1459270 818
1459280 822
1459290 825
1459300 825
1459310 828
1459320 831
1459330 831
1459340 832
1459350 834
1459360 834
1459370 835
1459380 835
1459390 835
1459400 834
1459410 832
1459420 832
1459430 830
1459440 827
1459450 827
1459460 824
1459470 821
1459480 821
1459490 817
1459500 813
1459510 813
1459520 810
1459530 807
1459540 807
1459550 804
1459560 802
1459570 802
1459580 800
1459590 798
1459600 798
1459610 797
1459620 795
1459630 795
1459640 793
1459650 790
1459660 790
1459670 788
1459680 786
1459690 786
1459700 783
1459710 780
1459720 780
1459730 776
1459740 773
1459750 773
1459760 771
1459770 770
1459780 769
1459790 769
1459800 769
1459810 769
1459820 769
1459830 768
1459840 768
1459850 768
1459860 767
1459870 767
1459880 763
1459890 762
1459900 761
1459910 761
1459920 759
1459930 757
1459940 757
1459950 752
1459960 747
1459970 747
1459980 741
1459990 735
