1440660 443
1440670 443
1440680 443
1440690 442
1440700 442
1440710 442
1440720 441
1440730 441
1440740 441
1440750 441
1440760 441
1440770 440
1440780 440
1440790 440
1440800 440
1440810 440
1440820 440
1440830 440
1440840 440
1440850 440
1440860 440
1440870 440
1440880 440
1440890 440
1440900 440
1440910 440
1440920 440
1440930 440
1440940 440
1440950 440
1440960 440
1440970 440
1440980 440
1440990 440
1441000 440
1441010 440
1441020 440
1441030 440
1441040 440
1441050 440
1441060 441
1441070 441
1441080 441
1441090 441
1441100 441
1441110 441
1441120 441
1441130 441
1441140 440
1441150 440
1441160 440
1441170 440
1441180 440
1441190 440
1441200 440
1441210 440
1441220 440
1441230 440
1441240 440
1441250 440
1441260 440
1441270 440
1441280 440
1441290 440
1441300 440
1441310 440
1441320 441
1441330 440
1441340 440
1441350 440
1441360 440
1441370 440
1441380 440
1441390 440
1441400 440
1441410 439
1441420 438
1441430 438
1441440 437
1441450 437
1441460 437
1441470 437
1441480 436
1441490 436
1441500 436
1441510 436
1441520 436
1441530 436
1441540 436
1441550 436
1441560 436
1441570 435
1441580 435
1441590 435
1441600 435
1441610 435
1441620 435
1441630 435
1441640 435
1441650 435
1441660 435
1441670 435
1441680 435
1441690 435
1441700 435
1441710 435
1441720 435
1441730 435
1441740 435
1441750 435
1441760 435
1441770 435
1441780 434
1441790 434
1441800 434
1441810 434
1441820 434
1441830 434
1441840 435
1441850 434
1441860 434
1441870 434
1441880 434
1441890 434
1441900 434
1441910 434
1441920 434
1441930 434
1441940 434
1441950 434
1441960 435
1441970 434
1441980 434
1441990 432
1442000 432
1442010 432
1442020 433
1442030 433
1442040 433
1442050 433
1442060 433
1442070 433
1442080 433
1442090 433
1442100 433
1442110 433
1442120 432
1442130 431
1442140 431
1442150 432
1442160 431
1442170 431
1442180 431
1442190 431
1442200 431
1442210 431
1442220 431
1442230 431
1442240 431
1442250 431
1442260 431
1442270 430
1442280 428
1442290 428
1442300 425
1442310 422
1442320 422
1442330 422
1442340 422
1442350 422
1442360 422
1442370 422
1442380 422
1442390 422
1442400 422
1442410 422
1442420 423
1442430 426
1442440 426
1442450 428
1442460 429
1442470 429
1442480 429
1442490 428
1442500 428
1442510 429
1442520 426
1442530 426
1442540 424
1442550 425
1442560 425
1442570 426
1442580 425
1442590 426
1442600 426
1442610 426
1442620 425
1442630 425
1442640 425
1442650 425
1442660 425
1442670 426
1442680 426
1442690 426
1442700 425
1442710 425
1442720 425
1442730 426
1442740 426
1442750 426
1442760 426
1442770 426
1442780 426
1442790 427
1442800 427
1442810 427
1442820 427
1442830 427
1442840 427
1442850 427
1442860 427
1442870 427
1442880 427
1442890 427
1442900 427
1442910 427
1442920 427
1442930 427
1442940 427
1442950 427
1442960 427
1442970 427
1442980 427
1442990 427
1443000 427
1443010 427
1443020 427
1443030 427
1443040 428
1443050 428
1443060 428
1443070 428
1443080 428
1443090 428
1443100 428
1443110 428
1443120 428
1443130 428
1443140 428
1443150 428
1443160 428
1443170 428
1443180 428
1443190 428
1443200 428
1443210 428
1443220 428
1443230 428
1443240 428
1443250 428
1443260 428
1443270 428
1443280 429
1443290 429
1443300 429
1443310 429
1443320 429
1443330 429
1443340 429
1443350 429
1443360 429
1443370 429
1443380 429
1443390 429
1443400 430
1443410 430
1443420 430
1443430 430
1443440 430
1443450 430
1443460 430
1443470 430
1443480 430
1443490 430
1443500 430
1443510 430
1443520 430
1443530 430
1443540 430
1443550 430
1443560 430
1443570 430
1443580 430
1443590 430
1443600 430
1443610 431
1443620 431
1443630 431
1443640 431
1443650 431
1443660 431
1443670 431
1443680 431
1443690 431
1443700 431
1443710 431
1443720 431
1443730 431
1443740 430
1443750 430
1443760 430
1443770 431
1443780 431
1443790 431
1443800 431
1443810 432
1443820 432
1443830 432
1443840 437
1443850 437
1443860 439
1443870 439
1443880 439
1443890 439
1443900 439
1443910 439
1443920 439
1443930 439
1443940 439
1443950 438
1443960 438
1443970 438
1443980 439
1443990 438
1444000 438
1444010 439
1444020 439
1444030 439
1444040 438
1444050 438
1444060 438
1444070 438
1444080 438
1444090 438
1444100 438
1444110 438
1444120 438
1444130 438
1444140 438
1444150 438
1444160 438
1444170 438
1444180 438
1444190 438
1444200 438
1444210 438
1444220 438
1444230 438
1444240 438
1444250 438
1444260 438
1444270 438
1444280 438
1444290 437
1444300 437
1444310 437
1444320 437
1444330 437
1444340 437
1444350 437
1444360 437
1444370 437
1444380 437
1444390 437
1444400 437
1444410 437
1444420 437
1444430 437
1444440 437
1444450 437
1444460 437
1444470 437
1444480 437
1444490 437
1444500 437
1444510 437
1444520 437
1444530 437
1444540 437
1444550 437
1444560 437
1444570 437
1444580 437
1444590 437
1444600 437
1444610 437
1444620 437
1444630 437
1444640 437
1444650 437
1444660 437
1444670 437
1444680 437
1444690 437
1444700 437
1444710 437
1444720 437
1444730 437
1444740 436
1444750 437
1444760 437
1444770 437
1444780 437
1444790 437
1444800 437
1444810 437
1444820 436
1444830 436
1444840 436
1444850 436
1444860 436
1444870 436
1444880 436
1444890 436
1444900 436
1444910 436
1444920 436
1444930 436
1444940 436
1444950 436
1444960 436
1444970 436
1444980 436
1444990 436
1445000 436
1445010 436
1445020 435
1445030 435
1445040 435
1445050 435
1445060 436
1445070 436
1445080 436
1445090 435
1445100 435
1445110 436
1445120 436
1445130 436
1445140 436
1445150 435
1445160 435
1445170 436
1445180 436
1445190 436
1445200 436
1445210 436
1445220 436
1445230 436
1445240 436
1445250 436
1445260 436
1445270 436
1445280 436
1445290 436
1445300 435
1445310 435
1445320 435
1445330 435
1445340 435
1445350 435
1445360 435
1445370 435
1445380 435
1445390 435
1445400 435
1445410 435
1445420 436
1445430 436
1445440 436
1445450 436
1445460 436
1445470 436
1445480 436
1445490 436
1445500 436
1445510 436
1445520 435
1445530 435
1445540 435
1445550 435
1445560 435
1445570 435
1445580 435
1445590 435
1445600 434
1445610 433
1445620 433
1445630 431
1445640 432
1445650 432
1445660 433
1445670 433
1445680 433
1445690 433
1445700 433
1445710 433
1445720 433
1445730 433
1445740 433
1445750 433
1445760 434
1445770 434
1445780 435
1445790 435
1445800 435
1445810 435
1445820 435
1445830 435
1445840 435
1445850 435
1445860 435
1445870 435
1445880 435
1445890 434
1445900 434
1445910 434
1445920 434
1445930 434
1445940 435
1445950 435
1445960 435
1445970 435
1445980 435
1445990 435
1446000 435
1446010 435
1446020 435
1446030 435
1446040 435
1446050 435
1446060 435
1446070 435
1446080 435
1446090 435
1446100 435
1446110 435
1446120 435
1446130 434
1446140 434
1446150 434
1446160 434
1446170 434
1446180 434
1446190 434
1446200 434
1446210 434
1446220 434
1446230 434
1446240 434
1446250 434
1446260 434
1446270 434
1446280 434
1446290 434
1446300 434
1446310 434
1446320 434
1446330 434
1446340 434
1446350 434
1446360 434
1446370 434
1446380 434
1446390 435
1446400 435
1446410 434
1446420 434
1446430 434
1446440 434
1446450 434
1446460 434
1446470 434
1446480 434
1446490 434
1446500 434
1446510 434
1446520 434
1446530 434
1446540 434
1446550 434
1446560 434
1446570 434
1446580 434
1446590 433
1446600 433
1446610 433
1446620 434
1446630 434
1446640 433
1446650 433
1446660 433
1446670 433
1446680 433
1446690 433
1446700 432
1446710 432
1446720 432
1446730 432
1446740 431
1446750 431
1446760 431
1446770 431
1446780 431
1446790 431
1446800 431
1446810 431
1446820 431
1446830 431
1446840 431
1446850 431
1446860 431
1446870 431
1446880 432
1446890 433
1446900 433
1446910 433
1446920 432
1446930 431
1446940 431
1446950 430
1446960 429
1446970 429
1446980 429
1446990 429
1447000 429
1447010 430
1447020 431
1447030 431
1447040 431
1447050 431
1447060 431
1447070 431
1447080 431
1447090 431
1447100 431
1447110 431
1447120 431
1447130 431
1447140 431
1447150 431
1447160 431
1447170 432
1447180 432
1447190 432
1447200 432
1447210 432
1447220 431
1447230 431
1447240 431
1447250 431
1447260 430
1447270 430
1447280 430
1447290 430
1447300 430
1447310 430
1447320 430
1447330 430
1447340 430
1447350 430
1447360 430
1447370 429
1447380 429
1447390 429
1447400 429
1447410 429
1447420 429
1447430 429
1447440 429
1447450 429
1447460 429
1447470 429
1447480 429
1447490 429
1447500 429
1447510 429
1447520 429
1447530 429
1447540 429
1447550 429
1447560 429
1447570 429
1447580 429
1447590 429
1447600 429
1447610 429
1447620 429
1447630 429
1447640 429
1447650 429
1447660 429
1447670 429
1447680 429
1447690 429
1447700 429
1447710 429
1447720 429
1447730 429
1447740 429
1447750 429
1447760 429
1447770 429
1447780 429
1447790 429
1447800 429
1447810 429
1447820 429
1447830 429
1447840 429
1447850 429
1447860 429
1447870 429
1447880 429
1447890 429
1447900 429
1447910 429
1447920 429
1447930 430
1447940 430
1447950 429
1447960 429
1447970 429
1447980 429
1447990 429
1448000 429
1448010 429
1448020 429
1448030 429
1448040 429
1448050 429
1448060 429
1448070 429
1448080 429
1448090 429
1448100 429
1448110 429
1448120 429
1448130 429
1448140 429
1448150 428
1448160 428
1448170 428
1448180 428
1448190 428
1448200 428
1448210 428
1448220 428
1448230 428
1448240 428
1448250 428
1448260 428
1448270 428
1448280 428
1448290 428
1448300 428
1448310 428
1448320 428
1448330 428
1448340 428
1448350 428
1448360 428
1448370 428
1448380 427
1448390 427
1448400 427
1448410 427
1448420 427
1448430 427
1448440 427
1448450 427
1448460 427
1448470 427
1448480 427
1448490 427
1448500 427
1448510 427
1448520 427
1448530 427
1448540 427
1448550 427
1448560 427
1448570 427
1448580 427
1448590 427
1448600 427
1448610 427
1448620 427
1448630 427
1448640 427
1448650 427
1448660 427
1448670 427
1448680 427
1448690 427
1448700 427
1448710 427
1448720 427
1448730 426
1448740 426
1448750 426
1448760 427
1448770 427
1448780 427
1448790 427
1448800 427
1448810 427
1448820 427
1448830 427
1448840 427
1448850 426
1448860 426
1448870 427
1448880 427
1448890 427
1448900 427
1448910 427
1448920 427
1448930 426
1448940 426
1448950 426
1448960 427
1448970 428
1448980 428
1448990 428
1449000 428
1449010 428
1449020 428
1449030 428
1449040 428
1449050 428
1449060 428
1449070 428
1449080 428
1449090 428
1449100 428
1449110 428
1449120 428
1449130 428
1449140 428
1449150 428
1449160 428
1449170 428
1449180 428
1449190 428
1449200 428
1449210 428
1449220 428
1449230 428
1449240 428
1449250 428
1449260 428
1449270 428
1449280 426
1449290 426
1449300 423
1449310 425
1449320 425
1449330 426
1449340 426
1449350 426
1449360 426
1449370 426
1449380 426
1449390 427
1449400 428
1449410 428
1449420 428
1449430 428
1449440 428
1449450 428
1449460 428
1449470 428
1449480 428
1449490 428
1449500 428
1449510 428
1449520 428
1449530 428
1449540 428
1449550 428
1449560 428
1449570 428
1449580 428
1449590 428
1449600 428
1449610 428
1449620 428
1449630 428
1449640 428
1449650 428
1449660 428
1449670 428
1449680 428
1449690 428
1449700 428
1449710 428
1449720 428
1449730 428
1449740 428
1449750 428
1449760 427
1449770 427
1449780 427
1449790 427
1449800 427
1449810 427
1449820 427
1449830 427
1449840 427
1449850 427
1449860 427
1449870 427
1449880 427
1449890 427
1449900 427
1449910 427
1449920 427
1449930 427
1449940 427
1449950 428
1449960 428
1449970 427
1449980 427
1449990 427
1450000 427
1450010 427
1450020 427
1450030 427
1450040 427
1450050 427
1450060 428
1450070 428
1450080 428
1450090 428
1450100 428
1450110 428
1450120 427
1450130 427
1450140 427
1450150 427
1450160 427
1450170 427
1450180 427
1450190 427
1450200 428
1450210 428
1450220 428
1450230 428
1450240 428
1450250 428
1450260 428
1450270 428
1450280 428
1450290 428
1450300 428
1450310 428
1450320 428
1450330 428
1450340 428
1450350 428
1450360 428
1450370 428
1450380 428
1450390 428
1450400 428
1450410 428
1450420 428
1450430 428
1450440 428
1450450 428
1450460 428
1450470 428
1450480 428
1450490 428
1450500 428
1450510 428
1450520 428
1450530 428
1450540 428
1450550 428
1450560 428
1450570 428
1450580 428
1450590 428
1450600 428
1450610 429
1450620 429
1450630 429
1450640 429
1450650 429
1450660 429
1450670 429
1450680 429
1450690 429
1450700 429
1450710 430
1450720 430
1450730 430
1450740 430
1450750 433
1450760 433
1450770 440
1450780 445
1450790 445
1450800 446
1450810 446
1450820 446
1450830 446
1450840 445
1450850 445
1450860 445
1450870 445
1450880 445
1450890 445
1450900 445
1450910 445
1450920 445
1450930 445
1450940 445
1450950 445
1450960 445
1450970 445
1450980 445
1450990 445
1451000 445
1451010 445
1451020 445
1451030 445
1451040 445
1451050 445
1451060 445
1451070 447
1451080 450
1451090 450
1451100 452
1451110 456
1451120 456
1451130 464
1451140 473
1451150 473
1451160 475
1451170 493
1451180 493
1451190 507
1451200 509
1451210 509
1451220 508
1451230 505
1451240 505
1451250 501
1451260 486
1451270 486
1451280 471
1451290 463
1451300 457
1451310 457
1451320 452
1451330 449
1451340 449
1451350 449
1451360 450
1451370 450
1451380 450
1451390 451
1451400 451
1451410 452
1451420 453
1451430 453
1451440 454
1451450 456
1451460 456
1451470 459
1451480 461
1451490 461
1451500 464
1451510 467
1451520 467
1451530 470
1451540 473
1451550 473
1451560 476
1451570 479
1451580 479
1451590 483
1451600 485
1451610 485
1451620 492
1451630 495
1451640 495
1451650 495
1451660 497
1451670 497
1451680 499
1451690 499
1451700 499
1451710 499
1451720 499
1451730 499
1451740 499
1451750 499
1451760 499
1451770 500
1451780 501
1451790 501
1451800 503
1451810 503
1451820 504
1451830 504
1451840 503
1451850 499
1451860 499
1451870 494
1451880 492
1451890 492
1451900 491
1451910 490
1451920 490
1451930 487
1451940 483
1451950 483
1451960 478
1451970 466
1451980 466
1451990 461
1452000 455
1452010 455
1452020 450
1452030 447
1452040 447
1452050 446
1452060 445
1452070 445
1452080 445
1452090 444
1452100 444
1452110 444
1452120 445
1452130 445
1452140 447
1452150 450
1452160 450
1452170 454
1452180 459
1452190 459
1452200 466
1452210 472
1452220 472
1452230 477
1452240 479
1452250 479
1452260 480
1452270 487
1452280 487
1452290 497
1452300 506
1452310 506
1452320 516
1452330 525
1452340 525
1452350 531
1452360 535
1452370 539
1452380 539
1452390 537
1452400 536
1452410 536
1452420 536
1452430 536
1452440 536
1452450 535
1452460 535
1452470 535
1452480 534
1452490 531
1452500 531
1452510 527
1452520 521
1452530 521
1452540 515
1452550 506
1452560 506
1452570 495
1452580 489
1452590 489
1452600 483
1452610 478
1452620 478
1452630 473
1452640 467
1452650 467
1452660 460
1452670 455
1452680 455
1452690 449
1452700 446
1452710 446
1452720 440
1452730 435
1452740 435
1452750 432
1452760 429
1452770 429
1452780 425
1452790 422
1452800 422
1452810 421
1452820 421
1452830 421
1452840 420
1452850 420
1452860 420
1452870 420
1452880 420
1452890 420
1452900 420
1452910 420
1452920 420
1452930 420
1452940 420
1452950 420
1452960 420
1452970 420
1452980 420
1452990 420
1453000 420
1453010 420
1453020 420
1453030 420
1453040 420
1453050 420
1453060 420
1453070 420
1453080 420
1453090 420
1453100 420
1453110 420
1453120 420
1453130 419
1453140 419
1453150 419
1453160 419
1453170 419
1453180 420
1453190 420
1453200 420
1453210 420
1453220 420
1453230 420
1453240 420
1453250 420
1453260 420
1453270 420
1453280 420
1453290 420
1453300 420
1453310 420
1453320 420
1453330 420
1453340 421
1453350 421
1453360 421
1453370 421
1453380 421
1453390 421
1453400 421
1453410 421
1453420 421
1453430 421
1453440 421
1453450 421
1453460 421
1453470 421
1453480 421
1453490 421
1453500 421
1453510 421
1453520 421
1453530 420
1453540 420
1453550 420
1453560 421
1453570 421
1453580 421
1453590 421
1453600 421
1453610 421
1453620 421
1453630 421
1453640 421
1453650 421
1453660 421
1453670 422
1453680 422
1453690 422
1453700 422
1453710 422
1453720 422
1453730 421
1453740 421
1453750 421
1453760 421
1453770 421
1453780 421
1453790 419
1453800 416
1453810 416
1453820 416
1453830 416
1453840 416
1453850 416
1453860 416
1453870 416
1453880 416
1453890 416
1453900 416
1453910 416
1453920 416
1453930 416
1453940 416
1453950 416
1453960 416
1453970 416
1453980 416
1453990 416
1454000 416
1454010 417
1454020 420
1454030 420
1454040 421
1454050 421
1454060 421
1454070 421
1454080 421
1454090 421
1454100 421
1454110 421
1454120 421
1454130 421
1454140 421
1454150 421
1454160 421
1454170 421
1454180 421
1454190 421
1454200 421
1454210 421
1454220 421
1454230 421
1454240 421
1454250 421
1454260 421
1454270 421
1454280 421
1454290 421
1454300 421
1454310 421
1454320 421
1454330 421
1454340 420
1454350 420
1454360 420
1454370 421
1454380 421
1454390 421
1454400 421
1454410 421
1454420 421
1454430 421
1454440 421
1454450 421
1454460 421
1454470 421
1454480 421
1454490 421
1454500 421
1454510 421
1454520 421
1454530 421
1454540 421
1454550 421
1454560 421
1454570 422
1454580 422
1454590 421
1454600 421
1454610 421
1454620 421
1454630 421
1454640 421
1454650 421
1454660 421
1454670 421
1454680 421
1454690 421
1454700 421
1454710 421
1454720 421
1454730 421
1454740 421
1454750 420
1454760 420
1454770 421
1454780 421
1454790 421
1454800 421
1454810 421
1454820 421
1454830 421
1454840 421
1454850 421
1454860 421
1454870 421
1454880 421
1454890 420
1454900 421
1454910 421
1454920 421
1454930 421
1454940 421
1454950 421
1454960 421
1454970 421
1454980 421
1454990 421
1455000 421
1455010 421
1455020 421
1455030 421
1455040 421
1455050 421
1455060 421
1455070 422
1455080 422
1455090 423
1455100 423
1455110 425
1455120 424
1455130 424
1455140 424
1455150 424
1455160 424
1455170 425
1455180 425
1455190 425
1455200 425
1455210 425
1455220 425
1455230 425
1455240 425
1455250 425
1455260 425
1455270 425
1455280 425
1455290 424
1455300 424
1455310 424
1455320 424
1455330 424
1455340 424
1455350 424
1455360 424
1455370 424
1455380 424
1455390 424
1455400 424
1455410 424
1455420 426
1455430 426
1455440 426
1455450 425
1455460 425
1455470 425
1455480 425
1455490 425
1455500 424
1455510 424
1455520 424
1455530 425
1455540 425
1455550 425
1455560 425
1455570 425
1455580 425
1455590 425
1455600 425
1455610 425
1455620 425
1455630 425
1455640 425
1455650 425
1455660 425
1455670 425
1455680 425
1455690 425
1455700 425
1455710 425
1455720 425
1455730 425
1455740 425
1455750 425
1455760 425
1455770 425
1455780 425
1455790 426
1455800 426
1455810 426
1455820 427
1455830 427
1455840 427
1455850 427
1455860 427
1455870 427
1455880 428
1455890 428
1455900 428
1455910 428
1455920 428
1455930 428
1455940 428
1455950 428
1455960 428
1455970 428
1455980 428
1455990 428
1456000 428
1456010 428
1456020 429
1456030 429
1456040 429
1456050 429
1456060 429
1456070 429
1456080 428
1456090 428
1456100 428
1456110 428
1456120 427
1456130 427
1456140 428
1456150 428
1456160 428
1456170 428
1456180 428
1456190 429
1456200 429
1456210 429
1456220 429
1456230 429
1456240 429
1456250 428
1456260 428
1456270 428
1456280 428
1456290 428
1456300 428
1456310 428
1456320 428
1456330 429
1456340 429
1456350 429
1456360 429
1456370 429
1456380 429
1456390 429
1456400 429
1456410 429
1456420 429
1456430 430
1456440 430
1456450 430
1456460 430
1456470 430
1456480 430
1456490 430
1456500 430
1456510 431
1456520 431
1456530 431
1456540 431
1456550 431
1456560 431
1456570 432
1456580 432
1456590 432
1456600 432
1456610 432
1456620 432
1456630 433
1456640 433
1456650 433
1456660 433
1456670 433
1456680 433
1456690 433
1456700 434
1456710 434
1456720 434
1456730 434
1456740 434
1456750 434
1456760 434
1456770 434
1456780 434
1456790 434
1456800 435
1456810 435
1456820 435
1456830 436
1456840 436
1456850 437
1456860 438
1456870 438
1456880 438
1456890 438
1456900 438
1456910 439
1456920 439
1456930 439
1456940 439
1456950 439
1456960 439
1456970 440
1456980 440
1456990 440
1457000 441
1457010 442
1457020 442
1457030 442
1457040 443
1457050 443
1457060 444
1457070 445
1457080 445
1457090 446
1457100 447
1457110 447
1457120 448
1457130 449
1457140 449
1457150 452
1457160 456
1457170 456
1457180 459
1457190 461
1457200 461
1457210 464
1457220 467
1457230 467
1457240 470
1457250 471
1457260 472
1457270 472
1457280 473
1457290 473
1457300 473
1457310 474
1457320 475
1457330 475
1457340 476
1457350 478
1457360 478
1457370 479
1457380 481
1457390 481
1457400 484
1457410 489
1457420 489
1457430 493
1457440 493
1457450 493
1457460 494
1457470 494
1457480 494
1457490 494
1457500 500
1457510 500
1457520 506
1457530 511
1457540 511
1457550 515
1457560 518
1457570 518
1457580 519
1457590 524
1457600 524
1457610 530
1457620 534
1457630 534
1457640 537
1457650 541
1457660 541
1457670 546
1457680 550
1457690 550
1457700 555
1457710 558
1457720 558
1457730 560
1457740 563
1457750 563
1457760 568
1457770 573
1457780 573
1457790 577
1457800 580
1457810 581
1457820 581
1457830 580
1457840 580
1457850 580
1457860 582
1457870 584
1457880 584
1457890 586
1457900 588
1457910 588
1457920 592
1457930 596
1457940 596
1457950 599
1457960 604
1457970 604
1457980 609
1457990 611
1458000 611
1458010 613
1458020 616
1458030 616
1458040 621
1458050 624
1458060 624
1458070 627
1458080 629
1458090 629
1458100 629
1458110 626
1458120 626
1458130 621
1458140 623
1458150 623
1458160 628
1458170 631
1458180 631
1458190 634
1458200 636
1458210 636
1458220 639
1458230 644
1458240 644
1458250 646
1458260 648
1458270 648
1458280 650
1458290 653
1458300 653
1458310 655
1458320 657
1458330 657
1458340 659
1458350 661
1458360 664
1458370 664
1458380 666
1458390 667
1458400 667
1458410 670
1458420 674
1458430 674
1458440 678
1458450 682
1458460 682
1458470 687
1458480 690
1458490 690
1458500 692
1458510 696
1458520 696
1458530 699
1458540 704
1458550 704
1458560 707
1458570 710
1458580 710
1458590 714
1458600 717
1458610 717
1458620 721
1458630 727
1458640 727
1458650 731
1458660 734
1458670 734
1458680 738
1458690 741
1458700 741
1458710 743
1458720 747
1458730 747
1458740 750
1458750 754
1458760 754
1458770 759
1458780 765
1458790 765
1458800 769
1458810 774
1458820 774
1458830 779
1458840 785
1458850 785
1458860 788
1458870 791
1458880 794
1458890 794
1458900 797
1458910 800
1458920 800
1458930 803
1458940 808
1458950 808
1458960 810
1458970 813
1458980 813
1458990 817
1459000 820
1459010 820
1459020 824
1459030 828
1459040 828
1459050 832
1459060 837
1459070 837
1459080 842
1459090 845
1459100 845
1459110 850
1459120 856
1459130 856
1459140 862
1459150 867
1459160 867
1459170 871
1459180 876
1459190 876
1459200 881
1459210 884
1459220 884
1459230 887
1459240 892
1459250 892
1459260 898
1459270 902
1459280 902
1459290 907
1459300 911
1459310 911
1459320 914
1459330 917
1459340 917
1459350 921
1459360 924
1459370 924
1459380 928
1459390 932
1459400 932
1459410 936
1459420 940
1459430 942
1459440 942
1459450 945
1459460 949
1459470 949
1459480 952
1459490 954
1459500 954
1459510 956
1459520 958
1459530 958
1459540 959
1459550 961
1459560 961
1459570 962
1459580 964
1459590 964
1459600 964
1459610 963
1459620 963
1459630 963
1459640 963
1459650 963
1459660 963
1459670 965
1459680 965
1459690 967
1459700 970
1459710 970
1459720 974
1459730 975
1459740 975
1459750 975
1459760 978
1459770 978
1459780 978
1459790 978
1459800 978
1459810 979
1459820 980
1459830 980
1459840 981
1459850 981
1459860 981
1459870 982
1459880 982
1459890 982
1459900 983
1459910 983
1459920 983
1459930 983
1459940 982
1459950 982
1459960 982
1459970 981
1459980 981
1459990 981
