1441560 437
1441570 437
1441580 437
1441590 437
1441600 437
1441610 437
1441620 437
1441630 437
1441640 437
1441650 437
1441660 437
1441670 437
1441680 437
1441690 437
1441700 437
1441710 437
1441720 437
1441730 437
1441740 437
1441750 437
1441760 437
1441770 438
1441780 438
1441790 438
1441800 438
1441810 438
1441820 438
1441830 437
1441840 437
1441850 437
1441860 437
1441870 437
1441880 437
1441890 437
1441900 437
1441910 437
1441920 437
1441930 437
1441940 437
1441950 436
1441960 436
1441970 436
1441980 436
1441990 436
1442000 436
1442010 436
1442020 435
1442030 435
1442040 435
1442050 435
1442060 435
1442070 435
1442080 435
1442090 435
1442100 435
1442110 435
1442120 435
1442130 435
1442140 435
1442150 435
1442160 435
1442170 435
1442180 435
1442190 435
1442200 435
1442210 435
1442220 435
1442230 434
1442240 434
1442250 434
1442260 434
1442270 434
1442280 435
1442290 435
1442300 435
1442310 435
1442320 435
1442330 435
1442340 435
1442350 435
1442360 435
1442370 435
1442380 435
1442390 435
1442400 435
1442410 435
1442420 435
1442430 435
1442440 435
1442450 435
1442460 435
1442470 435
1442480 435
1442490 435
1442500 435
1442510 435
1442520 435
1442530 435
1442540 435
1442550 435
1442560 434
1442570 434
1442580 434
1442590 434
1442600 434
1442610 434
1442620 434
1442630 434
1442640 434
1442650 434
1442660 434
1442670 434
1442680 434
1442690 434
1442700 434
1442710 433
1442720 433
1442730 433
1442740 433
1442750 432
1442760 432
1442770 432
1442780 432
1442790 432
1442800 431
1442810 431
1442820 431
1442830 431
1442840 432
1442850 432
1442860 431
1442870 431
1442880 431
1442890 431
1442900 430
1442910 430
1442920 430
1442930 430
1442940 430
1442950 430
1442960 430
1442970 429
1442980 429
1442990 429
1443000 429
1443010 429
1443020 429
1443030 429
1443040 429
1443050 428
1443060 428
1443070 428
1443080 428
1443090 428
1443100 428
1443110 428
1443120 428
1443130 428
1443140 428
1443150 428
1443160 428
1443170 428
1443180 428
1443190 428
1443200 428
1443210 427
1443220 427
1443230 427
1443240 428
1443250 428
1443260 428
1443270 428
1443280 428
1443290 428
1443300 428
1443310 428
1443320 428
1443330 428
1443340 428
1443350 427
1443360 427
1443370 427
1443380 427
1443390 427
1443400 427
1443410 427
1443420 427
1443430 427
1443440 426
1443450 423
1443460 423
1443470 420
1443480 419
1443490 419
1443500 419
1443510 419
1443520 422
1443530 422
1443540 425
1443550 425
1443560 425
1443570 425
1443580 424
1443590 424
1443600 425
1443610 426
1443620 426
1443630 426
1443640 426
1443650 426
1443660 426
1443670 426
1443680 426
1443690 426
1443700 426
1443710 426
1443720 426
1443730 426
1443740 426
1443750 425
1443760 425
1443770 425
1443780 425
1443790 425
1443800 425
1443810 425
1443820 425
1443830 425
1443840 425
1443850 425
1443860 425
1443870 425
1443880 425
1443890 425
1443900 425
1443910 425
1443920 425
1443930 425
1443940 425
1443950 425
1443960 425
1443970 425
1443980 425
1443990 425
1444000 425
1444010 425
1444020 425
1444030 425
1444040 425
1444050 425
1444060 425
1444070 425
1444080 425
1444090 425
1444100 425
1444110 425
1444120 425
1444130 425
1444140 425
1444150 425
1444160 425
1444170 425
1444180 425
1444190 425
1444200 425
1444210 425
1444220 425
1444230 425
1444240 425
1444250 426
1444260 426
1444270 426
1444280 426
1444290 426
1444300 426
1444310 426
1444320 426
1444330 427
1444340 427
1444350 427
1444360 426
1444370 426
1444380 426
1444390 426
1444400 426
1444410 426
1444420 426
1444430 426
1444440 426
1444450 426
1444460 426
1444470 426
1444480 427
1444490 426
1444500 426
1444510 426
1444520 426
1444530 426
1444540 426
1444550 426
1444560 426
1444570 426
1444580 427
1444590 426
1444600 426
1444610 426
1444620 426
1444630 426
1444640 426
1444650 427
1444660 427
1444670 427
1444680 427
1444690 427
1444700 427
1444710 427
1444720 427
1444730 427
1444740 427
1444750 427
1444760 427
1444770 427
1444780 427
1444790 427
1444800 427
1444810 427
1444820 427
1444830 426
1444840 426
1444850 427
1444860 430
1444870 430
1444880 434
1444890 434
1444900 434
1444910 434
1444920 433
1444930 433
1444940 433
1444950 433
1444960 433
1444970 433
1444980 434
1444990 434
1445000 435
1445010 435
1445020 435
1445030 435
1445040 435
1445050 435
1445060 435
1445070 435
1445080 435
1445090 435
1445100 435
1445110 435
1445120 435
1445130 435
1445140 435
1445150 435
1445160 435
1445170 435
1445180 435
1445190 435
1445200 435
1445210 435
1445220 435
1445230 435
1445240 435
1445250 435
1445260 435
1445270 435
1445280 435
1445290 435
1445300 435
1445310 435
1445320 435
1445330 435
1445340 435
1445350 435
1445360 435
1445370 435
1445380 435
1445390 435
1445400 435
1445410 435
1445420 435
1445430 435
1445440 435
1445450 435
1445460 435
1445470 435
1445480 435
1445490 435
1445500 435
1445510 435
1445520 435
1445530 435
1445540 435
1445550 435
1445560 435
1445570 435
1445580 435
1445590 435
1445600 435
1445610 435
1445620 435
1445630 435
1445640 435
1445650 435
1445660 435
1445670 435
1445680 434
1445690 434
1445700 434
1445710 434
1445720 434
1445730 434
1445740 434
1445750 434
1445760 434
1445770 434
1445780 434
1445790 434
1445800 434
1445810 434
1445820 434
1445830 434
1445840 434
1445850 434
1445860 434
1445870 434
1445880 434
1445890 434
1445900 434
1445910 434
1445920 434
1445930 434
1445940 434
1445950 434
1445960 433
1445970 433
1445980 433
1445990 433
1446000 433
1446010 433
1446020 433
1446030 433
1446040 433
1446050 433
1446060 433
1446070 433
1446080 433
1446090 433
1446100 433
1446110 433
1446120 433
1446130 434
1446140 433
1446150 433
1446160 433
1446170 433
1446180 433
1446190 433
1446200 433
1446210 433
1446220 432
1446230 432
1446240 432
1446250 432
1446260 431
1446270 431
1446280 431
1446290 431
1446300 431
1446310 431
1446320 431
1446330 431
1446340 431
1446350 432
1446360 432
1446370 432
1446380 431
1446390 431
1446400 431
1446410 431
1446420 431
1446430 431
1446440 430
1446450 430
1446460 430
1446470 430
1446480 430
1446490 430
1446500 430
1446510 430
1446520 430
1446530 430
1446540 430
1446550 430
1446560 430
1446570 430
1446580 430
1446590 430
1446600 429
1446610 429
1446620 429
1446630 430
1446640 430
1446650 430
1446660 430
1446670 430
1446680 430
1446690 430
1446700 430
1446710 429
1446720 429
1446730 429
1446740 429
1446750 429
1446760 429
1446770 429
1446780 429
1446790 429
1446800 429
1446810 429
1446820 429
1446830 429
1446840 429
1446850 429
1446860 429
1446870 429
1446880 429
1446890 429
1446900 429
1446910 429
1446920 429
1446930 429
1446940 429
1446950 429
1446960 429
1446970 429
1446980 429
1446990 429
1447000 429
1447010 429
1447020 429
1447030 429
1447040 429
1447050 429
1447060 429
1447070 429
1447080 429
1447090 429
1447100 429
1447110 429
1447120 428
1447130 428
1447140 428
1447150 428
1447160 428
1447170 428
1447180 428
1447190 428
1447200 428
1447210 428
1447220 428
1447230 428
1447240 428
1447250 428
1447260 428
1447270 428
1447280 428
1447290 428
1447300 428
1447310 428
1447320 428
1447330 428
1447340 428
1447350 428
1447360 428
1447370 428
1447380 428
1447390 428
1447400 428
1447410 428
1447420 428
1447430 428
1447440 428
1447450 428
1447460 428
1447470 428
1447480 428
1447490 428
1447500 428
1447510 429
1447520 429
1447530 429
1447540 429
1447550 429
1447560 429
1447570 428
1447580 428
1447590 428
1447600 428
1447610 428
1447620 428
1447630 428
1447640 428
1447650 428
1447660 428
1447670 428
1447680 428
1447690 428
1447700 428
1447710 428
1447720 428
1447730 428
1447740 428
1447750 428
1447760 428
1447770 428
1447780 428
1447790 428
1447800 428
1447810 428
1447820 428
1447830 428
1447840 428
1447850 428
1447860 428
1447870 427
1447880 427
1447890 427
1447900 427
1447910 427
1447920 427
1447930 427
1447940 427
1447950 427
1447960 427
1447970 427
1447980 427
1447990 427
1448000 427
1448010 427
1448020 427
1448030 427
1448040 427
1448050 427
1448060 427
1448070 427
1448080 427
1448090 428
1448100 428
1448110 428
1448120 428
1448130 428
1448140 428
1448150 427
1448160 428
1448170 428
1448180 428
1448190 428
1448200 428
1448210 428
1448220 428
1448230 428
1448240 428
1448250 428
1448260 428
1448270 428
1448280 428
1448290 428
1448300 427
1448310 427
1448320 427
1448330 427
1448340 427
1448350 427
1448360 427
1448370 427
1448380 427
1448390 427
1448400 427
1448410 427
1448420 427
1448430 427
1448440 427
1448450 427
1448460 427
1448470 427
1448480 427
1448490 427
1448500 427
1448510 427
1448520 427
1448530 427
1448540 427
1448550 426
1448560 426
1448570 426
1448580 426
1448590 426
1448600 426
1448610 426
1448620 426
1448630 426
1448640 426
1448650 426
1448660 426
1448670 426
1448680 426
1448690 426
1448700 426
1448710 426
1448720 426
1448730 426
1448740 426
1448750 426
1448760 426
1448770 426
1448780 426
1448790 426
1448800 426
1448810 426
1448820 426
1448830 426
1448840 426
1448850 426
1448860 426
1448870 426
1448880 426
1448890 426
1448900 426
1448910 426
1448920 427
1448930 427
1448940 427
1448950 427
1448960 427
1448970 427
1448980 427
1448990 427
1449000 427
1449010 427
1449020 427
1449030 427
1449040 427
1449050 426
1449060 426
1449070 425
1449080 424
1449090 424
1449100 424
1449110 423
1449120 423
1449130 423
1449140 423
1449150 423
1449160 423
1449170 422
1449180 422
1449190 422
1449200 422
1449210 422
1449220 422
1449230 422
1449240 422
1449250 422
1449260 422
1449270 422
1449280 422
1449290 421
1449300 421
1449310 418
1449320 420
1449330 420
1449340 421
1449350 421
1449360 421
1449370 421
1449380 421
1449390 421
1449400 421
1449410 421
1449420 421
1449430 421
1449440 421
1449450 421
1449460 421
1449470 421
1449480 421
1449490 422
1449500 422
1449510 422
1449520 422
1449530 422
1449540 422
1449550 422
1449560 422
1449570 422
1449580 422
1449590 422
1449600 423
1449610 423
1449620 423
1449630 423
1449640 423
1449650 422
1449660 423
1449670 423
1449680 423
1449690 423
1449700 423
1449710 423
1449720 424
1449730 424
1449740 425
1449750 425
1449760 425
1449770 425
1449780 425
1449790 425
1449800 425
1449810 425
1449820 425
1449830 425
1449840 425
1449850 425
1449860 425
1449870 426
1449880 426
1449890 426
1449900 425
1449910 425
1449920 425
1449930 426
1449940 426
1449950 426
1449960 426
1449970 426
1449980 426
1449990 426
1450000 426
1450010 426
1450020 426
1450030 426
1450040 426
1450050 426
1450060 426
1450070 426
1450080 426
1450090 426
1450100 426
1450110 426
1450120 426
1450130 426
1450140 426
1450150 426
1450160 426
1450170 426
1450180 426
1450190 426
1450200 426
1450210 426
1450220 426
1450230 426
1450240 426
1450250 426
1450260 426
1450270 426
1450280 426
1450290 426
1450300 426
1450310 426
1450320 426
1450330 426
1450340 426
1450350 426
1450360 426
1450370 426
1450380 426
1450390 426
1450400 426
1450410 426
1450420 425
1450430 425
1450440 426
1450450 426
1450460 426
1450470 426
1450480 426
1450490 426
1450500 426
1450510 426
1450520 426
1450530 426
1450540 427
1450550 427
1450560 426
1450570 426
1450580 426
1450590 426
1450600 426
1450610 426
1450620 427
1450630 427
1450640 427
1450650 428
1450660 427
1450670 428
1450680 428
1450690 429
1450700 430
1450710 430
1450720 435
1450730 440
1450740 440
1450750 455
1450760 460
1450770 460
1450780 463
1450790 465
1450800 465
1450810 468
1450820 470
1450830 470
1450840 471
1450850 469
1450860 469
1450870 470
1450880 470
1450890 470
1450900 471
1450910 474
1450920 474
1450930 478
1450940 482
1450950 482
1450960 484
1450970 485
1450980 485
1450990 485
1451000 486
1451010 486
1451020 489
1451030 492
1451040 492
1451050 492
1451060 490
1451070 490
1451080 481
1451090 480
1451100 480
1451110 483
1451120 483
1451130 483
1451140 484
1451150 484
1451160 484
1451170 483
1451180 482
1451190 482
1451200 481
1451210 480
1451220 479
1451230 479
1451240 481
1451250 481
1451260 481
1451270 480
1451280 479
1451290 479
1451300 474
1451310 472
1451320 472
1451330 470
1451340 453
1451350 453
1451360 430
1451370 424
1451380 432
1451390 424
1451400 420
1451410 420
1451420 419
1451430 418
1451440 418
1451450 415
1451460 414
1451470 414
1451480 414
1451490 414
1451500 414
1451510 413
1451520 413
1451530 413
1451540 413
1451550 413
1451560 413
1451570 413
1451580 413
1451590 413
1451600 414
1451610 414
1451620 414
1451630 414
1451640 417
1451650 417
1451660 419
1451670 419
1451680 419
1451690 419
1451700 419
1451710 419
1451720 419
1451730 419
1451740 419
1451750 419
1451760 419
1451770 419
1451780 419
1451790 419
1451800 419
1451810 419
1451820 419
1451830 419
1451840 419
1451850 419
1451860 419
1451870 419
1451880 420
1451890 420
1451900 420
1451910 420
1451920 421
1451930 421
1451940 421
1451950 421
1451960 421
1451970 421
1451980 421
1451990 421
1452000 421
1452010 421
1452020 421
1452030 422
1452040 422
1452050 422
1452060 422
1452070 423
1452080 423
1452090 423
1452100 424
1452110 424
1452120 425
1452130 425
1452140 425
1452150 425
1452160 426
1452170 426
1452180 427
1452190 427
1452200 427
1452210 428
1452220 428
1452230 428
1452240 428
1452250 428
1452260 428
1452270 428
1452280 429
1452290 429
1452300 429
1452310 429
1452320 429
1452330 429
1452340 430
1452350 430
1452360 430
1452370 430
1452380 431
1452390 431
1452400 433
1452410 434
1452420 434
1452430 436
1452440 441
1452450 441
1452460 443
1452470 453
1452480 453
1452490 471
1452500 479
1452510 479
1452520 488
1452530 490
1452540 490
1452550 492
1452560 495
1452570 495
1452580 494
1452590 498
1452600 498
1452610 501
1452620 504
1452630 504
1452640 506
1452650 508
1452660 508
1452670 509
1452680 511
1452690 511
1452700 512
1452710 515
1452720 515
1452730 517
1452740 519
1452750 519
1452760 520
1452770 521
1452780 521
1452790 522
1452800 523
1452810 523
1452820 524
1452830 524
1452840 524
1452850 525
1452860 526
1452870 526
1452880 527
1452890 528
1452900 529
1452910 529
1452920 531
1452930 532
1452940 532
1452950 535
1452960 539
1452970 539
1452980 540
1452990 541
1453000 541
1453010 543
1453020 545
1453030 545
1453040 547
1453050 550
1453060 550
1453070 552
1453080 555
1453090 555
1453100 557
1453110 559
1453120 559
1453130 561
1453140 563
1453150 563
1453160 566
1453170 569
1453180 569
1453190 572
1453200 574
1453210 574
1453220 576
1453230 579
1453240 579
1453250 582
1453260 584
1453270 584
1453280 585
1453290 588
1453300 588
1453310 591
1453320 594
1453330 594
1453340 596
1453350 600
1453360 600
1453370 604
1453380 604
1453390 604
1453400 605
1453410 607
1453420 607
1453430 609
1453440 611
1453450 612
1453460 612
1453470 612
1453480 612
1453490 612
1453500 611
1453510 609
1453520 609
1453530 608
1453540 606
1453550 606
1453560 605
1453570 603
1453580 603
1453590 600
1453600 595
1453610 595
1453620 593
1453630 590
1453640 590
1453650 589
1453660 590
1453670 590
1453680 593
1453690 594
1453700 594
1453710 595
1453720 595
1453730 595
1453740 591
1453750 588
1453760 588
1453770 580
1453780 574
1453790 574
1453800 565
1453810 557
1453820 557
1453830 548
1453840 538
1453850 538
1453860 529
1453870 522
1453880 522
1453890 517
1453900 511
1453910 511
1453920 507
1453930 502
1453940 502
1453950 499
1453960 495
1453970 495
1453980 492
1453990 490
1454000 485
1454010 485
1454020 478
1454030 470
1454040 470
1454050 465
1454060 462
1454070 462
1454080 462
1454090 462
1454100 462
1454110 463
1454120 463
1454130 463
1454140 463
1454150 462
1454160 462
1454170 463
1454180 462
1454190 462
1454200 461
1454210 459
1454220 459
1454230 457
1454240 454
1454250 454
1454260 449
1454270 447
1454280 447
1454290 444
1454300 441
1454310 441
1454320 438
1454330 438
1454340 438
1454350 437
1454360 436
1454370 436
1454380 435
1454390 434
1454400 434
1454410 433
1454420 432
1454430 432
1454440 430
1454450 429
1454460 429
1454470 428
1454480 427
1454490 427
1454500 427
1454510 427
1454520 427
1454530 428
1454540 428
1454550 428
1454560 428
1454570 428
1454580 429
1454590 429
1454600 429
1454610 428
1454620 428
1454630 427
1454640 428
1454650 428
1454660 428
1454670 428
1454680 428
1454690 428
1454700 428
1454710 428
1454720 428
1454730 428
1454740 428
1454750 428
1454760 428
1454770 428
1454780 428
1454790 428
1454800 428
1454810 428
1454820 428
1454830 428
1454840 429
1454850 428
1454860 428
1454870 428
1454880 428
1454890 428
1454900 428
1454910 428
1454920 428
1454930 428
1454940 428
1454950 428
1454960 428
1454970 428
1454980 428
1454990 428
1455000 429
1455010 429
1455020 430
1455030 430
1455040 430
1455050 430
1455060 429
1455070 429
1455080 428
1455090 428
1455100 429
1455110 429
1455120 429
1455130 429
1455140 429
1455150 429
1455160 429
1455170 429
1455180 429
1455190 430
1455200 430
1455210 430
1455220 430
1455230 430
1455240 430
1455250 430
1455260 430
1455270 430
1455280 430
1455290 430
1455300 430
1455310 430
1455320 430
1455330 430
1455340 431
1455350 431
1455360 431
1455370 431
1455380 431
1455390 431
1455400 431
1455410 431
1455420 431
1455430 431
1455440 431
1455450 432
1455460 432
1455470 432
1455480 432
1455490 432
1455500 432
1455510 432
1455520 432
1455530 432
1455540 433
1455550 433
1455560 433
1455570 433
1455580 433
1455590 433
1455600 434
1455610 434
1455620 434
1455630 435
1455640 435
1455650 435
1455660 435
1455670 435
1455680 435
1455690 435
1455700 436
1455710 436
1455720 436
1455730 437
1455740 437
1455750 437
1455760 437
1455770 438
1455780 438
1455790 438
1455800 438
1455810 438
1455820 439
1455830 440
1455840 440
1455850 440
1455860 441
1455870 441
1455880 441
1455890 442
1455900 442
1455910 443
1455920 444
1455930 444
1455940 444
1455950 444
1455960 444
1455970 444
1455980 444
1455990 444
1456000 445
1456010 445
1456020 445
1456030 445
1456040 446
1456050 446
1456060 446
1456070 447
1456080 447
1456090 447
1456100 448
1456110 448
1456120 448
1456130 450
1456140 450
1456150 451
1456160 452
1456170 452
1456180 452
1456190 452
1456200 453
1456210 453
1456220 453
1456230 454
1456240 454
1456250 454
1456260 454
1456270 454
1456280 454
1456290 453
1456300 453
1456310 452
1456320 453
1456330 453
1456340 456
1456350 457
1456360 457
1456370 458
1456380 459
1456390 459
1456400 460
1456410 462
1456420 462
1456430 464
1456440 466
1456450 466
1456460 468
1456470 470
1456480 470
1456490 473
1456500 474
1456510 474
1456520 477
1456530 477
1456540 477
1456550 477
1456560 477
1456570 477
1456580 478
1456590 478
1456600 478
1456610 480
1456620 482
1456630 482
1456640 484
1456650 486
1456660 486
1456670 488
1456680 490
1456690 490
1456700 492
1456710 493
1456720 493
1456730 493
1456740 494
1456750 494
1456760 494
1456770 497
1456780 498
1456790 498
1456800 500
1456810 501
1456820 501
1456830 505
1456840 509
1456850 509
1456860 511
1456870 513
1456880 513
1456890 515
1456900 520
1456910 520
1456920 523
1456930 526
1456940 526
1456950 528
1456960 530
1456970 530
1456980 533
1456990 534
1457000 534
1457010 536
1457020 540
1457030 540
1457040 545
1457050 548
1457060 548
1457070 551
1457080 556
1457090 556
1457100 562
1457110 568
1457120 568
1457130 574
1457140 579
1457150 579
1457160 584
1457170 586
1457180 586
1457190 589
1457200 596
1457210 596
1457220 598
1457230 600
1457240 600
1457250 602
1457260 604
1457270 604
1457280 606
1457290 608
1457300 610
1457310 610
1457320 613
1457330 618
1457340 618
1457350 623
1457360 625
1457370 625
1457380 632
1457390 636
1457400 636
1457410 641
1457420 645
1457430 645
1457440 650
1457450 654
1457460 654
1457470 658
1457480 663
1457490 663
1457500 668
1457510 674
1457520 674
1457530 682
1457540 688
1457550 688
1457560 692
1457570 695
1457580 695
1457590 699
1457600 705
1457610 705
1457620 711
1457630 716
1457640 716
1457650 720
1457660 721
1457670 721
1457680 728
1457690 736
1457700 736
1457710 742
1457720 747
1457730 747
1457740 752
1457750 756
1457760 756
1457770 760
1457780 764
1457790 764
1457800 768
1457810 773
1457820 773
1457830 778
1457840 781
1457850 781
1457860 782
1457870 783
1457880 784
1457890 784
1457900 786
1457910 789
1457920 789
1457930 793
1457940 796
1457950 796
1457960 799
1457970 802
1457980 802
1457990 805
1458000 807
1458010 807
1458020 809
1458030 811
1458040 811
1458050 814
1458060 815
1458070 815
1458080 816
1458090 818
1458100 818
1458110 819
1458120 821
1458130 821
1458140 822
1458150 824
1458160 824
1458170 826
1458180 828
1458190 828
1458200 830
1458210 833
1458220 833
1458230 836
1458240 840
1458250 840
1458260 844
1458270 847
1458280 847
1458290 849
1458300 851
1458310 851
1458320 855
1458330 861
1458340 861
1458350 868
1458360 874
1458370 874
1458380 881
1458390 887
1458400 887
1458410 892
1458420 897
1458430 903
1458440 903
1458450 908
1458460 913
1458470 913
1458480 917
1458490 921
1458500 921
1458510 923
1458520 926
1458530 926
1458540 928
1458550 929
1458560 929
1458570 934
1458580 939
1458590 939
1458600 944
1458610 950
1458620 950
1458630 954
1458640 960
1458650 960
1458660 968
1458670 979
1458680 979
1458690 991
1458700 1000
1458710 1000
1458720 1006
1458730 1011
1458740 1011
1458750 1016
1458760 1022
1458770 1022
1458780 1027
1458790 1034
1458800 1034
1458810 1043
1458820 1051
1458830 1051
1458840 1059
1458850 1072
1458860 1072
1458870 1079
1458880 1088
1458890 1088
1458900 1096
1458910 1104
1458920 1104
1458930 1111
1458940 1119
1458950 1119
1458960 1127
1458970 1135
1458980 1143
1458990 1143
1459000 1153
1459010 1163
1459020 1163
1459030 1173
1459040 1178
1459050 1178
1459060 1184
1459070 1190
1459080 1190
1459090 1195
1459100 1200
1459110 1200
1459120 1205
1459130 1211
1459140 1211
1459150 1216
1459160 1220
1459170 1220
1459180 1226
1459190 1231
1459200 1231
1459210 1237
1459220 1243
1459230 1243
1459240 1249
1459250 1254
1459260 1254
1459270 1257
1459280 1260
1459290 1260
1459300 1264
1459310 1266
1459320 1266
1459330 1268
1459340 1269
1459350 1269
1459360 1271
1459370 1272
1459380 1272
1459390 1273
1459400 1273
1459410 1273
1459420 1274
1459430 1274
1459440 1274
1459450 1273
1459460 1273
1459470 1273
1459480 1274
1459490 1274
1459500 1274
1459510 1274
1459520 1275
1459530 1276
1459540 1276
1459550 1275
1459560 1275
1459570 1275
1459580 1274
1459590 1274
1459600 1274
1459610 1274
1459620 1272
1459630 1272
1459640 1269
1459650 1266
1459660 1266
1459670 1263
1459680 1261
1459690 1261
1459700 1259
1459710 1257
1459720 1257
1459730 1255
1459740 1252
1459750 1252
1459760 1249
1459770 1247
1459780 1247
1459790 1245
1459800 1243
1459810 1243
1459820 1242
1459830 1240
1459840 1240
1459850 1238
1459860 1236
1459870 1236
1459880 1234
1459890 1232
1459900 1232
1459910 1231
1459920 1229
1459930 1229
1459940 1229
1459950 1228
1459960 1228
1459970 1227
1459980 1226
1459990 1226
