1443300 427
1443310 427
1443320 426
1443330 426
1443340 426
1443350 426
1443360 426
1443370 426
1443380 427
1443390 427
1443400 427
1443410 427
1443420 427
1443430 427
1443440 427
1443450 427
1443460 426
1443470 426
1443480 428
1443490 428
1443500 428
1443510 426
1443520 426
1443530 426
1443540 426
1443550 426
1443560 426
1443570 426
1443580 426
1443590 426
1443600 426
1443610 426
1443620 426
1443630 426
1443640 426
1443650 426
1443660 426
1443670 426
1443680 426
1443690 426
1443700 426
1443710 426
1443720 426
1443730 426
1443740 426
1443750 426
1443760 426
1443770 426
1443780 425
1443790 424
1443800 424
1443810 424
1443820 424
1443830 424
1443840 424
1443850 424
1443860 424
1443870 424
1443880 424
1443890 424
1443900 425
1443910 425
1443920 425
1443930 425
1443940 425
1443950 425
1443960 424
1443970 424
1443980 424
1443990 424
1444000 424
1444010 424
1444020 424
1444030 424
1444040 424
1444050 424
1444060 424
1444070 425
1444080 425
1444090 426
1444100 426
1444110 426
1444120 425
1444130 424
1444140 424
1444150 424
1444160 424
1444170 424
1444180 424
1444190 423
1444200 423
1444210 423
1444220 424
1444230 424
1444240 424
1444250 424
1444260 424
1444270 424
1444280 424
1444290 424
1444300 424
1444310 424
1444320 424
1444330 424
1444340 424
1444350 424
1444360 424
1444370 424
1444380 424
1444390 423
1444400 421
1444410 421
1444420 419
1444430 419
1444440 419
1444450 419
1444460 419
1444470 419
1444480 419
1444490 419
1444500 419
1444510 419
1444520 419
1444530 419
1444540 419
1444550 419
1444560 419
1444570 419
1444580 419
1444590 419
1444600 419
1444610 419
1444620 419
1444630 419
1444640 419
1444650 419
1444660 419
1444670 419
1444680 419
1444690 419
1444700 419
1444710 419
1444720 419
1444730 419
1444740 419
1444750 419
1444760 419
1444770 419
1444780 419
1444790 419
1444800 419
1444810 419
1444820 419
1444830 419
1444840 419
1444850 419
1444860 419
1444870 419
1444880 419
1444890 419
1444900 419
1444910 419
1444920 419
1444930 419
1444940 419
1444950 419
1444960 419
1444970 419
1444980 419
1444990 419
1445000 419
1445010 419
1445020 419
1445030 419
1445040 419
1445050 419
1445060 416
1445070 416
1445080 416
1445090 416
1445100 416
1445110 416
1445120 416
1445130 419
1445140 419
1445150 419
1445160 420
1445170 419
1445180 419
1445190 419
1445200 419
1445210 419
1445220 419
1445230 419
1445240 419
1445250 419
1445260 418
1445270 418
1445280 419
1445290 419
1445300 419
1445310 419
1445320 419
1445330 419
1445340 419
1445350 419
1445360 419
1445370 419
1445380 419
1445390 419
1445400 419
1445410 419
1445420 419
1445430 419
1445440 419
1445450 419
1445460 419
1445470 418
1445480 418
1445490 418
1445500 418
1445510 418
1445520 418
1445530 418
1445540 418
1445550 418
1445560 418
1445570 418
1445580 418
1445590 418
1445600 418
1445610 418
1445620 418
1445630 418
1445640 419
1445650 418
1445660 418
1445670 418
1445680 418
1445690 418
1445700 418
1445710 418
1445720 418
1445730 418
1445740 418
1445750 418
1445760 418
1445770 418
1445780 418
1445790 418
1445800 418
1445810 418
1445820 418
1445830 418
1445840 418
1445850 418
1445860 418
1445870 418
1445880 418
1445890 418
1445900 418
1445910 418
1445920 418
1445930 418
1445940 418
1445950 418
1445960 418
1445970 418
1445980 418
1445990 419
1446000 419
1446010 420
1446020 420
1446030 420
1446040 420
1446050 420
1446060 420
1446070 420
1446080 420
1446090 420
1446100 420
1446110 420
1446120 420
1446130 420
1446140 420
1446150 420
1446160 420
1446170 420
1446180 420
1446190 419
1446200 419
1446210 419
1446220 420
1446230 420
1446240 420
1446250 420
1446260 419
1446270 419
1446280 420
1446290 420
1446300 420
1446310 420
1446320 420
1446330 420
1446340 420
1446350 420
1446360 420
1446370 420
1446380 420
1446390 420
1446400 420
1446410 420
1446420 420
1446430 420
1446440 420
1446450 420
1446460 420
1446470 420
1446480 420
1446490 420
1446500 420
1446510 420
1446520 420
1446530 419
1446540 419
1446550 419
1446560 420
1446570 420
1446580 420
1446590 420
1446600 420
1446610 420
1446620 420
1446630 420
1446640 420
1446650 420
1446660 420
1446670 420
1446680 420
1446690 420
1446700 420
1446710 420
1446720 420
1446730 420
1446740 420
1446750 420
1446760 420
1446770 419
1446780 419
1446790 419
1446800 419
1446810 419
1446820 419
1446830 419
1446840 421
1446850 421
1446860 425
1446870 425
1446880 426
1446890 426
1446900 426
1446910 425
1446920 425
1446930 426
1446940 425
1446950 425
1446960 425
1446970 425
1446980 425
1446990 425
1447000 425
1447010 425
1447020 425
1447030 425
1447040 425
1447050 425
1447060 425
1447070 425
1447080 425
1447090 425
1447100 425
1447110 425
1447120 424
1447130 424
1447140 424
1447150 424
1447160 424
1447170 424
1447180 424
1447190 424
1447200 424
1447210 424
1447220 424
1447230 424
1447240 424
1447250 424
1447260 424
1447270 424
1447280 424
1447290 424
1447300 424
1447310 424
1447320 424
1447330 424
1447340 424
1447350 424
1447360 424
1447370 424
1447380 425
1447390 425
1447400 425
1447410 425
1447420 425
1447430 424
1447440 424
1447450 424
1447460 424
1447470 424
1447480 424
1447490 424
1447500 424
1447510 424
1447520 424
1447530 424
1447540 424
1447550 424
1447560 424
1447570 424
1447580 424
1447590 424
1447600 424
1447610 424
1447620 424
1447630 424
1447640 424
1447650 424
1447660 424
1447670 425
1447680 425
1447690 425
1447700 425
1447710 425
1447720 427
1447730 429
1447740 429
1447750 431
1447760 433
1447770 433
1447780 433
1447790 433
1447800 433
1447810 433
1447820 433
1447830 433
1447840 433
1447850 433
1447860 433
1447870 433
1447880 432
1447890 432
1447900 432
1447910 432
1447920 432
1447930 432
1447940 433
1447950 433
1447960 434
1447970 434
1447980 434
1447990 434
1448000 434
1448010 433
1448020 433
1448030 432
1448040 430
1448050 430
1448060 429
1448070 427
1448080 427
1448090 424
1448100 423
1448110 423
1448120 423
1448130 422
1448140 422
1448150 421
1448160 421
1448170 421
1448180 420
1448190 420
1448200 420
1448210 420
1448220 418
1448230 418
1448240 417
1448250 419
1448260 419
1448270 422
1448280 423
1448290 423
1448300 423
1448310 422
1448320 422
1448330 421
1448340 420
1448350 420
1448360 419
1448370 414
1448380 414
1448390 414
1448400 414
1448410 414
1448420 413
1448430 413
1448440 413
1448450 413
1448460 412
1448470 412
1448480 412
1448490 412
1448500 412
1448510 412
1448520 412
1448530 412
1448540 412
1448550 412
1448560 412
1448570 412
1448580 412
1448590 412
1448600 412
1448610 412
1448620 412
1448630 412
1448640 412
1448650 413
1448660 413
1448670 415
1448680 415
1448690 415
1448700 417
1448710 418
1448720 418
1448730 418
1448740 418
1448750 418
1448760 417
1448770 417
1448780 417
1448790 416
1448800 416
1448810 416
1448820 415
1448830 416
1448840 416
1448850 415
1448860 414
1448870 414
1448880 414
1448890 414
1448900 414
1448910 413
1448920 413
1448930 413
1448940 413
1448950 413
1448960 413
1448970 413
1448980 413
1448990 413
1449000 413
1449010 413
1449020 413
1449030 413
1449040 413
1449050 413
1449060 413
1449070 413
1449080 413
1449090 413
1449100 413
1449110 413
1449120 413
1449130 413
1449140 413
1449150 413
1449160 413
1449170 413
1449180 413
1449190 413
1449200 413
1449210 413
1449220 413
1449230 413
1449240 413
1449250 413
1449260 413
1449270 413
1449280 413
1449290 413
1449300 413
1449310 413
1449320 413
1449330 413
1449340 413
1449350 413
1449360 413
1449370 413
1449380 413
1449390 413
1449400 413
1449410 413
1449420 413
1449430 413
1449440 413
1449450 413
1449460 413
1449470 413
1449480 413
1449490 414
1449500 414
1449510 414
1449520 414
1449530 414
1449540 414
1449550 414
1449560 414
1449570 414
1449580 414
1449590 414
1449600 414
1449610 414
1449620 414
1449630 414
1449640 414
1449650 414
1449660 414
1449670 414
1449680 414
1449690 414
1449700 414
1449710 414
1449720 414
1449730 414
1449740 414
1449750 414
1449760 414
1449770 414
1449780 413
1449790 413
1449800 413
1449810 413
1449820 413
1449830 413
1449840 413
1449850 413
1449860 413
1449870 412
1449880 412
1449890 413
1449900 413
1449910 413
1449920 413
1449930 413
1449940 413
1449950 413
1449960 413
1449970 413
1449980 413
1449990 412
1450000 412
1450010 412
1450020 413
1450030 413
1450040 413
1450050 414
1450060 414
1450070 414
1450080 414
1450090 414
1450100 414
1450110 414
1450120 414
1450130 415
1450140 415
1450150 415
1450160 415
1450170 415
1450180 415
1450190 415
1450200 415
1450210 415
1450220 414
1450230 414
1450240 414
1450250 414
1450260 415
1450270 415
1450280 415
1450290 415
1450300 415
1450310 415
1450320 415
1450330 415
1450340 415
1450350 415
1450360 415
1450370 415
1450380 415
1450390 415
1450400 415
1450410 415
1450420 415
1450430 415
1450440 415
1450450 415
1450460 415
1450470 415
1450480 415
1450490 415
1450500 415
1450510 415
1450520 415
1450530 415
1450540 415
1450550 415
1450560 415
1450570 415
1450580 415
1450590 415
1450600 415
1450610 415
1450620 414
1450630 414
1450640 414
1450650 414
1450660 412
1450670 412
1450680 411
1450690 414
1450700 414
1450710 415
1450720 415
1450730 415
1450740 415
1450750 415
1450760 415
1450770 415
1450780 412
1450790 412
1450800 408
1450810 408
1450820 408
1450830 408
1450840 408
1450850 408
1450860 408
1450870 408
1450880 408
1450890 408
1450900 408
1450910 408
1450920 408
1450930 411
1450940 415
1450950 415
1450960 415
1450970 415
1450980 415
1450990 415
1451000 415
1451010 415
1451020 415
1451030 414
1451040 414
1451050 414
1451060 414
1451070 414
1451080 413
1451090 413
1451100 413
1451110 413
1451120 413
1451130 413
1451140 414
1451150 414
1451160 414
1451170 414
1451180 414
1451190 414
1451200 414
1451210 414
1451220 414
1451230 414
1451240 414
1451250 414
1451260 414
1451270 414
1451280 414
1451290 414
1451300 414
1451310 414
1451320 413
1451330 412
1451340 412
1451350 412
1451360 412
1451370 412
1451380 412
1451390 415
1451400 415
1451410 416
1451420 416
1451430 416
1451440 416
1451450 416
1451460 416
1451470 416
1451480 416
1451490 416
1451500 416
1451510 416
1451520 416
1451530 416
1451540 416
1451550 416
1451560 416
1451570 416
1451580 416
1451590 416
1451600 416
1451610 416
1451620 416
1451630 416
1451640 416
1451650 416
1451660 416
1451670 416
1451680 416
1451690 416
1451700 416
1451710 416
1451720 416
1451730 417
1451740 417
1451750 417
1451760 416
1451770 416
1451780 416
1451790 417
1451800 417
1451810 417
1451820 416
1451830 416
1451840 416
1451850 416
1451860 416
1451870 416
1451880 416
1451890 416
1451900 416
1451910 416
1451920 416
1451930 416
1451940 417
1451950 417
1451960 417
1451970 419
1451980 419
1451990 419
1452000 420
1452010 420
1452020 421
1452030 422
1452040 422
1452050 423
1452060 423
1452070 424
1452080 424
1452090 424
1452100 424
1452110 424
1452120 424
1452130 424
1452140 424
1452150 424
1452160 424
1452170 424
1452180 424
1452190 424
1452200 424
1452210 424
1452220 424
1452230 424
1452240 424
1452250 424
1452260 424
1452270 424
1452280 424
1452290 424
1452300 424
1452310 424
1452320 424
1452330 424
1452340 424
1452350 424
1452360 424
1452370 424
1452380 424
1452390 424
1452400 424
1452410 424
1452420 425
1452430 425
1452440 425
1452450 425
1452460 425
1452470 425
1452480 425
1452490 425
1452500 425
1452510 425
1452520 425
1452530 425
1452540 425
1452550 425
1452560 425
1452570 425
1452580 425
1452590 425
1452600 424
1452610 424
1452620 424
1452630 424
1452640 424
1452650 424
1452660 424
1452670 425
1452680 425
1452690 425
1452700 425
1452710 425
1452720 425
1452730 425
1452740 426
1452750 426
1452760 425
1452770 425
1452780 425
1452790 425
1452800 425
1452810 425
1452820 425
1452830 425
1452840 425
1452850 425
1452860 425
1452870 425
1452880 425
1452890 425
1452900 425
1452910 425
1452920 425
1452930 425
1452940 425
1452950 425
1452960 425
1452970 429
1452980 430
1452990 430
1453000 427
1453010 425
1453020 425
1453030 425
1453040 425
1453050 425
1453060 425
1453070 425
1453080 425
1453090 425
1453100 425
1453110 425
1453120 425
1453130 425
1453140 425
1453150 425
1453160 425
1453170 425
1453180 425
1453190 425
1453200 425
1453210 425
1453220 425
1453230 427
1453240 427
1453250 428
1453260 429
1453270 429
1453280 428
1453290 427
1453300 427
1453310 426
1453320 426
1453330 426
1453340 425
1453350 425
1453360 425
1453370 425
1453380 425
1453390 425
1453400 425
1453410 425
1453420 425
1453430 425
1453440 425
1453450 425
1453460 425
1453470 425
1453480 425
1453490 426
1453500 427
1453510 427
1453520 429
1453530 429
1453540 429
1453550 429
1453560 428
1453570 428
1453580 428
1453590 428
1453600 428
1453610 427
1453620 425
1453630 425
1453640 425
1453650 425
1453660 425
1453670 425
1453680 424
1453690 424
1453700 425
1453710 426
1453720 426
1453730 426
1453740 426
1453750 426
1453760 426
1453770 426
1453780 426
1453790 426
1453800 426
1453810 427
1453820 427
1453830 426
1453840 429
1453850 429
1453860 432
1453870 432
1453880 432
1453890 430
1453900 428
1453910 428
1453920 427
1453930 425
1453940 425
1453950 426
1453960 426
1453970 426
1453980 426
1453990 426
1454000 426
1454010 426
1454020 426
1454030 426
1454040 426
1454050 426
1454060 426
1454070 426
1454080 426
1454090 426
1454100 427
1454110 427
1454120 427
1454130 427
1454140 427
1454150 427
1454160 427
1454170 427
1454180 427
1454190 427
1454200 426
1454210 426
1454220 427
1454230 427
1454240 427
1454250 427
1454260 428
1454270 428
1454280 427
1454290 427
1454300 427
1454310 427
1454320 427
1454330 427
1454340 427
1454350 427
1454360 427
1454370 427
1454380 427
1454390 427
1454400 427
1454410 427
1454420 427
1454430 427
1454440 427
1454450 427
1454460 427
1454470 428
1454480 428
1454490 428
1454500 428
1454510 428
1454520 428
1454530 428
1454540 428
1454550 428
1454560 428
1454570 428
1454580 428
1454590 427
1454600 427
1454610 427
1454620 429
1454630 429
1454640 429
1454650 429
1454660 429
1454670 429
1454680 429
1454690 429
1454700 429
1454710 429
1454720 428
1454730 428
1454740 429
1454750 429
1454760 429
1454770 429
1454780 429
1454790 429
1454800 429
1454810 429
1454820 429
1454830 429
1454840 428
1454850 428
1454860 428
1454870 428
1454880 428
1454890 428
1454900 428
1454910 428
1454920 427
1454930 428
1454940 428
1454950 428
1454960 428
1454970 428
1454980 428
1454990 428
1455000 428
1455010 428
1455020 427
1455030 427
1455040 427
1455050 428
1455060 428
1455070 428
1455080 428
1455090 428
1455100 428
1455110 428
1455120 428
1455130 428
1455140 428
1455150 428
1455160 428
1455170 428
1455180 428
1455190 428
1455200 429
1455210 429
1455220 429
1455230 429
1455240 429
1455250 429
1455260 429
1455270 429
1455280 429
1455290 428
1455300 428
1455310 428
1455320 428
1455330 428
1455340 428
1455350 429
1455360 429
1455370 429
1455380 428
1455390 429
1455400 429
1455410 429
1455420 429
1455430 429
1455440 429
1455450 430
1455460 430
1455470 430
1455480 430
1455490 430
1455500 431
1455510 431
1455520 432
1455530 432
1455540 432
1455550 432
1455560 432
1455570 432
1455580 432
1455590 432
1455600 432
1455610 432
1455620 432
1455630 432
1455640 432
1455650 432
1455660 432
1455670 433
1455680 433
1455690 433
1455700 434
1455710 434
1455720 434
1455730 434
1455740 434
1455750 434
1455760 434
1455770 434
1455780 434
1455790 435
1455800 435
1455810 435
1455820 435
1455830 435
1455840 437
1455850 438
1455860 438
1455870 438
1455880 440
1455890 440
1455900 441
1455910 442
1455920 442
1455930 443
1455940 444
1455950 444
1455960 446
1455970 447
1455980 447
1455990 450
1456000 453
1456010 453
1456020 457
1456030 460
1456040 460
1456050 463
1456060 466
1456070 466
1456080 468
1456090 467
1456100 468
1456110 468
1456120 472
1456130 474
1456140 474
1456150 477
1456160 482
1456170 482
1456180 490
1456190 494
1456200 494
1456210 499
1456220 506
1456230 506
1456240 514
1456250 522
1456260 522
1456270 529
1456280 535
1456290 535
1456300 540
1456310 545
1456320 545
1456330 549
1456340 552
1456350 552
1456360 554
1456370 556
1456380 556
1456390 559
1456400 562
1456410 562
1456420 566
1456430 569
1456440 569
1456450 571
1456460 574
1456470 574
1456480 577
1456490 579
1456500 579
1456510 580
1456520 581
1456530 581
1456540 582
1456550 583
1456560 583
1456570 584
1456580 586
1456590 586
1456600 587
1456610 589
1456620 589
1456630 591
1456640 593
1456650 593
1456660 595
1456670 597
1456680 600
1456690 600
1456700 602
1456710 604
1456720 604
1456730 608
1456740 613
1456750 614
1456760 617
1456770 619
1456780 619
1456790 622
1456800 625
1456810 625
1456820 628
1456830 631
1456840 631
1456850 634
1456860 637
1456870 637
1456880 639
1456890 640
1456900 640
1456910 641
1456920 642
1456930 642
1456940 643
1456950 644
1456960 644
1456970 645
1456980 646
1456990 646
1457000 647
1457010 648
1457020 648
1457030 649
1457040 650
1457050 650
1457060 650
1457070 649
1457080 649
1457090 648
1457100 649
1457110 649
1457120 651
1457130 653
1457140 653
1457150 655
1457160 657
1457170 657
1457180 661
1457190 666
1457200 666
1457210 670
1457220 672
1457230 672
1457240 675
1457250 675
1457260 675
1457270 675
1457280 676
1457290 676
1457300 676
1457310 677
1457320 677
1457330 677
1457340 678
1457350 678
1457360 678
1457370 678
1457380 678
1457390 678
1457400 679
1457410 679
1457420 679
1457430 678
1457440 678
1457450 678
1457460 676
1457470 675
1457480 675
1457490 674
1457500 671
1457510 671
1457520 668
1457530 665
1457540 665
1457550 663
1457560 661
1457570 661
1457580 659
1457590 657
1457600 657
1457610 655
1457620 653
1457630 653
1457640 652
1457650 651
1457660 651
1457670 650
1457680 649
1457690 649
1457700 648
1457710 647
1457720 647
1457730 647
1457740 646
1457750 646
1457760 645
1457770 644
1457780 644
1457790 644
1457800 643
1457810 643
1457820 642
1457830 641
1457840 638
1457850 638
1457860 638
1457870 639
1457880 639
1457890 640
1457900 640
1457910 640
1457920 641
1457930 641
1457940 641
1457950 640
1457960 639
1457970 639
1457980 638
1457990 637
1458000 637
1458010 636
1458020 636
1458030 636
1458040 635
1458050 634
1458060 634
1458070 634
1458080 633
1458090 633
1458100 633
1458110 632
1458120 632
1458130 631
1458140 630
1458150 630
1458160 628
1458170 626
1458180 626
1458190 625
1458200 623
1458210 623
1458220 622
1458230 622
1458240 622
1458250 621
1458260 620
1458270 620
1458280 618
1458290 617
1458300 617
1458310 616
1458320 616
1458330 616
1458340 615
1458350 615
1458360 615
1458370 615
1458380 615
1458390 615
1458400 614
1458410 613
1458420 610
1458430 610
1458440 609
1458450 610
1458460 610
1458470 610
1458480 609
1458490 609
1458500 609
1458510 609
1458520 609
1458530 608
1458540 607
1458550 607
1458560 607
1458570 607
1458580 607
1458590 607
1458600 607
1458610 607
1458620 607
1458630 605
1458640 605
1458650 605
1458660 605
1458670 605
1458680 605
1458690 605
1458700 605
1458710 606
1458720 606
1458730 606
1458740 607
1458750 607
1458760 607
1458770 607
1458780 607
1458790 607
1458800 606
1458810 606
1458820 606
1458830 606
1458840 606
1458850 606
1458860 606
1458870 607
1458880 607
1458890 607
1458900 607
1458910 607
1458920 608
1458930 608
1458940 608
1458950 608
1458960 609
1458970 609
1458980 610
1458990 610
1459000 611
1459010 611
1459020 611
1459030 612
1459040 612
1459050 612
1459060 613
1459070 613
1459080 613
1459090 613
1459100 613
1459110 614
1459120 613
1459130 613
1459140 613
1459150 613
1459160 613
1459170 613
1459180 613
1459190 613
1459200 612
1459210 612
1459220 612
1459230 612
1459240 612
1459250 612
1459260 611
1459270 611
1459280 611
1459290 611
1459300 611
1459310 611
1459320 612
1459330 613
1459340 613
1459350 613
1459360 614
1459370 614
1459380 614
1459390 614
1459400 614
1459410 614
1459420 614
1459430 614
1459440 615
1459450 615
1459460 615
1459470 615
1459480 615
1459490 615
1459500 615
1459510 615
1459520 615
1459530 615
1459540 615
1459550 615
1459560 615
1459570 615
1459580 615
1459590 615
1459600 614
1459610 613
1459620 613
1459630 612
1459640 612
1459650 612
1459660 610
1459670 608
1459680 608
1459690 605
1459700 604
1459710 604
1459720 605
1459730 606
1459740 606
1459750 605
1459760 606
1459770 606
1459780 606
1459790 606
1459800 606
1459810 606
1459820 608
1459830 608
1459840 612
1459850 614
1459860 614
1459870 615
1459880 617
1459890 617
1459900 618
1459910 618
1459920 618
1459930 619
1459940 619
1459950 619
1459960 620
1459970 621
1459980 621
1459990 622
