1443970 423
1443980 423
1443990 423
1444000 423
1444010 423
1444020 423
1444030 423
1444040 423
1444050 423
1444060 423
1444070 423
1444080 423
1444090 423
1444100 423
1444110 423
1444120 423
1444130 423
1444140 423
1444150 423
1444160 423
1444170 423
1444180 423
1444190 423
1444200 423
1444210 423
1444220 423
1444230 423
1444240 423
1444250 423
1444260 423
1444270 423
1444280 423
1444290 423
1444300 423
1444310 423
1444320 423
1444330 423
1444340 423
1444350 423
1444360 423
1444370 423
1444380 423
1444390 423
1444400 423
1444410 423
1444420 423
1444430 423
1444440 423
1444450 423
1444460 423
1444470 423
1444480 423
1444490 423
1444500 423
1444510 423
1444520 423
1444530 423
1444540 423
1444550 423
1444560 423
1444570 423
1444580 422
1444590 422
1444600 423
1444610 423
1444620 423
1444630 423
1444640 423
1444650 423
1444660 422
1444670 422
1444680 422
1444690 422
1444700 422
1444710 422
1444720 421
1444730 421
1444740 421
1444750 421
1444760 422
1444770 422
1444780 421
1444790 421
1444800 421
1444810 421
1444820 421
1444830 421
1444840 421
1444850 420
1444860 420
1444870 420
1444880 420
1444890 420
1444900 420
1444910 420
1444920 420
1444930 420
1444940 420
1444950 420
1444960 420
1444970 420
1444980 420
1444990 420
1445000 420
1445010 420
1445020 420
1445030 420
1445040 420
1445050 420
1445060 420
1445070 420
1445080 420
1445090 420
1445100 420
1445110 420
1445120 420
1445130 420
1445140 420
1445150 419
1445160 419
1445170 419
1445180 419
1445190 419
1445200 419
1445210 419
1445220 419
1445230 419
1445240 419
1445250 419
1445260 419
1445270 419
1445280 418
1445290 418
1445300 416
1445310 414
1445320 414
1445330 414
1445340 414
1445350 414
1445360 413
1445370 413
1445380 413
1445390 413
1445400 413
1445410 413
1445420 413
1445430 413
1445440 413
1445450 413
1445460 413
1445470 413
1445480 413
1445490 413
1445500 413
1445510 413
1445520 413
1445530 413
1445540 413
1445550 413
1445560 413
1445570 413
1445580 413
1445590 413
1445600 413
1445610 413
1445620 413
1445630 413
1445640 413
1445650 413
1445660 413
1445670 414
1445680 414
1445690 414
1445700 413
1445710 414
1445720 414
1445730 413
1445740 413
1445750 413
1445760 413
1445770 413
1445780 413
1445790 413
1445800 414
1445810 414
1445820 417
1445830 419
1445840 419
1445850 419
1445860 416
1445870 416
1445880 414
1445890 413
1445900 413
1445910 413
1445920 413
1445930 413
1445940 414
1445950 414
1445960 414
1445970 414
1445980 414
1445990 414
1446000 413
1446010 413
1446020 413
1446030 413
1446040 414
1446050 414
1446060 414
1446070 414
1446080 414
1446090 414
1446100 414
1446110 414
1446120 414
1446130 413
1446140 413
1446150 413
1446160 413
1446170 413
1446180 413
1446190 413
1446200 413
1446210 413
1446220 413
1446230 413
1446240 413
1446250 413
1446260 413
1446270 413
1446280 413
1446290 413
1446300 413
1446310 413
1446320 413
1446330 413
1446340 413
1446350 413
1446360 413
1446370 413
1446380 413
1446390 413
1446400 413
1446410 413
1446420 413
1446430 413
1446440 413
1446450 413
1446460 413
1446470 413
1446480 413
1446490 413
1446500 413
1446510 413
1446520 413
1446530 413
1446540 413
1446550 412
1446560 412
1446570 412
1446580 412
1446590 412
1446600 412
1446610 413
1446620 413
1446630 413
1446640 413
1446650 412
1446660 412
1446670 412
1446680 412
1446690 412
1446700 412
1446710 412
1446720 412
1446730 412
1446740 412
1446750 413
1446760 413
1446770 412
1446780 412
1446790 412
1446800 412
1446810 412
1446820 412
1446830 412
1446840 413
1446850 413
1446860 413
1446870 413
1446880 413
1446890 413
1446900 413
1446910 413
1446920 413
1446930 413
1446940 413
1446950 413
1446960 413
1446970 413
1446980 413
1446990 413
1447000 413
1447010 413
1447020 412
1447030 412
1447040 408
1447050 405
1447060 405
1447070 405
1447080 405
1447090 405
1447100 405
1447110 407
1447120 407
1447130 410
1447140 412
1447150 412
1447160 412
1447170 412
1447180 412
1447190 412
1447200 412
1447210 412
1447220 410
1447230 408
1447240 408
1447250 409
1447260 409
1447270 409
1447280 409
1447290 409
1447300 409
1447310 409
1447320 412
1447330 412
1447340 412
1447350 412
1447360 412
1447370 412
1447380 412
1447390 412
1447400 412
1447410 412
1447420 412
1447430 412
1447440 412
1447450 412
1447460 412
1447470 412
1447480 412
1447490 412
1447500 411
1447510 411
1447520 411
1447530 411
1447540 411
1447550 411
1447560 411
1447570 411
1447580 411
1447590 412
1447600 411
1447610 411
1447620 411
1447630 411
1447640 411
1447650 411
1447660 411
1447670 411
1447680 411
1447690 411
1447700 411
1447710 411
1447720 411
1447730 411
1447740 411
1447750 411
1447760 411
1447770 411
1447780 411
1447790 411
1447800 410
1447810 410
1447820 410
1447830 410
1447840 410
1447850 410
1447860 410
1447870 410
1447880 410
1447890 410
1447900 410
1447910 410
1447920 410
1447930 410
1447940 410
1447950 410
1447960 409
1447970 408
1447980 408
1447990 408
1448000 408
1448010 408
1448020 408
1448030 408
1448040 408
1448050 408
1448060 409
1448070 409
1448080 410
1448090 409
1448100 409
1448110 409
1448120 409
1448130 409
1448140 409
1448150 410
1448160 410
1448170 409
1448180 409
1448190 409
1448200 409
1448210 409
1448220 409
1448230 409
1448240 410
1448250 410
1448260 410
1448270 410
1448280 410
1448290 409
1448300 408
1448310 408
1448320 408
1448330 407
1448340 407
1448350 407
1448360 407
1448370 407
1448380 407
1448390 407
1448400 407
1448410 407
1448420 407
1448430 407
1448440 407
1448450 407
1448460 407
1448470 407
1448480 407
1448490 407
1448500 407
1448510 407
1448520 407
1448530 407
1448540 408
1448550 409
1448560 409
1448570 410
1448580 410
1448590 410
1448600 410
1448610 410
1448620 410
1448630 410
1448640 410
1448650 410
1448660 410
1448670 410
1448680 410
1448690 410
1448700 410
1448710 410
1448720 410
1448730 410
1448740 410
1448750 409
1448760 409
1448770 409
1448780 408
1448790 408
1448800 408
1448810 408
1448820 408
1448830 408
1448840 408
1448850 408
1448860 408
1448870 407
1448880 407
1448890 407
1448900 407
1448910 407
1448920 407
1448930 407
1448940 407
1448950 407
1448960 407
1448970 407
1448980 407
1448990 407
1449000 407
1449010 407
1449020 407
1449030 407
1449040 407
1449050 407
1449060 407
1449070 407
1449080 407
1449090 407
1449100 407
1449110 407
1449120 408
1449130 408
1449140 408
1449150 408
1449160 408
1449170 408
1449180 408
1449190 408
1449200 408
1449210 409
1449220 409
1449230 409
1449240 410
1449250 410
1449260 410
1449270 410
1449280 410
1449290 410
1449300 409
1449310 405
1449320 405
1449330 404
1449340 404
1449350 404
1449360 404
1449370 404
1449380 404
1449390 404
1449400 404
1449410 404
1449420 404
1449430 404
1449440 404
1449450 404
1449460 405
1449470 405
1449480 408
1449490 411
1449500 411
1449510 411
1449520 411
1449530 411
1449540 411
1449550 412
1449560 412
1449570 411
1449580 411
1449590 411
1449600 414
1449610 415
1449620 415
1449630 417
1449640 417
1449650 417
1449660 416
1449670 416
1449680 416
1449690 417
1449700 419
1449710 419
1449720 419
1449730 420
1449740 419
1449750 419
1449760 419
1449770 418
1449780 418
1449790 418
1449800 420
1449810 420
1449820 422
1449830 422
1449840 422
1449850 423
1449860 423
1449870 423
1449880 424
1449890 424
1449900 424
1449910 425
1449920 426
1449930 426
1449940 426
1449950 427
1449960 427
1449970 428
1449980 428
1449990 428
1450000 428
1450010 428
1450020 428
1450030 429
1450040 430
1450050 430
1450060 432
1450070 433
1450080 433
1450090 434
1450100 437
1450110 437
1450120 438
1450130 441
1450140 441
1450150 444
1450160 447
1450170 447
1450180 450
1450190 452
1450200 452
1450210 454
1450220 454
1450230 454
1450240 454
1450250 453
1450260 453
1450270 453
1450280 453
1450290 454
1450300 454
1450310 454
1450320 455
1450330 455
1450340 455
1450350 456
1450360 456
1450370 457
1450380 458
1450390 458
1450400 458
1450410 459
1450420 459
1450430 459
1450440 460
1450450 460
1450460 461
1450470 462
1450480 462
1450490 462
1450500 462
1450510 462
1450520 463
1450530 463
1450540 463
1450550 463
1450560 464
1450570 464
1450580 465
1450590 465
1450600 465
1450610 466
1450620 467
1450630 467
1450640 468
1450650 470
1450660 470
1450670 470
1450680 471
1450690 471
1450700 472
1450710 473
1450720 473
1450730 474
1450740 477
1450750 477
1450760 476
1450770 476
1450780 476
1450790 475
1450800 475
1450810 475
1450820 475
1450830 475
1450840 475
1450850 475
1450860 476
1450870 476
1450880 477
1450890 481
1450900 484
1450910 484
1450920 485
1450930 485
1450940 485
1450950 485
1450960 485
1450970 485
1450980 486
1450990 486
1451000 486
1451010 487
1451020 488
1451030 488
1451040 488
1451050 490
1451060 490
1451070 492
1451080 494
1451090 494
1451100 497
1451110 499
1451120 499
1451130 500
1451140 502
1451150 502
1451160 504
1451170 505
1451180 505
1451190 507
1451200 508
1451210 508
1451220 509
1451230 510
1451240 510
1451250 511
1451260 512
1451270 512
1451280 513
1451290 514
1451300 514
1451310 515
1451320 516
1451330 516
1451340 517
1451350 518
1451360 518
1451370 519
1451380 521
1451390 521
1451400 522
1451410 524
1451420 524
1451430 526
1451440 527
1451450 527
1451460 528
1451470 528
1451480 528
1451490 528
1451500 529
1451510 529
1451520 529
1451530 529
1451540 529
1451550 529
1451560 529
1451570 529
1451580 529
1451590 529
1451600 528
1451610 528
1451620 528
1451630 527
1451640 527
1451650 525
1451660 524
1451670 524
1451680 523
1451690 522
1451700 522
1451710 521
1451720 520
1451730 520
1451740 517
1451750 515
1451760 515
1451770 513
1451780 512
1451790 512
1451800 511
1451810 509
1451820 509
1451830 503
1451840 499
1451850 499
1451860 498
1451870 499
1451880 499
1451890 500
1451900 501
1451910 501
1451920 501
1451930 500
1451940 500
1451950 499
1451960 498
1451970 498
1451980 498
1451990 498
1452000 498
1452010 499
1452020 501
1452030 501
1452040 503
1452050 506
1452060 506
1452070 508
1452080 510
1452090 511
1452100 511
1452110 513
1452120 514
1452130 514
1452140 513
1452150 511
1452160 511
1452170 509
1452180 507
1452190 507
1452200 505
1452210 502
1452220 502
1452230 501
1452240 499
1452250 499
1452260 497
1452270 493
1452280 493
1452290 490
1452300 490
1452310 490
1452320 490
1452330 490
1452340 490
1452350 489
1452360 488
1452370 488
1452380 487
1452390 487
1452400 487
1452410 486
1452420 484
1452430 484
1452440 483
1452450 483
1452460 483
1452470 482
1452480 482
1452490 482
1452500 482
1452510 481
1452520 481
1452530 480
1452540 477
1452550 477
1452560 476
1452570 474
1452580 474
1452590 473
1452600 474
1452610 474
1452620 475
1452630 476
1452640 476
1452650 478
1452660 480
1452670 480
1452680 481
1452690 483
1452700 484
1452710 484
1452720 484
1452730 484
1452740 484
1452750 485
1452760 485
1452770 485
1452780 485
1452790 485
1452800 485
1452810 485
1452820 484
1452830 484
1452840 484
1452850 483
1452860 483
1452870 482
1452880 480
1452890 480
1452900 479
1452910 477
1452920 477
1452930 474
1452940 471
1452950 471
1452960 469
1452970 467
1452980 467
1452990 466
1453000 464
1453010 464
1453020 463
1453030 462
1453040 462
1453050 462
1453060 463
1453070 463
1453080 463
1453090 462
1453100 462
1453110 461
1453120 459
1453130 459
1453140 457
1453150 456
1453160 456
1453170 454
1453180 452
1453190 452
1453200 449
1453210 447
1453220 447
1453230 446
1453240 444
1453250 444
1453260 442
1453270 441
1453280 441
1453290 439
1453300 437
1453310 433
1453320 433
1453330 433
1453340 433
1453350 433
1453360 433
1453370 433
1453380 433
1453390 432
1453400 432
1453410 432
1453420 432
1453430 432
1453440 432
1453450 432
1453460 431
1453470 431
1453480 430
1453490 430
1453500 430
1453510 431
1453520 431
1453530 431
1453540 431
1453550 431
1453560 431
1453570 431
1453580 431
1453590 431
1453600 431
1453610 431
1453620 431
1453630 431
1453640 431
1453650 431
1453660 431
1453670 431
1453680 431
1453690 430
1453700 430
1453710 430
1453720 431
1453730 431
1453740 431
1453750 431
1453760 431
1453770 431
1453780 431
1453790 431
1453800 431
1453810 432
1453820 432
1453830 432
1453840 432
1453850 432
1453860 432
1453870 432
1453880 432
1453890 432
1453900 432
1453910 432
1453920 433
1453930 433
1453940 434
1453950 434
1453960 434
1453970 435
1453980 435
1453990 435
1454000 435
1454010 435
1454020 435
1454030 435
1454040 436
1454050 436
1454060 436
1454070 436
1454080 436
1454090 436
1454100 436
1454110 436
1454120 436
1454130 437
1454140 437
1454150 437
1454160 437
1454170 437
1454180 438
1454190 439
1454200 439
1454210 440
1454220 441
1454230 441
1454240 442
1454250 442
1454260 442
1454270 442
1454280 442
1454290 442
1454300 443
1454310 444
1454320 444
1454330 445
1454340 445
1454350 445
1454360 446
1454370 447
1454380 447
1454390 448
1454400 449
1454410 449
1454420 450
1454430 451
1454440 451
1454450 452
1454460 454
1454470 454
1454480 457
1454490 461
1454500 465
1454510 465
1454520 470
1454530 474
1454540 474
1454550 478
1454560 477
1454570 477
1454580 473
1454590 471
1454600 471
1454610 474
1454620 478
1454630 478
1454640 482
1454650 487
1454660 487
1454670 490
1454680 494
1454690 494
1454700 497
1454710 498
1454720 498
1454730 499
1454740 500
1454750 500
1454760 501
1454770 501
1454780 501
1454790 501
1454800 500
1454810 500
1454820 500
1454830 499
1454840 499
1454850 499
1454860 500
1454870 500
1454880 500
1454890 501
1454900 501
1454910 502
1454920 504
1454930 504
1454940 505
1454950 506
1454960 506
1454970 508
1454980 509
1454990 509
1455000 511
1455010 512
1455020 512
1455030 514
1455040 516
1455050 516
1455060 517
1455070 518
1455080 518
1455090 518
1455100 518
1455110 518
1455120 518
1455130 518
1455140 519
1455150 519
1455160 519
1455170 519
1455180 519
1455190 520
1455200 520
1455210 520
1455220 521
1455230 521
1455240 521
1455250 522
1455260 522
1455270 522
1455280 522
1455290 522
1455300 522
1455310 522
1455320 522
1455330 522
1455340 522
1455350 522
1455360 522
1455370 522
1455380 522
1455390 522
1455400 522
1455410 522
1455420 522
1455430 522
1455440 522
1455450 522
1455460 523
1455470 522
1455480 522
1455490 517
1455500 510
1455510 510
1455520 506
1455530 502
1455540 502
1455550 501
1455560 501
1455570 501
1455580 501
1455590 501
1455600 501
1455610 501
1455620 501
1455630 501
1455640 501
1455650 498
1455660 498
1455670 492
1455680 487
1455690 485
1455700 485
1455710 483
1455720 482
1455730 482
1455740 479
1455750 476
1455760 476
1455770 473
1455780 470
1455790 470
1455800 468
1455810 467
1455820 467
1455830 466
1455840 464
1455850 464
1455860 463
1455870 462
1455880 462
1455890 462
1455900 461
1455910 461
1455920 460
1455930 459
1455940 459
1455950 458
1455960 458
1455970 458
1455980 457
1455990 457
1456000 457
1456010 456
1456020 456
1456030 456
1456040 456
1456050 456
1456060 456
1456070 455
1456080 455
1456090 455
1456100 455
1456110 454
1456120 454
1456130 453
1456140 453
1456150 453
1456160 452
1456170 451
1456180 451
1456190 450
1456200 450
1456210 450
1456220 449
1456230 448
1456240 448
1456250 448
1456260 448
1456270 448
1456280 449
1456290 450
1456300 450
1456310 450
1456320 450
1456330 450
1456340 450
1456350 450
1456360 449
1456370 449
1456380 449
1456390 449
1456400 449
1456410 449
1456420 449
1456430 449
1456440 449
1456450 449
1456460 449
1456470 448
1456480 446
1456490 446
1456500 445
1456510 445
1456520 445
1456530 445
1456540 445
1456550 445
1456560 445
1456570 445
1456580 445
1456590 445
1456600 445
1456610 445
1456620 445
1456630 444
1456640 444
1456650 444
1456660 445
1456670 445
1456680 445
1456690 445
1456700 445
1456710 445
1456720 445
1456730 445
1456740 446
1456750 446
1456760 446
1456770 446
1456780 447
1456790 447
1456800 447
1456810 447
1456820 447
1456830 448
1456840 448
1456850 448
1456860 449
1456870 449
1456880 449
1456890 449
1456900 450
1456910 450
1456920 450
1456930 450
1456940 450
1456950 450
1456960 451
1456970 451
1456980 451
1456990 451
1457000 452
1457010 452
1457020 452
1457030 452
1457040 452
1457050 453
1457060 455
1457070 455
1457080 455
1457090 456
1457100 456
1457110 457
1457120 458
1457130 458
1457140 460
1457150 462
1457160 462
1457170 463
1457180 464
1457190 464
1457200 464
1457210 465
1457220 465
1457230 465
1457240 466
1457250 466
1457260 467
1457270 467
1457280 467
1457290 468
1457300 468
1457310 468
1457320 468
1457330 468
1457340 468
1457350 469
1457360 471
1457370 471
1457380 472
1457390 473
1457400 473
1457410 474
1457420 475
1457430 475
1457440 475
1457450 476
1457460 476
1457470 476
1457480 476
1457490 476
1457500 476
1457510 476
1457520 477
1457530 477
1457540 478
1457550 479
1457560 479
1457570 481
1457580 482
1457590 482
1457600 482
1457610 483
1457620 483
1457630 484
1457640 485
1457650 485
1457660 486
1457670 486
1457680 486
1457690 488
1457700 490
1457710 490
1457720 492
1457730 494
1457740 494
1457750 495
1457760 497
1457770 497
1457780 499
1457790 501
1457800 501
1457810 503
1457820 505
1457830 505
1457840 506
1457850 508
1457860 508
1457870 509
1457880 511
1457890 511
1457900 512
1457910 512
1457920 512
1457930 512
1457940 514
1457950 514
1457960 516
1457970 517
1457980 517
1457990 517
1458000 518
1458010 518
1458020 518
1458030 519
1458040 519
1458050 519
1458060 520
1458070 520
1458080 520
1458090 520
1458100 520
1458110 520
1458120 519
1458130 519
1458140 519
1458150 523
1458160 524
1458170 524
1458180 525
1458190 525
1458200 525
1458210 526
1458220 529
1458230 529
1458240 531
1458250 533
1458260 533
1458270 534
1458280 535
1458290 535
1458300 536
1458310 538
1458320 538
1458330 539
1458340 541
1458350 541
1458360 543
1458370 545
1458380 545
1458390 547
1458400 548
1458410 548
1458420 550
1458430 552
1458440 552
1458450 553
1458460 555
1458470 555
1458480 556
1458490 558
1458500 558
1458510 560
1458520 561
1458530 561
1458540 562
1458550 564
1458560 564
1458570 565
1458580 567
1458590 567
1458600 568
1458610 570
1458620 570
1458630 572
1458640 572
1458650 572
1458660 573
1458670 573
1458680 574
1458690 574
1458700 576
1458710 577
1458720 577
1458730 578
1458740 577
1458750 577
1458760 576
1458770 574
1458780 574
1458790 569
1458800 568
1458810 568
1458820 569
1458830 573
1458840 573
1458850 578
1458860 582
1458870 582
1458880 585
1458890 587
1458900 587
1458910 588
1458920 590
1458930 590
1458940 592
1458950 594
1458960 594
1458970 596
1458980 598
1458990 598
1459000 600
1459010 601
1459020 601
1459030 603
1459040 605
1459050 605
1459060 608
1459070 612
1459080 612
1459090 615
1459100 619
1459110 619
1459120 624
1459130 628
1459140 628
1459150 632
1459160 636
1459170 636
1459180 639
1459190 643
1459200 643
1459210 647
1459220 650
1459230 650
1459240 653
1459250 655
1459260 658
1459270 658
1459280 659
1459290 662
1459300 662
1459310 664
1459320 666
1459330 666
1459340 669
1459350 671
1459360 671
1459370 672
1459380 671
1459390 671
1459400 670
1459410 668
1459420 668
1459430 673
1459440 677
1459450 677
1459460 680
1459470 683
1459480 683
1459490 687
1459500 688
1459510 688
1459520 689
1459530 690
1459540 690
1459550 691
1459560 692
1459570 692
1459580 694
1459590 697
1459600 697
1459610 701
1459620 706
1459630 706
1459640 710
1459650 715
1459660 715
1459670 719
1459680 723
1459690 723
1459700 726
1459710 729
1459720 729
1459730 731
1459740 733
1459750 733
1459760 735
1459770 736
1459780 736
1459790 737
1459800 738
1459810 738
1459820 739
1459830 742
1459840 742
1459850 745
1459860 748
1459870 751
1459880 751
1459890 754
1459900 757
1459910 757
1459920 759
1459930 760
1459940 760
1459950 762
1459960 765
1459970 765
1459980 768
1459990 773
