1444350 417
1444360 417
1444370 417
1444380 417
1444390 416
1444400 416
1444410 416
1444420 416
1444430 416
1444440 416
1444450 416
1444460 416
1444470 416
1444480 416
1444490 416
1444500 416
1444510 416
1444520 416
1444530 416
1444540 416
1444550 416
1444560 416
1444570 416
1444580 416
1444590 416
1444600 416
1444610 416
1444620 416
1444630 416
1444640 416
1444650 416
1444660 416
1444670 416
1444680 416
1444690 416
1444700 416
1444710 416
1444720 416
1444730 416
1444740 416
1444750 417
1444760 416
1444770 416
1444780 416
1444790 416
1444800 416
1444810 416
1444820 416
1444830 416
1444840 416
1444850 416
1444860 416
1444870 416
1444880 416
1444890 416
1444900 417
1444910 417
1444920 417
1444930 417
1444940 417
1444950 417
1444960 417
1444970 417
1444980 417
1444990 416
1445000 416
1445010 416
1445020 416
1445030 416
1445040 416
1445050 416
1445060 416
1445070 416
1445080 416
1445090 417
1445100 417
1445110 417
1445120 417
1445130 417
1445140 417
1445150 417
1445160 416
1445170 416
1445180 416
1445190 416
1445200 416
1445210 416
1445220 415
1445230 415
1445240 414
1445250 412
1445260 412
1445270 411
1445280 410
1445290 410
1445300 409
1445310 408
1445320 408
1445330 409
1445340 409
1445350 409
1445360 407
1445370 406
1445380 406
1445390 406
1445400 406
1445410 406
1445420 406
1445430 405
1445440 405
1445450 405
1445460 405
1445470 405
1445480 405
1445490 406
1445500 406
1445510 405
1445520 405
1445530 405
1445540 405
1445550 406
1445560 406
1445570 405
1445580 405
1445590 405
1445600 406
1445610 406
1445620 406
1445630 406
1445640 406
1445650 406
1445660 406
1445670 405
1445680 405
1445690 405
1445700 406
1445710 406
1445720 406
1445730 406
1445740 406
1445750 406
1445760 406
1445770 406
1445780 406
1445790 406
1445800 406
1445810 406
1445820 406
1445830 406
1445840 406
1445850 406
1445860 406
1445870 406
1445880 406
1445890 406
1445900 406
1445910 406
1445920 406
1445930 406
1445940 406
1445950 406
1445960 406
1445970 406
1445980 406
1445990 406
1446000 406
1446010 406
1446020 406
1446030 406
1446040 406
1446050 406
1446060 406
1446070 406
1446080 406
1446090 406
1446100 406
1446110 406
1446120 406
1446130 406
1446140 406
1446150 407
1446160 407
1446170 407
1446180 406
1446190 405
1446200 405
1446210 405
1446220 404
1446230 404
1446240 404
1446250 405
1446260 405
1446270 406
1446280 406
1446290 406
1446300 406
1446310 406
1446320 406
1446330 406
1446340 406
1446350 406
1446360 406
1446370 406
1446380 407
1446390 407
1446400 407
1446410 407
1446420 407
1446430 407
1446440 407
1446450 407
1446460 407
1446470 407
1446480 407
1446490 407
1446500 407
1446510 407
1446520 407
1446530 407
1446540 407
1446550 407
1446560 407
1446570 407
1446580 407
1446590 407
1446600 407
1446610 407
1446620 407
1446630 407
1446640 407
1446650 407
1446660 407
1446670 407
1446680 407
1446690 407
1446700 407
1446710 407
1446720 407
1446730 407
1446740 407
1446750 407
1446760 407
1446770 407
1446780 407
1446790 407
1446800 407
1446810 407
1446820 407
1446830 407
1446840 407
1446850 407
1446860 407
1446870 407
1446880 408
1446890 408
1446900 407
1446910 407
1446920 406
1446930 402
1446940 402
1446950 400
1446960 400
1446970 400
1446980 400
1446990 400
1447000 400
1447010 400
1447020 400
1447030 400
1447040 400
1447050 400
1447060 400
1447070 400
1447080 400
1447090 400
1447100 400
1447110 400
1447120 400
1447130 403
1447140 406
1447150 406
1447160 407
1447170 408
1447180 408
1447190 408
1447200 408
1447210 408
1447220 408
1447230 408
1447240 408
1447250 408
1447260 407
1447270 407
1447280 405
1447290 404
1447300 404
1447310 404
1447320 404
1447330 404
1447340 405
1447350 408
1447360 408
1447370 406
1447380 406
1447390 406
1447400 406
1447410 406
1447420 406
1447430 407
1447440 407
1447450 407
1447460 406
1447470 407
1447480 407
1447490 407
1447500 407
1447510 407
1447520 407
1447530 407
1447540 407
1447550 407
1447560 407
1447570 407
1447580 407
1447590 407
1447600 407
1447610 407
1447620 407
1447630 408
1447640 408
1447650 408
1447660 407
1447670 407
1447680 407
1447690 407
1447700 407
1447710 408
1447720 409
1447730 409
1447740 409
1447750 409
1447760 409
1447770 409
1447780 409
1447790 409
1447800 410
1447810 412
1447820 412
1447830 415
1447840 418
1447850 418
1447860 418
1447870 418
1447880 418
1447890 418
1447900 418
1447910 418
1447920 418
1447930 418
1447940 418
1447950 418
1447960 418
1447970 418
1447980 419
1447990 419
1448000 419
1448010 419
1448020 419
1448030 419
1448040 420
1448050 420
1448060 420
1448070 420
1448080 420
1448090 420
1448100 420
1448110 420
1448120 420
1448130 420
1448140 420
1448150 420
1448160 420
1448170 419
1448180 419
1448190 419
1448200 420
1448210 420
1448220 420
1448230 419
1448240 419
1448250 419
1448260 419
1448270 419
1448280 419
1448290 419
1448300 419
1448310 419
1448320 419
1448330 419
1448340 419
1448350 419
1448360 420
1448370 420
1448380 420
1448390 420
1448400 420
1448410 419
1448420 419
1448430 419
1448440 419
1448450 419
1448460 419
1448470 419
1448480 419
1448490 419
1448500 419
1448510 419
1448520 419
1448530 419
1448540 419
1448550 419
1448560 419
1448570 419
1448580 419
1448590 419
1448600 419
1448610 419
1448620 419
1448630 419
1448640 419
1448650 420
1448660 419
1448670 419
1448680 419
1448690 419
1448700 419
1448710 419
1448720 419
1448730 419
1448740 419
1448750 419
1448760 419
1448770 419
1448780 419
1448790 419
1448800 419
1448810 419
1448820 419
1448830 419
1448840 419
1448850 419
1448860 419
1448870 419
1448880 419
1448890 419
1448900 419
1448910 419
1448920 419
1448930 419
1448940 419
1448950 419
1448960 419
1448970 419
1448980 419
1448990 419
1449000 419
1449010 419
1449020 419
1449030 419
1449040 419
1449050 420
1449060 421
1449070 421
1449080 421
1449090 422
1449100 422
1449110 424
1449120 427
1449130 427
1449140 430
1449150 434
1449160 434
1449170 438
1449180 442
1449190 442
1449200 445
1449210 449
1449220 449
1449230 451
1449240 452
1449250 452
1449260 454
1449270 457
1449280 457
1449290 459
1449300 461
1449310 461
1449320 463
1449330 465
1449340 465
1449350 468
1449360 471
1449370 471
1449380 474
1449390 476
1449400 477
1449410 477
1449420 478
1449430 479
1449440 479
1449450 480
1449460 482
1449470 482
1449480 484
1449490 485
1449500 485
1449510 487
1449520 488
1449530 488
1449540 490
1449550 490
1449560 490
1449570 490
1449580 490
1449590 490
1449600 490
1449610 490
1449620 490
1449630 490
1449640 489
1449650 489
1449660 489
1449670 490
1449680 490
1449690 489
1449700 488
1449710 488
1449720 487
1449730 486
1449740 486
1449750 486
1449760 485
1449770 485
1449780 486
1449790 486
1449800 486
1449810 486
1449820 487
1449830 487
1449840 488
1449850 489
1449860 489
1449870 491
1449880 493
1449890 493
1449900 496
1449910 500
1449920 500
1449930 504
1449940 508
1449950 508
1449960 512
1449970 517
1449980 517
1449990 522
1450000 525
1450010 525
1450020 527
1450030 530
1450040 532
1450050 532
1450060 535
1450070 537
1450080 537
1450090 540
1450100 543
1450110 543
1450120 546
1450130 549
1450140 549
1450150 552
1450160 554
1450170 554
1450180 555
1450190 556
1450200 556
1450210 557
1450220 560
1450230 560
1450240 562
1450250 567
1450260 567
1450270 569
1450280 569
1450290 569
1450300 569
1450310 569
1450320 569
1450330 569
1450340 569
1450350 569
1450360 569
1450370 571
1450380 571
1450390 573
1450400 573
1450410 573
1450420 574
1450430 575
1450440 575
1450450 576
1450460 578
1450470 578
1450480 579
1450490 580
1450500 580
1450510 582
1450520 583
1450530 583
1450540 585
1450550 586
1450560 586
1450570 588
1450580 590
1450590 590
1450600 593
1450610 595
1450620 595
1450630 597
1450640 600
1450650 602
1450660 602
1450670 604
1450680 607
1450690 607
1450700 611
1450710 614
1450720 614
1450730 618
1450740 623
1450750 623
1450760 628
1450770 633
1450780 633
1450790 638
1450800 643
1450810 643
1450820 649
1450830 654
1450840 654
1450850 657
1450860 658
1450870 658
1450880 660
1450890 661
1450900 661
1450910 663
1450920 665
1450930 665
1450940 667
1450950 669
1450960 669
1450970 670
1450980 672
1450990 672
1451000 672
1451010 673
1451020 673
1451030 673
1451040 671
1451050 671
1451060 666
1451070 663
1451080 663
1451090 658
1451100 654
1451110 654
1451120 651
1451130 646
1451140 646
1451150 639
1451160 629
1451170 629
1451180 622
1451190 617
1451200 617
1451210 612
1451220 607
1451230 607
1451240 604
1451250 601
1451260 601
1451270 596
1451280 594
1451290 592
1451300 592
1451310 587
1451320 585
1451330 585
1451340 588
1451350 590
1451360 590
1451370 592
1451380 594
1451390 594
1451400 593
1451410 591
1451420 591
1451430 590
1451440 587
1451450 587
1451460 585
1451470 583
1451480 583
1451490 581
1451500 579
1451510 579
1451520 577
1451530 575
1451540 575
1451550 573
1451560 571
1451570 571
1451580 569
1451590 568
1451600 568
1451610 566
1451620 564
1451630 564
1451640 562
1451650 560
1451660 560
1451670 556
1451680 550
1451690 550
1451700 543
1451710 538
1451720 538
1451730 535
1451740 532
1451750 532
1451760 527
1451770 523
1451780 523
1451790 519
1451800 515
1451810 515
1451820 511
1451830 508
1451840 508
1451850 506
1451860 503
1451870 503
1451880 500
1451890 500
1451900 501
1451910 501
1451920 502
1451930 503
1451940 503
1451950 503
1451960 504
1451970 504
1451980 504
1451990 504
1452000 504
1452010 503
1452020 501
1452030 501
1452040 499
1452050 498
1452060 498
1452070 497
1452080 496
1452090 496
1452100 495
1452110 495
1452120 495
1452130 494
1452140 493
1452150 493
1452160 493
1452170 492
1452180 492
1452190 490
1452200 490
1452210 490
1452220 490
1452230 491
1452240 491
1452250 491
1452260 491
1452270 491
1452280 492
1452290 492
1452300 492
1452310 492
1452320 493
1452330 493
1452340 493
1452350 493
1452360 493
1452370 493
1452380 493
1452390 493
1452400 492
1452410 492
1452420 492
1452430 491
1452440 489
1452450 489
1452460 487
1452470 484
1452480 484
1452490 481
1452500 478
1452510 478
1452520 475
1452530 473
1452540 471
1452550 471
1452560 469
1452570 467
1452580 467
1452590 466
1452600 464
1452610 464
1452620 463
1452630 462
1452640 462
1452650 462
1452660 461
1452670 461
1452680 461
1452690 461
1452700 461
1452710 460
1452720 460
1452730 460
1452740 460
1452750 459
1452760 459
1452770 458
1452780 457
1452790 457
1452800 458
1452810 457
1452820 457
1452830 457
1452840 456
1452850 456
1452860 455
1452870 454
1452880 454
1452890 454
1452900 453
1452910 453
1452920 453
1452930 453
1452940 453
1452950 453
1452960 452
1452970 452
1452980 452
1452990 452
1453000 452
1453010 454
1453020 456
1453030 456
1453040 457
1453050 457
1453060 457
1453070 459
1453080 460
1453090 460
1453100 460
1453110 460
1453120 460
1453130 460
1453140 460
1453150 460
1453160 460
1453170 459
1453180 459
1453190 459
1453200 460
1453210 460
1453220 460
1453230 460
1453240 461
1453250 461
1453260 462
1453270 463
1453280 463
1453290 464
1453300 465
1453310 465
1453320 465
1453330 466
1453340 466
1453350 467
1453360 467
1453370 467
1453380 469
1453390 469
1453400 469
1453410 470
1453420 471
1453430 471
1453440 472
1453450 472
1453460 472
1453470 473
1453480 474
1453490 474
1453500 474
1453510 475
1453520 475
1453530 475
1453540 475
1453550 475
1453560 476
1453570 478
1453580 478
1453590 478
1453600 479
1453610 479
1453620 479
1453630 480
1453640 480
1453650 481
1453660 480
1453670 480
1453680 480
1453690 479
1453700 479
1453710 479
1453720 478
1453730 478
1453740 478
1453750 478
1453760 478
1453770 478
1453780 477
1453790 477
1453800 477
1453810 476
1453820 476
1453830 476
1453840 475
1453850 475
1453860 475
1453870 474
1453880 474
1453890 474
1453900 475
1453910 475
1453920 475
1453930 476
1453940 476
1453950 476
1453960 477
1453970 477
1453980 477
1453990 477
1454000 477
1454010 477
1454020 476
1454030 476
1454040 476
1454050 475
1454060 475
1454070 475
1454080 473
1454090 471
1454100 471
1454110 471
1454120 471
1454130 471
1454140 471
1454150 472
1454160 472
1454170 472
1454180 473
1454190 473
1454200 474
1454210 474
1454220 474
1454230 475
1454240 475
1454250 475
1454260 475
1454270 476
1454280 476
1454290 477
1454300 478
1454310 478
1454320 479
1454330 479
1454340 479
1454350 480
1454360 482
1454370 482
1454380 485
1454390 486
1454400 488
1454410 488
1454420 490
1454430 491
1454440 491
1454450 491
1454460 492
1454470 492
1454480 492
1454490 492
1454500 492
1454510 493
1454520 493
1454530 493
1454540 493
1454550 494
1454560 494
1454570 494
1454580 494
1454590 494
1454600 494
1454610 494
1454620 494
1454630 494
1454640 494
1454650 494
1454660 494
1454670 494
1454680 494
1454690 495
1454700 495
1454710 495
1454720 495
1454730 496
1454740 496
1454750 496
1454760 497
1454770 497
1454780 497
1454790 498
1454800 498
1454810 498
1454820 498
1454830 498
1454840 499
1454850 499
1454860 499
1454870 499
1454880 499
1454890 499
1454900 500
1454910 500
1454920 500
1454930 500
1454940 500
1454950 500
1454960 500
1454970 500
1454980 500
1454990 500
1455000 500
1455010 500
1455020 500
1455030 499
1455040 499
1455050 499
1455060 498
1455070 498
1455080 498
1455090 497
1455100 497
1455110 497
1455120 496
1455130 496
1455140 496
1455150 495
1455160 494
1455170 494
1455180 494
1455190 494
1455200 494
1455210 493
1455220 493
1455230 493
1455240 492
1455250 492
1455260 492
1455270 492
1455280 491
1455290 491
1455300 491
1455310 490
1455320 490
1455330 490
1455340 490
1455350 490
1455360 490
1455370 489
1455380 489
1455390 489
1455400 489
1455410 489
1455420 489
1455430 488
1455440 488
1455450 488
1455460 486
1455470 486
1455480 485
1455490 484
1455500 484
1455510 483
1455520 481
1455530 481
1455540 479
1455550 477
1455560 477
1455570 474
1455580 473
1455590 473
1455600 475
1455610 472
1455620 472
1455630 469
1455640 468
1455650 466
1455660 466
1455670 465
1455680 466
1455690 466
1455700 465
1455710 465
1455720 465
1455730 465
1455740 465
1455750 465
1455760 465
1455770 465
1455780 465
1455790 465
1455800 465
1455810 465
1455820 465
1455830 465
1455840 465
1455850 465
1455860 465
1455870 465
1455880 465
1455890 465
1455900 465
1455910 465
1455920 466
1455930 466
1455940 466
1455950 466
1455960 466
1455970 466
1455980 467
1455990 467
1456000 468
1456010 470
1456020 470
1456030 471
1456040 472
1456050 472
1456060 474
1456070 474
1456080 474
1456090 473
1456100 473
1456110 473
1456120 474
1456130 475
1456140 475
1456150 478
1456160 483
1456170 483
1456180 486
1456190 486
1456200 486
1456210 486
1456220 486
1456230 486
1456240 487
1456250 488
1456260 488
1456270 488
1456280 488
1456290 488
1456300 488
1456310 489
1456320 489
1456330 489
1456340 489
1456350 489
1456360 489
1456370 489
1456380 489
1456390 489
1456400 489
1456410 489
1456420 489
1456430 489
1456440 489
1456450 489
1456460 488
1456470 488
1456480 488
1456490 488
1456500 487
1456510 487
1456520 486
1456530 486
1456540 486
1456550 486
1456560 485
1456570 485
1456580 485
1456590 484
1456600 484
1456610 484
1456620 484
1456630 484
1456640 484
1456650 484
1456660 484
1456670 484
1456680 484
1456690 484
1456700 484
1456710 484
1456720 484
1456730 484
1456740 484
1456750 484
1456760 483
1456770 483
1456780 483
1456790 482
1456800 481
1456810 481
1456820 482
1456830 483
1456840 483
1456850 485
1456860 487
1456870 487
1456880 489
1456890 491
1456900 491
1456910 491
1456920 492
1456930 492
1456940 492
1456950 491
1456960 486
1456970 486
1456980 486
1456990 491
1457000 491
1457010 493
1457020 493
1457030 493
1457040 493
1457050 493
1457060 493
1457070 493
1457080 493
1457090 493
1457100 493
1457110 493
1457120 493
1457130 492
1457140 492
1457150 492
1457160 492
1457170 492
1457180 492
1457190 493
1457200 494
1457210 494
1457220 496
1457230 499
1457240 499
1457250 502
1457260 502
1457270 502
1457280 502
1457290 503
1457300 503
1457310 505
1457320 506
1457330 506
1457340 508
1457350 509
1457360 509
1457370 511
1457380 513
1457390 513
1457400 515
1457410 517
1457420 517
1457430 518
1457440 519
1457450 519
1457460 520
1457470 520
1457480 520
1457490 520
1457500 520
1457510 521
1457520 521
1457530 522
1457540 523
1457550 523
1457560 524
1457570 526
1457580 526
1457590 528
1457600 530
1457610 530
1457620 531
1457630 532
1457640 532
1457650 532
1457660 533
1457670 533
1457680 534
1457690 537
1457700 537
1457710 539
1457720 539
1457730 539
1457740 540
1457750 540
1457760 540
1457770 540
1457780 541
1457790 541
1457800 541
1457810 541
1457820 541
1457830 542
1457840 542
1457850 542
1457860 542
1457870 542
1457880 542
1457890 543
1457900 544
1457910 544
1457920 544
1457930 544
1457940 544
1457950 544
1457960 544
1457970 544
1457980 545
1457990 545
1458000 545
1458010 545
1458020 545
1458030 545
1458040 545
1458050 545
1458060 545
1458070 545
1458080 545
1458090 545
1458100 545
1458110 546
1458120 546
1458130 546
1458140 545
1458150 545
1458160 545
1458170 545
1458180 545
1458190 545
1458200 545
1458210 545
1458220 545
1458230 545
1458240 545
1458250 545
1458260 546
1458270 545
1458280 545
1458290 545
1458300 546
1458310 546
1458320 546
1458330 546
1458340 546
1458350 546
1458360 547
1458370 547
1458380 547
1458390 548
1458400 548
1458410 548
1458420 548
1458430 548
1458440 549
1458450 549
1458460 549
1458470 550
1458480 550
1458490 550
1458500 551
1458510 552
1458520 552
1458530 552
1458540 553
1458550 553
1458560 553
1458570 554
1458580 554
1458590 554
1458600 555
1458610 555
1458620 556
1458630 556
1458640 556
1458650 557
1458660 559
1458670 559
1458680 561
1458690 563
1458700 563
1458710 565
1458720 567
1458730 567
1458740 569
1458750 571
1458760 573
1458770 573
1458780 575
1458790 576
1458800 576
1458810 577
1458820 577
1458830 577
1458840 577
1458850 578
1458860 578
1458870 578
1458880 578
1458890 578
1458900 578
1458910 578
1458920 578
1458930 578
1458940 578
1458950 578
1458960 578
1458970 579
1458980 579
1458990 579
1459000 579
1459010 579
1459020 580
1459030 580
1459040 580
1459050 581
1459060 582
1459070 582
1459080 584
1459090 585
1459100 585
1459110 586
1459120 587
1459130 587
1459140 587
1459150 587
1459160 587
1459170 586
1459180 585
1459190 585
1459200 584
1459210 581
1459220 581
1459230 579
1459240 578
1459250 578
1459260 576
1459270 574
1459280 574
1459290 573
1459300 570
1459310 570
1459320 568
1459330 566
1459340 566
1459350 564
1459360 562
1459370 562
1459380 561
1459390 560
1459400 559
1459410 559
1459420 558
1459430 558
1459440 558
1459450 557
1459460 556
1459470 556
1459480 556
1459490 555
1459500 555
1459510 555
1459520 554
1459530 554
1459540 554
1459550 553
1459560 553
1459570 552
1459580 552
1459590 552
1459600 551
1459610 551
1459620 551
1459630 551
1459640 551
1459650 551
1459660 551
1459670 550
1459680 550
1459690 550
1459700 550
1459710 550
1459720 550
1459730 550
1459740 550
1459750 550
1459760 550
1459770 550
1459780 550
1459790 550
1459800 550
1459810 549
1459820 549
1459830 549
1459840 549
1459850 549
1459860 549
1459870 549
1459880 549
1459890 549
1459900 549
1459910 549
1459920 549
1459930 549
1459940 549
1459950 549
1459960 550
1459970 550
1459980 550
1459990 550
