1443520 417
1443530 417
1443540 417
1443550 417
1443560 416
1443570 416
1443580 416
1443590 416
1443600 416
1443610 416
1443620 416
1443630 416
1443640 416
1443650 416
1443660 416
1443670 416
1443680 416
1443690 416
1443700 416
1443710 415
1443720 415
1443730 415
1443740 415
1443750 415
1443760 415
1443770 415
1443780 415
1443790 415
1443800 415
1443810 415
1443820 415
1443830 415
1443840 415
1443850 415
1443860 415
1443870 415
1443880 415
1443890 415
1443900 415
1443910 415
1443920 415
1443930 415
1443940 415
1443950 413
1443960 413
1443970 411
1443980 409
1443990 409
1444000 410
1444010 408
1444020 408
1444030 408
1444040 410
1444050 410
1444060 412
1444070 413
1444080 413
1444090 412
1444100 412
1444110 412
1444120 412
1444130 413
1444140 413
1444150 413
1444160 412
1444170 412
1444180 412
1444190 411
1444200 409
1444210 409
1444220 408
1444230 407
1444240 407
1444250 407
1444260 407
1444270 407
1444280 409
1444290 409
1444300 409
1444310 409
1444320 409
1444330 409
1444340 409
1444350 408
1444360 408
1444370 408
1444380 408
1444390 408
1444400 408
1444410 408
1444420 408
1444430 408
1444440 407
1444450 407
1444460 405
1444470 403
1444480 403
1444490 404
1444500 403
1444510 403
1444520 403
1444530 403
1444540 403
1444550 404
1444560 404
1444570 404
1444580 404
1444590 404
1444600 404
1444610 404
1444620 404
1444630 404
1444640 404
1444650 404
1444660 404
1444670 404
1444680 404
1444690 404
1444700 404
1444710 404
1444720 404
1444730 404
1444740 404
1444750 404
1444760 405
1444770 407
1444780 407
1444790 405
1444800 404
1444810 404
1444820 404
1444830 404
1444840 404
1444850 404
1444860 404
1444870 404
1444880 404
1444890 404
1444900 404
1444910 404
1444920 404
1444930 404
1444940 404
1444950 404
1444960 404
1444970 404
1444980 405
1444990 405
1445000 405
1445010 405
1445020 404
1445030 404
1445040 404
1445050 404
1445060 404
1445070 404
1445080 404
1445090 404
1445100 404
1445110 404
1445120 404
1445130 404
1445140 405
1445150 405
1445160 405
1445170 405
1445180 405
1445190 405
1445200 404
1445210 404
1445220 404
1445230 404
1445240 404
1445250 404
1445260 404
1445270 404
1445280 404
1445290 404
1445300 404
1445310 404
1445320 404
1445330 404
1445340 405
1445350 405
1445360 405
1445370 405
1445380 404
1445390 404
1445400 404
1445410 404
1445420 404
1445430 404
1445440 404
1445450 404
1445460 404
1445470 404
1445480 404
1445490 404
1445500 404
1445510 404
1445520 404
1445530 404
1445540 404
1445550 404
1445560 405
1445570 405
1445580 405
1445590 405
1445600 404
1445610 404
1445620 404
1445630 403
1445640 403
1445650 404
1445660 404
1445670 404
1445680 404
1445690 404
1445700 404
1445710 404
1445720 403
1445730 403
1445740 404
1445750 405
1445760 405
1445770 405
1445780 405
1445790 405
1445800 405
1445810 403
1445820 403
1445830 404
1445840 404
1445850 404
1445860 405
1445870 405
1445880 405
1445890 405
1445900 405
1445910 405
1445920 405
1445930 405
1445940 405
1445950 404
1445960 404
1445970 404
1445980 405
1445990 406
1446000 406
1446010 406
1446020 406
1446030 406
1446040 405
1446050 403
1446060 403
1446070 400
1446080 399
1446090 399
1446100 399
1446110 399
1446120 399
1446130 399
1446140 399
1446150 399
1446160 399
1446170 399
1446180 399
1446190 399
1446200 399
1446210 400
1446220 400
1446230 404
1446240 406
1446250 406
1446260 406
1446270 406
1446280 406
1446290 405
1446300 404
1446310 404
1446320 404
1446330 405
1446340 405
1446350 407
1446360 409
1446370 409
1446380 412
1446390 416
1446400 416
1446410 419
1446420 422
1446430 422
1446440 424
1446450 425
1446460 425
1446470 426
1446480 427
1446490 427
1446500 428
1446510 428
1446520 428
1446530 429
1446540 429
1446550 429
1446560 429
1446570 430
1446580 430
1446590 430
1446600 430
1446610 430
1446620 430
1446630 431
1446640 431
1446650 431
1446660 431
1446670 431
1446680 431
1446690 430
1446700 430
1446710 430
1446720 429
1446730 429
1446740 428
1446750 427
1446760 423
1446770 423
1446780 420
1446790 420
1446800 420
1446810 421
1446820 422
1446830 422
1446840 425
1446850 428
1446860 428
1446870 429
1446880 430
1446890 430
1446900 430
1446910 430
1446920 430
1446930 429
1446940 426
1446950 426
1446960 423
1446970 421
1446980 421
1446990 418
1447000 415
1447010 415
1447020 411
1447030 409
1447040 409
1447050 406
1447060 404
1447070 404
1447080 404
1447090 404
1447100 404
1447110 404
1447120 404
1447130 404
1447140 404
1447150 404
1447160 404
1447170 405
1447180 404
1447190 404
1447200 404
1447210 404
1447220 404
1447230 405
1447240 405
1447250 405
1447260 405
1447270 405
1447280 405
1447290 405
1447300 405
1447310 405
1447320 405
1447330 405
1447340 405
1447350 404
1447360 403
1447370 403
1447380 403
1447390 403
1447400 403
1447410 403
1447420 404
1447430 405
1447440 405
1447450 405
1447460 405
1447470 405
1447480 405
1447490 405
1447500 405
1447510 405
1447520 405
1447530 405
1447540 405
1447550 405
1447560 405
1447570 405
1447580 405
1447590 405
1447600 405
1447610 405
1447620 405
1447630 405
1447640 405
1447650 405
1447660 405
1447670 405
1447680 405
1447690 405
1447700 405
1447710 405
1447720 405
1447730 405
1447740 405
1447750 405
1447760 405
1447770 405
1447780 405
1447790 405
1447800 405
1447810 406
1447820 405
1447830 405
1447840 405
1447850 405
1447860 405
1447870 405
1447880 405
1447890 405
1447900 405
1447910 405
1447920 405
1447930 405
1447940 405
1447950 405
1447960 408
1447970 409
1447980 409
1447990 409
1448000 409
1448010 409
1448020 409
1448030 409
1448040 409
1448050 409
1448060 409
1448070 409
1448080 409
1448090 409
1448100 409
1448110 409
1448120 409
1448130 409
1448140 409
1448150 409
1448160 410
1448170 410
1448180 410
1448190 411
1448200 411
1448210 412
1448220 411
1448230 411
1448240 411
1448250 411
1448260 411
1448270 411
1448280 411
1448290 411
1448300 411
1448310 411
1448320 411
1448330 411
1448340 411
1448350 411
1448360 412
1448370 412
1448380 412
1448390 412
1448400 412
1448410 412
1448420 412
1448430 412
1448440 412
1448450 412
1448460 413
1448470 413
1448480 413
1448490 413
1448500 413
1448510 413
1448520 413
1448530 413
1448540 413
1448550 414
1448560 414
1448570 414
1448580 414
1448590 414
1448600 414
1448610 415
1448620 415
1448630 415
1448640 416
1448650 416
1448660 416
1448670 416
1448680 417
1448690 417
1448700 417
1448710 417
1448720 417
1448730 417
1448740 417
1448750 417
1448760 417
1448770 417
1448780 417
1448790 417
1448800 418
1448810 418
1448820 418
1448830 418
1448840 418
1448850 418
1448860 418
1448870 418
1448880 419
1448890 419
1448900 419
1448910 419
1448920 419
1448930 419
1448940 419
1448950 419
1448960 419
1448970 420
1448980 420
1448990 420
1449000 421
1449010 422
1449020 422
1449030 422
1449040 422
1449050 422
1449060 422
1449070 423
1449080 423
1449090 423
1449100 424
1449110 424
1449120 425
1449130 426
1449140 426
1449150 427
1449160 429
1449170 429
1449180 432
1449190 436
1449200 436
1449210 439
1449220 444
1449230 444
1449240 447
1449250 450
1449260 450
1449270 452
1449280 454
1449290 454
1449300 457
1449310 459
1449320 460
1449330 460
1449340 462
1449350 461
1449360 461
1449370 463
1449380 464
1449390 464
1449400 461
1449410 459
1449420 459
1449430 459
1449440 460
1449450 460
1449460 456
1449470 450
1449480 450
1449490 450
1449500 457
1449510 457
1449520 464
1449530 468
1449540 468
1449550 471
1449560 473
1449570 473
1449580 475
1449590 476
1449600 476
1449610 476
1449620 476
1449630 476
1449640 476
1449650 476
1449660 476
1449670 476
1449680 475
1449690 475
1449700 475
1449710 475
1449720 475
1449730 475
1449740 475
1449750 475
1449760 474
1449770 474
1449780 474
1449790 476
1449800 477
1449810 477
1449820 477
1449830 478
1449840 478
1449850 479
1449860 482
1449870 482
1449880 483
1449890 484
1449900 484
1449910 486
1449920 487
1449930 487
1449940 489
1449950 490
1449960 492
1449970 492
1449980 494
1449990 497
1450000 497
1450010 499
1450020 500
1450030 500
1450040 503
1450050 505
1450060 505
1450070 508
1450080 512
1450090 512
1450100 518
1450110 523
1450120 523
1450130 528
1450140 531
1450150 531
1450160 534
1450170 536
1450180 536
1450190 538
1450200 540
1450210 540
1450220 543
1450230 546
1450240 546
1450250 549
1450260 551
1450270 551
1450280 554
1450290 556
1450300 556
1450310 558
1450320 559
1450330 559
1450340 561
1450350 562
1450360 562
1450370 562
1450380 563
1450390 563
1450400 563
1450410 563
1450420 563
1450430 563
1450440 563
1450450 563
1450460 564
1450470 564
1450480 564
1450490 564
1450500 565
1450510 565
1450520 565
1450530 566
1450540 566
1450550 566
1450560 567
1450570 567
1450580 568
1450590 568
1450600 569
1450610 569
1450620 570
1450630 570
1450640 570
1450650 571
1450660 571
1450670 571
1450680 572
1450690 572
1450700 572
1450710 573
1450720 573
1450730 573
1450740 573
1450750 573
1450760 573
1450770 573
1450780 572
1450790 572
1450800 573
1450810 574
1450820 574
1450830 574
1450840 575
1450850 575
1450860 575
1450870 576
1450880 576
1450890 576
1450900 577
1450910 577
1450920 577
1450930 577
1450940 577
1450950 577
1450960 576
1450970 576
1450980 576
1450990 575
1451000 575
1451010 575
1451020 574
1451030 574
1451040 574
1451050 573
1451060 573
1451070 573
1451080 573
1451090 573
1451100 572
1451110 572
1451120 572
1451130 573
1451140 573
1451150 573
1451160 574
1451170 575
1451180 575
1451190 575
1451200 576
1451210 577
1451220 577
1451230 578
1451240 579
1451250 579
1451260 579
1451270 580
1451280 580
1451290 580
1451300 581
1451310 581
1451320 581
1451330 582
1451340 582
1451350 582
1451360 583
1451370 583
1451380 584
1451390 585
1451400 585
1451410 585
1451420 586
1451430 586
1451440 588
1451450 589
1451460 589
1451470 590
1451480 592
1451490 592
1451500 593
1451510 593
1451520 593
1451530 593
1451540 593
1451550 593
1451560 592
1451570 591
1451580 591
1451590 590
1451600 588
1451610 588
1451620 587
1451630 585
1451640 585
1451650 585
1451660 584
1451670 584
1451680 584
1451690 583
1451700 583
1451710 583
1451720 582
1451730 582
1451740 582
1451750 581
1451760 581
1451770 580
1451780 579
1451790 579
1451800 578
1451810 577
1451820 577
1451830 575
1451840 574
1451850 573
1451860 573
1451870 572
1451880 571
1451890 571
1451900 570
1451910 569
1451920 569
1451930 568
1451940 567
1451950 567
1451960 566
1451970 565
1451980 565
1451990 564
1452000 562
1452010 562
1452020 561
1452030 560
1452040 560
1452050 558
1452060 558
1452070 558
1452080 556
1452090 555
1452100 555
1452110 554
1452120 553
1452130 553
1452140 551
1452150 548
1452160 548
1452170 546
1452180 543
1452190 543
1452200 541
1452210 540
1452220 540
1452230 538
1452240 537
1452250 537
1452260 536
1452270 536
1452280 536
1452290 535
1452300 535
1452310 535
1452320 535
1452330 535
1452340 535
1452350 534
1452360 534
1452370 534
1452380 534
1452390 533
1452400 533
1452410 533
1452420 532
1452430 532
1452440 531
1452450 531
1452460 531
1452470 530
1452480 530
1452490 525
1452500 525
1452510 525
1452520 529
1452530 529
1452540 529
1452550 529
1452560 529
1452570 528
1452580 528
1452590 528
1452600 527
1452610 527
1452620 527
1452630 527
1452640 526
1452650 526
1452660 526
1452670 525
1452680 525
1452690 525
1452700 525
1452710 525
1452720 524
1452730 524
1452740 524
1452750 523
1452760 523
1452770 523
1452780 522
1452790 522
1452800 522
1452810 521
1452820 520
1452830 520
1452840 519
1452850 518
1452860 518
1452870 515
1452880 513
1452890 513
1452900 511
1452910 509
1452920 509
1452930 507
1452940 506
1452950 506
1452960 504
1452970 503
1452980 503
1452990 502
1453000 501
1453010 501
1453020 500
1453030 499
1453040 499
1453050 499
1453060 498
1453070 498
1453080 498
1453090 496
1453100 496
1453110 495
1453120 494
1453130 493
1453140 493
1453150 493
1453160 492
1453170 492
1453180 491
1453190 492
1453200 492
1453210 491
1453220 491
1453230 491
1453240 490
1453250 488
1453260 488
1453270 486
1453280 480
1453290 480
1453300 477
1453310 477
1453320 477
1453330 478
1453340 477
1453350 477
1453360 477
1453370 479
1453380 479
1453390 483
1453400 489
1453410 489
1453420 491
1453430 492
1453440 492
1453450 492
1453460 492
1453470 492
1453480 492
1453490 492
1453500 492
1453510 492
1453520 492
1453530 492
1453540 492
1453550 492
1453560 492
1453570 492
1453580 492
1453590 492
1453600 492
1453610 492
1453620 492
1453630 492
1453640 493
1453650 493
1453660 493
1453670 493
1453680 493
1453690 493
1453700 493
1453710 493
1453720 493
1453730 493
1453740 493
1453750 493
1453760 492
1453770 492
1453780 492
1453790 492
1453800 492
1453810 492
1453820 492
1453830 492
1453840 492
1453850 491
1453860 492
1453870 492
1453880 492
1453890 492
1453900 492
1453910 493
1453920 494
1453930 494
1453940 494
1453950 495
1453960 495
1453970 496
1453980 496
1453990 496
1454000 497
1454010 498
1454020 498
1454030 498
1454040 499
1454050 499
1454060 501
1454070 502
1454080 502
1454090 502
1454100 503
1454110 503
1454120 504
1454130 505
1454140 505
1454150 506
1454160 506
1454170 506
1454180 507
1454190 508
1454200 508
1454210 509
1454220 510
1454230 510
1454240 512
1454250 512
1454260 512
1454270 513
1454280 513
1454290 513
1454300 514
1454310 515
1454320 515
1454330 515
1454340 517
1454350 517
1454360 519
1454370 520
1454380 520
1454390 519
1454400 520
1454410 520
1454420 520
1454430 520
1454440 520
1454450 520
1454460 520
1454470 520
1454480 520
1454490 520
1454500 521
1454510 521
1454520 521
1454530 522
1454540 522
1454550 522
1454560 523
1454570 523
1454580 523
1454590 522
1454600 522
1454610 522
1454620 522
1454630 522
1454640 522
1454650 522
1454660 522
1454670 522
1454680 523
1454690 523
1454700 523
1454710 522
1454720 522
1454730 522
1454740 522
1454750 522
1454760 523
1454770 523
1454780 523
1454790 523
1454800 522
1454810 522
1454820 522
1454830 522
1454840 522
1454850 522
1454860 522
1454870 522
1454880 523
1454890 524
1454900 524
1454910 525
1454920 526
1454930 526
1454940 527
1454950 528
1454960 528
1454970 529
1454980 530
1454990 530
1455000 531
1455010 532
1455020 532
1455030 533
1455040 533
1455050 534
1455060 534
1455070 535
1455080 536
1455090 536
1455100 537
1455110 538
1455120 538
1455130 539
1455140 540
1455150 540
1455160 540
1455170 539
1455180 539
1455190 538
1455200 538
1455210 538
1455220 537
1455230 537
1455240 537
1455250 536
1455260 537
1455270 537
1455280 538
1455290 538
1455300 538
1455310 539
1455320 539
1455330 539
1455340 540
1455350 540
1455360 540
1455370 540
1455380 540
1455390 540
1455400 540
1455410 540
1455420 540
1455430 540
1455440 540
1455450 540
1455460 539
1455470 539
1455480 539
1455490 538
1455500 538
1455510 538
1455520 537
1455530 537
1455540 537
1455550 537
1455560 537
1455570 537
1455580 536
1455590 536
1455600 536
1455610 535
1455620 535
1455630 535
1455640 535
1455650 536
1455660 536
1455670 536
1455680 536
1455690 536
1455700 536
1455710 536
1455720 536
1455730 536
1455740 536
1455750 536
1455760 536
1455770 536
1455780 536
1455790 536
1455800 537
1455810 536
1455820 536
1455830 536
1455840 535
1455850 535
1455860 535
1455870 534
1455880 534
1455890 534
1455900 534
1455910 534
1455920 534
1455930 534
1455940 534
1455950 534
1455960 534
1455970 534
1455980 534
1455990 534
1456000 534
1456010 533
1456020 533
1456030 533
1456040 533
1456050 532
1456060 532
1456070 531
1456080 529
1456090 529
1456100 526
1456110 528
1456120 528
1456130 531
1456140 531
1456150 531
1456160 531
1456170 529
1456180 529
1456190 528
1456200 526
1456210 526
1456220 524
1456230 518
1456240 518
1456250 515
1456260 513
1456270 513
1456280 509
1456290 504
1456300 504
1456310 502
1456320 502
1456330 503
1456340 503
1456350 505
1456360 506
1456370 506
1456380 508
1456390 508
1456400 508
1456410 509
1456420 511
1456430 511
1456440 514
1456450 515
1456460 515
1456470 516
1456480 514
1456490 514
1456500 515
1456510 518
1456520 518
1456530 519
1456540 518
1456550 518
1456560 518
1456570 518
1456580 518
1456590 520
1456600 522
1456610 522
1456620 522
1456630 521
1456640 521
1456650 519
1456660 518
1456670 518
1456680 517
1456690 514
1456700 514
1456710 511
1456720 511
1456730 511
1456740 519
1456750 525
1456760 525
1456770 527
1456780 527
1456790 527
1456800 527
1456810 527
1456820 527
1456830 527
1456840 528
1456850 528
1456860 528
1456870 528
1456880 528
1456890 528
1456900 528
1456910 528
1456920 528
1456930 528
1456940 528
1456950 528
1456960 528
1456970 528
1456980 528
1456990 527
1457000 524
1457010 524
1457020 523
1457030 523
1457040 523
1457050 524
1457060 524
1457070 524
1457080 523
1457090 520
1457100 520
1457110 515
1457120 514
1457130 514
1457140 519
1457150 520
1457160 520
1457170 524
1457180 528
1457190 528
1457200 528
1457210 529
1457220 529
1457230 528
1457240 529
1457250 529
1457260 529
1457270 530
1457280 530
1457290 530
1457300 530
1457310 530
1457320 530
1457330 529
1457340 529
1457350 528
1457360 527
1457370 527
1457380 524
1457390 520
1457400 520
1457410 517
1457420 512
1457430 512
1457440 507
1457450 502
1457460 502
1457470 497
1457480 493
1457490 493
1457500 491
1457510 489
1457520 489
1457530 488
1457540 485
1457550 485
1457560 481
1457570 480
1457580 479
1457590 479
1457600 479
1457610 479
1457620 479
1457630 479
1457640 480
1457650 480
1457660 479
1457670 479
1457680 479
1457690 479
1457700 480
1457710 480
1457720 480
1457730 480
1457740 480
1457750 480
1457760 480
1457770 480
1457780 480
1457790 481
1457800 481
1457810 484
1457820 488
1457830 488
1457840 491
1457850 492
1457860 492
1457870 492
1457880 495
1457890 495
1457900 497
1457910 500
1457920 500
1457930 502
1457940 504
1457950 504
1457960 503
1457970 498
1457980 498
1457990 497
1458000 497
1458010 497
1458020 497
1458030 498
1458040 498
1458050 498
1458060 498
1458070 498
1458080 500
1458090 500
1458100 500
1458110 500
1458120 499
1458130 499
1458140 497
1458150 496
1458160 496
1458170 496
1458180 494
1458190 494
1458200 493
1458210 493
1458220 494
1458230 494
1458240 495
1458250 496
1458260 496
1458270 498
1458280 499
1458290 499
1458300 501
1458310 502
1458320 502
1458330 504
1458340 505
1458350 505
1458360 507
1458370 509
1458380 509
1458390 511
1458400 512
1458410 512
1458420 513
1458430 516
1458440 516
1458450 518
1458460 518
1458470 518
1458480 515
1458490 508
1458500 508
1458510 502
1458520 499
1458530 499
1458540 497
1458550 497
1458560 497
1458570 496
1458580 494
1458590 494
1458600 493
1458610 492
1458620 492
1458630 491
1458640 489
1458650 489
1458660 487
1458670 487
1458680 487
1458690 487
1458700 488
1458710 488
1458720 488
1458730 487
1458740 487
1458750 487
1458760 488
1458770 488
1458780 488
1458790 490
1458800 490
1458810 495
1458820 498
1458830 498
1458840 500
1458850 503
1458860 505
1458870 505
1458880 509
1458890 512
1458900 512
1458910 514
1458920 515
1458930 515
1458940 516
1458950 517
1458960 517
1458970 518
1458980 519
1458990 519
1459000 520
1459010 521
1459020 521
1459030 522
1459040 523
1459050 523
1459060 523
1459070 522
1459080 522
1459090 522
1459100 521
1459110 521
1459120 520
1459130 519
1459140 519
1459150 517
1459160 513
1459170 513
1459180 509
1459190 510
1459200 510
1459210 513
1459220 516
1459230 516
1459240 521
1459250 526
1459260 526
1459270 529
1459280 532
1459290 532
1459300 534
1459310 536
1459320 536
1459330 539
1459340 541
1459350 541
1459360 543
1459370 546
1459380 546
1459390 548
1459400 549
1459410 549
1459420 551
1459430 552
1459440 552
1459450 554
1459460 556
1459470 556
1459480 558
1459490 558
1459500 558
1459510 558
1459520 557
1459530 556
1459540 556
1459550 556
1459560 556
1459570 556
1459580 556
1459590 556
1459600 556
1459610 556
1459620 556
1459630 556
1459640 556
1459650 556
1459660 556
1459670 556
1459680 556
1459690 556
1459700 556
1459710 556
1459720 556
1459730 556
1459740 556
1459750 556
1459760 556
1459770 556
1459780 556
1459790 556
1459800 556
1459810 556
1459820 556
1459830 556
1459840 556
1459850 556
1459860 557
1459870 557
1459880 557
1459890 557
1459900 557
1459910 557
1459920 557
1459930 557
1459940 557
1459950 557
1459960 557
1459970 557
1459980 557
1459990 557
