1440000 438
1440010 438
1440020 438
1440030 438
1440040 438
1440050 438
1440060 438
1440070 438
1440080 438
1440090 438
1440100 438
1440110 438
1440120 438
1440130 438
1440140 438
1440150 438
1440160 438
1440170 438
1440180 438
1440190 438
1440200 438
1440210 438
1440220 435
1440230 435
1440240 428
1440250 422
1440260 422
1440270 415
1440280 408
1440290 408
1440300 404
1440310 403
1440320 403
1440330 402
1440340 402
1440350 402
1440360 402
1440370 402
1440380 402
1440390 402
1440400 402
1440410 403
1440420 403
1440430 403
1440440 403
1440450 403
1440460 403
1440470 403
1440480 403
1440490 402
1440500 402
1440510 402
1440520 402
1440530 402
1440540 402
1440550 402
1440560 402
1440570 402
1440580 401
1440590 400
1440600 400
1440610 398
1440620 396
1440630 396
1440640 395
1440650 395
1440660 395
1440670 395
1440680 395
1440690 395
1440700 395
1440710 395
1440720 395
1440730 395
1440740 396
1440750 396
1440760 396
1440770 396
1440780 396
1440790 396
1440800 395
1440810 395
1440820 395
1440830 395
1440840 395
1440850 395
1440860 395
1440870 395
1440880 395
1440890 395
1440900 395
1440910 395
1440920 395
1440930 395
1440940 395
1440950 395
1440960 395
1440970 395
1440980 395
1440990 395
1441000 395
1441010 395
1441020 395
1441030 395
1441040 395
1441050 395
1441060 395
1441070 395
1441080 395
1441090 395
1441100 396
1441110 396
1441120 396
1441130 396
1441140 395
1441150 395
1441160 396
1441170 396
1441180 396
1441190 396
1441200 396
1441210 396
1441220 395
1441230 395
1441240 395
1441250 396
1441260 396
1441270 396
1441280 396
1441290 396
1441300 396
1441310 396
1441320 396
1441330 396
1441340 396
1441350 396
1441360 396
1441370 396
1441380 396
1441390 396
1441400 396
1441410 396
1441420 396
1441430 396
1441440 396
1441450 396
1441460 396
1441470 396
1441480 396
1441490 395
1441500 395
1441510 395
1441520 396
1441530 396
1441540 396
1441550 396
1441560 396
1441570 396
1441580 396
1441590 396
1441600 396
1441610 396
1441620 396
1441630 396
1441640 396
1441650 396
1441660 396
1441670 396
1441680 396
1441690 396
1441700 396
1441710 397
1441720 397
1441730 397
1441740 397
1441750 397
1441760 397
1441770 397
1441780 397
1441790 397
1441800 397
1441810 397
1441820 397
1441830 397
1441840 397
1441850 397
1441860 397
1441870 397
1441880 397
1441890 397
1441900 398
1441910 398
1441920 398
1441930 398
1441940 398
1441950 397
1441960 397
1441970 397
1441980 398
1441990 398
1442000 398
1442010 398
1442020 398
1442030 398
1442040 398
1442050 397
1442060 397
1442070 394
1442080 394
1442090 394
1442100 394
1442110 394
1442120 394
1442130 394
1442140 394
1442150 394
1442160 394
1442170 394
1442180 394
1442190 394
1442200 394
1442210 394
1442220 394
1442230 394
1442240 394
1442250 394
1442260 396
1442270 396
1442280 398
1442290 399
1442300 399
1442310 399
1442320 399
1442330 399
1442340 398
1442350 398
1442360 398
1442370 397
1442380 397
1442390 397
1442400 397
1442410 397
1442420 397
1442430 397
1442440 397
1442450 397
1442460 397
1442470 397
1442480 397
1442490 397
1442500 397
1442510 397
1442520 397
1442530 397
1442540 398
1442550 398
1442560 397
1442570 397
1442580 397
1442590 397
1442600 397
1442610 397
1442620 397
1442630 397
1442640 397
1442650 397
1442660 396
1442670 396
1442680 396
1442690 396
1442700 396
1442710 396
1442720 396
1442730 396
1442740 395
1442750 396
1442760 396
1442770 396
1442780 396
1442790 396
1442800 397
1442810 397
1442820 397
1442830 397
1442840 397
1442850 397
1442860 397
1442870 397
1442880 397
1442890 397
1442900 397
1442910 397
1442920 397
1442930 397
1442940 397
1442950 397
1442960 397
1442970 397
1442980 397
1442990 397
1443000 397
1443010 397
1443020 397
1443030 397
1443040 397
1443050 397
1443060 397
1443070 396
1443080 396
1443090 396
1443100 397
1443110 397
1443120 397
1443130 397
1443140 397
1443150 397
1443160 397
1443170 396
1443180 396
1443190 397
1443200 397
1443210 397
1443220 397
1443230 397
1443240 397
1443250 397
1443260 397
1443270 397
1443280 397
1443290 397
1443300 397
1443310 397
1443320 397
1443330 396
1443340 396
1443350 396
1443360 395
1443370 395
1443380 395
1443390 395
1443400 395
1443410 395
1443420 395
1443430 395
1443440 397
1443450 397
1443460 397
1443470 396
1443480 397
1443490 397
1443500 397
1443510 397
1443520 397
1443530 397
1443540 397
1443550 397
1443560 397
1443570 397
1443580 397
1443590 397
1443600 397
1443610 397
1443620 397
1443630 397
1443640 397
1443650 397
1443660 397
1443670 397
1443680 397
1443690 398
1443700 398
1443710 397
1443720 397
1443730 397
1443740 397
1443750 397
1443760 397
1443770 397
1443780 397
1443790 397
1443800 397
1443810 397
1443820 397
1443830 397
1443840 397
1443850 397
1443860 398
1443870 397
1443880 397
1443890 397
1443900 397
1443910 397
1443920 397
1443930 397
1443940 397
1443950 397
1443960 397
1443970 397
1443980 397
1443990 397
1444000 397
1444010 397
1444020 397
1444030 397
1444040 397
1444050 397
1444060 397
1444070 397
1444080 398
1444090 402
1444100 402
1444110 401
1444120 398
1444130 398
1444140 396
1444150 396
1444160 396
1444170 396
1444180 396
1444190 396
1444200 397
1444210 397
1444220 397
1444230 397
1444240 397
1444250 397
1444260 398
1444270 398
1444280 398
1444290 398
1444300 399
1444310 399
1444320 399
1444330 399
1444340 399
1444350 399
1444360 399
1444370 399
1444380 399
1444390 399
1444400 399
1444410 399
1444420 399
1444430 399
1444440 399
1444450 398
1444460 398
1444470 398
1444480 399
1444490 399
1444500 403
1444510 405
1444520 405
1444530 406
1444540 407
1444550 407
1444560 406
1444570 405
1444580 405
1444590 407
1444600 410
1444610 410
1444620 412
1444630 414
1444640 414
1444650 418
1444660 421
1444670 421
1444680 423
1444690 428
1444700 432
1444710 432
1444720 434
1444730 437
1444740 437
1444750 440
1444760 444
1444770 444
1444780 448
1444790 452
1444800 452
1444810 457
1444820 463
1444830 463
1444840 469
1444850 475
1444860 475
1444870 479
1444880 484
1444890 484
1444900 490
1444910 496
1444920 496
1444930 502
1444940 508
1444950 508
1444960 514
1444970 520
1444980 520
1444990 525
1445000 530
1445010 530
1445020 535
1445030 540
1445040 540
1445050 545
1445060 550
1445070 550
1445080 555
1445090 561
1445100 561
1445110 566
1445120 570
1445130 570
1445140 573
1445150 576
1445160 576
1445170 579
1445180 582
1445190 582
1445200 585
1445210 587
1445220 587
1445230 589
1445240 591
1445250 591
1445260 594
1445270 596
1445280 596
1445290 599
1445300 602
1445310 602
1445320 604
1445330 606
1445340 606
1445350 608
1445360 613
1445370 613
1445380 615
1445390 619
1445400 622
1445410 622
1445420 624
1445430 627
1445440 627
1445450 629
1445460 630
1445470 630
1445480 632
1445490 634
1445500 634
1445510 636
1445520 638
1445530 638
1445540 640
1445550 642
1445560 642
1445570 644
1445580 648
1445590 648
1445600 652
1445610 655
1445620 655
1445630 659
1445640 662
1445650 662
1445660 667
1445670 670
1445680 670
1445690 674
1445700 678
1445710 678
1445720 681
1445730 684
1445740 684
1445750 687
1445760 691
1445770 691
1445780 694
1445790 697
1445800 697
1445810 700
1445820 703
1445830 703
1445840 706
1445850 708
1445860 708
1445870 711
1445880 713
1445890 713
1445900 716
1445910 719
1445920 719
1445930 719
1445940 721
1445950 721
1445960 724
1445970 727
1445980 727
1445990 729
1446000 731
1446010 731
1446020 733
1446030 735
1446040 735
1446050 737
1446060 738
1446070 738
1446080 738
1446090 738
1446100 738
1446110 738
1446120 739
1446130 739
1446140 739
1446150 740
1446160 739
1446170 739
1446180 738
1446190 737
1446200 737
1446210 738
1446220 736
1446230 736
1446240 734
1446250 732
1446260 732
1446270 730
1446280 728
1446290 728
1446300 728
1446310 726
1446320 726
1446330 723
1446340 722
1446350 722
1446360 723
1446370 723
1446380 723
1446390 723
1446400 722
1446410 722
1446420 720
1446430 719
1446440 719
1446450 719
1446460 719
1446470 719
1446480 719
1446490 718
1446500 718
1446510 717
1446520 714
1446530 714
1446540 709
1446550 706
1446560 706
1446570 706
1446580 706
1446590 706
1446600 709
1446610 712
1446620 712
1446630 716
1446640 717
1446650 717
1446660 718
1446670 717
1446680 717
1446690 716
1446700 716
1446710 716
1446720 717
1446730 719
1446740 719
1446750 721
1446760 722
1446770 722
1446780 723
1446790 723
1446800 723
1446810 723
1446820 721
1446830 721
1446840 722
1446850 723
1446860 723
1446870 723
1446880 723
1446890 724
1446900 724
1446910 726
1446920 728
1446930 728
1446940 730
1446950 731
1446960 731
1446970 730
1446980 730
1446990 730
1447000 733
1447010 737
1447020 737
1447030 742
1447040 746
1447050 746
1447060 749
1447070 751
1447080 751
1447090 754
1447100 755
1447110 755
1447120 758
1447130 759
1447140 759
1447150 758
1447160 757
1447170 757
1447180 756
1447190 755
1447200 755
1447210 755
1447220 755
1447230 755
1447240 756
1447250 756
1447260 756
1447270 756
1447280 756
1447290 756
1447300 756
1447310 755
1447320 755
1447330 755
1447340 755
1447350 755
1447360 756
1447370 756
1447380 756
1447390 757
1447400 757
1447410 757
1447420 757
1447430 757
1447440 757
1447450 756
1447460 755
1447470 755
1447480 752
1447490 750
1447500 750
1447510 748
1447520 748
1447530 748
1447540 749
1447550 749
1447560 748
1447570 748
1447580 747
1447590 747
1447600 747
1447610 745
1447620 743
1447630 743
1447640 739
1447650 735
1447660 735
1447670 732
1447680 728
1447690 728
1447700 725
1447710 723
1447720 723
1447730 720
1447740 718
1447750 718
1447760 714
1447770 709
1447780 709
1447790 705
1447800 702
1447810 702
1447820 699
1447830 697
1447840 697
1447850 695
1447860 694
1447870 694
1447880 692
1447890 691
1447900 691
1447910 690
1447920 690
1447930 690
1447940 689
1447950 688
1447960 688
1447970 687
1447980 686
1447990 686
1448000 684
1448010 683
1448020 683
1448030 681
1448040 679
1448050 679
1448060 677
1448070 676
1448080 676
1448090 675
1448100 674
1448110 674
1448120 673
1448130 672
1448140 672
1448150 671
1448160 670
1448170 670
1448180 669
1448190 667
1448200 667
1448210 666
1448220 665
1448230 665
1448240 664
1448250 663
1448260 663
1448270 662
1448280 661
1448290 660
1448300 660
1448310 659
1448320 658
1448330 658
1448340 657
1448350 656
1448360 656
1448370 656
1448380 656
1448390 656
1448400 656
1448410 657
1448420 657
1448430 659
1448440 659
1448450 659
1448460 660
1448470 661
1448480 661
1448490 662
1448500 662
1448510 662
1448520 661
1448530 661
1448540 661
1448550 661
1448560 660
1448570 660
1448580 658
1448590 657
1448600 657
1448610 655
1448620 654
1448630 654
1448640 653
1448650 651
1448660 651
1448670 650
1448680 649
1448690 649
1448700 648
1448710 647
1448720 647
1448730 647
1448740 647
1448750 647
1448760 647
1448770 644
1448780 644
1448790 643
1448800 642
1448810 642
1448820 642
1448830 641
1448840 641
1448850 639
1448860 638
1448870 638
1448880 636
1448890 634
1448900 634
1448910 631
1448920 628
1448930 628
1448940 624
1448950 620
1448960 620
1448970 617
1448980 613
1448990 613
1449000 610
1449010 609
1449020 608
1449030 608
1449040 607
1449050 606
1449060 606
1449070 605
1449080 604
1449090 604
1449100 603
1449110 601
1449120 601
1449130 600
1449140 600
1449150 600
1449160 598
1449170 597
1449180 597
1449190 596
1449200 596
1449210 596
1449220 594
1449230 593
1449240 593
1449250 590
1449260 591
1449270 591
1449280 591
1449290 590
1449300 590
1449310 588
1449320 588
1449330 588
1449340 588
1449350 586
1449360 586
1449370 586
1449380 585
1449390 585
1449400 584
1449410 583
1449420 583
1449430 581
1449440 579
1449450 579
1449460 577
1449470 575
1449480 575
1449490 573
1449500 571
1449510 571
1449520 570
1449530 569
1449540 569
1449550 570
1449560 571
1449570 571
1449580 570
1449590 570
1449600 570
1449610 569
1449620 568
1449630 568
1449640 568
1449650 567
1449660 567
1449670 566
1449680 565
1449690 565
1449700 565
1449710 564
1449720 564
1449730 564
1449740 563
1449750 561
1449760 561
1449770 561
1449780 561
1449790 561
1449800 560
1449810 559
1449820 559
1449830 557
1449840 557
1449850 557
1449860 558
1449870 559
1449880 559
1449890 558
1449900 556
1449910 556
1449920 556
1449930 557
1449940 557
1449950 557
1449960 558
1449970 558
1449980 558
1449990 559
1450000 559
1450010 559
1450020 559
1450030 559
1450040 559
1450050 559
1450060 559
1450070 559
1450080 559
1450090 559
1450100 559
1450110 559
1450120 559
1450130 559
1450140 558
1450150 558
1450160 558
1450170 558
1450180 558
1450190 557
1450200 557
1450210 557
1450220 556
1450230 556
1450240 556
1450250 557
1450260 556
1450270 556
1450280 557
1450290 557
1450300 557
1450310 558
1450320 557
1450330 557
1450340 557
1450350 558
1450360 558
1450370 557
1450380 558
1450390 558
1450400 558
1450410 558
1450420 558
1450430 557
1450440 558
1450450 557
1450460 557
1450470 557
1450480 557
1450490 557
1450500 558
1450510 558
1450520 558
1450530 558
1450540 558
1450550 558
1450560 559
1450570 559
1450580 559
1450590 559
1450600 559
1450610 559
1450620 559
1450630 559
1450640 559
1450650 559
1450660 559
1450670 559
1450680 559
1450690 560
1450700 560
1450710 559
1450720 560
1450730 560
1450740 560
1450750 560
1450760 560
1450770 560
1450780 560
1450790 560
1450800 561
1450810 561
1450820 561
1450830 561
1450840 562
1450850 562
1450860 562
1450870 562
1450880 562
1450890 562
1450900 562
1450910 562
1450920 562
1450930 562
1450940 562
1450950 562
1450960 562
1450970 562
1450980 562
1450990 562
1451000 562
1451010 561
1451020 561
1451030 561
1451040 561
1451050 561
1451060 561
1451070 561
1451080 561
1451090 561
1451100 561
1451110 561
1451120 561
1451130 562
1451140 563
1451150 563
1451160 564
1451170 564
1451180 565
1451190 565
1451200 566
1451210 567
1451220 567
1451230 568
1451240 568
1451250 568
1451260 569
1451270 570
1451280 570
1451290 571
1451300 571
1451310 571
1451320 571
1451330 570
1451340 570
1451350 572
1451360 573
1451370 573
1451380 574
1451390 575
1451400 575
1451410 575
1451420 576
1451430 576
1451440 578
1451450 579
1451460 579
1451470 580
1451480 582
1451490 582
1451500 583
1451510 585
1451520 585
1451530 585
1451540 588
1451550 588
1451560 593
1451570 596
1451580 596
1451590 599
1451600 603
1451610 603
1451620 607
1451630 609
1451640 609
1451650 611
1451660 612
1451670 612
1451680 613
1451690 613
1451700 613
1451710 613
1451720 613
1451730 613
1451740 612
1451750 611
1451760 611
1451770 611
1451780 610
1451790 610
1451800 609
1451810 608
1451820 608
1451830 607
1451840 606
1451850 606
1451860 604
1451870 603
1451880 603
1451890 602
1451900 602
1451910 601
1451920 601
1451930 600
1451940 599
1451950 599
1451960 599
1451970 598
1451980 598
1451990 598
1452000 597
1452010 597
1452020 596
1452030 595
1452040 595
1452050 594
1452060 593
1452070 593
1452080 592
1452090 590
1452100 590
1452110 589
1452120 589
1452130 589
1452140 588
1452150 588
1452160 588
1452170 587
1452180 587
1452190 587
1452200 587
1452210 586
1452220 586
1452230 586
1452240 586
1452250 586
1452260 586
1452270 585
1452280 585
1452290 585
1452300 584
1452310 584
1452320 584
1452330 583
1452340 583
1452350 583
1452360 584
1452370 584
1452380 585
1452390 586
1452400 586
1452410 586
1452420 587
1452430 587
1452440 587
1452450 588
1452460 588
1452470 589
1452480 590
1452490 590
1452500 590
1452510 590
1452520 590
1452530 590
1452540 590
1452550 590
1452560 589
1452570 589
1452580 589
1452590 588
1452600 588
1452610 587
1452620 587
1452630 587
1452640 586
1452650 586
1452660 586
1452670 585
1452680 585
1452690 585
1452700 584
1452710 584
1452720 584
1452730 584
1452740 584
1452750 583
1452760 583
1452770 583
1452780 582
1452790 582
1452800 582
1452810 582
1452820 582
1452830 582
1452840 582
1452850 582
1452860 582
1452870 582
1452880 582
1452890 582
1452900 581
1452910 580
1452920 580
1452930 579
1452940 580
1452950 580
1452960 580
1452970 580
1452980 580
1452990 580
1453000 580
1453010 580
1453020 580
1453030 579
1453040 579
1453050 579
1453060 578
1453070 578
1453080 578
1453090 578
1453100 578
1453110 578
1453120 577
1453130 577
1453140 577
1453150 577
1453160 577
1453170 577
1453180 577
1453190 577
1453200 577
1453210 577
1453220 577
1453230 578
1453240 578
1453250 578
1453260 578
1453270 578
1453280 578
1453290 578
1453300 579
1453310 579
1453320 579
1453330 579
1453340 579
1453350 579
1453360 579
1453370 579
1453380 579
1453390 579
1453400 579
1453410 579
1453420 578
1453430 578
1453440 578
1453450 578
1453460 578
1453470 578
1453480 577
1453490 577
1453500 577
1453510 577
1453520 576
1453530 576
1453540 575
1453550 574
1453560 574
1453570 573
1453580 571
1453590 571
1453600 570
1453610 568
1453620 568
1453630 567
1453640 566
1453650 566
1453660 565
1453670 564
1453680 564
1453690 563
1453700 562
1453710 562
1453720 562
1453730 562
1453740 562
1453750 561
1453760 561
1453770 561
1453780 561
1453790 561
1453800 561
1453810 560
1453820 560
1453830 560
1453840 560
1453850 560
1453860 560
1453870 561
1453880 562
1453890 562
1453900 563
1453910 563
1453920 563
1453930 565
1453940 566
1453950 566
1453960 566
1453970 567
1453980 567
1453990 568
1454000 568
1454010 568
1454020 569
1454030 569
1454040 569
1454050 569
1454060 570
1454070 571
1454080 571
1454090 571
1454100 572
1454110 572
1454120 573
1454130 574
1454140 574
1454150 575
1454160 576
1454170 576
1454180 577
1454190 578
1454200 578
1454210 579
1454220 579
1454230 579
1454240 580
1454250 580
1454260 580
1454270 580
1454280 580
1454290 580
1454300 580
1454310 580
1454320 580
1454330 581
1454340 581
1454350 581
1454360 581
1454370 580
1454380 580
1454390 580
1454400 580
1454410 580
1454420 580
1454430 580
1454440 580
1454450 580
1454460 580
1454470 580
1454480 580
1454490 580
1454500 580
1454510 580
1454520 580
1454530 580
1454540 579
1454550 579
1454560 579
1454570 579
1454580 580
1454590 580
1454600 580
1454610 580
1454620 580
1454630 580
1454640 579
1454650 579
1454660 579
1454670 578
1454680 578
1454690 577
1454700 576
1454710 576
1454720 574
1454730 572
1454740 572
1454750 571
1454760 571
1454770 572
1454780 572
1454790 574
1454800 575
1454810 575
1454820 576
1454830 578
1454840 578
1454850 579
1454860 580
1454870 580
1454880 581
1454890 581
1454900 581
1454910 581
1454920 581
1454930 581
1454940 580
1454950 580
1454960 580
1454970 580
1454980 579
1454990 579
1455000 578
1455010 577
1455020 577
1455030 575
1455040 573
1455050 573
1455060 571
1455070 568
1455080 568
1455090 566
1455100 563
1455110 563
1455120 561
1455130 559
1455140 559
1455150 557
1455160 556
1455170 556
1455180 555
1455190 553
1455200 553
1455210 551
1455220 549
1455230 549
1455240 547
1455250 545
1455260 545
1455270 543
1455280 542
1455290 542
1455300 540
1455310 538
1455320 538
1455330 537
1455340 536
1455350 536
1455360 535
1455370 534
1455380 534
1455390 534
1455400 534
1455410 534
1455420 534
1455430 533
1455440 533
1455450 534
1455460 534
1455470 534
1455480 535
1455490 535
1455500 536
1455510 536
1455520 536
1455530 537
1455540 537
1455550 538
1455560 539
1455570 539
1455580 541
1455590 543
1455600 543
1455610 545
1455620 547
1455630 547
1455640 549
1455650 551
1455660 551
1455670 553
1455680 556
1455690 556
1455700 558
1455710 560
1455720 560
1455730 561
1455740 562
1455750 562
1455760 564
1455770 565
1455780 565
1455790 566
1455800 566
1455810 566
1455820 567
1455830 567
1455840 567
1455850 567
1455860 567
1455870 567
1455880 567
1455890 567
1455900 567
1455910 568
1455920 569
1455930 569
1455940 569
1455950 569
1455960 569
1455970 566
1455980 565
1455990 565
1456000 564
1456010 565
1456020 565
1456030 565
1456040 564
1456050 564
1456060 564
1456070 564
1456080 564
1456090 564
1456100 564
1456110 564
1456120 564
1456130 564
1456140 564
1456150 564
1456160 564
1456170 564
1456180 564
1456190 564
1456200 564
1456210 564
1456220 564
1456230 564
1456240 564
1456250 561
1456260 562
1456270 562
1456280 567
1456290 569
1456300 569
1456310 571
1456320 573
1456330 573
1456340 575
1456350 576
1456360 576
1456370 577
1456380 579
1456390 579
1456400 581
1456410 582
1456420 582
1456430 583
1456440 584
1456450 584
1456460 585
1456470 585
1456480 585
1456490 586
1456500 586
1456510 586
1456520 587
1456530 587
1456540 587
1456550 587
1456560 587
1456570 587
1456580 587
1456590 586
1456600 586
1456610 585
1456620 585
1456630 585
1456640 584
1456650 584
1456660 584
1456670 583
1456680 583
1456690 583
1456700 582
1456710 581
1456720 581
1456730 580
1456740 579
1456750 579
1456760 578
1456770 577
1456780 577
1456790 576
1456800 575
1456810 575
1456820 575
1456830 574
1456840 574
1456850 574
1456860 574
1456870 575
1456880 574
1456890 574
1456900 574
1456910 573
1456920 573
1456930 573
1456940 573
1456950 572
1456960 572
1456970 572
1456980 572
1456990 571
1457000 571
1457010 571
1457020 571
1457030 571
1457040 571
1457050 571
1457060 571
1457070 571
1457080 570
1457090 570
1457100 570
1457110 570
1457120 570
1457130 570
1457140 570
1457150 570
1457160 570
1457170 570
1457180 570
1457190 570
1457200 571
1457210 571
1457220 571
1457230 571
1457240 571
1457250 572
1457260 572
1457270 572
1457280 572
1457290 573
1457300 573
1457310 573
1457320 574
1457330 574
1457340 575
1457350 576
1457360 576
1457370 577
1457380 578
1457390 578
1457400 579
1457410 580
1457420 580
1457430 581
1457440 582
1457450 582
1457460 583
1457470 583
1457480 583
1457490 584
1457500 585
1457510 585
1457520 586
1457530 586
1457540 586
1457550 587
1457560 587
1457570 587
1457580 588
1457590 588
1457600 588
1457610 588
1457620 588
1457630 588
1457640 588
1457650 588
1457660 587
1457670 587
1457680 587
1457690 587
1457700 587
1457710 587
1457720 586
1457730 586
1457740 586
1457750 586
1457760 586
1457770 585
1457780 584
1457790 584
1457800 584
1457810 583
1457820 583
1457830 582
1457840 581
1457850 581
1457860 581
1457870 580
1457880 580
1457890 579
1457900 578
1457910 578
1457920 577
1457930 576
1457940 576
1457950 576
1457960 575
1457970 575
1457980 575
1457990 575
1458000 575
1458010 574
1458020 574
1458030 574
1458040 574
1458050 574
1458060 574
1458070 574
1458080 574
1458090 574
1458100 574
1458110 574
1458120 574
1458130 573
1458140 573
1458150 573
1458160 573
1458170 573
1458180 573
1458190 573
1458200 573
1458210 573
1458220 574
1458230 574
1458240 574
1458250 574
1458260 574
1458270 574
1458280 574
1458290 574
1458300 574
1458310 574
1458320 574
1458330 574
1458340 574
1458350 574
1458360 574
1458370 574
1458380 574
1458390 574
1458400 574
1458410 574
1458420 574
1458430 574
1458440 574
1458450 574
1458460 574
1458470 574
1458480 574
1458490 574
1458500 574
1458510 573
1458520 573
1458530 573
1458540 572
1458550 572
1458560 572
1458570 572
1458580 572
1458590 572
1458600 572
1458610 572
1458620 572
1458630 572
1458640 572
1458650 572
1458660 572
1458670 572
1458680 572
1458690 572
1458700 572
1458710 571
1458720 570
1458730 570
1458740 570
1458750 569
1458760 569
1458770 568
1458780 568
1458790 568
1458800 567
1458810 567
1458820 567
1458830 566
1458840 566
1458850 566
1458860 566
1458870 565
1458880 565
1458890 565
1458900 565
1458910 565
1458920 565
1458930 565
1458940 565
1458950 565
1458960 565
1458970 565
1458980 565
1458990 565
1459000 565
1459010 565
1459020 565
1459030 565
1459040 565
1459050 565
1459060 565
1459070 565
1459080 564
1459090 564
1459100 564
1459110 565
1459120 565
1459130 565
1459140 565
1459150 564
1459160 564
1459170 564
1459180 564
1459190 564
1459200 563
1459210 563
1459220 563
1459230 563
1459240 562
1459250 562
1459260 562
1459270 562
1459280 562
1459290 561
1459300 561
1459310 561
1459320 560
1459330 560
1459340 560
1459350 560
1459360 560
1459370 560
1459380 560
1459390 560
1459400 560
1459410 560
1459420 559
1459430 559
1459440 559
1459450 559
1459460 559
1459470 558
1459480 558
1459490 558
1459500 557
1459510 557
1459520 557
1459530 558
1459540 558
1459550 558
1459560 558
1459570 558
1459580 558
1459590 558
1459600 558
1459610 558
1459620 558
1459630 559
1459640 559
1459650 559
1459660 559
1459670 559
1459680 559
1459690 558
1459700 558
1459710 558
1459720 559
1459730 559
1459740 559
1459750 559
1459760 559
1459770 558
1459780 558
1459790 558
1459800 558
1459810 558
1459820 557
1459830 557
1459840 557
1459850 556
1459860 556
1459870 556
1459880 556
1459890 556
1459900 556
1459910 556
1459920 556
1459930 555
1459940 555
1459950 555
1459960 555
1459970 555
1459980 555
1459990 555
