1440000 412
1440010 406
1440020 406
1440030 401
1440040 401
1440050 401
1440060 401
1440070 400
1440080 400
1440090 400
1440100 400
1440110 400
1440120 400
1440130 400
1440140 400
1440150 401
1440160 401
1440170 401
1440180 401
1440190 401
1440200 401
1440210 401
1440220 401
1440230 401
1440240 401
1440250 401
1440260 401
1440270 401
1440280 400
1440290 400
1440300 399
1440310 398
1440320 398
1440330 396
1440340 394
1440350 394
1440360 392
1440370 392
1440380 392
1440390 392
1440400 392
1440410 392
1440420 393
1440430 394
1440440 394
1440450 394
1440460 394
1440470 394
1440480 393
1440490 394
1440500 394
1440510 394
1440520 394
1440530 394
1440540 394
1440550 394
1440560 394
1440570 394
1440580 394
1440590 394
1440600 395
1440610 395
1440620 395
1440630 396
1440640 396
1440650 396
1440660 396
1440670 396
1440680 395
1440690 395
1440700 392
1440710 392
1440720 392
1440730 392
1440740 392
1440750 392
1440760 392
1440770 392
1440780 392
1440790 392
1440800 392
1440810 392
1440820 392
1440830 392
1440840 392
1440850 392
1440860 394
1440870 394
1440880 396
1440890 397
1440900 397
1440910 396
1440920 396
1440930 396
1440940 396
1440950 396
1440960 396
1440970 395
1440980 395
1440990 395
1441000 395
1441010 395
1441020 395
1441030 395
1441040 395
1441050 395
1441060 395
1441070 395
1441080 395
1441090 395
1441100 395
1441110 395
1441120 395
1441130 394
1441140 394
1441150 394
1441160 394
1441170 394
1441180 395
1441190 395
1441200 395
1441210 395
1441220 395
1441230 395
1441240 394
1441250 394
1441260 394
1441270 394
1441280 394
1441290 394
1441300 394
1441310 395
1441320 395
1441330 395
1441340 395
1441350 395
1441360 395
1441370 395
1441380 395
1441390 394
1441400 393
1441410 393
1441420 393
1441430 394
1441440 395
1441450 395
1441460 395
1441470 395
1441480 395
1441490 394
1441500 395
1441510 395
1441520 395
1441530 395
1441540 395
1441550 395
1441560 395
1441570 395
1441580 394
1441590 394
1441600 394
1441610 394
1441620 394
1441630 394
1441640 394
1441650 394
1441660 394
1441670 394
1441680 394
1441690 394
1441700 394
1441710 394
1441720 394
1441730 394
1441740 394
1441750 394
1441760 394
1441770 394
1441780 394
1441790 394
1441800 394
1441810 394
1441820 394
1441830 394
1441840 394
1441850 394
1441860 394
1441870 394
1441880 394
1441890 394
1441900 394
1441910 394
1441920 394
1441930 394
1441940 394
1441950 394
1441960 394
1441970 394
1441980 394
1441990 394
1442000 394
1442010 394
1442020 394
1442030 394
1442040 394
1442050 394
1442060 394
1442070 394
1442080 394
1442090 394
1442100 394
1442110 394
1442120 394
1442130 394
1442140 394
1442150 394
1442160 394
1442170 394
1442180 394
1442190 394
1442200 394
1442210 394
1442220 394
1442230 394
1442240 394
1442250 394
1442260 394
1442270 394
1442280 394
1442290 394
1442300 394
1442310 394
1442320 394
1442330 394
1442340 394
1442350 394
1442360 394
1442370 394
1442380 394
1442390 394
1442400 394
1442410 394
1442420 394
1442430 394
1442440 394
1442450 394
1442460 394
1442470 394
1442480 394
1442490 394
1442500 394
1442510 394
1442520 394
1442530 394
1442540 394
1442550 394
1442560 395
1442570 395
1442580 395
1442590 395
1442600 395
1442610 395
1442620 395
1442630 395
1442640 395
1442650 394
1442660 394
1442670 394
1442680 395
1442690 395
1442700 395
1442710 395
1442720 395
1442730 395
1442740 395
1442750 395
1442760 395
1442770 395
1442780 395
1442790 394
1442800 396
1442810 396
1442820 396
1442830 395
1442840 395
1442850 395
1442860 395
1442870 395
1442880 395
1442890 395
1442900 395
1442910 395
1442920 395
1442930 395
1442940 395
1442950 395
1442960 395
1442970 395
1442980 395
1442990 395
1443000 395
1443010 395
1443020 395
1443030 395
1443040 395
1443050 395
1443060 395
1443070 395
1443080 395
1443090 395
1443100 395
1443110 395
1443120 395
1443130 394
1443140 394
1443150 394
1443160 395
1443170 395
1443180 395
1443190 395
1443200 395
1443210 395
1443220 395
1443230 395
1443240 395
1443250 395
1443260 395
1443270 395
1443280 395
1443290 395
1443300 395
1443310 395
1443320 395
1443330 395
1443340 395
1443350 395
1443360 395
1443370 395
1443380 395
1443390 395
1443400 395
1443410 395
1443420 395
1443430 395
1443440 395
1443450 395
1443460 395
1443470 395
1443480 395
1443490 395
1443500 395
1443510 395
1443520 395
1443530 395
1443540 395
1443550 395
1443560 395
1443570 395
1443580 395
1443590 395
1443600 395
1443610 394
1443620 394
1443630 394
1443640 395
1443650 395
1443660 395
1443670 395
1443680 396
1443690 395
1443700 395
1443710 398
1443720 399
1443730 399
1443740 396
1443750 395
1443760 395
1443770 395
1443780 395
1443790 395
1443800 395
1443810 395
1443820 395
1443830 395
1443840 395
1443850 395
1443860 395
1443870 395
1443880 395
1443890 395
1443900 395
1443910 395
1443920 395
1443930 395
1443940 395
1443950 395
1443960 395
1443970 395
1443980 395
1443990 397
1444000 397
1444010 398
1444020 398
1444030 398
1444040 399
1444050 401
1444060 401
1444070 400
1444080 400
1444090 400
1444100 401
1444110 403
1444120 403
1444130 404
1444140 407
1444150 407
1444160 411
1444170 414
1444180 414
1444190 417
1444200 421
1444210 421
1444220 424
1444230 425
1444240 425
1444250 426
1444260 426
1444270 426
1444280 426
1444290 426
1444300 426
1444310 427
1444320 426
1444330 426
1444340 426
1444350 426
1444360 426
1444370 425
1444380 425
1444390 425
1444400 424
1444410 424
1444420 424
1444430 424
1444440 425
1444450 425
1444460 425
1444470 425
1444480 426
1444490 426
1444500 426
1444510 426
1444520 426
1444530 427
1444540 427
1444550 427
1444560 427
1444570 428
1444580 428
1444590 428
1444600 428
1444610 428
1444620 429
1444630 429
1444640 429
1444650 430
1444660 430
1444670 430
1444680 430
1444690 431
1444700 431
1444710 431
1444720 432
1444730 432
1444740 432
1444750 433
1444760 433
1444770 434
1444780 435
1444790 435
1444800 436
1444810 437
1444820 437
1444830 437
1444840 438
1444850 438
1444860 438
1444870 438
1444880 438
1444890 438
1444900 439
1444910 439
1444920 439
1444930 440
1444940 440
1444950 440
1444960 440
1444970 440
1444980 441
1444990 443
1445000 443
1445010 444
1445020 444
1445030 444
1445040 443
1445050 443
1445060 443
1445070 443
1445080 443
1445090 443
1445100 443
1445110 445
1445120 445
1445130 447
1445140 449
1445150 449
1445160 452
1445170 454
1445180 457
1445190 457
1445200 459
1445210 461
1445220 461
1445230 462
1445240 462
1445250 462
1445260 463
1445270 463
1445280 463
1445290 463
1445300 463
1445310 463
1445320 464
1445330 464
1445340 464
1445350 466
1445360 468
1445370 468
1445380 470
1445390 472
1445400 472
1445410 474
1445420 477
1445430 477
1445440 478
1445450 480
1445460 480
1445470 482
1445480 483
1445490 483
1445500 484
1445510 484
1445520 484
1445530 482
1445540 476
1445550 476
1445560 475
1445570 477
1445580 477
1445590 480
1445600 485
1445610 485
1445620 489
1445630 495
1445640 495
1445650 502
1445660 508
1445670 508
1445680 514
1445690 519
1445700 519
1445710 523
1445720 527
1445730 527
1445740 532
1445750 535
1445760 535
1445770 538
1445780 539
1445790 539
1445800 540
1445810 542
1445820 542
1445830 545
1445840 547
1445850 547
1445860 551
1445870 554
1445880 554
1445890 555
1445900 556
1445910 556
1445920 556
1445930 556
1445940 557
1445950 557
1445960 557
1445970 558
1445980 558
1445990 559
1446000 560
1446010 560
1446020 561
1446030 562
1446040 562
1446050 563
1446060 564
1446070 564
1446080 565
1446090 567
1446100 567
1446110 569
1446120 571
1446130 571
1446140 572
1446150 573
1446160 573
1446170 574
1446180 574
1446190 574
1446200 575
1446210 576
1446220 576
1446230 576
1446240 578
1446250 578
1446260 579
1446270 579
1446280 579
1446290 580
1446300 581
1446310 581
1446320 581
1446330 581
1446340 581
1446350 582
1446360 582
1446370 582
1446380 583
1446390 584
1446400 584
1446410 586
1446420 587
1446430 587
1446440 587
1446450 586
1446460 586
1446470 584
1446480 583
1446490 583
1446500 581
1446510 579
1446520 579
1446530 579
1446540 580
1446550 580
1446560 583
1446570 583
1446580 583
1446590 583
1446600 586
1446610 586
1446620 587
1446630 587
1446640 587
1446650 586
1446660 587
1446670 587
1446680 588
1446690 588
1446700 589
1446710 589
1446720 590
1446730 590
1446740 590
1446750 591
1446760 592
1446770 592
1446780 594
1446790 596
1446800 596
1446810 596
1446820 596
1446830 596
1446840 596
1446850 595
1446860 595
1446870 595
1446880 596
1446890 596
1446900 596
1446910 596
1446920 596
1446930 597
1446940 598
1446950 598
1446960 600
1446970 603
1446980 603
1446990 604
1447000 606
1447010 606
1447020 608
1447030 609
1447040 609
1447050 611
1447060 613
1447070 613
1447080 614
1447090 616
1447100 616
1447110 617
1447120 618
1447130 618
1447140 620
1447150 620
1447160 620
1447170 621
1447180 621
1447190 621
1447200 622
1447210 624
1447220 624
1447230 625
1447240 626
1447250 626
1447260 627
1447270 628
1447280 628
1447290 630
1447300 631
1447310 631
1447320 632
1447330 635
1447340 635
1447350 637
1447360 640
1447370 640
1447380 643
1447390 645
1447400 645
1447410 646
1447420 648
1447430 648
1447440 651
1447450 655
1447460 658
1447470 660
1447480 662
1447490 664
1447500 664
1447510 664
1447520 665
1447530 665
1447540 667
1447550 669
1447560 669
1447570 672
1447580 677
1447590 677
1447600 682
1447610 686
1447620 686
1447630 693
1447640 698
1447650 698
1447660 702
1447670 705
1447680 705
1447690 708
1447700 709
1447710 709
1447720 710
1447730 713
1447740 713
1447750 715
1447760 716
1447770 716
1447780 716
1447790 716
1447800 716
1447810 716
1447820 717
1447830 717
1447840 718
1447850 719
1447860 719
1447870 721
1447880 723
1447890 723
1447900 725
1447910 727
1447920 727
1447930 729
1447940 730
1447950 730
1447960 732
1447970 734
1447980 734
1447990 736
1448000 739
1448010 739
1448020 741
1448030 742
1448040 742
1448050 744
1448060 746
1448070 746
1448080 747
1448090 748
1448100 748
1448110 748
1448120 748
1448130 748
1448140 749
1448150 751
1448160 751
1448170 753
1448180 754
1448190 756
1448200 756
1448210 756
1448220 755
1448230 755
1448240 755
1448250 754
1448260 754
1448270 753
1448280 751
1448290 751
1448300 750
1448310 749
1448320 749
1448330 747
1448340 746
1448350 746
1448360 744
1448370 743
1448380 743
1448390 742
1448400 740
1448410 740
1448420 739
1448430 737
1448440 737
1448450 735
1448460 734
1448470 734
1448480 733
1448490 731
1448500 731
1448510 729
1448520 727
1448530 727
1448540 725
1448550 723
1448560 723
1448570 721
1448580 719
1448590 719
1448600 718
1448610 718
1448620 718
1448630 718
1448640 715
1448650 715
1448660 713
1448670 712
1448680 712
1448690 710
1448700 708
1448710 708
1448720 706
1448730 704
1448740 704
1448750 702
1448760 700
1448770 700
1448780 699
1448790 698
1448800 698
1448810 697
1448820 697
1448830 697
1448840 696
1448850 696
1448860 696
1448870 695
1448880 694
1448890 694
1448900 694
1448910 694
1448920 694
1448930 693
1448940 693
1448950 692
1448960 692
1448970 692
1448980 691
1448990 691
1449000 691
1449010 691
1449020 691
1449030 690
1449040 690
1449050 690
1449060 690
1449070 689
1449080 689
1449090 689
1449100 689
1449110 689
1449120 689
1449130 689
1449140 689
1449150 689
1449160 689
1449170 689
1449180 689
1449190 689
1449200 689
1449210 689
1449220 689
1449230 689
1449240 688
1449250 688
1449260 688
1449270 686
1449280 683
1449290 683
1449300 681
1449310 681
1449320 681
1449330 685
1449340 685
1449350 685
1449360 684
1449370 683
1449380 683
1449390 682
1449400 681
1449410 681
1449420 679
1449430 677
1449440 677
1449450 676
1449460 675
1449470 675
1449480 674
1449490 671
1449500 671
1449510 668
1449520 666
1449530 666
1449540 664
1449550 660
1449560 660
1449570 655
1449580 652
1449590 652
1449600 649
1449610 646
1449620 646
1449630 645
1449640 644
1449650 644
1449660 642
1449670 641
1449680 641
1449690 640
1449700 639
1449710 639
1449720 639
1449730 638
1449740 637
1449750 637
1449760 637
1449770 636
1449780 636
1449790 635
1449800 634
1449810 634
1449820 633
1449830 633
1449840 633
1449850 632
1449860 632
1449870 632
1449880 631
1449890 631
1449900 631
1449910 632
1449920 634
1449930 634
1449940 634
1449950 635
1449960 635
1449970 635
1449980 636
1449990 636
1450000 636
1450010 637
1450020 637
1450030 637
1450040 637
1450050 637
1450060 637
1450070 637
1450080 637
1450090 637
1450100 637
1450110 637
1450120 638
1450130 639
1450140 639
1450150 639
1450160 640
1450170 640
1450180 641
1450190 642
1450200 642
1450210 643
1450220 645
1450230 645
1450240 645
1450250 646
1450260 646
1450270 647
1450280 648
1450290 648
1450300 648
1450310 649
1450320 649
1450330 649
1450340 649
1450350 649
1450360 649
1450370 649
1450380 649
1450390 648
1450400 648
1450410 648
1450420 646
1450430 644
1450440 644
1450450 643
1450460 641
1450470 640
1450480 640
1450490 638
1450500 637
1450510 637
1450520 636
1450530 635
1450540 635
1450550 634
1450560 633
1450570 633
1450580 632
1450590 631
1450600 631
1450610 630
1450620 629
1450630 629
1450640 628
1450650 628
1450660 628
1450670 627
1450680 626
1450690 626
1450700 625
1450710 625
1450720 625
1450730 624
1450740 623
1450750 623
1450760 622
1450770 621
1450780 621
1450790 620
1450800 619
1450810 619
1450820 618
1450830 616
1450840 616
1450850 615
1450860 613
1450870 613
1450880 612
1450890 611
1450900 611
1450910 610
1450920 609
1450930 609
1450940 607
1450950 606
1450960 606
1450970 605
1450980 604
1450990 604
1451000 603
1451010 603
1451020 603
1451030 603
1451040 603
1451050 603
1451060 602
1451070 602
1451080 602
1451090 602
1451100 602
1451110 601
1451120 601
1451130 601
1451140 601
1451150 601
1451160 601
1451170 601
1451180 601
1451190 601
1451200 601
1451210 601
1451220 601
1451230 601
1451240 601
1451250 601
1451260 601
1451270 601
1451280 601
1451290 601
1451300 601
1451310 600
1451320 600
1451330 600
1451340 601
1451350 600
1451360 600
1451370 600
1451380 600
1451390 600
1451400 600
1451410 600
1451420 600
1451430 600
1451440 600
1451450 600
1451460 600
1451470 600
1451480 600
1451490 600
1451500 600
1451510 600
1451520 600
1451530 600
1451540 600
1451550 600
1451560 600
1451570 600
1451580 600
1451590 600
1451600 600
1451610 601
1451620 601
1451630 601
1451640 602
1451650 602
1451660 602
1451670 602
1451680 603
1451690 603
1451700 603
1451710 604
1451720 604
1451730 604
1451740 605
1451750 605
1451760 605
1451770 606
1451780 606
1451790 606
1451800 606
1451810 606
1451820 606
1451830 606
1451840 606
1451850 606
1451860 606
1451870 606
1451880 606
1451890 606
1451900 606
1451910 604
1451920 603
1451930 603
1451940 604
1451950 608
1451960 609
1451970 609
1451980 609
1451990 610
1452000 610
1452010 611
1452020 611
1452030 611
1452040 612
1452050 613
1452060 613
1452070 613
1452080 612
1452090 612
1452100 612
1452110 612
1452120 612
1452130 611
1452140 610
1452150 610
1452160 609
1452170 608
1452180 608
1452190 607
1452200 606
1452210 606
1452220 606
1452230 605
1452240 605
1452250 605
1452260 604
1452270 604
1452280 604
1452290 604
1452300 604
1452310 604
1452320 603
1452330 603
1452340 603
1452350 603
1452360 603
1452370 603
1452380 603
1452390 603
1452400 603
1452410 602
1452420 602
1452430 602
1452440 602
1452450 602
1452460 602
1452470 602
1452480 602
1452490 602
1452500 601
1452510 601
1452520 601
1452530 601
1452540 601
1452550 601
1452560 601
1452570 601
1452580 601
1452590 601
1452600 601
1452610 600
1452620 600
1452630 600
1452640 600
1452650 600
1452660 600
1452670 600
1452680 600
1452690 600
1452700 599
1452710 599
1452720 599
1452730 599
1452740 599
1452750 599
1452760 599
1452770 599
1452780 599
1452790 599
1452800 599
1452810 599
1452820 599
1452830 599
1452840 598
1452850 598
1452860 598
1452870 598
1452880 598
1452890 598
1452900 597
1452910 597
1452920 597
1452930 597
1452940 597
1452950 596
1452960 596
1452970 596
1452980 596
1452990 595
1453000 595
1453010 595
1453020 595
1453030 595
1453040 596
1453050 596
1453060 596
1453070 597
1453080 597
1453090 597
1453100 596
1453110 596
1453120 596
1453130 596
1453140 596
1453150 596
1453160 595
1453170 595
1453180 595
1453190 594
1453200 594
1453210 594
1453220 594
1453230 594
1453240 594
1453250 594
1453260 594
1453270 594
1453280 595
1453290 595
1453300 595
1453310 595
1453320 596
1453330 596
1453340 596
1453350 596
1453360 596
1453370 596
1453380 596
1453390 596
1453400 597
1453410 597
1453420 597
1453430 597
1453440 597
1453450 597
1453460 597
1453470 597
1453480 597
1453490 597
1453500 596
1453510 596
1453520 596
1453530 596
1453540 596
1453550 596
1453560 596
1453570 596
1453580 596
1453590 596
1453600 595
1453610 595
1453620 595
1453630 595
1453640 595
1453650 595
1453660 595
1453670 595
1453680 595
1453690 595
1453700 595
1453710 595
1453720 595
1453730 595
1453740 595
1453750 595
1453760 595
1453770 595
1453780 595
1453790 595
1453800 595
1453810 595
1453820 595
1453830 595
1453840 594
1453850 594
1453860 594
1453870 594
1453880 594
1453890 593
1453900 593
1453910 593
1453920 592
1453930 592
1453940 592
1453950 592
1453960 591
1453970 591
1453980 591
1453990 590
1454000 590
1454010 590
1454020 590
1454030 590
1454040 590
1454050 589
1454060 589
1454070 589
1454080 589
1454090 589
1454100 588
1454110 588
1454120 588
1454130 587
1454140 587
1454150 587
1454160 587
1454170 587
1454180 587
1454190 587
1454200 587
1454210 587
1454220 587
1454230 587
1454240 587
1454250 587
1454260 587
1454270 587
1454280 587
1454290 587
1454300 587
1454310 587
1454320 587
1454330 587
1454340 587
1454350 587
1454360 587
1454370 587
1454380 587
1454390 587
1454400 587
1454410 587
1454420 586
1454430 586
1454440 586
1454450 586
1454460 586
1454470 585
1454480 584
1454490 584
1454500 584
1454510 583
1454520 583
1454530 582
1454540 581
1454550 581
1454560 580
1454570 579
1454580 579
1454590 578
1454600 577
1454610 577
1454620 576
1454630 575
1454640 575
1454650 574
1454660 573
1454670 573
1454680 572
1454690 571
1454700 571
1454710 570
1454720 569
1454730 569
1454740 568
1454750 567
1454760 567
1454770 566
1454780 565
1454790 565
1454800 564
1454810 563
1454820 563
1454830 562
1454840 561
1454850 561
1454860 560
1454870 559
1454880 559
1454890 557
1454900 556
1454910 556
1454920 555
1454930 554
1454940 554
1454950 553
1454960 552
1454970 551
1454980 551
1454990 550
1455000 549
1455010 549
1455020 548
1455030 547
1455040 547
1455050 546
1455060 545
1455070 545
1455080 545
1455090 544
1455100 544
1455110 544
1455120 543
1455130 543
1455140 542
1455150 540
1455160 540
1455170 537
1455180 535
1455190 535
1455200 532
1455210 530
1455220 530
1455230 528
1455240 526
1455250 526
1455260 524
1455270 522
1455280 522
1455290 521
1455300 519
1455310 519
1455320 518
1455330 517
1455340 517
1455350 516
1455360 515
1455370 515
1455380 514
1455390 513
1455400 513
1455410 513
1455420 513
1455430 513
1455440 513
1455450 513
1455460 513
1455470 513
1455480 512
1455490 512
1455500 512
1455510 512
1455520 512
1455530 511
1455540 511
1455550 511
1455560 511
1455570 511
1455580 511
1455590 511
1455600 511
1455610 511
1455620 511
1455630 510
1455640 510
1455650 510
1455660 510
1455670 510
1455680 510
1455690 510
1455700 510
1455710 510
1455720 510
1455730 510
1455740 510
1455750 510
1455760 510
1455770 510
1455780 510
1455790 511
1455800 511
1455810 511
1455820 510
1455830 510
1455840 511
1455850 511
1455860 511
1455870 511
1455880 512
1455890 512
1455900 513
1455910 515
1455920 515
1455930 517
1455940 519
1455950 519
1455960 521
1455970 524
1455980 524
1455990 524
1456000 526
1456010 526
1456020 528
1456030 529
1456040 529
1456050 531
1456060 533
1456070 533
1456080 534
1456090 537
1456100 537
1456110 539
1456120 542
1456130 542
1456140 543
1456150 545
1456160 545
1456170 546
1456180 547
1456190 547
1456200 548
1456210 548
1456220 548
1456230 548
1456240 548
1456250 548
1456260 547
1456270 546
1456280 546
1456290 544
1456300 542
1456310 542
1456320 540
1456330 538
1456340 538
1456350 537
1456360 535
1456370 535
1456380 533
1456390 531
1456400 531
1456410 529
1456420 528
1456430 528
1456440 526
1456450 525
1456460 525
1456470 525
1456480 526
1456490 528
1456500 528
1456510 533
1456520 536
1456530 536
1456540 539
1456550 540
1456560 540
1456570 542
1456580 543
1456590 543
1456600 545
1456610 547
1456620 547
1456630 549
1456640 550
1456650 550
1456660 552
1456670 554
1456680 554
1456690 556
1456700 558
1456710 558
1456720 560
1456730 562
1456740 562
1456750 564
1456760 566
1456770 566
1456780 567
1456790 567
1456800 567
1456810 566
1456820 565
1456830 565
1456840 562
1456850 560
1456860 560
1456870 558
1456880 556
1456890 556
1456900 555
1456910 553
1456920 553
1456930 552
1456940 551
1456950 551
1456960 549
1456970 548
1456980 548
1456990 547
1457000 547
1457010 547
1457020 546
1457030 546
1457040 546
1457050 545
1457060 545
1457070 545
1457080 543
1457090 541
1457100 541
1457110 539
1457120 540
1457130 540
1457140 541
1457150 543
1457160 543
1457170 544
1457180 545
1457190 545
1457200 545
1457210 546
1457220 551
1457230 551
1457240 555
1457250 555
1457260 555
1457270 555
1457280 555
1457290 555
1457300 556
1457310 556
1457320 556
1457330 556
1457340 556
1457350 556
1457360 556
1457370 557
1457380 557
1457390 557
1457400 557
1457410 557
1457420 557
1457430 558
1457440 558
1457450 558
1457460 558
1457470 558
1457480 557
1457490 557
1457500 557
1457510 556
1457520 556
1457530 556
1457540 556
1457550 555
1457560 555
1457570 555
1457580 554
1457590 554
1457600 553
1457610 551
1457620 551
1457630 550
1457640 549
1457650 549
1457660 548
1457670 548
1457680 548
1457690 547
1457700 547
1457710 547
1457720 546
1457730 546
1457740 546
1457750 546
1457760 546
1457770 546
1457780 545
1457790 545
1457800 545
1457810 545
1457820 545
1457830 545
1457840 546
1457850 546
1457860 546
1457870 546
1457880 545
1457890 545
1457900 544
1457910 543
1457920 543
1457930 544
1457940 545
1457950 545
1457960 546
1457970 548
1457980 549
1457990 549
1458000 551
1458010 552
1458020 552
1458030 553
1458040 554
1458050 554
1458060 554
1458070 555
1458080 555
1458090 557
1458100 558
1458110 558
1458120 559
1458130 560
1458140 560
1458150 561
1458160 562
1458170 562
1458180 563
1458190 564
1458200 564
1458210 565
1458220 566
1458230 566
1458240 566
1458250 567
1458260 567
1458270 567
1458280 568
1458290 568
1458300 568
1458310 568
1458320 568
1458330 568
1458340 568
1458350 568
1458360 568
1458370 567
1458380 567
1458390 567
1458400 567
1458410 567
1458420 567
1458430 566
1458440 566
1458450 566
1458460 566
1458470 566
1458480 566
1458490 566
1458500 566
1458510 566
1458520 566
1458530 566
1458540 566
1458550 565
1458560 565
1458570 565
1458580 565
1458590 565
1458600 565
1458610 565
1458620 565
1458630 566
1458640 566
1458650 566
1458660 566
1458670 566
1458680 566
1458690 566
1458700 567
1458710 567
1458720 567
1458730 567
1458740 567
1458750 567
1458760 567
1458770 568
1458780 568
1458790 568
1458800 569
1458810 569
1458820 569
1458830 569
1458840 569
1458850 569
1458860 569
1458870 569
1458880 569
1458890 569
1458900 569
1458910 569
1458920 569
1458930 569
1458940 568
1458950 568
1458960 568
1458970 567
1458980 567
1458990 567
1459000 567
1459010 566
1459020 566
1459030 566
1459040 566
1459050 566
1459060 566
1459070 566
1459080 566
1459090 566
1459100 566
1459110 566
1459120 567
1459130 568
1459140 568
1459150 570
1459160 571
1459170 571
1459180 572
1459190 573
1459200 573
1459210 574
1459220 575
1459230 575
1459240 576
1459250 575
1459260 575
1459270 575
1459280 574
1459290 574
1459300 573
1459310 572
1459320 572
1459330 571
1459340 570
1459350 570
1459360 569
1459370 568
1459380 568
1459390 567
1459400 566
1459410 566
1459420 565
1459430 564
1459440 564
1459450 564
1459460 563
1459470 563
1459480 562
1459490 561
1459500 561
1459510 561
1459520 560
1459530 560
1459540 560
1459550 560
1459560 560
1459570 560
1459580 560
1459590 560
1459600 560
1459610 560
1459620 560
1459630 560
1459640 560
1459650 560
1459660 560
1459670 560
1459680 560
1459690 560
1459700 560
1459710 560
1459720 560
1459730 561
1459740 561
1459750 561
1459760 562
1459770 562
1459780 562
1459790 562
1459800 563
1459810 563
1459820 563
1459830 563
1459840 563
1459850 564
1459860 564
1459870 564
1459880 565
1459890 565
1459900 565
1459910 566
1459920 566
1459930 566
1459940 566
1459950 567
1459960 567
1459970 566
1459980 566
1459990 566
