1440000 421
1440010 421
1440020 420
1440030 420
1440040 420
1440050 420
1440060 420
1440070 419
1440080 417
1440090 417
1440100 414
1440110 411
1440120 411
1440130 408
1440140 404
1440150 404
1440160 401
1440170 400
1440180 400
1440190 400
1440200 399
1440210 399
1440220 398
1440230 398
1440240 398
1440250 397
1440260 397
1440270 397
1440280 397
1440290 397
1440300 397
1440310 394
1440320 392
1440330 392
1440340 394
1440350 395
1440360 395
1440370 395
1440380 395
1440390 395
1440400 396
1440410 395
1440420 395
1440430 393
1440440 391
1440450 391
1440460 391
1440470 391
1440480 391
1440490 391
1440500 391
1440510 391
1440520 391
1440530 391
1440540 391
1440550 391
1440560 391
1440570 391
1440580 391
1440590 394
1440600 394
1440610 395
1440620 396
1440630 396
1440640 395
1440650 395
1440660 395
1440670 395
1440680 395
1440690 395
1440700 395
1440710 395
1440720 395
1440730 395
1440740 395
1440750 395
1440760 395
1440770 394
1440780 392
1440790 392
1440800 392
1440810 392
1440820 392
1440830 393
1440840 393
1440850 393
1440860 393
1440870 391
1440880 391
1440890 391
1440900 393
1440910 393
1440920 394
1440930 394
1440940 394
1440950 394
1440960 393
1440970 393
1440980 393
1440990 393
1441000 393
1441010 393
1441020 394
1441030 394
1441040 396
1441050 400
1441060 400
1441070 402
1441080 401
1441090 401
1441100 401
1441110 402
1441120 402
1441130 403
1441140 403
1441150 403
1441160 403
1441170 403
1441180 403
1441190 403
1441200 403
1441210 403
1441220 403
1441230 404
1441240 404
1441250 404
1441260 405
1441270 405
1441280 408
1441290 411
1441300 411
1441310 414
1441320 415
1441330 415
1441340 415
1441350 416
1441360 416
1441370 416
1441380 416
1441390 416
1441400 416
1441410 416
1441420 416
1441430 416
1441440 416
1441450 416
1441460 416
1441470 416
1441480 416
1441490 416
1441500 415
1441510 413
1441520 413
1441530 411
1441540 411
1441550 411
1441560 413
1441570 416
1441580 416
1441590 416
1441600 415
1441610 415
1441620 414
1441630 412
1441640 412
1441650 409
1441660 408
1441670 408
1441680 408
1441690 407
1441700 407
1441710 407
1441720 407
1441730 407
1441740 406
1441750 406
1441760 406
1441770 405
1441780 404
1441790 404
1441800 403
1441810 401
1441820 401
1441830 400
1441840 399
1441850 399
1441860 398
1441870 397
1441880 397
1441890 396
1441900 394
1441910 394
1441920 394
1441930 394
1441940 394
1441950 394
1441960 394
1441970 394
1441980 393
1441990 394
1442000 394
1442010 394
1442020 394
1442030 394
1442040 394
1442050 394
1442060 394
1442070 394
1442080 394
1442090 394
1442100 394
1442110 394
1442120 394
1442130 394
1442140 394
1442150 394
1442160 394
1442170 394
1442180 394
1442190 394
1442200 394
1442210 394
1442220 394
1442230 394
1442240 394
1442250 394
1442260 394
1442270 394
1442280 394
1442290 394
1442300 394
1442310 394
1442320 394
1442330 394
1442340 394
1442350 394
1442360 394
1442370 394
1442380 394
1442390 394
1442400 394
1442410 394
1442420 394
1442430 394
1442440 394
1442450 395
1442460 395
1442470 395
1442480 396
1442490 396
1442500 396
1442510 395
1442520 395
1442530 395
1442540 395
1442550 395
1442560 395
1442570 395
1442580 395
1442590 395
1442600 395
1442610 395
1442620 394
1442630 394
1442640 394
1442650 394
1442660 394
1442670 394
1442680 395
1442690 395
1442700 395
1442710 396
1442720 396
1442730 396
1442740 397
1442750 396
1442760 396
1442770 396
1442780 398
1442790 398
1442800 401
1442810 401
1442820 401
1442830 400
1442840 399
1442850 399
1442860 398
1442870 398
1442880 398
1442890 398
1442900 399
1442910 399
1442920 400
1442930 399
1442940 399
1442950 398
1442960 399
1442970 402
1442980 402
1442990 403
1443000 403
1443010 403
1443020 402
1443030 400
1443040 400
1443050 399
1443060 398
1443070 398
1443080 398
1443090 398
1443100 398
1443110 397
1443120 396
1443130 396
1443140 395
1443150 395
1443160 395
1443170 395
1443180 394
1443190 394
1443200 395
1443210 395
1443220 395
1443230 395
1443240 395
1443250 395
1443260 395
1443270 395
1443280 395
1443290 395
1443300 394
1443310 394
1443320 395
1443330 394
1443340 394
1443350 393
1443360 393
1443370 393
1443380 393
1443390 393
1443400 393
1443410 393
1443420 393
1443430 393
1443440 393
1443450 393
1443460 393
1443470 393
1443480 393
1443490 393
1443500 393
1443510 393
1443520 393
1443530 393
1443540 393
1443550 393
1443560 393
1443570 393
1443580 393
1443590 393
1443600 393
1443610 393
1443620 393
1443630 393
1443640 393
1443650 393
1443660 393
1443670 393
1443680 393
1443690 394
1443700 394
1443710 395
1443720 396
1443730 396
1443740 396
1443750 397
1443760 397
1443770 397
1443780 398
1443790 398
1443800 398
1443810 398
1443820 399
1443830 399
1443840 399
1443850 401
1443860 401
1443870 402
1443880 402
1443890 402
1443900 403
1443910 403
1443920 403
1443930 403
1443940 404
1443950 404
1443960 404
1443970 404
1443980 404
1443990 404
1444000 405
1444010 405
1444020 407
1444030 411
1444040 411
1444050 413
1444060 414
1444070 414
1444080 414
1444090 414
1444100 414
1444110 414
1444120 414
1444130 414
1444140 414
1444150 414
1444160 414
1444170 414
1444180 414
1444190 414
1444200 414
1444210 414
1444220 414
1444230 414
1444240 414
1444250 414
1444260 414
1444270 414
1444280 414
1444290 414
1444300 414
1444310 414
1444320 414
1444330 414
1444340 414
1444350 414
1444360 414
1444370 414
1444380 414
1444390 414
1444400 414
1444410 414
1444420 414
1444430 414
1444440 414
1444450 414
1444460 414
1444470 414
1444480 415
1444490 415
1444500 415
1444510 415
1444520 415
1444530 415
1444540 415
1444550 415
1444560 415
1444570 415
1444580 415
1444590 415
1444600 415
1444610 415
1444620 415
1444630 415
1444640 415
1444650 415
1444660 416
1444670 416
1444680 416
1444690 416
1444700 416
1444710 416
1444720 416
1444730 416
1444740 416
1444750 416
1444760 415
1444770 415
1444780 415
1444790 414
1444800 414
1444810 413
1444820 413
1444830 413
1444840 414
1444850 414
1444860 414
1444870 414
1444880 413
1444890 414
1444900 414
1444910 414
1444920 414
1444930 414
1444940 415
1444950 415
1444960 415
1444970 416
1444980 416
1444990 416
1445000 417
1445010 417
1445020 417
1445030 417
1445040 417
1445050 417
1445060 417
1445070 417
1445080 417
1445090 417
1445100 417
1445110 417
1445120 418
1445130 418
1445140 418
1445150 418
1445160 418
1445170 418
1445180 419
1445190 419
1445200 419
1445210 419
1445220 419
1445230 420
1445240 420
1445250 420
1445260 420
1445270 420
1445280 421
1445290 421
1445300 421
1445310 421
1445320 421
1445330 422
1445340 422
1445350 422
1445360 422
1445370 422
1445380 422
1445390 422
1445400 422
1445410 422
1445420 422
1445430 422
1445440 422
1445450 423
1445460 423
1445470 423
1445480 423
1445490 423
1445500 423
1445510 423
1445520 423
1445530 423
1445540 423
1445550 423
1445560 423
1445570 423
1445580 424
1445590 424
1445600 424
1445610 425
1445620 425
1445630 425
1445640 425
1445650 425
1445660 425
1445670 424
1445680 424
1445690 425
1445700 425
1445710 425
1445720 426
1445730 427
1445740 427
1445750 428
1445760 428
1445770 428
1445780 429
1445790 430
1445800 430
1445810 430
1445820 431
1445830 431
1445840 432
1445850 434
1445860 434
1445870 436
1445880 437
1445890 437
1445900 438
1445910 440
1445920 440
1445930 441
1445940 442
1445950 442
1445960 444
1445970 445
1445980 445
1445990 445
1446000 446
1446010 446
1446020 446
1446030 447
1446040 449
1446050 449
1446060 450
1446070 450
1446080 450
1446090 451
1446100 452
1446110 452
1446120 453
1446130 455
1446140 455
1446150 456
1446160 458
1446170 458
1446180 459
1446190 461
1446200 461
1446210 462
1446220 464
1446230 464
1446240 465
1446250 467
1446260 467
1446270 468
1446280 467
1446290 467
1446300 467
1446310 469
1446320 469
1446330 470
1446340 472
1446350 472
1446360 475
1446370 480
1446380 480
1446390 484
1446400 486
1446410 486
1446420 488
1446430 491
1446440 491
1446450 493
1446460 495
1446470 495
1446480 498
1446490 501
1446500 501
1446510 504
1446520 506
1446530 506
1446540 509
1446550 512
1446560 512
1446570 515
1446580 519
1446590 519
1446600 523
1446610 524
1446620 524
1446630 527
1446640 531
1446650 531
1446660 533
1446670 535
1446680 535
1446690 537
1446700 540
1446710 540
1446720 543
1446730 545
1446740 545
1446750 546
1446760 548
1446770 548
1446780 553
1446790 556
1446800 561
1446810 561
1446820 564
1446830 567
1446840 567
1446850 568
1446860 566
1446870 566
1446880 565
1446890 569
1446900 569
1446910 573
1446920 577
1446930 577
1446940 580
1446950 583
1446960 583
1446970 585
1446980 587
1446990 587
1447000 590
1447010 593
1447020 593
1447030 595
1447040 598
1447050 598
1447060 600
1447070 602
1447080 602
1447090 605
1447100 605
1447110 605
1447120 603
1447130 604
1447140 604
1447150 605
1447160 606
1447170 606
1447180 607
1447190 606
1447200 606
1447210 605
1447220 606
1447230 606
1447240 607
1447250 607
1447260 607
1447270 606
1447280 601
1447290 601
1447300 593
1447310 593
1447320 593
1447330 599
1447340 605
1447350 605
1447360 611
1447370 615
1447380 615
1447390 620
1447400 623
1447410 623
1447420 625
1447430 627
1447440 627
1447450 629
1447460 633
1447470 633
1447480 637
1447490 641
1447500 641
1447510 642
1447520 643
1447530 643
1447540 643
1447550 643
1447560 643
1447570 644
1447580 644
1447590 645
1447600 645
1447610 646
1447620 647
1447630 647
1447640 648
1447650 650
1447660 650
1447670 651
1447680 652
1447690 652
1447700 653
1447710 654
1447720 654
1447730 655
1447740 655
1447750 655
1447760 656
1447770 658
1447780 658
1447790 659
1447800 661
1447810 661
1447820 662
1447830 662
1447840 662
1447850 663
1447860 664
1447870 664
1447880 665
1447890 666
1447900 666
1447910 668
1447920 669
1447930 669
1447940 671
1447950 672
1447960 672
1447970 672
1447980 673
1447990 673
1448000 674
1448010 676
1448020 676
1448030 678
1448040 680
1448050 680
1448060 682
1448070 683
1448080 683
1448090 684
1448100 686
1448110 686
1448120 687
1448130 688
1448140 688
1448150 689
1448160 690
1448170 690
1448180 690
1448190 691
1448200 691
1448210 692
1448220 693
1448230 693
1448240 694
1448250 696
1448260 697
1448270 698
1448280 700
1448290 700
1448300 702
1448310 704
1448320 704
1448330 705
1448340 707
1448350 710
1448360 710
1448370 713
1448380 716
1448390 716
1448400 719
1448410 722
1448420 722
1448430 723
1448440 723
1448450 723
1448460 723
1448470 724
1448480 724
1448490 726
1448500 729
1448510 729
1448520 732
1448530 735
1448540 735
1448550 736
1448560 737
1448570 737
1448580 738
1448590 738
1448600 738
1448610 738
1448620 738
1448630 738
1448640 738
1448650 737
1448660 737
1448670 736
1448680 735
1448690 735
1448700 734
1448710 733
1448720 733
1448730 732
1448740 731
1448750 731
1448760 730
1448770 729
1448780 729
1448790 728
1448800 727
1448810 727
1448820 726
1448830 724
1448840 724
1448850 722
1448860 720
1448870 720
1448880 718
1448890 717
1448900 717
1448910 714
1448920 714
1448930 714
1448940 712
1448950 710
1448960 710
1448970 708
1448980 706
1448990 706
1449000 704
1449010 702
1449020 702
1449030 700
1449040 699
1449050 699
1449060 698
1449070 697
1449080 697
1449090 696
1449100 695
1449110 694
1449120 694
1449130 694
1449140 693
1449150 693
1449160 693
1449170 693
1449180 693
1449190 693
1449200 693
1449210 693
1449220 693
1449230 693
1449240 693
1449250 693
1449260 692
1449270 692
1449280 692
1449290 685
1449300 685
1449310 689
1449320 691
1449330 691
1449340 691
1449350 690
1449360 690
1449370 689
1449380 687
1449390 687
1449400 685
1449410 682
1449420 682
1449430 679
1449440 676
1449450 676
1449460 674
1449470 672
1449480 672
1449490 671
1449500 669
1449510 669
1449520 668
1449530 667
1449540 667
1449550 666
1449560 664
1449570 664
1449580 663
1449590 662
1449600 662
1449610 662
1449620 661
1449630 661
1449640 661
1449650 660
1449660 660
1449670 659
1449680 658
1449690 658
1449700 657
1449710 657
1449720 657
1449730 659
1449740 659
1449750 659
1449760 659
1449770 659
1449780 659
1449790 659
1449800 659
1449810 659
1449820 659
1449830 658
1449840 658
1449850 658
1449860 657
1449870 656
1449880 656
1449890 655
1449900 654
1449910 654
1449920 653
1449930 652
1449940 652
1449950 651
1449960 650
1449970 650
1449980 650
1449990 649
1450000 649
1450010 649
1450020 648
1450030 648
1450040 647
1450050 647
1450060 647
1450070 646
1450080 645
1450090 645
1450100 644
1450110 642
1450120 642
1450130 640
1450140 638
1450150 638
1450160 636
1450170 635
1450180 635
1450190 634
1450200 633
1450210 633
1450220 633
1450230 633
1450240 633
1450250 632
1450260 632
1450270 632
1450280 632
1450290 632
1450300 632
1450310 632
1450320 631
1450330 631
1450340 631
1450350 631
1450360 631
1450370 631
1450380 631
1450390 631
1450400 631
1450410 631
1450420 631
1450430 632
1450440 632
1450450 632
1450460 633
1450470 633
1450480 633
1450490 634
1450500 634
1450510 634
1450520 635
1450530 635
1450540 635
1450550 635
1450560 635
1450570 635
1450580 635
1450590 635
1450600 635
1450610 636
1450620 636
1450630 636
1450640 636
1450650 636
1450660 636
1450670 636
1450680 636
1450690 636
1450700 636
1450710 636
1450720 636
1450730 636
1450740 636
1450750 636
1450760 636
1450770 637
1450780 637
1450790 637
1450800 637
1450810 636
1450820 636
1450830 636
1450840 636
1450850 636
1450860 636
1450870 635
1450880 635
1450890 634
1450900 634
1450910 634
1450920 633
1450930 632
1450940 632
1450950 631
1450960 629
1450970 629
1450980 628
1450990 628
1451000 628
1451010 628
1451020 628
1451030 628
1451040 628
1451050 628
1451060 628
1451070 628
1451080 628
1451090 628
1451100 628
1451110 628
1451120 628
1451130 628
1451140 628
1451150 628
1451160 628
1451170 628
1451180 628
1451190 628
1451200 628
1451210 628
1451220 629
1451230 629
1451240 629
1451250 630
1451260 631
1451270 631
1451280 632
1451290 633
1451300 633
1451310 633
1451320 634
1451330 634
1451340 634
1451350 635
1451360 635
1451370 634
1451380 634
1451390 634
1451400 634
1451410 633
1451420 633
1451430 633
1451440 633
1451450 633
1451460 633
1451470 633
1451480 633
1451490 633
1451500 634
1451510 634
1451520 634
1451530 634
1451540 634
1451550 634
1451560 634
1451570 633
1451580 633
1451590 632
1451600 632
1451610 632
1451620 632
1451630 632
1451640 632
1451650 632
1451660 632
1451670 632
1451680 632
1451690 632
1451700 632
1451710 633
1451720 633
1451730 633
1451740 634
1451750 635
1451760 635
1451770 635
1451780 635
1451790 635
1451800 636
1451810 636
1451820 636
1451830 637
1451840 638
1451850 638
1451860 638
1451870 639
1451880 639
1451890 639
1451900 639
1451910 639
1451920 639
1451930 639
1451940 639
1451950 639
1451960 639
1451970 639
1451980 639
1451990 638
1452000 637
1452010 637
1452020 637
1452030 637
1452040 636
1452050 636
1452060 636
1452070 635
1452080 635
1452090 635
1452100 634
1452110 634
1452120 634
1452130 633
1452140 632
1452150 632
1452160 632
1452170 631
1452180 630
1452190 630
1452200 629
1452210 628
1452220 628
1452230 628
1452240 627
1452250 627
1452260 627
1452270 627
1452280 627
1452290 627
1452300 627
1452310 627
1452320 627
1452330 627
1452340 627
1452350 627
1452360 628
1452370 628
1452380 628
1452390 628
1452400 628
1452410 628
1452420 628
1452430 628
1452440 628
1452450 628
1452460 628
1452470 628
1452480 628
1452490 628
1452500 628
1452510 629
1452520 629
1452530 628
1452540 628
1452550 628
1452560 628
1452570 628
1452580 628
1452590 627
1452600 627
1452610 627
1452620 626
1452630 626
1452640 626
1452650 625
1452660 624
1452670 624
1452680 624
1452690 624
1452700 624
1452710 623
1452720 623
1452730 623
1452740 623
1452750 623
1452760 623
1452770 622
1452780 622
1452790 622
1452800 622
1452810 621
1452820 621
1452830 621
1452840 621
1452850 621
1452860 620
1452870 620
1452880 620
1452890 620
1452900 620
1452910 620
1452920 620
1452930 620
1452940 620
1452950 620
1452960 620
1452970 620
1452980 620
1452990 619
1453000 619
1453010 619
1453020 619
1453030 619
1453040 619
1453050 618
1453060 618
1453070 618
1453080 618
1453090 617
1453100 617
1453110 617
1453120 616
1453130 616
1453140 615
1453150 614
1453160 614
1453170 613
1453180 612
1453190 612
1453200 611
1453210 610
1453220 610
1453230 609
1453240 608
1453250 608
1453260 607
1453270 606
1453280 606
1453290 605
1453300 604
1453310 604
1453320 604
1453330 603
1453340 603
1453350 602
1453360 601
1453370 601
1453380 601
1453390 600
1453400 600
1453410 600
1453420 599
1453430 599
1453440 599
1453450 598
1453460 598
1453470 598
1453480 597
1453490 597
1453500 597
1453510 596
1453520 596
1453530 591
1453540 587
1453550 587
1453560 589
1453570 594
1453580 594
1453590 596
1453600 597
1453610 597
1453620 597
1453630 598
1453640 598
1453650 598
1453660 599
1453670 599
1453680 599
1453690 599
1453700 599
1453710 599
1453720 599
1453730 599
1453740 599
1453750 598
1453760 598
1453770 598
1453780 597
1453790 596
1453800 596
1453810 595
1453820 594
1453830 594
1453840 593
1453850 592
1453860 592
1453870 591
1453880 590
1453890 590
1453900 589
1453910 587
1453920 587
1453930 586
1453940 585
1453950 585
1453960 584
1453970 582
1453980 582
1453990 581
1454000 579
1454010 579
1454020 578
1454030 576
1454040 576
1454050 574
1454060 571
1454070 571
1454080 567
1454090 567
1454100 567
1454110 568
1454120 566
1454130 566
1454140 564
1454150 561
1454160 561
1454170 559
1454180 557
1454190 557
1454200 556
1454210 555
1454220 555
1454230 554
1454240 552
1454250 552
1454260 550
1454270 546
1454280 546
1454290 543
1454300 543
1454310 543
1454320 545
1454330 547
1454340 547
1454350 548
1454360 546
1454370 546
1454380 550
1454390 553
1454400 553
1454410 552
1454420 553
1454430 553
1454440 554
1454450 555
1454460 555
1454470 555
1454480 556
1454490 556
1454500 556
1454510 554
1454520 554
1454530 554
1454540 557
1454550 557
1454560 557
1454570 558
1454580 558
1454590 558
1454600 558
1454610 558
1454620 558
1454630 557
1454640 556
1454650 556
1454660 556
1454670 554
1454680 554
1454690 550
1454700 550
1454710 550
1454720 555
1454730 556
1454740 556
1454750 556
1454760 555
1454770 555
1454780 555
1454790 555
1454800 555
1454810 554
1454820 552
1454830 552
1454840 551
1454850 551
1454860 551
1454870 549
1454880 548
1454890 548
1454900 546
1454910 545
1454920 545
1454930 543
1454940 542
1454950 542
1454960 541
1454970 539
1454980 539
1454990 538
1455000 537
1455010 537
1455020 535
1455030 533
1455040 533
1455050 532
1455060 530
1455070 530
1455080 528
1455090 525
1455100 525
1455110 523
1455120 521
1455130 521
1455140 519
1455150 517
1455160 517
1455170 516
1455180 515
1455190 515
1455200 514
1455210 514
1455220 514
1455230 514
1455240 513
1455250 513
1455260 513
1455270 513
1455280 513
1455290 513
1455300 512
1455310 512
1455320 512
1455330 513
1455340 513
1455350 513
1455360 513
1455370 513
1455380 513
1455390 513
1455400 513
1455410 513
1455420 513
1455430 513
1455440 513
1455450 513
1455460 513
1455470 513
1455480 513
1455490 512
1455500 512
1455510 512
1455520 512
1455530 512
1455540 512
1455550 512
1455560 512
1455570 511
1455580 511
1455590 511
1455600 510
1455610 509
1455620 509
1455630 508
1455640 508
1455650 508
1455660 507
1455670 507
1455680 507
1455690 507
1455700 506
1455710 506
1455720 506
1455730 506
1455740 506
1455750 506
1455760 506
1455770 506
1455780 506
1455790 506
1455800 506
1455810 506
1455820 505
1455830 505
1455840 505
1455850 505
1455860 505
1455870 506
1455880 509
1455890 509
1455900 509
1455910 509
1455920 509
1455930 509
1455940 510
1455950 510
1455960 509
1455970 510
1455980 510
1455990 510
1456000 509
1456010 509
1456020 509
1456030 509
1456040 509
1456050 509
1456060 509
1456070 509
1456080 509
1456090 509
1456100 509
1456110 509
1456120 509
1456130 508
1456140 508
1456150 509
1456160 509
1456170 509
1456180 509
1456190 510
1456200 510
1456210 511
1456220 512
1456230 512
1456240 513
1456250 513
1456260 513
1456270 514
1456280 514
1456290 514
1456300 515
1456310 516
1456320 516
1456330 517
1456340 518
1456350 518
1456360 519
1456370 520
1456380 520
1456390 521
1456400 522
1456410 522
1456420 522
1456430 523
1456440 523
1456450 523
1456460 523
1456470 523
1456480 523
1456490 522
1456500 522
1456510 522
1456520 521
1456530 521
1456540 521
1456550 521
1456560 521
1456570 521
1456580 520
1456590 520
1456600 520
1456610 520
1456620 520
1456630 520
1456640 520
1456650 520
1456660 519
1456670 518
1456680 518
1456690 518
1456700 518
1456710 518
1456720 518
1456730 518
1456740 518
1456750 518
1456760 518
1456770 518
1456780 518
1456790 519
1456800 519
1456810 519
1456820 520
1456830 521
1456840 521
1456850 523
1456860 525
1456870 525
1456880 527
1456890 529
1456900 529
1456910 532
1456920 534
1456930 534
1456940 536
1456950 538
1456960 538
1456970 541
1456980 543
1456990 543
1457000 546
1457010 549
1457020 549
1457030 551
1457040 552
1457050 552
1457060 553
1457070 553
1457080 553
1457090 552
1457100 552
1457110 552
1457120 551
1457130 550
1457140 550
1457150 548
1457160 546
1457170 546
1457180 543
1457190 541
1457200 541
1457210 540
1457220 539
1457230 539
1457240 538
1457250 537
1457260 537
1457270 535
1457280 533
1457290 533
1457300 532
1457310 531
1457320 531
1457330 530
1457340 527
1457350 527
1457360 524
1457370 521
1457380 521
1457390 523
1457400 524
1457410 524
1457420 529
1457430 532
1457440 532
1457450 533
1457460 534
1457470 534
1457480 535
1457490 536
1457500 536
1457510 537
1457520 538
1457530 539
1457540 539
1457550 540
1457560 541
1457570 541
1457580 542
1457590 542
1457600 542
1457610 543
1457620 543
1457630 543
1457640 544
1457650 544
1457660 544
1457670 544
1457680 544
1457690 544
1457700 545
1457710 545
1457720 545
1457730 546
1457740 546
1457750 546
1457760 547
1457770 547
1457780 547
1457790 547
1457800 547
1457810 547
1457820 547
1457830 547
1457840 547
1457850 546
1457860 546
1457870 546
1457880 545
1457890 545
1457900 545
1457910 545
1457920 545
1457930 545
1457940 545
1457950 545
1457960 545
1457970 546
1457980 546
1457990 546
1458000 546
1458010 546
1458020 546
1458030 546
1458040 546
1458050 546
1458060 545
1458070 545
1458080 545
1458090 545
1458100 544
1458110 544
1458120 544
1458130 544
1458140 544
1458150 545
1458160 546
1458170 546
1458180 546
1458190 547
1458200 547
1458210 548
1458220 549
1458230 549
1458240 551
1458250 552
1458260 552
1458270 553
1458280 554
1458290 556
1458300 556
1458310 558
1458320 560
1458330 560
1458340 562
1458350 564
1458360 564
1458370 566
1458380 568
1458390 568
1458400 569
1458410 570
1458420 570
1458430 571
1458440 570
1458450 570
1458460 569
1458470 568
1458480 568
1458490 567
1458500 566
1458510 566
1458520 565
1458530 564
1458540 564
1458550 563
1458560 563
1458570 563
1458580 562
1458590 562
1458600 562
1458610 562
1458620 561
1458630 561
1458640 561
1458650 560
1458660 560
1458670 560
1458680 561
1458690 561
1458700 561
1458710 561
1458720 561
1458730 561
1458740 561
1458750 561
1458760 561
1458770 561
1458780 561
1458790 562
1458800 563
1458810 563
1458820 564
1458830 564
1458840 564
1458850 565
1458860 565
1458870 565
1458880 566
1458890 566
1458900 566
1458910 567
1458920 567
1458930 567
1458940 568
1458950 568
1458960 568
1458970 569
1458980 569
1458990 569
1459000 568
1459010 568
1459020 568
1459030 568
1459040 568
1459050 568
1459060 568
1459070 569
1459080 569
1459090 569
1459100 569
1459110 569
1459120 569
1459130 570
1459140 570
1459150 570
1459160 571
1459170 572
1459180 572
1459190 573
1459200 575
1459210 575
1459220 576
1459230 577
1459240 577
1459250 577
1459260 577
1459270 577
1459280 578
1459290 578
1459300 578
1459310 578
1459320 578
1459330 578
1459340 578
1459350 577
1459360 577
1459370 576
1459380 575
1459390 575
1459400 574
1459410 573
1459420 573
1459430 572
1459440 572
1459450 572
1459460 571
1459470 571
1459480 571
1459490 571
1459500 571
1459510 571
1459520 571
1459530 571
1459540 571
1459550 571
1459560 572
1459570 572
1459580 572
1459590 572
1459600 572
1459610 572
1459620 573
1459630 573
1459640 573
1459650 573
1459660 573
1459670 572
1459680 571
1459690 571
1459700 571
1459710 571
1459720 571
1459730 571
1459740 572
1459750 572
1459760 572
1459770 573
1459780 573
1459790 574
1459800 574
1459810 575
1459820 575
1459830 575
1459840 575
1459850 575
1459860 576
1459870 576
1459880 576
1459890 576
1459900 577
1459910 577
1459920 577
1459930 577
1459940 577
1459950 578
1459960 578
1459970 578
1459980 579
1459990 579
