1440000 421
1440010 421
1440020 421
1440030 421
1440040 420
1440050 419
1440060 419
1440070 417
1440080 413
1440090 413
1440100 410
1440110 406
1440120 406
1440130 402
1440140 400
1440150 400
1440160 400
1440170 400
1440180 400
1440190 400
1440200 400
1440210 400
1440220 400
1440230 400
1440240 400
1440250 400
1440260 400
1440270 400
1440280 398
1440290 396
1440300 396
1440310 394
1440320 392
1440330 392
1440340 394
1440350 395
1440360 395
1440370 395
1440380 395
1440390 395
1440400 395
1440410 396
1440420 396
1440430 395
1440440 392
1440450 392
1440460 391
1440470 391
1440480 391
1440490 391
1440500 391
1440510 391
1440520 391
1440530 391
1440540 391
1440550 391
1440560 391
1440570 391
1440580 391
1440590 392
1440600 392
1440610 395
1440620 396
1440630 396
1440640 396
1440650 395
1440660 395
1440670 395
1440680 395
1440690 395
1440700 395
1440710 395
1440720 395
1440730 395
1440740 395
1440750 395
1440760 395
1440770 392
1440780 391
1440790 391
1440800 392
1440810 393
1440820 393
1440830 394
1440840 394
1440850 394
1440860 394
1440870 394
1440880 394
1440890 394
1440900 393
1440910 393
1440920 391
1440930 393
1440940 393
1440950 394
1440960 393
1440970 393
1440980 393
1440990 393
1441000 393
1441010 393
1441020 393
1441030 393
1441040 393
1441050 393
1441060 393
1441070 393
1441080 393
1441090 393
1441100 395
1441110 398
1441120 398
1441130 401
1441140 401
1441150 401
1441160 400
1441170 400
1441180 400
1441190 402
1441200 403
1441210 403
1441220 403
1441230 403
1441240 403
1441250 403
1441260 403
1441270 403
1441280 404
1441290 405
1441300 405
1441310 405
1441320 405
1441330 405
1441340 405
1441350 405
1441360 405
1441370 408
1441380 411
1441390 411
1441400 411
1441410 409
1441420 409
1441430 408
1441440 406
1441450 406
1441460 406
1441470 405
1441480 405
1441490 405
1441500 405
1441510 405
1441520 405
1441530 405
1441540 405
1441550 405
1441560 405
1441570 405
1441580 405
1441590 404
1441600 404
1441610 404
1441620 405
1441630 405
1441640 405
1441650 404
1441660 402
1441670 402
1441680 402
1441690 402
1441700 402
1441710 402
1441720 402
1441730 402
1441740 401
1441750 400
1441760 400
1441770 400
1441780 400
1441790 400
1441800 399
1441810 399
1441820 399
1441830 399
1441840 399
1441850 399
1441860 398
1441870 397
1441880 397
1441890 394
1441900 397
1441910 397
1441920 397
1441930 397
1441940 397
1441950 397
1441960 397
1441970 397
1441980 396
1441990 396
1442000 396
1442010 396
1442020 396
1442030 396
1442040 396
1442050 396
1442060 396
1442070 396
1442080 396
1442090 396
1442100 396
1442110 396
1442120 396
1442130 395
1442140 395
1442150 395
1442160 395
1442170 394
1442180 394
1442190 394
1442200 394
1442210 394
1442220 394
1442230 394
1442240 394
1442250 394
1442260 394
1442270 394
1442280 394
1442290 394
1442300 394
1442310 394
1442320 394
1442330 394
1442340 394
1442350 394
1442360 394
1442370 394
1442380 394
1442390 394
1442400 394
1442410 394
1442420 394
1442430 394
1442440 394
1442450 394
1442460 394
1442470 394
1442480 394
1442490 394
1442500 394
1442510 394
1442520 394
1442530 394
1442540 394
1442550 394
1442560 394
1442570 394
1442580 394
1442590 394
1442600 394
1442610 394
1442620 394
1442630 394
1442640 394
1442650 394
1442660 394
1442670 394
1442680 395
1442690 395
1442700 395
1442710 396
1442720 395
1442730 395
1442740 395
1442750 395
1442760 395
1442770 395
1442780 394
1442790 394
1442800 395
1442810 394
1442820 394
1442830 394
1442840 394
1442850 394
1442860 394
1442870 395
1442880 395
1442890 395
1442900 395
1442910 395
1442920 395
1442930 396
1442940 396
1442950 397
1442960 399
1442970 399
1442980 401
1442990 402
1443000 402
1443010 402
1443020 402
1443030 402
1443040 402
1443050 402
1443060 400
1443070 400
1443080 396
1443090 395
1443100 395
1443110 394
1443120 394
1443130 394
1443140 394
1443150 394
1443160 394
1443170 394
1443180 394
1443190 394
1443200 394
1443210 394
1443220 394
1443230 394
1443240 394
1443250 394
1443260 394
1443270 394
1443280 394
1443290 394
1443300 394
1443310 394
1443320 394
1443330 394
1443340 394
1443350 394
1443360 394
1443370 394
1443380 394
1443390 394
1443400 394
1443410 394
1443420 394
1443430 394
1443440 394
1443450 394
1443460 394
1443470 394
1443480 394
1443490 394
1443500 394
1443510 394
1443520 394
1443530 394
1443540 394
1443550 394
1443560 393
1443570 393
1443580 393
1443590 393
1443600 393
1443610 393
1443620 393
1443630 393
1443640 393
1443650 393
1443660 393
1443670 393
1443680 393
1443690 393
1443700 393
1443710 393
1443720 393
1443730 393
1443740 393
1443750 394
1443760 394
1443770 394
1443780 395
1443790 395
1443800 395
1443810 396
1443820 397
1443830 397
1443840 397
1443850 398
1443860 398
1443870 398
1443880 399
1443890 399
1443900 399
1443910 399
1443920 399
1443930 399
1443940 399
1443950 399
1443960 399
1443970 401
1443980 401
1443990 403
1444000 404
1444010 404
1444020 407
1444030 410
1444040 410
1444050 412
1444060 413
1444070 413
1444080 413
1444090 414
1444100 414
1444110 414
1444120 414
1444130 414
1444140 414
1444150 414
1444160 414
1444170 414
1444180 414
1444190 414
1444200 414
1444210 414
1444220 414
1444230 414
1444240 414
1444250 414
1444260 414
1444270 415
1444280 415
1444290 415
1444300 415
1444310 415
1444320 415
1444330 415
1444340 415
1444350 415
1444360 415
1444370 415
1444380 415
1444390 415
1444400 415
1444410 415
1444420 415
1444430 415
1444440 415
1444450 415
1444460 415
1444470 415
1444480 415
1444490 415
1444500 415
1444510 415
1444520 415
1444530 416
1444540 416
1444550 416
1444560 416
1444570 416
1444580 416
1444590 416
1444600 416
1444610 416
1444620 416
1444630 417
1444640 419
1444650 419
1444660 419
1444670 417
1444680 417
1444690 417
1444700 417
1444710 417
1444720 416
1444730 416
1444740 416
1444750 415
1444760 414
1444770 414
1444780 414
1444790 415
1444800 415
1444810 416
1444820 416
1444830 416
1444840 416
1444850 417
1444860 417
1444870 416
1444880 416
1444890 416
1444900 416
1444910 416
1444920 416
1444930 415
1444940 415
1444950 415
1444960 414
1444970 415
1444980 415
1444990 416
1445000 416
1445010 416
1445020 416
1445030 417
1445040 417
1445050 417
1445060 418
1445070 418
1445080 418
1445090 418
1445100 418
1445110 418
1445120 418
1445130 418
1445140 418
1445150 419
1445160 419
1445170 419
1445180 419
1445190 419
1445200 420
1445210 420
1445220 420
1445230 421
1445240 421
1445250 421
1445260 421
1445270 422
1445280 422
1445290 422
1445300 422
1445310 423
1445320 423
1445330 423
1445340 423
1445350 423
1445360 423
1445370 423
1445380 423
1445390 423
1445400 423
1445410 423
1445420 424
1445430 424
1445440 424
1445450 424
1445460 424
1445470 424
1445480 424
1445490 425
1445500 425
1445510 425
1445520 425
1445530 425
1445540 424
1445550 424
1445560 424
1445570 425
1445580 425
1445590 425
1445600 426
1445610 426
1445620 426
1445630 427
1445640 427
1445650 427
1445660 426
1445670 426
1445680 426
1445690 427
1445700 427
1445710 427
1445720 427
1445730 428
1445740 428
1445750 430
1445760 430
1445770 430
1445780 431
1445790 433
1445800 433
1445810 434
1445820 436
1445830 436
1445840 436
1445850 437
1445860 437
1445870 439
1445880 441
1445890 441
1445900 441
1445910 443
1445920 443
1445930 445
1445940 446
1445950 446
1445960 448
1445970 450
1445980 450
1445990 451
1446000 452
1446010 452
1446020 453
1446030 454
1446040 454
1446050 456
1446060 456
1446070 456
1446080 456
1446090 456
1446100 456
1446110 456
1446120 456
1446130 456
1446140 456
1446150 459
1446160 462
1446170 462
1446180 462
1446190 464
1446200 464
1446210 465
1446220 467
1446230 467
1446240 468
1446250 470
1446260 470
1446270 472
1446280 474
1446290 474
1446300 476
1446310 479
1446320 479
1446330 481
1446340 482
1446350 482
1446360 481
1446370 479
1446380 479
1446390 478
1446400 484
1446410 484
1446420 487
1446430 491
1446440 491
1446450 493
1446460 494
1446470 494
1446480 496
1446490 499
1446500 499
1446510 502
1446520 503
1446530 503
1446540 504
1446550 508
1446560 508
1446570 512
1446580 514
1446590 514
1446600 516
1446610 519
1446620 519
1446630 522
1446640 525
1446650 525
1446660 527
1446670 529
1446680 529
1446690 531
1446700 534
1446710 534
1446720 539
1446730 542
1446740 542
1446750 544
1446760 545
1446770 545
1446780 548
1446790 550
1446800 550
1446810 553
1446820 555
1446830 555
1446840 559
1446850 563
1446860 566
1446870 566
1446880 570
1446890 575
1446900 575
1446910 579
1446920 584
1446930 584
1446940 587
1446950 590
1446960 590
1446970 593
1446980 597
1446990 597
1447000 601
1447010 604
1447020 604
1447030 608
1447040 611
1447050 611
1447060 614
1447070 617
1447080 617
1447090 620
1447100 622
1447110 622
1447120 623
1447130 623
1447140 623
1447150 623
1447160 623
1447170 623
1447180 624
1447190 625
1447200 625
1447210 626
1447220 627
1447230 627
1447240 628
1447250 625
1447260 625
1447270 616
1447280 607
1447290 607
1447300 599
1447310 603
1447320 603
1447330 610
1447340 615
1447350 615
1447360 615
1447370 623
1447380 623
1447390 627
1447400 632
1447410 632
1447420 635
1447430 638
1447440 638
1447450 641
1447460 643
1447470 643
1447480 645
1447490 646
1447500 646
1447510 648
1447520 649
1447530 649
1447540 649
1447550 649
1447560 649
1447570 649
1447580 649
1447590 649
1447600 649
1447610 649
1447620 650
1447630 650
1447640 651
1447650 652
1447660 652
1447670 652
1447680 654
1447690 654
1447700 655
1447710 656
1447720 656
1447730 658
1447740 659
1447750 659
1447760 660
1447770 662
1447780 662
1447790 664
1447800 664
1447810 664
1447820 665
1447830 666
1447840 666
1447850 667
1447860 668
1447870 668
1447880 669
1447890 670
1447900 670
1447910 672
1447920 673
1447930 673
1447940 674
1447950 676
1447960 676
1447970 677
1447980 678
1447990 678
1448000 679
1448010 680
1448020 680
1448030 682
1448040 684
1448050 684
1448060 686
1448070 687
1448080 687
1448090 688
1448100 689
1448110 689
1448120 690
1448130 691
1448140 691
1448150 693
1448160 694
1448170 694
1448180 694
1448190 695
1448200 695
1448210 695
1448220 696
1448230 696
1448240 698
1448250 699
1448260 699
1448270 701
1448280 704
1448290 704
1448300 705
1448310 707
1448320 707
1448330 709
1448340 711
1448350 711
1448360 712
1448370 714
1448380 716
1448390 716
1448400 719
1448410 720
1448420 720
1448430 721
1448440 722
1448450 722
1448460 723
1448470 725
1448480 725
1448490 727
1448500 731
1448510 731
1448520 735
1448530 738
1448540 738
1448550 739
1448560 739
1448570 739
1448580 739
1448590 739
1448600 739
1448610 739
1448620 739
1448630 739
1448640 738
1448650 737
1448660 737
1448670 736
1448680 735
1448690 735
1448700 733
1448710 732
1448720 732
1448730 731
1448740 730
1448750 730
1448760 729
1448770 728
1448780 728
1448790 727
1448800 726
1448810 726
1448820 725
1448830 722
1448840 722
1448850 719
1448860 718
1448870 718
1448880 718
1448890 718
1448900 718
1448910 716
1448920 713
1448930 713
1448940 711
1448950 709
1448960 709
1448970 707
1448980 704
1448990 704
1449000 702
1449010 700
1449020 700
1449030 699
1449040 697
1449050 697
1449060 696
1449070 695
1449080 695
1449090 694
1449100 694
1449110 694
1449120 693
1449130 692
1449140 691
1449150 691
1449160 692
1449170 692
1449180 692
1449190 692
1449200 692
1449210 692
1449220 692
1449230 691
1449240 691
1449250 691
1449260 691
1449270 691
1449280 690
1449290 684
1449300 684
1449310 681
1449320 687
1449330 687
1449340 686
1449350 687
1449360 687
1449370 686
1449380 685
1449390 685
1449400 683
1449410 680
1449420 680
1449430 677
1449440 674
1449450 674
1449460 672
1449470 670
1449480 670
1449490 669
1449500 668
1449510 668
1449520 667
1449530 666
1449540 666
1449550 665
1449560 664
1449570 664
1449580 663
1449590 663
1449600 663
1449610 662
1449620 661
1449630 661
1449640 661
1449650 660
1449660 660
1449670 659
1449680 658
1449690 658
1449700 657
1449710 656
1449720 656
1449730 656
1449740 657
1449750 657
1449760 657
1449770 656
1449780 656
1449790 656
1449800 655
1449810 655
1449820 655
1449830 655
1449840 655
1449850 654
1449860 654
1449870 654
1449880 653
1449890 653
1449900 652
1449910 652
1449920 651
1449930 651
1449940 651
1449950 650
1449960 650
1449970 650
1449980 650
1449990 649
1450000 649
1450010 649
1450020 648
1450030 648
1450040 648
1450050 647
1450060 647
1450070 646
1450080 645
1450090 645
1450100 644
1450110 642
1450120 642
1450130 640
1450140 638
1450150 638
1450160 637
1450170 635
1450180 635
1450190 634
1450200 633
1450210 633
1450220 633
1450230 633
1450240 633
1450250 633
1450260 632
1450270 632
1450280 632
1450290 632
1450300 632
1450310 632
1450320 632
1450330 632
1450340 632
1450350 631
1450360 631
1450370 631
1450380 632
1450390 632
1450400 632
1450410 632
1450420 632
1450430 632
1450440 633
1450450 633
1450460 633
1450470 634
1450480 634
1450490 634
1450500 635
1450510 635
1450520 636
1450530 636
1450540 636
1450550 636
1450560 636
1450570 636
1450580 636
1450590 637
1450600 637
1450610 637
1450620 637
1450630 637
1450640 637
1450650 637
1450660 637
1450670 637
1450680 637
1450690 637
1450700 637
1450710 637
1450720 637
1450730 637
1450740 638
1450750 638
1450760 638
1450770 638
1450780 638
1450790 638
1450800 638
1450810 638
1450820 638
1450830 638
1450840 638
1450850 638
1450860 638
1450870 637
1450880 637
1450890 637
1450900 637
1450910 637
1450920 636
1450930 636
1450940 636
1450950 634
1450960 633
1450970 633
1450980 631
1450990 630
1451000 630
1451010 630
1451020 630
1451030 630
1451040 630
1451050 630
1451060 630
1451070 629
1451080 629
1451090 629
1451100 629
1451110 629
1451120 629
1451130 629
1451140 630
1451150 630
1451160 630
1451170 630
1451180 630
1451190 630
1451200 630
1451210 630
1451220 631
1451230 631
1451240 631
1451250 632
1451260 633
1451270 633
1451280 634
1451290 636
1451300 636
1451310 637
1451320 638
1451330 638
1451340 638
1451350 637
1451360 637
1451370 637
1451380 636
1451390 636
1451400 635
1451410 635
1451420 635
1451430 635
1451440 635
1451450 635
1451460 635
1451470 635
1451480 635
1451490 635
1451500 636
1451510 636
1451520 636
1451530 636
1451540 635
1451550 635
1451560 635
1451570 634
1451580 634
1451590 634
1451600 634
1451610 634
1451620 634
1451630 634
1451640 634
1451650 634
1451660 634
1451670 634
1451680 634
1451690 635
1451700 635
1451710 635
1451720 635
1451730 635
1451740 636
1451750 636
1451760 636
1451770 636
1451780 637
1451790 637
1451800 637
1451810 638
1451820 638
1451830 638
1451840 638
1451850 638
1451860 639
1451870 639
1451880 639
1451890 639
1451900 639
1451910 639
1451920 638
1451930 638
1451940 638
1451950 638
1451960 638
1451970 638
1451980 638
1451990 637
1452000 637
1452010 636
1452020 635
1452030 635
1452040 635
1452050 634
1452060 634
1452070 634
1452080 634
1452090 634
1452100 633
1452110 633
1452120 633
1452130 632
1452140 631
1452150 631
1452160 629
1452170 628
1452180 628
1452190 628
1452200 627
1452210 627
1452220 627
1452230 627
1452240 626
1452250 626
1452260 626
1452270 626
1452280 626
1452290 625
1452300 625
1452310 625
1452320 626
1452330 626
1452340 626
1452350 627
1452360 627
1452370 627
1452380 627
1452390 627
1452400 627
1452410 627
1452420 627
1452430 627
1452440 627
1452450 627
1452460 627
1452470 627
1452480 627
1452490 627
1452500 627
1452510 627
1452520 627
1452530 627
1452540 627
1452550 627
1452560 627
1452570 627
1452580 627
1452590 626
1452600 626
1452610 626
1452620 625
1452630 625
1452640 625
1452650 625
1452660 624
1452670 624
1452680 624
1452690 624
1452700 624
1452710 624
1452720 624
1452730 624
1452740 623
1452750 623
1452760 623
1452770 623
1452780 622
1452790 622
1452800 622
1452810 622
1452820 622
1452830 621
1452840 621
1452850 621
1452860 621
1452870 620
1452880 620
1452890 620
1452900 620
1452910 620
1452920 620
1452930 620
1452940 620
1452950 620
1452960 620
1452970 619
1452980 619
1452990 619
1453000 619
1453010 619
1453020 619
1453030 618
1453040 618
1453050 618
1453060 617
1453070 617
1453080 617
1453090 616
1453100 616
1453110 616
1453120 615
1453130 615
1453140 614
1453150 613
1453160 613
1453170 612
1453180 611
1453190 611
1453200 610
1453210 609
1453220 609
1453230 607
1453240 606
1453250 606
1453260 606
1453270 605
1453280 605
1453290 604
1453300 603
1453310 603
1453320 603
1453330 602
1453340 602
1453350 601
1453360 601
1453370 601
1453380 600
1453390 599
1453400 599
1453410 598
1453420 598
1453430 598
1453440 597
1453450 597
1453460 597
1453470 597
1453480 596
1453490 596
1453500 596
1453510 595
1453520 595
1453530 594
1453540 591
1453550 591
1453560 586
1453570 586
1453580 586
1453590 593
1453600 596
1453610 596
1453620 596
1453630 597
1453640 597
1453650 597
1453660 597
1453670 597
1453680 597
1453690 598
1453700 598
1453710 598
1453720 598
1453730 598
1453740 598
1453750 597
1453760 597
1453770 597
1453780 596
1453790 596
1453800 596
1453810 594
1453820 593
1453830 593
1453840 592
1453850 591
1453860 591
1453870 590
1453880 589
1453890 589
1453900 588
1453910 587
1453920 587
1453930 586
1453940 584
1453950 584
1453960 583
1453970 579
1453980 579
1453990 577
1454000 575
1454010 575
1454020 573
1454030 572
1454040 572
1454050 570
1454060 568
1454070 568
1454080 566
1454090 562
1454100 562
1454110 558
1454120 558
1454130 558
1454140 556
1454150 553
1454160 553
1454170 550
1454180 548
1454190 548
1454200 547
1454210 547
1454220 547
1454230 547
1454240 548
1454250 548
1454260 548
1454270 548
1454280 548
1454290 550
1454300 552
1454310 552
1454320 555
1454330 557
1454340 557
1454350 558
1454360 552
1454370 552
1454380 553
1454390 560
1454400 560
1454410 561
1454420 561
1454430 561
1454440 561
1454450 561
1454460 561
1454470 561
1454480 560
1454490 560
1454500 560
1454510 560
1454520 559
1454530 559
1454540 559
1454550 560
1454560 560
1454570 560
1454580 560
1454590 560
1454600 560
1454610 559
1454620 559
1454630 558
1454640 556
1454650 556
1454660 553
1454670 551
1454680 551
1454690 557
1454700 560
1454710 560
1454720 559
1454730 559
1454740 559
1454750 558
1454760 558
1454770 558
1454780 557
1454790 556
1454800 556
1454810 555
1454820 554
1454830 554
1454840 553
1454850 552
1454860 552
1454870 550
1454880 548
1454890 548
1454900 547
1454910 546
1454920 546
1454930 545
1454940 543
1454950 543
1454960 542
1454970 541
1454980 541
1454990 540
1455000 538
1455010 538
1455020 536
1455030 533
1455040 533
1455050 531
1455060 529
1455070 529
1455080 527
1455090 524
1455100 524
1455110 522
1455120 520
1455130 520
1455140 518
1455150 517
1455160 517
1455170 516
1455180 515
1455190 515
1455200 515
1455210 515
1455220 515
1455230 514
1455240 514
1455250 514
1455260 514
1455270 514
1455280 513
1455290 513
1455300 513
1455310 513
1455320 513
1455330 513
1455340 513
1455350 513
1455360 513
1455370 514
1455380 514
1455390 514
1455400 514
1455410 514
1455420 514
1455430 514
1455440 514
1455450 514
1455460 514
1455470 514
1455480 514
1455490 513
1455500 513
1455510 512
1455520 512
1455530 512
1455540 512
1455550 512
1455560 512
1455570 511
1455580 511
1455590 511
1455600 511
1455610 510
1455620 510
1455630 509
1455640 508
1455650 508
1455660 508
1455670 507
1455680 507
1455690 507
1455700 506
1455710 506
1455720 506
1455730 506
1455740 506
1455750 506
1455760 506
1455770 506
1455780 506
1455790 506
1455800 506
1455810 506
1455820 506
1455830 506
1455840 505
1455850 505
1455860 505
1455870 505
1455880 508
1455890 508
1455900 509
1455910 509
1455920 509
1455930 509
1455940 509
1455950 509
1455960 509
1455970 509
1455980 509
1455990 509
1456000 509
1456010 509
1456020 509
1456030 509
1456040 509
1456050 509
1456060 509
1456070 509
1456080 509
1456090 509
1456100 509
1456110 509
1456120 509
1456130 509
1456140 509
1456150 509
1456160 509
1456170 509
1456180 509
1456190 510
1456200 510
1456210 511
1456220 513
1456230 513
1456240 513
1456250 513
1456260 513
1456270 513
1456280 514
1456290 514
1456300 515
1456310 516
1456320 516
1456330 518
1456340 519
1456350 519
1456360 519
1456370 520
1456380 520
1456390 521
1456400 523
1456410 523
1456420 523
1456430 524
1456440 524
1456450 524
1456460 524
1456470 524
1456480 523
1456490 523
1456500 523
1456510 523
1456520 523
1456530 523
1456540 523
1456550 523
1456560 523
1456570 522
1456580 522
1456590 522
1456600 522
1456610 523
1456620 523
1456630 523
1456640 522
1456650 522
1456660 522
1456670 522
1456680 522
1456690 521
1456700 521
1456710 521
1456720 520
1456730 520
1456740 520
1456750 519
1456760 519
1456770 519
1456780 519
1456790 519
1456800 519
1456810 519
1456820 520
1456830 521
1456840 521
1456850 523
1456860 525
1456870 525
1456880 527
1456890 529
1456900 529
1456910 532
1456920 534
1456930 534
1456940 536
1456950 538
1456960 538
1456970 541
1456980 543
1456990 543
1457000 546
1457010 548
1457020 548
1457030 550
1457040 552
1457050 552
1457060 553
1457070 554
1457080 554
1457090 554
1457100 553
1457110 553
1457120 553
1457130 552
1457140 552
1457150 551
1457160 549
1457170 549
1457180 547
1457190 545
1457200 545
1457210 543
1457220 541
1457230 541
1457240 541
1457250 540
1457260 540
1457270 539
1457280 537
1457290 537
1457300 535
1457310 533
1457320 533
1457330 533
1457340 532
1457350 532
1457360 532
1457370 531
1457380 531
1457390 528
1457400 524
1457410 524
1457420 523
1457430 523
1457440 523
1457450 527
1457460 531
1457470 531
1457480 533
1457490 534
1457500 534
1457510 534
1457520 535
1457530 535
1457540 536
1457550 537
1457560 538
1457570 538
1457580 539
1457590 540
1457600 540
1457610 540
1457620 541
1457630 541
1457640 541
1457650 541
1457660 541
1457670 541
1457680 542
1457690 542
1457700 542
1457710 543
1457720 543
1457730 544
1457740 545
1457750 545
1457760 545
1457770 545
1457780 545
1457790 546
1457800 545
1457810 545
1457820 545
1457830 546
1457840 546
1457850 546
1457860 546
1457870 546
1457880 545
1457890 545
1457900 545
1457910 546
1457920 546
1457930 546
1457940 546
1457950 547
1457960 547
1457970 547
1457980 547
1457990 547
1458000 547
1458010 547
1458020 547
1458030 547
1458040 547
1458050 547
1458060 546
1458070 546
1458080 546
1458090 546
1458100 545
1458110 545
1458120 545
1458130 545
1458140 545
1458150 545
1458160 546
1458170 546
1458180 546
1458190 547
1458200 547
1458210 548
1458220 549
1458230 549
1458240 550
1458250 551
1458260 551
1458270 553
1458280 554
1458290 554
1458300 556
1458310 558
1458320 561
1458330 561
1458340 563
1458350 565
1458360 565
1458370 567
1458380 568
1458390 568
1458400 570
1458410 571
1458420 571
1458430 572
1458440 572
1458450 572
1458460 571
1458470 570
1458480 570
1458490 569
1458500 568
1458510 568
1458520 567
1458530 566
1458540 566
1458550 565
1458560 564
1458570 564
1458580 563
1458590 563
1458600 563
1458610 563
1458620 562
1458630 562
1458640 561
1458650 561
1458660 561
1458670 561
1458680 561
1458690 561
1458700 561
1458710 561
1458720 561
1458730 561
1458740 561
1458750 561
1458760 561
1458770 561
1458780 561
1458790 562
1458800 563
1458810 563
1458820 564
1458830 564
1458840 564
1458850 565
1458860 566
1458870 566
1458880 566
1458890 567
1458900 567
1458910 567
1458920 567
1458930 567
1458940 568
1458950 568
1458960 568
1458970 568
1458980 568
1458990 568
1459000 568
1459010 568
1459020 568
1459030 568
1459040 568
1459050 568
1459060 569
1459070 569
1459080 569
1459090 569
1459100 569
1459110 570
1459120 570
1459130 570
1459140 571
1459150 571
1459160 572
1459170 573
1459180 573
1459190 574
1459200 575
1459210 575
1459220 576
1459230 576
1459240 576
1459250 577
1459260 578
1459270 578
1459280 578
1459290 578
1459300 578
1459310 578
1459320 578
1459330 578
1459340 577
1459350 576
1459360 576
1459370 575
1459380 574
1459390 574
1459400 573
1459410 572
1459420 572
1459430 572
1459440 571
1459450 571
1459460 571
1459470 570
1459480 570
1459490 570
1459500 570
1459510 570
1459520 570
1459530 570
1459540 570
1459550 570
1459560 570
1459570 570
1459580 570
1459590 570
1459600 570
1459610 570
1459620 570
1459630 570
1459640 570
1459650 571
1459660 571
1459670 572
1459680 572
1459690 572
1459700 573
1459710 573
1459720 573
1459730 574
1459740 575
1459750 575
1459760 575
1459770 576
1459780 576
1459790 576
1459800 577
1459810 577
1459820 577
1459830 577
1459840 578
1459850 578
1459860 578
1459870 578
1459880 578
1459890 579
1459900 579
1459910 579
1459920 580
1459930 580
1459940 580
1459950 581
1459960 581
1459970 581
1459980 581
1459990 581
