1440000 408
1440010 404
1440020 404
1440030 401
1440040 401
1440050 401
1440060 400
1440070 400
1440080 400
1440090 400
1440100 400
1440110 400
1440120 400
1440130 400
1440140 400
1440150 400
1440160 400
1440170 400
1440180 400
1440190 400
1440200 400
1440210 401
1440220 402
1440230 402
1440240 401
1440250 401
1440260 401
1440270 400
1440280 399
1440290 399
1440300 398
1440310 397
1440320 397
1440330 396
1440340 394
1440350 394
1440360 392
1440370 393
1440380 393
1440390 393
1440400 393
1440410 393
1440420 393
1440430 393
1440440 393
1440450 393
1440460 393
1440470 393
1440480 393
1440490 393
1440500 393
1440510 393
1440520 393
1440530 394
1440540 394
1440550 395
1440560 395
1440570 395
1440580 396
1440590 396
1440600 396
1440610 396
1440620 395
1440630 395
1440640 392
1440650 392
1440660 392
1440670 392
1440680 392
1440690 392
1440700 392
1440710 392
1440720 392
1440730 392
1440740 392
1440750 392
1440760 392
1440770 392
1440780 392
1440790 392
1440800 394
1440810 394
1440820 396
1440830 397
1440840 397
1440850 396
1440860 396
1440870 396
1440880 395
1440890 395
1440900 395
1440910 395
1440920 395
1440930 395
1440940 394
1440950 395
1440960 395
1440970 395
1440980 395
1440990 395
1441000 395
1441010 395
1441020 395
1441030 395
1441040 395
1441050 395
1441060 395
1441070 394
1441080 394
1441090 394
1441100 395
1441110 395
1441120 395
1441130 395
1441140 395
1441150 395
1441160 395
1441170 395
1441180 395
1441190 394
1441200 394
1441210 394
1441220 394
1441230 394
1441240 393
1441250 393
1441260 393
1441270 393
1441280 393
1441290 394
1441300 394
1441310 395
1441320 395
1441330 395
1441340 395
1441350 395
1441360 395
1441370 394
1441380 394
1441390 394
1441400 394
1441410 394
1441420 394
1441430 394
1441440 394
1441450 394
1441460 394
1441470 394
1441480 394
1441490 394
1441500 394
1441510 394
1441520 394
1441530 394
1441540 394
1441550 394
1441560 394
1441570 394
1441580 394
1441590 394
1441600 394
1441610 394
1441620 394
1441630 394
1441640 394
1441650 394
1441660 394
1441670 394
1441680 394
1441690 394
1441700 394
1441710 394
1441720 394
1441730 394
1441740 394
1441750 394
1441760 394
1441770 394
1441780 394
1441790 394
1441800 394
1441810 394
1441820 394
1441830 393
1441840 393
1441850 393
1441860 393
1441870 393
1441880 393
1441890 393
1441900 393
1441910 393
1441920 393
1441930 393
1441940 394
1441950 394
1441960 394
1441970 394
1441980 394
1441990 394
1442000 394
1442010 394
1442020 394
1442030 394
1442040 394
1442050 394
1442060 394
1442070 394
1442080 394
1442090 394
1442100 394
1442110 394
1442120 394
1442130 394
1442140 394
1442150 394
1442160 394
1442170 394
1442180 394
1442190 394
1442200 394
1442210 394
1442220 394
1442230 394
1442240 394
1442250 394
1442260 394
1442270 394
1442280 394
1442290 394
1442300 394
1442310 394
1442320 394
1442330 394
1442340 394
1442350 394
1442360 394
1442370 394
1442380 394
1442390 394
1442400 394
1442410 394
1442420 394
1442430 394
1442440 395
1442450 395
1442460 395
1442470 395
1442480 395
1442490 395
1442500 395
1442510 395
1442520 395
1442530 395
1442540 395
1442550 395
1442560 395
1442570 395
1442580 395
1442590 395
1442600 395
1442610 396
1442620 396
1442630 396
1442640 394
1442650 394
1442660 394
1442670 394
1442680 394
1442690 394
1442700 394
1442710 394
1442720 394
1442730 394
1442740 395
1442750 395
1442760 395
1442770 394
1442780 394
1442790 394
1442800 394
1442810 394
1442820 394
1442830 394
1442840 395
1442850 395
1442860 395
1442870 395
1442880 395
1442890 395
1442900 395
1442910 395
1442920 395
1442930 395
1442940 395
1442950 395
1442960 395
1442970 395
1442980 395
1442990 395
1443000 395
1443010 395
1443020 395
1443030 395
1443040 395
1443050 395
1443060 395
1443070 395
1443080 395
1443090 395
1443100 395
1443110 394
1443120 394
1443130 395
1443140 395
1443150 395
1443160 395
1443170 395
1443180 395
1443190 395
1443200 395
1443210 395
1443220 395
1443230 395
1443240 395
1443250 395
1443260 395
1443270 395
1443280 395
1443290 395
1443300 395
1443310 395
1443320 395
1443330 395
1443340 395
1443350 395
1443360 395
1443370 395
1443380 395
1443390 395
1443400 395
1443410 395
1443420 395
1443430 395
1443440 395
1443450 395
1443460 395
1443470 395
1443480 395
1443490 395
1443500 394
1443510 394
1443520 394
1443530 394
1443540 394
1443550 394
1443560 394
1443570 395
1443580 395
1443590 395
1443600 395
1443610 395
1443620 395
1443630 397
1443640 397
1443650 398
1443660 397
1443670 397
1443680 395
1443690 394
1443700 394
1443710 395
1443720 395
1443730 395
1443740 395
1443750 395
1443760 395
1443770 395
1443780 395
1443790 395
1443800 395
1443810 395
1443820 395
1443830 394
1443840 395
1443850 395
1443860 395
1443870 394
1443880 394
1443890 394
1443900 395
1443910 395
1443920 395
1443930 395
1443940 395
1443950 395
1443960 395
1443970 395
1443980 395
1443990 395
1444000 395
1444010 395
1444020 395
1444030 395
1444040 395
1444050 395
1444060 395
1444070 395
1444080 396
1444090 396
1444100 396
1444110 398
1444120 398
1444130 398
1444140 399
1444150 399
1444160 400
1444170 402
1444180 402
1444190 403
1444200 404
1444210 404
1444220 405
1444230 407
1444240 407
1444250 409
1444260 412
1444270 412
1444280 415
1444290 418
1444300 421
1444310 421
1444320 425
1444330 426
1444340 426
1444350 426
1444360 426
1444370 426
1444380 426
1444390 426
1444400 426
1444410 426
1444420 426
1444430 426
1444440 426
1444450 425
1444460 425
1444470 425
1444480 425
1444490 425
1444500 426
1444510 426
1444520 426
1444530 426
1444540 426
1444550 426
1444560 426
1444570 427
1444580 427
1444590 427
1444600 427
1444610 427
1444620 427
1444630 427
1444640 427
1444650 428
1444660 428
1444670 428
1444680 428
1444690 429
1444700 429
1444710 429
1444720 429
1444730 429
1444740 430
1444750 430
1444760 430
1444770 429
1444780 429
1444790 429
1444800 429
1444810 429
1444820 429
1444830 430
1444840 430
1444850 430
1444860 430
1444870 430
1444880 430
1444890 430
1444900 430
1444910 430
1444920 431
1444930 431
1444940 431
1444950 430
1444960 430
1444970 430
1444980 430
1444990 431
1445000 431
1445010 431
1445020 431
1445030 431
1445040 431
1445050 431
1445060 432
1445070 432
1445080 432
1445090 433
1445100 433
1445110 434
1445120 435
1445130 435
1445140 435
1445150 436
1445160 436
1445170 437
1445180 438
1445190 438
1445200 439
1445210 440
1445220 440
1445230 441
1445240 442
1445250 442
1445260 444
1445270 446
1445280 446
1445290 448
1445300 450
1445310 450
1445320 451
1445330 453
1445340 453
1445350 454
1445360 456
1445370 456
1445380 458
1445390 459
1445400 459
1445410 461
1445420 462
1445430 462
1445440 463
1445450 464
1445460 464
1445470 465
1445480 465
1445490 465
1445500 465
1445510 465
1445520 465
1445530 464
1445540 463
1445550 463
1445560 462
1445570 461
1445580 461
1445590 460
1445600 459
1445610 459
1445620 460
1445630 462
1445640 462
1445650 463
1445660 463
1445670 463
1445680 464
1445690 468
1445700 468
1445710 471
1445720 474
1445730 474
1445740 477
1445750 480
1445760 480
1445770 483
1445780 485
1445790 485
1445800 487
1445810 488
1445820 489
1445830 489
1445840 491
1445850 494
1445860 494
1445870 500
1445880 509
1445890 509
1445900 516
1445910 524
1445920 524
1445930 532
1445940 540
1445950 540
1445960 548
1445970 556
1445980 556
1445990 561
1446000 563
1446010 563
1446020 562
1446030 560
1446040 560
1446050 558
1446060 556
1446070 556
1446080 561
1446090 568
1446100 568
1446110 574
1446120 576
1446130 576
1446140 577
1446150 578
1446160 578
1446170 579
1446180 579
1446190 579
1446200 579
1446210 579
1446220 579
1446230 578
1446240 580
1446250 580
1446260 580
1446270 581
1446280 581
1446290 582
1446300 583
1446310 583
1446320 583
1446330 584
1446340 584
1446350 585
1446360 587
1446370 587
1446380 588
1446390 589
1446400 589
1446410 590
1446420 591
1446430 591
1446440 592
1446450 593
1446460 593
1446470 594
1446480 595
1446490 595
1446500 596
1446510 598
1446520 598
1446530 599
1446540 600
1446550 600
1446560 601
1446570 602
1446580 603
1446590 603
1446600 602
1446610 602
1446620 602
1446630 601
1446640 600
1446650 600
1446660 600
1446670 599
1446680 599
1446690 599
1446700 599
1446710 599
1446720 599
1446730 599
1446740 599
1446750 600
1446760 600
1446770 600
1446780 600
1446790 601
1446800 601
1446810 601
1446820 601
1446830 601
1446840 602
1446850 602
1446860 602
1446870 602
1446880 602
1446890 602
1446900 603
1446910 604
1446920 604
1446930 605
1446940 606
1446950 606
1446960 606
1446970 607
1446980 607
1446990 608
1447000 608
1447010 608
1447020 609
1447030 609
1447040 609
1447050 610
1447060 611
1447070 611
1447080 612
1447090 613
1447100 613
1447110 615
1447120 616
1447130 616
1447140 619
1447150 620
1447160 620
1447170 620
1447180 620
1447190 620
1447200 620
1447210 620
1447220 620
1447230 621
1447240 623
1447250 623
1447260 626
1447270 629
1447280 629
1447290 630
1447300 632
1447310 632
1447320 634
1447330 636
1447340 638
1447350 638
1447360 642
1447370 645
1447380 645
1447390 648
1447400 653
1447410 653
1447420 659
1447430 664
1447440 664
1447450 669
1447460 670
1447470 670
1447480 670
1447490 671
1447500 671
1447510 672
1447520 672
1447530 672
1447540 673
1447550 673
1447560 673
1447570 674
1447580 675
1447590 675
1447600 677
1447610 679
1447620 679
1447630 681
1447640 683
1447650 683
1447660 686
1447670 688
1447680 688
1447690 691
1447700 693
1447710 693
1447720 696
1447730 699
1447740 699
1447750 702
1447760 706
1447770 706
1447780 709
1447790 710
1447800 710
1447810 712
1447820 714
1447830 714
1447840 715
1447850 716
1447860 716
1447870 716
1447880 716
1447890 716
1447900 717
1447910 718
1447920 718
1447930 719
1447940 721
1447950 721
1447960 723
1447970 724
1447980 724
1447990 725
1448000 726
1448010 726
1448020 728
1448030 730
1448040 730
1448050 731
1448060 732
1448070 734
1448080 734
1448090 736
1448100 738
1448110 738
1448120 738
1448130 738
1448140 738
1448150 737
1448160 737
1448170 737
1448180 737
1448190 736
1448200 736
1448210 736
1448220 737
1448230 737
1448240 740
1448250 744
1448260 744
1448270 748
1448280 751
1448290 751
1448300 751
1448310 750
1448320 750
1448330 749
1448340 749
1448350 749
1448360 748
1448370 747
1448380 747
1448390 746
1448400 745
1448410 745
1448420 744
1448430 743
1448440 743
1448450 741
1448460 739
1448470 739
1448480 737
1448490 735
1448500 735
1448510 734
1448520 732
1448530 732
1448540 730
1448550 728
1448560 728
1448570 726
1448580 725
1448590 725
1448600 723
1448610 722
1448620 722
1448630 722
1448640 721
1448650 721
1448660 719
1448670 718
1448680 718
1448690 717
1448700 716
1448710 716
1448720 714
1448730 712
1448740 712
1448750 710
1448760 707
1448770 707
1448780 705
1448790 702
1448800 702
1448810 701
1448820 700
1448830 699
1448840 699
1448850 698
1448860 697
1448870 697
1448880 696
1448890 695
1448900 695
1448910 694
1448920 693
1448930 693
1448940 692
1448950 692
1448960 692
1448970 691
1448980 690
1448990 690
1449000 690
1449010 689
1449020 689
1449030 688
1449040 688
1449050 688
1449060 688
1449070 687
1449080 687
1449090 687
1449100 687
1449110 687
1449120 686
1449130 684
1449140 684
1449150 681
1449160 683
1449170 683
1449180 684
1449190 684
1449200 684
1449210 685
1449220 685
1449230 685
1449240 685
1449250 685
1449260 685
1449270 685
1449280 685
1449290 685
1449300 685
1449310 685
1449320 685
1449330 684
1449340 684
1449350 684
1449360 684
1449370 685
1449380 685
1449390 685
1449400 685
1449410 685
1449420 685
1449430 685
1449440 685
1449450 685
1449460 684
1449470 684
1449480 683
1449490 683
1449500 683
1449510 682
1449520 681
1449530 681
1449540 680
1449550 679
1449560 679
1449570 678
1449580 677
1449590 676
1449600 676
1449610 674
1449620 672
1449630 672
1449640 668
1449650 662
1449660 662
1449670 658
1449680 654
1449690 654
1449700 652
1449710 650
1449720 650
1449730 647
1449740 645
1449750 645
1449760 643
1449770 641
1449780 641
1449790 640
1449800 638
1449810 638
1449820 637
1449830 636
1449840 636
1449850 637
1449860 635
1449870 635
1449880 636
1449890 637
1449900 637
1449910 639
1449920 640
1449930 640
1449940 642
1449950 643
1449960 643
1449970 644
1449980 644
1449990 644
1450000 645
1450010 646
1450020 646
1450030 646
1450040 647
1450050 647
1450060 648
1450070 649
1450080 649
1450090 650
1450100 651
1450110 651
1450120 651
1450130 650
1450140 650
1450150 650
1450160 649
1450170 649
1450180 649
1450190 648
1450200 648
1450210 649
1450220 649
1450230 649
1450240 649
1450250 650
1450260 650
1450270 650
1450280 651
1450290 651
1450300 652
1450310 652
1450320 652
1450330 652
1450340 652
1450350 652
1450360 652
1450370 652
1450380 652
1450390 652
1450400 651
1450410 651
1450420 651
1450430 650
1450440 650
1450450 650
1450460 648
1450470 646
1450480 646
1450490 645
1450500 644
1450510 644
1450520 641
1450530 639
1450540 639
1450550 638
1450560 637
1450570 637
1450580 636
1450590 635
1450600 635
1450610 634
1450620 634
1450630 634
1450640 633
1450650 632
1450660 632
1450670 631
1450680 631
1450690 631
1450700 630
1450710 630
1450720 630
1450730 629
1450740 629
1450750 629
1450760 629
1450770 628
1450780 628
1450790 628
1450800 627
1450810 627
1450820 627
1450830 626
1450840 626
1450850 625
1450860 625
1450870 625
1450880 624
1450890 623
1450900 623
1450910 623
1450920 622
1450930 622
1450940 621
1450950 620
1450960 620
1450970 619
1450980 618
1450990 618
1451000 616
1451010 615
1451020 615
1451030 614
1451040 614
1451050 614
1451060 614
1451070 615
1451080 615
1451090 616
1451100 617
1451110 617
1451120 617
1451130 618
1451140 618
1451150 618
1451160 619
1451170 619
1451180 619
1451190 620
1451200 620
1451210 620
1451220 620
1451230 620
1451240 620
1451250 621
1451260 621
1451270 621
1451280 621
1451290 621
1451300 621
1451310 620
1451320 620
1451330 620
1451340 620
1451350 619
1451360 619
1451370 619
1451380 618
1451390 618
1451400 617
1451410 617
1451420 617
1451430 617
1451440 617
1451450 617
1451460 617
1451470 617
1451480 617
1451490 617
1451500 617
1451510 617
1451520 617
1451530 617
1451540 617
1451550 617
1451560 617
1451570 617
1451580 617
1451590 617
1451600 617
1451610 617
1451620 617
1451630 617
1451640 617
1451650 618
1451660 618
1451670 618
1451680 618
1451690 618
1451700 618
1451710 618
1451720 618
1451730 619
1451740 619
1451750 619
1451760 619
1451770 619
1451780 619
1451790 618
1451800 618
1451810 618
1451820 617
1451830 616
1451840 616
1451850 615
1451860 613
1451870 612
1451880 612
1451890 611
1451900 610
1451910 610
1451920 609
1451930 608
1451940 608
1451950 608
1451960 609
1451970 609
1451980 610
1451990 610
1452000 610
1452010 611
1452020 612
1452030 612
1452040 614
1452050 615
1452060 615
1452070 616
1452080 617
1452090 617
1452100 618
1452110 618
1452120 618
1452130 619
1452140 619
1452150 619
1452160 618
1452170 617
1452180 617
1452190 616
1452200 614
1452210 614
1452220 612
1452230 610
1452240 610
1452250 608
1452260 607
1452270 607
1452280 606
1452290 606
1452300 606
1452310 606
1452320 606
1452330 606
1452340 605
1452350 605
1452360 605
1452370 605
1452380 605
1452390 605
1452400 605
1452410 605
1452420 605
1452430 605
1452440 605
1452450 605
1452460 605
1452470 605
1452480 605
1452490 606
1452500 606
1452510 606
1452520 606
1452530 606
1452540 606
1452550 606
1452560 606
1452570 606
1452580 606
1452590 606
1452600 606
1452610 606
1452620 606
1452630 606
1452640 606
1452650 606
1452660 606
1452670 606
1452680 606
1452690 606
1452700 606
1452710 607
1452720 607
1452730 607
1452740 607
1452750 608
1452760 608
1452770 608
1452780 608
1452790 608
1452800 608
1452810 608
1452820 608
1452830 608
1452840 608
1452850 608
1452860 608
1452870 608
1452880 608
1452890 608
1452900 608
1452910 608
1452920 607
1452930 606
1452940 606
1452950 606
1452960 604
1452970 604
1452980 602
1452990 601
1453000 601
1453010 600
1453020 598
1453030 598
1453040 597
1453050 596
1453060 596
1453070 595
1453080 595
1453090 595
1453100 594
1453110 593
1453120 593
1453130 592
1453140 589
1453150 589
1453160 588
1453170 589
1453180 589
1453190 590
1453200 589
1453210 589
1453220 588
1453230 587
1453240 587
1453250 588
1453260 589
1453270 589
1453280 591
1453290 592
1453300 592
1453310 592
1453320 592
1453330 592
1453340 593
1453350 593
1453360 593
1453370 593
1453380 593
1453390 594
1453400 594
1453410 594
1453420 594
1453430 594
1453440 594
1453450 595
1453460 595
1453470 595
1453480 595
1453490 595
1453500 595
1453510 595
1453520 595
1453530 595
1453540 595
1453550 595
1453560 595
1453570 595
1453580 595
1453590 595
1453600 595
1453610 595
1453620 596
1453630 596
1453640 596
1453650 596
1453660 596
1453670 596
1453680 596
1453690 596
1453700 596
1453710 596
1453720 596
1453730 596
1453740 597
1453750 597
1453760 597
1453770 597
1453780 597
1453790 597
1453800 597
1453810 597
1453820 597
1453830 596
1453840 596
1453850 596
1453860 596
1453870 596
1453880 596
1453890 595
1453900 594
1453910 594
1453920 594
1453930 593
1453940 593
1453950 593
1453960 592
1453970 592
1453980 591
1453990 591
1454000 591
1454010 590
1454020 590
1454030 590
1454040 589
1454050 588
1454060 588
1454070 588
1454080 587
1454090 587
1454100 587
1454110 586
1454120 586
1454130 586
1454140 586
1454150 585
1454160 585
1454170 585
1454180 585
1454190 585
1454200 584
1454210 584
1454220 584
1454230 583
1454240 583
1454250 583
1454260 581
1454270 581
1454280 581
1454290 582
1454300 582
1454310 582
1454320 582
1454330 582
1454340 582
1454350 582
1454360 582
1454370 582
1454380 582
1454390 582
1454400 582
1454410 582
1454420 582
1454430 582
1454440 582
1454450 582
1454460 582
1454470 582
1454480 581
1454490 581
1454500 581
1454510 580
1454520 580
1454530 580
1454540 579
1454550 579
1454560 578
1454570 577
1454580 577
1454590 576
1454600 575
1454610 575
1454620 574
1454630 573
1454640 573
1454650 572
1454660 571
1454670 571
1454680 570
1454690 569
1454700 569
1454710 568
1454720 568
1454730 568
1454740 566
1454750 565
1454760 565
1454770 564
1454780 563
1454790 563
1454800 561
1454810 560
1454820 560
1454830 559
1454840 557
1454850 557
1454860 556
1454870 555
1454880 554
1454890 554
1454900 552
1454910 551
1454920 551
1454930 549
1454940 548
1454950 548
1454960 546
1454970 545
1454980 545
1454990 543
1455000 542
1455010 542
1455020 541
1455030 540
1455040 540
1455050 539
1455060 538
1455070 538
1455080 537
1455090 536
1455100 536
1455110 535
1455120 534
1455130 534
1455140 534
1455150 533
1455160 533
1455170 533
1455180 532
1455190 532
1455200 532
1455210 530
1455220 530
1455230 529
1455240 526
1455250 526
1455260 524
1455270 522
1455280 522
1455290 521
1455300 519
1455310 519
1455320 518
1455330 517
1455340 517
1455350 516
1455360 515
1455370 515
1455380 514
1455390 513
1455400 513
1455410 512
1455420 511
1455430 511
1455440 511
1455450 511
1455460 511
1455470 510
1455480 511
1455490 511
1455500 511
1455510 510
1455520 510
1455530 510
1455540 510
1455550 510
1455560 510
1455570 510
1455580 510
1455590 509
1455600 509
1455610 509
1455620 509
1455630 509
1455640 509
1455650 509
1455660 509
1455670 509
1455680 509
1455690 510
1455700 510
1455710 510
1455720 510
1455730 510
1455740 510
1455750 510
1455760 509
1455770 509
1455780 509
1455790 510
1455800 510
1455810 511
1455820 513
1455830 513
1455840 514
1455850 515
1455860 515
1455870 516
1455880 517
1455890 517
1455900 519
1455910 521
1455920 521
1455930 523
1455940 524
1455950 524
1455960 525
1455970 526
1455980 526
1455990 528
1456000 529
1456010 529
1456020 529
1456030 530
1456040 530
1456050 531
1456060 531
1456070 531
1456080 531
1456090 531
1456100 531
1456110 532
1456120 532
1456130 532
1456140 533
1456150 535
1456160 535
1456170 536
1456180 536
1456190 536
1456200 534
1456210 534
1456220 534
1456230 533
1456240 533
1456250 533
1456260 533
1456270 533
1456280 533
1456290 531
1456300 530
1456310 530
1456320 529
1456330 526
1456340 526
1456350 524
1456360 523
1456370 522
1456380 522
1456390 522
1456400 521
1456410 521
1456420 521
1456430 521
1456440 521
1456450 522
1456460 524
1456470 524
1456480 528
1456490 530
1456500 530
1456510 532
1456520 534
1456530 534
1456540 536
1456550 537
1456560 537
1456570 539
1456580 541
1456590 541
1456600 543
1456610 545
1456620 545
1456630 547
1456640 549
1456650 549
1456660 551
1456670 552
1456680 552
1456690 554
1456700 556
1456710 556
1456720 557
1456730 558
1456740 558
1456750 558
1456760 558
1456770 558
1456780 558
1456790 556
1456800 556
1456810 555
1456820 553
1456830 553
1456840 551
1456850 549
1456860 549
1456870 548
1456880 546
1456890 546
1456900 545
1456910 544
1456920 544
1456930 543
1456940 542
1456950 542
1456960 541
1456970 540
1456980 540
1456990 539
1457000 537
1457010 537
1457020 535
1457030 535
1457040 535
1457050 538
1457060 537
1457070 537
1457080 537
1457090 538
1457100 538
1457110 538
1457120 540
1457130 546
1457140 546
1457150 552
1457160 556
1457170 556
1457180 557
1457190 558
1457200 558
1457210 558
1457220 559
1457230 559
1457240 559
1457250 560
1457260 560
1457270 560
1457280 560
1457290 560
1457300 560
1457310 560
1457320 560
1457330 560
1457340 560
1457350 560
1457360 560
1457370 560
1457380 560
1457390 560
1457400 560
1457410 560
1457420 560
1457430 560
1457440 560
1457450 560
1457460 559
1457470 559
1457480 558
1457490 557
1457500 557
1457510 556
1457520 555
1457530 555
1457540 554
1457550 553
1457560 553
1457570 551
1457580 550
1457590 550
1457600 548
1457610 547
1457620 547
1457630 546
1457640 545
1457650 545
1457660 543
1457670 542
1457680 542
1457690 541
1457700 541
1457710 541
1457720 540
1457730 539
1457740 539
1457750 538
1457760 538
1457770 538
1457780 539
1457790 542
1457800 542
1457810 543
1457820 544
1457830 544
1457840 545
1457850 547
1457860 547
1457870 549
1457880 550
1457890 552
1457900 552
1457910 553
1457920 554
1457930 554
1457940 555
1457950 556
1457960 556
1457970 558
1457980 559
1457990 559
1458000 561
1458010 562
1458020 562
1458030 562
1458040 562
1458050 562
1458060 562
1458070 564
1458080 564
1458090 564
1458100 565
1458110 565
1458120 565
1458130 565
1458140 565
1458150 565
1458160 566
1458170 566
1458180 566
1458190 566
1458200 566
1458210 567
1458220 567
1458230 567
1458240 567
1458250 567
1458260 567
1458270 567
1458280 567
1458290 567
1458300 567
1458310 567
1458320 567
1458330 567
1458340 567
1458350 567
1458360 567
1458370 567
1458380 567
1458390 567
1458400 566
1458410 566
1458420 566
1458430 566
1458440 566
1458450 566
1458460 566
1458470 566
1458480 566
1458490 567
1458500 567
1458510 567
1458520 567
1458530 567
1458540 567
1458550 567
1458560 567
1458570 567
1458580 567
1458590 567
1458600 568
1458610 568
1458620 568
1458630 569
1458640 569
1458650 569
1458660 569
1458670 570
1458680 571
1458690 571
1458700 571
1458710 572
1458720 572
1458730 572
1458740 572
1458750 572
1458760 573
1458770 573
1458780 573
1458790 573
1458800 573
1458810 573
1458820 572
1458830 572
1458840 572
1458850 572
1458860 572
1458870 572
1458880 571
1458890 571
1458900 571
1458910 571
1458920 571
1458930 571
1458940 571
1458950 571
1458960 571
1458970 571
1458980 571
1458990 571
1459000 571
1459010 571
1459020 571
1459030 570
1459040 570
1459050 570
1459060 570
1459070 569
1459080 569
1459090 568
1459100 568
1459110 568
1459120 567
1459130 567
1459140 567
1459150 568
1459160 568
1459170 568
1459180 569
1459190 570
1459200 570
1459210 572
1459220 573
1459230 573
1459240 573
1459250 573
1459260 573
1459270 573
1459280 573
1459290 573
1459300 572
1459310 571
1459320 571
1459330 570
1459340 568
1459350 568
1459360 566
1459370 565
1459380 565
1459390 564
1459400 563
1459410 562
1459420 562
1459430 562
1459440 561
1459450 561
1459460 561
1459470 561
1459480 561
1459490 561
1459500 561
1459510 561
1459520 561
1459530 561
1459540 561
1459550 561
1459560 562
1459570 562
1459580 562
1459590 563
1459600 563
1459610 563
1459620 564
1459630 564
1459640 565
1459650 566
1459660 566
1459670 566
1459680 567
1459690 567
1459700 568
1459710 568
1459720 568
1459730 569
1459740 570
1459750 570
1459760 571
1459770 571
1459780 571
1459790 572
1459800 572
1459810 572
1459820 572
1459830 573
1459840 573
1459850 573
1459860 573
1459870 573
1459880 574
1459890 574
1459900 574
1459910 574
1459920 574
1459930 574
1459940 574
1459950 574
1459960 574
1459970 574
1459980 574
1459990 574
