1440000 408
1440010 403
1440020 403
1440030 401
1440040 400
1440050 400
1440060 400
1440070 400
1440080 400
1440090 400
1440100 400
1440110 400
1440120 400
1440130 400
1440140 400
1440150 400
1440160 400
1440170 400
1440180 400
1440190 400
1440200 400
1440210 401
1440220 401
1440230 401
1440240 401
1440250 400
1440260 400
1440270 400
1440280 400
1440290 400
1440300 399
1440310 398
1440320 398
1440330 396
1440340 395
1440350 395
1440360 394
1440370 392
1440380 392
1440390 392
1440400 393
1440410 393
1440420 393
1440430 393
1440440 393
1440450 393
1440460 393
1440470 393
1440480 393
1440490 394
1440500 394
1440510 394
1440520 395
1440530 395
1440540 395
1440550 396
1440560 396
1440570 396
1440580 395
1440590 393
1440600 393
1440610 392
1440620 392
1440630 392
1440640 392
1440650 392
1440660 392
1440670 392
1440680 392
1440690 392
1440700 392
1440710 392
1440720 392
1440730 392
1440740 392
1440750 392
1440760 395
1440770 396
1440780 396
1440790 396
1440800 396
1440810 396
1440820 396
1440830 396
1440840 396
1440850 396
1440860 396
1440870 396
1440880 395
1440890 395
1440900 395
1440910 395
1440920 395
1440930 395
1440940 395
1440950 395
1440960 395
1440970 395
1440980 395
1440990 395
1441000 394
1441010 395
1441020 395
1441030 394
1441040 394
1441050 394
1441060 394
1441070 394
1441080 394
1441090 394
1441100 394
1441110 394
1441120 394
1441130 394
1441140 394
1441150 394
1441160 395
1441170 394
1441180 394
1441190 393
1441200 393
1441210 393
1441220 393
1441230 394
1441240 394
1441250 394
1441260 394
1441270 394
1441280 394
1441290 393
1441300 393
1441310 393
1441320 393
1441330 393
1441340 394
1441350 394
1441360 394
1441370 394
1441380 394
1441390 394
1441400 394
1441410 394
1441420 394
1441430 394
1441440 394
1441450 394
1441460 394
1441470 394
1441480 394
1441490 394
1441500 394
1441510 394
1441520 394
1441530 394
1441540 394
1441550 394
1441560 394
1441570 394
1441580 394
1441590 394
1441600 394
1441610 394
1441620 394
1441630 394
1441640 394
1441650 394
1441660 394
1441670 394
1441680 394
1441690 394
1441700 394
1441710 394
1441720 394
1441730 394
1441740 394
1441750 394
1441760 394
1441770 394
1441780 394
1441790 394
1441800 394
1441810 394
1441820 394
1441830 394
1441840 394
1441850 394
1441860 394
1441870 394
1441880 394
1441890 394
1441900 394
1441910 394
1441920 393
1441930 394
1441940 394
1441950 394
1441960 394
1441970 394
1441980 394
1441990 394
1442000 394
1442010 393
1442020 394
1442030 394
1442040 394
1442050 394
1442060 394
1442070 394
1442080 394
1442090 394
1442100 394
1442110 394
1442120 394
1442130 393
1442140 394
1442150 394
1442160 394
1442170 393
1442180 393
1442190 393
1442200 394
1442210 394
1442220 394
1442230 394
1442240 394
1442250 394
1442260 394
1442270 394
1442280 394
1442290 394
1442300 394
1442310 394
1442320 394
1442330 394
1442340 394
1442350 394
1442360 394
1442370 394
1442380 394
1442390 394
1442400 394
1442410 394
1442420 394
1442430 394
1442440 394
1442450 394
1442460 394
1442470 394
1442480 394
1442490 395
1442500 396
1442510 396
1442520 394
1442530 394
1442540 394
1442550 394
1442560 394
1442570 394
1442580 394
1442590 394
1442600 394
1442610 394
1442620 394
1442630 394
1442640 394
1442650 394
1442660 394
1442670 395
1442680 395
1442690 395
1442700 395
1442710 395
1442720 395
1442730 395
1442740 394
1442750 394
1442760 394
1442770 394
1442780 394
1442790 394
1442800 394
1442810 394
1442820 394
1442830 394
1442840 394
1442850 394
1442860 394
1442870 394
1442880 394
1442890 394
1442900 394
1442910 394
1442920 394
1442930 395
1442940 395
1442950 395
1442960 395
1442970 395
1442980 395
1442990 395
1443000 395
1443010 394
1443020 394
1443030 394
1443040 394
1443050 395
1443060 395
1443070 395
1443080 395
1443090 395
1443100 395
1443110 395
1443120 395
1443130 395
1443140 395
1443150 395
1443160 395
1443170 395
1443180 395
1443190 395
1443200 395
1443210 395
1443220 395
1443230 395
1443240 395
1443250 395
1443260 395
1443270 395
1443280 395
1443290 395
1443300 395
1443310 395
1443320 395
1443330 395
1443340 395
1443350 395
1443360 395
1443370 395
1443380 395
1443390 395
1443400 395
1443410 395
1443420 395
1443430 395
1443440 394
1443450 394
1443460 394
1443470 394
1443480 394
1443490 394
1443500 395
1443510 394
1443520 394
1443530 394
1443540 395
1443550 395
1443560 396
1443570 398
1443580 398
1443590 397
1443600 395
1443610 395
1443620 394
1443630 395
1443640 395
1443650 395
1443660 395
1443670 395
1443680 395
1443690 395
1443700 395
1443710 395
1443720 395
1443730 395
1443740 395
1443750 394
1443760 394
1443770 394
1443780 394
1443790 394
1443800 394
1443810 394
1443820 394
1443830 394
1443840 394
1443850 394
1443860 394
1443870 394
1443880 394
1443890 394
1443900 395
1443910 395
1443920 395
1443930 395
1443940 395
1443950 395
1443960 395
1443970 395
1443980 395
1443990 394
1444000 394
1444010 395
1444020 396
1444030 396
1444040 396
1444050 397
1444060 397
1444070 398
1444080 399
1444090 399
1444100 399
1444110 400
1444120 400
1444130 401
1444140 402
1444150 402
1444160 403
1444170 404
1444180 404
1444190 406
1444200 408
1444210 411
1444220 411
1444230 415
1444240 418
1444250 418
1444260 420
1444270 422
1444280 422
1444290 423
1444300 424
1444310 424
1444320 424
1444330 424
1444340 424
1444350 424
1444360 425
1444370 425
1444380 425
1444390 426
1444400 426
1444410 426
1444420 426
1444430 426
1444440 426
1444450 426
1444460 426
1444470 426
1444480 426
1444490 426
1444500 426
1444510 426
1444520 426
1444530 426
1444540 425
1444550 425
1444560 425
1444570 425
1444580 425
1444590 425
1444600 425
1444610 425
1444620 425
1444630 425
1444640 425
1444650 425
1444660 425
1444670 425
1444680 425
1444690 425
1444700 425
1444710 425
1444720 425
1444730 425
1444740 425
1444750 425
1444760 425
1444770 425
1444780 426
1444790 426
1444800 426
1444810 426
1444820 426
1444830 426
1444840 426
1444850 426
1444860 426
1444870 426
1444880 426
1444890 426
1444900 426
1444910 426
1444920 426
1444930 426
1444940 426
1444950 426
1444960 426
1444970 426
1444980 426
1444990 426
1445000 427
1445010 427
1445020 427
1445030 428
1445040 428
1445050 428
1445060 428
1445070 428
1445080 428
1445090 429
1445100 429
1445110 429
1445120 430
1445130 430
1445140 430
1445150 431
1445160 431
1445170 431
1445180 432
1445190 432
1445200 432
1445210 433
1445220 433
1445230 434
1445240 435
1445250 435
1445260 437
1445270 438
1445280 438
1445290 439
1445300 440
1445310 440
1445320 440
1445330 441
1445340 441
1445350 443
1445360 444
1445370 444
1445380 446
1445390 448
1445400 448
1445410 449
1445420 450
1445430 450
1445440 451
1445450 451
1445460 451
1445470 452
1445480 454
1445490 454
1445500 454
1445510 455
1445520 455
1445530 454
1445540 454
1445550 454
1445560 453
1445570 452
1445580 452
1445590 452
1445600 452
1445610 452
1445620 452
1445630 452
1445640 452
1445650 453
1445660 453
1445670 453
1445680 453
1445690 455
1445700 455
1445710 461
1445720 465
1445730 471
1445740 471
1445750 479
1445760 488
1445770 488
1445780 492
1445790 497
1445800 497
1445810 502
1445820 506
1445830 506
1445840 510
1445850 512
1445860 512
1445870 511
1445880 505
1445890 505
1445900 506
1445910 503
1445920 503
1445930 500
1445940 493
1445950 493
1445960 501
1445970 512
1445980 512
1445990 522
1446000 525
1446010 525
1446020 526
1446030 528
1446040 528
1446050 530
1446060 533
1446070 533
1446080 533
1446090 536
1446100 536
1446110 540
1446120 546
1446130 546
1446140 551
1446150 557
1446160 557
1446170 564
1446180 568
1446190 568
1446200 571
1446210 573
1446220 573
1446230 575
1446240 579
1446250 579
1446260 580
1446270 581
1446280 581
1446290 583
1446300 584
1446310 584
1446320 585
1446330 586
1446340 586
1446350 588
1446360 589
1446370 589
1446380 590
1446390 591
1446400 591
1446410 592
1446420 593
1446430 593
1446440 594
1446450 596
1446460 596
1446470 597
1446480 598
1446490 600
1446500 600
1446510 601
1446520 603
1446530 603
1446540 604
1446550 605
1446560 605
1446570 607
1446580 608
1446590 608
1446600 609
1446610 610
1446620 610
1446630 611
1446640 612
1446650 612
1446660 614
1446670 614
1446680 614
1446690 615
1446700 615
1446710 615
1446720 615
1446730 615
1446740 615
1446750 615
1446760 615
1446770 615
1446780 614
1446790 614
1446800 614
1446810 614
1446820 614
1446830 614
1446840 614
1446850 614
1446860 614
1446870 615
1446880 616
1446890 616
1446900 617
1446910 618
1446920 618
1446930 619
1446940 620
1446950 620
1446960 621
1446970 622
1446980 622
1446990 623
1447000 625
1447010 625
1447020 626
1447030 627
1447040 627
1447050 627
1447060 627
1447070 627
1447080 627
1447090 627
1447100 627
1447110 627
1447120 627
1447130 627
1447140 629
1447150 630
1447160 630
1447170 634
1447180 638
1447190 638
1447200 642
1447210 646
1447220 646
1447230 650
1447240 653
1447250 655
1447260 655
1447270 656
1447280 657
1447290 657
1447300 657
1447310 658
1447320 658
1447330 659
1447340 660
1447350 660
1447360 660
1447370 661
1447380 661
1447390 662
1447400 662
1447410 662
1447420 663
1447430 663
1447440 663
1447450 664
1447460 665
1447470 665
1447480 665
1447490 665
1447500 665
1447510 666
1447520 666
1447530 666
1447540 666
1447550 667
1447560 667
1447570 667
1447580 668
1447590 668
1447600 670
1447610 672
1447620 672
1447630 674
1447640 676
1447650 676
1447660 679
1447670 681
1447680 681
1447690 684
1447700 687
1447710 687
1447720 690
1447730 692
1447740 692
1447750 694
1447760 695
1447770 695
1447780 697
1447790 698
1447800 698
1447810 699
1447820 700
1447830 700
1447840 702
1447850 704
1447860 704
1447870 706
1447880 709
1447890 709
1447900 711
1447910 712
1447920 712
1447930 713
1447940 714
1447950 714
1447960 715
1447970 717
1447980 717
1447990 718
1448000 720
1448010 722
1448020 722
1448030 724
1448040 725
1448050 725
1448060 726
1448070 727
1448080 727
1448090 727
1448100 727
1448110 727
1448120 727
1448130 729
1448140 729
1448150 730
1448160 732
1448170 732
1448180 734
1448190 735
1448200 735
1448210 737
1448220 739
1448230 739
1448240 741
1448250 743
1448260 743
1448270 744
1448280 745
1448290 745
1448300 746
1448310 746
1448320 746
1448330 747
1448340 747
1448350 747
1448360 747
1448370 748
1448380 748
1448390 748
1448400 747
1448410 747
1448420 746
1448430 746
1448440 746
1448450 745
1448460 744
1448470 744
1448480 743
1448490 741
1448500 741
1448510 739
1448520 737
1448530 737
1448540 735
1448550 732
1448560 732
1448570 730
1448580 729
1448590 729
1448600 726
1448610 725
1448620 725
1448630 723
1448640 722
1448650 722
1448660 721
1448670 720
1448680 720
1448690 718
1448700 717
1448710 717
1448720 716
1448730 715
1448740 715
1448750 714
1448760 712
1448770 710
1448780 710
1448790 709
1448800 707
1448810 707
1448820 706
1448830 705
1448840 705
1448850 704
1448860 702
1448870 702
1448880 700
1448890 699
1448900 699
1448910 697
1448920 696
1448930 696
1448940 694
1448950 693
1448960 693
1448970 692
1448980 691
1448990 691
1449000 691
1449010 690
1449020 690
1449030 689
1449040 689
1449050 689
1449060 688
1449070 687
1449080 687
1449090 687
1449100 686
1449110 686
1449120 685
1449130 685
1449140 685
1449150 684
1449160 684
1449170 684
1449180 683
1449190 683
1449200 683
1449210 682
1449220 679
1449230 679
1449240 675
1449250 679
1449260 679
1449270 682
1449280 683
1449290 683
1449300 683
1449310 683
1449320 683
1449330 683
1449340 683
1449350 683
1449360 682
1449370 682
1449380 682
1449390 682
1449400 682
1449410 682
1449420 682
1449430 682
1449440 682
1449450 682
1449460 682
1449470 682
1449480 681
1449490 681
1449500 680
1449510 680
1449520 679
1449530 679
1449540 679
1449550 678
1449560 678
1449570 678
1449580 677
1449590 676
1449600 676
1449610 675
1449620 674
1449630 674
1449640 673
1449650 670
1449660 670
1449670 666
1449680 660
1449690 660
1449700 655
1449710 652
1449720 652
1449730 650
1449740 648
1449750 648
1449760 646
1449770 645
1449780 645
1449790 643
1449800 642
1449810 642
1449820 641
1449830 640
1449840 640
1449850 639
1449860 639
1449870 639
1449880 639
1449890 639
1449900 639
1449910 640
1449920 641
1449930 641
1449940 642
1449950 643
1449960 643
1449970 644
1449980 645
1449990 645
1450000 646
1450010 647
1450020 647
1450030 648
1450040 649
1450050 649
1450060 650
1450070 650
1450080 650
1450090 651
1450100 651
1450110 651
1450120 652
1450130 652
1450140 652
1450150 651
1450160 651
1450170 651
1450180 650
1450190 649
1450200 649
1450210 648
1450220 646
1450230 646
1450240 645
1450250 644
1450260 643
1450270 643
1450280 642
1450290 642
1450300 642
1450310 641
1450320 641
1450330 641
1450340 640
1450350 640
1450360 640
1450370 640
1450380 640
1450390 640
1450400 639
1450410 639
1450420 639
1450430 639
1450440 638
1450450 638
1450460 638
1450470 638
1450480 638
1450490 638
1450500 638
1450510 638
1450520 638
1450530 638
1450540 638
1450550 638
1450560 638
1450570 638
1450580 638
1450590 637
1450600 637
1450610 637
1450620 637
1450630 637
1450640 636
1450650 636
1450660 636
1450670 636
1450680 635
1450690 635
1450700 634
1450710 634
1450720 634
1450730 633
1450740 633
1450750 633
1450760 632
1450770 632
1450780 632
1450790 632
1450800 632
1450810 632
1450820 631
1450830 631
1450840 631
1450850 631
1450860 630
1450870 630
1450880 630
1450890 630
1450900 630
1450910 630
1450920 629
1450930 629
1450940 629
1450950 628
1450960 628
1450970 628
1450980 627
1450990 627
1451000 626
1451010 626
1451020 626
1451030 626
1451040 626
1451050 627
1451060 627
1451070 628
1451080 629
1451090 629
1451100 629
1451110 630
1451120 630
1451130 631
1451140 632
1451150 632
1451160 632
1451170 633
1451180 633
1451190 633
1451200 633
1451210 633
1451220 633
1451230 633
1451240 633
1451250 633
1451260 633
1451270 633
1451280 633
1451290 633
1451300 633
1451310 633
1451320 633
1451330 633
1451340 632
1451350 632
1451360 632
1451370 631
1451380 631
1451390 631
1451400 631
1451410 631
1451420 631
1451430 631
1451440 631
1451450 631
1451460 631
1451470 631
1451480 631
1451490 631
1451500 631
1451510 631
1451520 630
1451530 630
1451540 630
1451550 629
1451560 629
1451570 629
1451580 629
1451590 628
1451600 628
1451610 627
1451620 627
1451630 627
1451640 626
1451650 626
1451660 626
1451670 625
1451680 624
1451690 624
1451700 623
1451710 623
1451720 623
1451730 622
1451740 622
1451750 622
1451760 621
1451770 621
1451780 620
1451790 620
1451800 619
1451810 618
1451820 618
1451830 616
1451840 614
1451850 614
1451860 613
1451870 612
1451880 612
1451890 611
1451900 611
1451910 611
1451920 611
1451930 611
1451940 611
1451950 611
1451960 611
1451970 611
1451980 612
1451990 612
1452000 612
1452010 613
1452020 614
1452030 614
1452040 616
1452050 617
1452060 617
1452070 618
1452080 619
1452090 619
1452100 620
1452110 620
1452120 620
1452130 620
1452140 620
1452150 620
1452160 620
1452170 619
1452180 619
1452190 618
1452200 618
1452210 618
1452220 616
1452230 615
1452240 615
1452250 613
1452260 612
1452270 612
1452280 612
1452290 611
1452300 611
1452310 610
1452320 610
1452330 610
1452340 609
1452350 609
1452360 609
1452370 609
1452380 609
1452390 609
1452400 608
1452410 608
1452420 608
1452430 608
1452440 608
1452450 608
1452460 607
1452470 607
1452480 607
1452490 609
1452500 609
1452510 609
1452520 610
1452530 610
1452540 610
1452550 610
1452560 611
1452570 611
1452580 611
1452590 611
1452600 611
1452610 611
1452620 612
1452630 612
1452640 612
1452650 612
1452660 612
1452670 612
1452680 611
1452690 611
1452700 611
1452710 611
1452720 611
1452730 611
1452740 611
1452750 611
1452760 611
1452770 612
1452780 612
1452790 612
1452800 612
1452810 612
1452820 612
1452830 612
1452840 612
1452850 612
1452860 612
1452870 611
1452880 611
1452890 610
1452900 609
1452910 609
1452920 610
1452930 609
1452940 609
1452950 608
1452960 608
1452970 608
1452980 608
1452990 606
1453000 606
1453010 604
1453020 602
1453030 602
1453040 601
1453050 599
1453060 599
1453070 598
1453080 596
1453090 596
1453100 595
1453110 593
1453120 593
1453130 592
1453140 591
1453150 591
1453160 590
1453170 589
1453180 589
1453190 589
1453200 591
1453210 591
1453220 590
1453230 584
1453240 584
1453250 586
1453260 588
1453270 588
1453280 589
1453290 590
1453300 591
1453310 591
1453320 591
1453330 592
1453340 592
1453350 592
1453360 593
1453370 593
1453380 593
1453390 593
1453400 593
1453410 593
1453420 594
1453430 594
1453440 594
1453450 593
1453460 593
1453470 593
1453480 593
1453490 593
1453500 593
1453510 593
1453520 593
1453530 593
1453540 594
1453550 594
1453560 594
1453570 594
1453580 594
1453590 595
1453600 595
1453610 595
1453620 595
1453630 595
1453640 595
1453650 596
1453660 596
1453670 596
1453680 596
1453690 596
1453700 596
1453710 596
1453720 596
1453730 596
1453740 597
1453750 597
1453760 597
1453770 597
1453780 597
1453790 597
1453800 597
1453810 597
1453820 597
1453830 597
1453840 597
1453850 597
1453860 597
1453870 597
1453880 597
1453890 596
1453900 595
1453910 595
1453920 594
1453930 594
1453940 594
1453950 593
1453960 592
1453970 592
1453980 591
1453990 590
1454000 590
1454010 589
1454020 588
1454030 588
1454040 587
1454050 586
1454060 585
1454070 585
1454080 585
1454090 584
1454100 584
1454110 583
1454120 583
1454130 583
1454140 582
1454150 582
1454160 582
1454170 581
1454180 581
1454190 581
1454200 580
1454210 580
1454220 580
1454230 580
1454240 579
1454250 579
1454260 579
1454270 579
1454280 579
1454290 578
1454300 578
1454310 578
1454320 577
1454330 576
1454340 576
1454350 576
1454360 575
1454370 575
1454380 577
1454390 577
1454400 577
1454410 577
1454420 577
1454430 577
1454440 577
1454450 577
1454460 577
1454470 577
1454480 577
1454490 577
1454500 577
1454510 576
1454520 576
1454530 576
1454540 576
1454550 576
1454560 575
1454570 574
1454580 574
1454590 573
1454600 573
1454610 573
1454620 572
1454630 571
1454640 571
1454650 571
1454660 570
1454670 570
1454680 570
1454690 568
1454700 568
1454710 568
1454720 566
1454730 566
1454740 565
1454750 564
1454760 564
1454770 564
1454780 562
1454790 562
1454800 560
1454810 559
1454820 557
1454830 557
1454840 556
1454850 555
1454860 555
1454870 554
1454880 552
1454890 552
1454900 551
1454910 550
1454920 550
1454930 548
1454940 547
1454950 547
1454960 545
1454970 543
1454980 543
1454990 541
1455000 539
1455010 539
1455020 538
1455030 536
1455040 536
1455050 535
1455060 534
1455070 534
1455080 533
1455090 531
1455100 531
1455110 530
1455120 529
1455130 529
1455140 528
1455150 528
1455160 528
1455170 527
1455180 527
1455190 527
1455200 527
1455210 526
1455220 526
1455230 525
1455240 524
1455250 524
1455260 524
1455270 523
1455280 523
1455290 521
1455300 520
1455310 520
1455320 519
1455330 518
1455340 518
1455350 517
1455360 516
1455370 516
1455380 516
1455390 515
1455400 515
1455410 514
1455420 514
1455430 514
1455440 513
1455450 512
1455460 512
1455470 512
1455480 511
1455490 511
1455500 511
1455510 510
1455520 510
1455530 510
1455540 510
1455550 509
1455560 509
1455570 509
1455580 509
1455590 509
1455600 509
1455610 509
1455620 509
1455630 509
1455640 509
1455650 509
1455660 509
1455670 509
1455680 509
1455690 508
1455700 509
1455710 509
1455720 509
1455730 509
1455740 509
1455750 509
1455760 509
1455770 509
1455780 508
1455790 509
1455800 509
1455810 510
1455820 511
1455830 511
1455840 512
1455850 512
1455860 512
1455870 514
1455880 515
1455890 515
1455900 516
1455910 516
1455920 516
1455930 518
1455940 519
1455950 519
1455960 520
1455970 520
1455980 520
1455990 521
1456000 522
1456010 522
1456020 523
1456030 523
1456040 523
1456050 523
1456060 523
1456070 523
1456080 523
1456090 523
1456100 523
1456110 523
1456120 522
1456130 522
1456140 522
1456150 523
1456160 523
1456170 523
1456180 524
1456190 524
1456200 524
1456210 524
1456220 524
1456230 525
1456240 524
1456250 524
1456260 523
1456270 523
1456280 523
1456290 522
1456300 521
1456310 520
1456320 520
1456330 520
1456340 520
1456350 520
1456360 519
1456370 518
1456380 518
1456390 518
1456400 518
1456410 518
1456420 519
1456430 522
1456440 522
1456450 524
1456460 526
1456470 526
1456480 527
1456490 529
1456500 529
1456510 530
1456520 532
1456530 532
1456540 533
1456550 535
1456560 535
1456570 537
1456580 539
1456590 539
1456600 541
1456610 543
1456620 543
1456630 545
1456640 547
1456650 547
1456660 548
1456670 550
1456680 550
1456690 551
1456700 552
1456710 552
1456720 552
1456730 551
1456740 551
1456750 550
1456760 549
1456770 549
1456780 548
1456790 546
1456800 546
1456810 544
1456820 543
1456830 543
1456840 542
1456850 540
1456860 540
1456870 539
1456880 538
1456890 538
1456900 537
1456910 537
1456920 537
1456930 536
1456940 535
1456950 535
1456960 534
1456970 532
1456980 532
1456990 532
1457000 533
1457010 533
1457020 534
1457030 537
1457040 537
1457050 542
1457060 547
1457070 550
1457080 550
1457090 553
1457100 555
1457110 555
1457120 556
1457130 557
1457140 557
1457150 558
1457160 559
1457170 559
1457180 559
1457190 560
1457200 560
1457210 560
1457220 561
1457230 561
1457240 561
1457250 562
1457260 562
1457270 562
1457280 562
1457290 562
1457300 562
1457310 562
1457320 562
1457330 562
1457340 562
1457350 562
1457360 561
1457370 561
1457380 561
1457390 561
1457400 560
1457410 560
1457420 560
1457430 560
1457440 560
1457450 559
1457460 558
1457470 558
1457480 557
1457490 556
1457500 556
1457510 554
1457520 553
1457530 553
1457540 552
1457550 550
1457560 550
1457570 548
1457580 546
1457590 546
1457600 545
1457610 543
1457620 543
1457630 542
1457640 541
1457650 541
1457660 540
1457670 539
1457680 539
1457690 537
1457700 536
1457710 536
1457720 535
1457730 538
1457740 538
1457750 540
1457760 541
1457770 541
1457780 542
1457790 543
1457800 543
1457810 544
1457820 546
1457830 547
1457840 547
1457850 549
1457860 551
1457870 551
1457880 552
1457890 554
1457900 554
1457910 555
1457920 556
1457930 556
1457940 557
1457950 558
1457960 558
1457970 559
1457980 560
1457990 560
1458000 561
1458010 562
1458020 562
1458030 563
1458040 564
1458050 564
1458060 565
1458070 565
1458080 565
1458090 566
1458100 567
1458110 567
1458120 568
1458130 568
1458140 568
1458150 567
1458160 567
1458170 567
1458180 567
1458190 567
1458200 567
1458210 567
1458220 567
1458230 567
1458240 566
1458250 566
1458260 566
1458270 566
1458280 565
1458290 565
1458300 565
1458310 565
1458320 565
1458330 565
1458340 565
1458350 565
1458360 564
1458370 564
1458380 564
1458390 564
1458400 564
1458410 564
1458420 564
1458430 564
1458440 564
1458450 565
1458460 565
1458470 565
1458480 566
1458490 566
1458500 566
1458510 566
1458520 567
1458530 567
1458540 568
1458550 569
1458560 569
1458570 570
1458580 571
1458590 572
1458600 572
1458610 574
1458620 575
1458630 575
1458640 575
1458650 575
1458660 575
1458670 575
1458680 576
1458690 576
1458700 575
1458710 575
1458720 575
1458730 574
1458740 574
1458750 574
1458760 573
1458770 573
1458780 573
1458790 572
1458800 572
1458810 572
1458820 571
1458830 571
1458840 571
1458850 571
1458860 571
1458870 571
1458880 570
1458890 570
1458900 570
1458910 571
1458920 571
1458930 571
1458940 571
1458950 571
1458960 571
1458970 571
1458980 571
1458990 571
1459000 571
1459010 571
1459020 571
1459030 571
1459040 571
1459050 571
1459060 570
1459070 569
1459080 569
1459090 569
1459100 568
1459110 568
1459120 568
1459130 568
1459140 568
1459150 568
1459160 568
1459170 568
1459180 568
1459190 568
1459200 568
1459210 568
1459220 568
1459230 568
1459240 568
1459250 568
1459260 568
1459270 568
1459280 568
1459290 568
1459300 567
1459310 567
1459320 567
1459330 567
1459340 566
1459350 565
1459360 565
1459370 564
1459380 563
1459390 563
1459400 563
1459410 562
1459420 562
1459430 562
1459440 562
1459450 562
1459460 562
1459470 563
1459480 563
1459490 563
1459500 563
1459510 563
1459520 564
1459530 565
1459540 565
1459550 566
1459560 567
1459570 567
1459580 568
1459590 568
1459600 568
1459610 569
1459620 570
1459630 570
1459640 571
1459650 572
1459660 572
1459670 574
1459680 575
1459690 575
1459700 576
1459710 577
1459720 577
1459730 578
1459740 579
1459750 579
1459760 579
1459770 579
1459780 579
1459790 580
1459800 580
1459810 580
1459820 580
1459830 580
1459840 580
1459850 580
1459860 580
1459870 580
1459880 580
1459890 580
1459900 580
1459910 581
1459920 581
1459930 581
1459940 581
1459950 581
1459960 581
1459970 580
1459980 581
1459990 581
