1440000 426
1440010 426
1440020 427
1440030 427
1440040 427
1440050 427
1440060 427
1440070 427
1440080 428
1440090 428
1440100 428
1440110 428
1440120 428
1440130 428
1440140 428
1440150 428
1440160 428
1440170 428
1440180 428
1440190 427
1440200 427
1440210 427
1440220 426
1440230 426
1440240 426
1440250 425
1440260 425
1440270 425
1440280 425
1440290 425
1440300 425
1440310 424
1440320 424
1440330 424
1440340 424
1440350 423
1440360 423
1440370 423
1440380 423
1440390 423
1440400 423
1440410 423
1440420 423
1440430 423
1440440 423
1440450 423
1440460 423
1440470 422
1440480 422
1440490 422
1440500 423
1440510 423
1440520 423
1440530 423
1440540 423
1440550 423
1440560 423
1440570 423
1440580 423
1440590 422
1440600 422
1440610 422
1440620 422
1440630 422
1440640 422
1440650 422
1440660 422
1440670 422
1440680 422
1440690 422
1440700 422
1440710 421
1440720 421
1440730 421
1440740 421
1440750 421
1440760 421
1440770 421
1440780 421
1440790 421
1440800 420
1440810 420
1440820 420
1440830 420
1440840 420
1440850 420
1440860 419
1440870 419
1440880 419
1440890 418
1440900 418
1440910 418
1440920 417
1440930 417
1440940 417
1440950 416
1440960 416
1440970 416
1440980 416
1440990 417
1441000 417
1441010 418
1441020 416
1441030 416
1441040 416
1441050 417
1441060 417
1441070 417
1441080 418
1441090 418
1441100 418
1441110 418
1441120 418
1441130 418
1441140 418
1441150 418
1441160 418
1441170 418
1441180 418
1441190 418
1441200 419
1441210 419
1441220 420
1441230 421
1441240 421
1441250 421
1441260 421
1441270 421
1441280 421
1441290 421
1441300 421
1441310 422
1441320 422
1441330 422
1441340 422
1441350 422
1441360 422
1441370 422
1441380 421
1441390 421
1441400 422
1441410 421
1441420 421
1441430 419
1441440 416
1441450 416
1441460 418
1441470 420
1441480 420
1441490 421
1441500 422
1441510 422
1441520 422
1441530 422
1441540 422
1441550 422
1441560 422
1441570 422
1441580 422
1441590 422
1441600 422
1441610 422
1441620 422
1441630 422
1441640 422
1441650 422
1441660 422
1441670 422
1441680 422
1441690 422
1441700 422
1441710 422
1441720 422
1441730 422
1441740 423
1441750 423
1441760 423
1441770 423
1441780 423
1441790 423
1441800 423
1441810 423
1441820 423
1441830 422
1441840 421
1441850 421
1441860 416
1441870 414
1441880 414
1441890 414
1441900 414
1441910 414
1441920 415
1441930 421
1441940 421
1441950 423
1441960 425
1441970 425
1441980 426
1441990 428
1442000 428
1442010 429
1442020 429
1442030 429
1442040 430
1442050 430
1442060 430
1442070 431
1442080 432
1442090 432
1442100 432
1442110 433
1442120 433
1442130 434
1442140 434
1442150 434
1442160 435
1442170 436
1442180 436
1442190 436
1442200 437
1442210 437
1442220 437
1442230 437
1442240 437
1442250 438
1442260 438
1442270 438
1442280 439
1442290 439
1442300 439
1442310 439
1442320 440
1442330 440
1442340 440
1442350 441
1442360 441
1442370 441
1442380 442
1442390 442
1442400 442
1442410 443
1442420 443
1442430 443
1442440 443
1442450 444
1442460 444
1442470 444
1442480 445
1442490 445
1442500 445
1442510 445
1442520 445
1442530 445
1442540 446
1442550 446
1442560 446
1442570 446
1442580 446
1442590 446
1442600 447
1442610 447
1442620 447
1442630 447
1442640 447
1442650 447
1442660 448
1442670 448
1442680 448
1442690 449
1442700 449
1442710 449
1442720 450
1442730 450
1442740 451
1442750 452
1442760 452
1442770 453
1442780 454
1442790 454
1442800 455
1442810 456
1442820 456
1442830 457
1442840 458
1442850 458
1442860 459
1442870 460
1442880 460
1442890 461
1442900 462
1442910 462
1442920 463
1442930 464
1442940 464
1442950 465
1442960 465
1442970 465
1442980 466
1442990 467
1443000 467
1443010 467
1443020 467
1443030 467
1443040 468
1443050 468
1443060 468
1443070 468
1443080 469
1443090 469
1443100 469
1443110 469
1443120 469
1443130 469
1443140 469
1443150 469
1443160 468
1443170 468
1443180 468
1443190 468
1443200 468
1443210 467
1443220 467
1443230 467
1443240 466
1443250 466
1443260 465
1443270 465
1443280 465
1443290 464
1443300 463
1443310 463
1443320 463
1443330 462
1443340 462
1443350 462
1443360 461
1443370 461
1443380 460
1443390 460
1443400 460
1443410 459
1443420 459
1443430 459
1443440 458
1443450 457
1443460 457
1443470 457
1443480 456
1443490 456
1443500 456
1443510 455
1443520 455
1443530 455
1443540 454
1443550 454
1443560 454
1443570 454
1443580 454
1443590 453
1443600 452
1443610 452
1443620 451
1443630 451
1443640 451
1443650 450
1443660 448
1443670 448
1443680 446
1443690 445
1443700 445
1443710 443
1443720 442
1443730 442
1443740 442
1443750 441
1443760 441
1443770 441
1443780 440
1443790 440
1443800 439
1443810 439
1443820 439
1443830 439
1443840 438
1443850 438
1443860 439
1443870 441
1443880 441
1443890 443
1443900 446
1443910 446
1443920 450
1443930 453
1443940 453
1443950 453
1443960 453
1443970 456
1443980 456
1443990 458
1444000 458
1444010 458
1444020 459
1444030 459
1444040 459
1444050 460
1444060 461
1444070 461
1444080 462
1444090 464
1444100 464
1444110 465
1444120 466
1444130 466
1444140 467
1444150 468
1444160 468
1444170 469
1444180 469
1444190 469
1444200 470
1444210 470
1444220 470
1444230 470
1444240 469
1444250 469
1444260 468
1444270 467
1444280 467
1444290 465
1444300 463
1444310 463
1444320 461
1444330 460
1444340 460
1444350 458
1444360 457
1444370 457
1444380 456
1444390 454
1444400 454
1444410 451
1444420 450
1444430 450
1444440 451
1444450 452
1444460 452
1444470 452
1444480 452
1444490 452
1444500 452
1444510 452
1444520 452
1444530 452
1444540 453
1444550 453
1444560 453
1444570 454
1444580 454
1444590 456
1444600 457
1444610 457
1444620 459
1444630 461
1444640 461
1444650 463
1444660 464
1444670 464
1444680 466
1444690 466
1444700 466
1444710 467
1444720 468
1444730 468
1444740 468
1444750 468
1444760 468
1444770 467
1444780 466
1444790 464
1444800 464
1444810 463
1444820 462
1444830 462
1444840 461
1444850 459
1444860 459
1444870 457
1444880 455
1444890 455
1444900 454
1444910 451
1444920 451
1444930 445
1444940 445
1444950 445
1444960 447
1444970 449
1444980 449
1444990 450
1445000 449
1445010 449
1445020 448
1445030 447
1445040 447
1445050 446
1445060 444
1445070 444
1445080 442
1445090 441
1445100 441
1445110 439
1445120 437
1445130 437
1445140 434
1445150 429
1445160 429
1445170 425
1445180 422
1445190 422
1445200 420
1445210 420
1445220 420
1445230 419
1445240 418
1445250 418
1445260 417
1445270 417
1445280 417
1445290 417
1445300 417
1445310 417
1445320 417
1445330 417
1445340 417
1445350 417
1445360 417
1445370 417
1445380 416
1445390 416
1445400 416
1445410 416
1445420 416
1445430 416
1445440 416
1445450 416
1445460 416
1445470 415
1445480 415
1445490 415
1445500 415
1445510 415
1445520 415
1445530 415
1445540 415
1445550 415
1445560 415
1445570 414
1445580 414
1445590 414
1445600 414
1445610 414
1445620 414
1445630 414
1445640 414
1445650 414
1445660 414
1445670 414
1445680 414
1445690 414
1445700 414
1445710 414
1445720 414
1445730 414
1445740 414
1445750 414
1445760 414
1445770 414
1445780 414
1445790 413
1445800 413
1445810 413
1445820 413
1445830 413
1445840 413
1445850 413
1445860 413
1445870 412
1445880 413
1445890 413
1445900 413
1445910 413
1445920 413
1445930 413
1445940 413
1445950 413
1445960 413
1445970 413
1445980 413
1445990 413
1446000 413
1446010 413
1446020 414
1446030 414
1446040 414
1446050 414
1446060 414
1446070 414
1446080 413
1446090 413
1446100 413
1446110 413
1446120 413
1446130 413
1446140 414
1446150 414
1446160 414
1446170 414
1446180 414
1446190 414
1446200 412
1446210 410
1446220 410
1446230 409
1446240 408
1446250 408
1446260 410
1446270 410
1446280 410
1446290 410
1446300 410
1446310 410
1446320 410
1446330 410
1446340 410
1446350 411
1446360 411
1446370 411
1446380 412
1446390 412
1446400 413
1446410 413
1446420 413
1446430 413
1446440 413
1446450 413
1446460 413
1446470 413
1446480 413
1446490 414
1446500 414
1446510 414
1446520 414
1446530 414
1446540 414
1446550 414
1446560 414
1446570 414
1446580 414
1446590 414
1446600 415
1446610 415
1446620 415
1446630 415
1446640 415
1446650 415
1446660 415
1446670 415
1446680 415
1446690 415
1446700 415
1446710 415
1446720 415
1446730 415
1446740 415
1446750 415
1446760 415
1446770 415
1446780 416
1446790 416
1446800 416
1446810 416
1446820 416
1446830 416
1446840 416
1446850 416
1446860 416
1446870 416
1446880 416
1446890 416
1446900 416
1446910 417
1446920 417
1446930 417
1446940 417
1446950 417
1446960 417
1446970 417
1446980 417
1446990 418
1447000 418
1447010 418
1447020 418
1447030 418
1447040 418
1447050 419
1447060 419
1447070 419
1447080 419
1447090 419
1447100 419
1447110 420
1447120 420
1447130 420
1447140 420
1447150 421
1447160 421
1447170 421
1447180 422
1447190 422
1447200 422
1447210 422
1447220 423
1447230 423
1447240 423
1447250 424
1447260 424
1447270 424
1447280 425
1447290 425
1447300 426
1447310 426
1447320 426
1447330 427
1447340 427
1447350 427
1447360 427
1447370 427
1447380 427
1447390 428
1447400 428
1447410 428
1447420 428
1447430 429
1447440 429
1447450 429
1447460 429
1447470 429
1447480 430
1447490 430
1447500 430
1447510 430
1447520 431
1447530 431
1447540 431
1447550 432
1447560 432
1447570 432
1447580 433
1447590 433
1447600 434
1447610 434
1447620 434
1447630 434
1447640 434
1447650 434
1447660 435
1447670 436
1447680 436
1447690 436
1447700 437
1447710 437
1447720 437
1447730 438
1447740 438
1447750 439
1447760 439
1447770 439
1447780 440
1447790 440
1447800 440
1447810 441
1447820 441
1447830 441
1447840 442
1447850 442
1447860 442
1447870 443
1447880 444
1447890 444
1447900 444
1447910 445
1447920 445
1447930 446
1447940 446
1447950 446
1447960 447
1447970 448
1447980 448
1447990 449
1448000 450
1448010 451
1448020 451
1448030 452
1448040 452
1448050 452
1448060 453
1448070 454
1448080 454
1448090 455
1448100 456
1448110 456
1448120 458
1448130 459
1448140 459
1448150 460
1448160 462
1448170 462
1448180 463
1448190 464
1448200 464
1448210 466
1448220 468
1448230 468
1448240 469
1448250 470
1448260 470
1448270 472
1448280 474
1448290 474
1448300 475
1448310 477
1448320 477
1448330 479
1448340 481
1448350 481
1448360 483
1448370 485
1448380 485
1448390 487
1448400 487
1448410 487
1448420 487
1448430 488
1448440 488
1448450 489
1448460 490
1448470 490
1448480 491
1448490 492
1448500 492
1448510 494
1448520 497
1448530 497
1448540 501
1448550 505
1448560 505
1448570 508
1448580 512
1448590 512
1448600 517
1448610 521
1448620 521
1448630 522
1448640 521
1448650 521
1448660 520
1448670 519
1448680 519
1448690 519
1448700 519
1448710 519
1448720 520
1448730 521
1448740 521
1448750 522
1448760 523
1448770 523
1448780 524
1448790 526
1448800 526
1448810 528
1448820 529
1448830 530
1448840 530
1448850 531
1448860 533
1448870 533
1448880 535
1448890 537
1448900 537
1448910 540
1448920 543
1448930 543
1448940 546
1448950 549
1448960 549
1448970 551
1448980 553
1448990 553
1449000 556
1449010 558
1449020 558
1449030 561
1449040 564
1449050 564
1449060 568
1449070 574
1449080 574
1449090 579
1449100 580
1449110 580
1449120 580
1449130 580
1449140 580
1449150 581
1449160 581
1449170 581
1449180 581
1449190 580
1449200 580
1449210 580
1449220 581
1449230 581
1449240 582
1449250 583
1449260 583
1449270 583
1449280 583
1449290 583
1449300 583
1449310 583
1449320 583
1449330 584
1449340 585
1449350 585
1449360 587
1449370 588
1449380 588
1449390 590
1449400 592
1449410 592
1449420 593
1449430 595
1449440 595
1449450 597
1449460 599
1449470 599
1449480 601
1449490 604
1449500 604
1449510 606
1449520 607
1449530 607
1449540 610
1449550 612
1449560 612
1449570 615
1449580 617
1449590 617
1449600 621
1449610 625
1449620 626
1449630 626
1449640 629
1449650 631
1449660 631
1449670 632
1449680 634
1449690 634
1449700 636
1449710 639
1449720 639
1449730 641
1449740 644
1449750 644
1449760 647
1449770 651
1449780 651
1449790 655
1449800 659
1449810 659
1449820 663
1449830 667
1449840 667
1449850 670
1449860 674
1449870 674
1449880 678
1449890 682
1449900 682
1449910 686
1449920 689
1449930 689
1449940 691
1449950 691
1449960 691
1449970 690
1449980 689
1449990 689
1450000 687
1450010 686
1450020 686
1450030 685
1450040 684
1450050 684
1450060 683
1450070 683
1450080 683
1450090 682
1450100 682
1450110 682
1450120 682
1450130 681
1450140 681
1450150 680
1450160 678
1450170 678
1450180 676
1450190 674
1450200 674
1450210 672
1450220 670
1450230 670
1450240 669
1450250 667
1450260 667
1450270 666
1450280 666
1450290 666
1450300 665
1450310 665
1450320 665
1450330 663
1450340 662
1450350 662
1450360 662
1450370 660
1450380 660
1450390 659
1450400 658
1450410 658
1450420 657
1450430 656
1450440 655
1450450 655
1450460 654
1450470 653
1450480 653
1450490 652
1450500 651
1450510 651
1450520 650
1450530 650
1450540 650
1450550 649
1450560 649
1450570 649
1450580 648
1450590 647
1450600 647
1450610 646
1450620 646
1450630 646
1450640 645
1450650 644
1450660 644
1450670 644
1450680 643
1450690 643
1450700 642
1450710 641
1450720 641
1450730 640
1450740 640
1450750 640
1450760 639
1450770 639
1450780 639
1450790 638
1450800 638
1450810 638
1450820 638
1450830 638
1450840 638
1450850 638
1450860 638
1450870 638
1450880 637
1450890 636
1450900 636
1450910 636
1450920 636
1450930 636
1450940 636
1450950 636
1450960 636
1450970 636
1450980 636
1450990 636
1451000 637
1451010 637
1451020 637
1451030 637
1451040 637
1451050 637
1451060 637
1451070 637
1451080 637
1451090 636
1451100 636
1451110 636
1451120 636
1451130 636
1451140 636
1451150 636
1451160 636
1451170 636
1451180 635
1451190 635
1451200 635
1451210 634
1451220 633
1451230 633
1451240 633
1451250 633
1451260 633
1451270 633
1451280 633
1451290 633
1451300 633
1451310 634
1451320 634
1451330 634
1451340 634
1451350 634
1451360 634
1451370 634
1451380 634
1451390 634
1451400 634
1451410 633
1451420 633
1451430 633
1451440 632
1451450 632
1451460 633
1451470 633
1451480 633
1451490 634
1451500 634
1451510 634
1451520 635
1451530 635
1451540 635
1451550 635
1451560 636
1451570 636
1451580 635
1451590 635
1451600 635
1451610 635
1451620 634
1451630 634
1451640 633
1451650 633
1451660 633
1451670 632
1451680 631
1451690 631
1451700 631
1451710 630
1451720 630
1451730 630
1451740 629
1451750 629
1451760 629
1451770 628
1451780 628
1451790 628
1451800 628
1451810 628
1451820 628
1451830 627
1451840 627
1451850 627
1451860 627
1451870 627
1451880 627
1451890 627
1451900 627
1451910 626
1451920 626
1451930 626
1451940 626
1451950 625
1451960 625
1451970 625
1451980 626
1451990 626
1452000 626
1452010 626
1452020 626
1452030 625
1452040 625
1452050 625
1452060 625
1452070 624
1452080 624
1452090 624
1452100 623
1452110 623
1452120 623
1452130 622
1452140 622
1452150 622
1452160 622
1452170 622
1452180 622
1452190 622
1452200 622
1452210 622
1452220 621
1452230 621
1452240 621
1452250 620
1452260 620
1452270 620
1452280 619
1452290 618
1452300 618
1452310 618
1452320 618
1452330 618
1452340 618
1452350 618
1452360 618
1452370 618
1452380 618
1452390 618
1452400 618
1452410 618
1452420 618
1452430 618
1452440 618
1452450 618
1452460 618
1452470 618
1452480 618
1452490 618
1452500 619
1452510 619
1452520 619
1452530 619
1452540 619
1452550 620
1452560 620
1452570 620
1452580 620
1452590 620
1452600 620
1452610 619
1452620 619
1452630 619
1452640 619
1452650 619
1452660 619
1452670 618
1452680 618
1452690 618
1452700 618
1452710 618
1452720 618
1452730 618
1452740 618
1452750 618
1452760 617
1452770 617
1452780 617
1452790 616
1452800 616
1452810 616
1452820 616
1452830 615
1452840 615
1452850 615
1452860 614
1452870 614
1452880 614
1452890 614
1452900 614
1452910 614
1452920 613
1452930 611
1452940 611
1452950 612
1452960 613
1452970 613
1452980 613
1452990 614
1453000 614
1453010 614
1453020 615
1453030 615
1453040 616
1453050 616
1453060 616
1453070 616
1453080 616
1453090 616
1453100 616
1453110 616
1453120 616
1453130 616
1453140 616
1453150 616
1453160 616
1453170 615
1453180 615
1453190 615
1453200 614
1453210 614
1453220 614
1453230 613
1453240 613
1453250 612
1453260 612
1453270 612
1453280 611
1453290 610
1453300 610
1453310 609
1453320 609
1453330 609
1453340 609
1453350 608
1453360 608
1453370 607
1453380 605
1453390 605
1453400 599
1453410 596
1453420 596
1453430 592
1453440 586
1453450 586
1453460 583
1453470 579
1453480 579
1453490 577
1453500 576
1453510 576
1453520 574
1453530 572
1453540 572
1453550 571
1453560 571
1453570 571
1453580 570
1453590 568
1453600 568
1453610 569
1453620 570
1453630 570
1453640 573
1453650 578
1453660 583
1453670 583
1453680 584
1453690 586
1453700 586
1453710 588
1453720 590
1453730 590
1453740 592
1453750 595
1453760 595
1453770 598
1453780 601
1453790 601
1453800 603
1453810 603
1453820 603
1453830 602
1453840 602
1453850 602
1453860 601
1453870 600
1453880 600
1453890 598
1453900 597
1453910 597
1453920 596
1453930 594
1453940 594
1453950 593
1453960 592
1453970 592
1453980 591
1453990 590
1454000 590
1454010 590
1454020 589
1454030 589
1454040 588
1454050 588
1454060 588
1454070 587
1454080 586
1454090 586
1454100 584
1454110 584
1454120 584
1454130 585
1454140 586
1454150 586
1454160 586
1454170 586
1454180 586
1454190 587
1454200 587
1454210 587
1454220 587
1454230 587
1454240 587
1454250 588
1454260 588
1454270 588
1454280 588
1454290 589
1454300 589
1454310 589
1454320 589
1454330 589
1454340 589
1454350 589
1454360 589
1454370 588
1454380 588
1454390 588
1454400 588
1454410 587
1454420 587
1454430 586
1454440 585
1454450 585
1454460 584
1454470 582
1454480 581
1454490 581
1454500 579
1454510 577
1454520 577
1454530 574
1454540 572
1454550 572
1454560 570
1454570 568
1454580 568
1454590 566
1454600 564
1454610 564
1454620 562
1454630 561
1454640 561
1454650 560
1454660 558
1454670 558
1454680 557
1454690 556
1454700 556
1454710 555
1454720 553
1454730 553
1454740 552
1454750 551
1454760 551
1454770 550
1454780 549
1454790 549
1454800 548
1454810 547
1454820 547
1454830 546
1454840 542
1454850 542
1454860 537
1454870 530
1454880 530
1454890 523
1454900 518
1454910 518
1454920 516
1454930 515
1454940 515
1454950 513
1454960 512
1454970 512
1454980 511
1454990 510
1455000 510
1455010 506
1455020 505
1455030 505
1455040 504
1455050 503
1455060 503
1455070 503
1455080 503
1455090 503
1455100 503
1455110 503
1455120 503
1455130 503
1455140 503
1455150 503
1455160 503
1455170 503
1455180 503
1455190 503
1455200 503
1455210 503
1455220 503
1455230 503
1455240 503
1455250 503
1455260 503
1455270 503
1455280 503
1455290 503
1455300 503
1455310 503
1455320 503
1455330 503
1455340 503
1455350 503
1455360 503
1455370 503
1455380 503
1455390 503
1455400 503
1455410 503
1455420 503
1455430 503
1455440 503
1455450 502
1455460 502
1455470 503
1455480 503
1455490 503
1455500 503
1455510 503
1455520 503
1455530 503
1455540 503
1455550 503
1455560 503
1455570 503
1455580 503
1455590 503
1455600 503
1455610 503
1455620 503
1455630 503
1455640 503
1455650 503
1455660 503
1455670 503
1455680 503
1455690 503
1455700 503
1455710 503
1455720 503
1455730 503
1455740 503
1455750 503
1455760 503
1455770 503
1455780 503
1455790 503
1455800 503
1455810 503
1455820 503
1455830 503
1455840 503
1455850 503
1455860 503
1455870 503
1455880 503
1455890 503
1455900 503
1455910 503
1455920 503
1455930 503
1455940 503
1455950 503
1455960 503
1455970 503
1455980 503
1455990 503
1456000 503
1456010 503
1456020 503
1456030 503
1456040 503
1456050 503
1456060 503
1456070 503
1456080 503
1456090 503
1456100 503
1456110 503
1456120 503
1456130 503
1456140 503
1456150 503
1456160 503
1456170 503
1456180 503
1456190 503
1456200 503
1456210 503
1456220 503
1456230 503
1456240 503
1456250 503
1456260 503
1456270 503
1456280 503
1456290 503
1456300 503
1456310 503
1456320 503
1456330 503
1456340 503
1456350 503
1456360 503
1456370 503
1456380 503
1456390 503
1456400 503
1456410 503
1456420 503
1456430 503
1456440 503
1456450 503
1456460 503
1456470 503
1456480 503
1456490 503
1456500 503
1456510 503
1456520 503
1456530 503
1456540 503
1456550 503
1456560 503
1456570 503
1456580 503
1456590 503
1456600 503
1456610 503
1456620 503
1456630 503
1456640 503
1456650 503
1456660 503
1456670 503
1456680 503
1456690 503
1456700 503
1456710 503
1456720 503
1456730 503
1456740 503
1456750 503
1456760 503
1456770 503
1456780 503
1456790 503
1456800 503
1456810 503
1456820 503
1456830 503
1456840 504
1456850 504
1456860 505
1456870 506
1456880 507
1456890 507
1456900 508
1456910 509
1456920 509
1456930 510
1456940 511
1456950 511
1456960 512
1456970 513
1456980 513
1456990 513
1457000 514
1457010 514
1457020 514
1457030 514
1457040 514
1457050 514
1457060 515
1457070 515
1457080 515
1457090 516
1457100 516
1457110 517
1457120 518
1457130 518
1457140 519
1457150 521
1457160 521
1457170 524
1457180 527
1457190 527
1457200 529
1457210 533
1457220 533
1457230 536
1457240 539
1457250 539
1457260 542
1457270 545
1457280 545
1457290 547
1457300 549
1457310 549
1457320 551
1457330 553
1457340 553
1457350 555
1457360 556
1457370 556
1457380 558
1457390 559
1457400 559
1457410 561
1457420 562
1457430 562
1457440 563
1457450 564
1457460 564
1457470 565
1457480 566
1457490 566
1457500 567
1457510 568
1457520 568
1457530 569
1457540 570
1457550 570
1457560 571
1457570 572
1457580 572
1457590 573
1457600 574
1457610 574
1457620 575
1457630 577
1457640 577
1457650 577
1457660 577
1457670 577
1457680 578
1457690 578
1457700 578
1457710 578
1457720 578
1457730 578
1457740 578
1457750 578
1457760 578
1457770 578
1457780 579
1457790 579
1457800 579
1457810 580
1457820 581
1457830 581
1457840 582
1457850 584
1457860 584
1457870 585
1457880 587
1457890 587
1457900 588
1457910 590
1457920 590
1457930 592
1457940 594
1457950 594
1457960 596
1457970 597
1457980 597
1457990 599
1458000 600
1458010 600
1458020 602
1458030 603
1458040 603
1458050 604
1458060 605
1458070 605
1458080 606
1458090 608
1458100 608
1458110 609
1458120 610
1458130 610
1458140 612
1458150 613
1458160 613
1458170 614
1458180 615
1458190 615
1458200 616
1458210 617
1458220 617
1458230 618
1458240 619
1458250 619
1458260 620
1458270 621
1458280 621
1458290 622
1458300 622
1458310 622
1458320 623
1458330 623
1458340 623
1458350 624
1458360 624
1458370 624
1458380 624
1458390 624
1458400 624
1458410 623
1458420 623
1458430 623
1458440 623
1458450 624
1458460 624
1458470 626
1458480 627
1458490 628
1458500 628
1458510 630
1458520 631
1458530 631
1458540 632
1458550 633
1458560 633
1458570 635
1458580 637
1458590 637
1458600 639
1458610 642
1458620 642
1458630 644
1458640 646
1458650 646
1458660 648
1458670 651
1458680 651
1458690 655
1458700 659
1458710 659
1458720 662
1458730 666
1458740 666
1458750 670
1458760 674
1458770 674
1458780 678
1458790 680
1458800 680
1458810 682
1458820 683
1458830 683
1458840 685
1458850 686
1458860 686
1458870 688
1458880 690
1458890 690
1458900 692
1458910 693
1458920 693
1458930 696
1458940 700
1458950 700
1458960 705
1458970 709
1458980 709
1458990 714
1459000 718
1459010 718
1459020 721
1459030 726
1459040 726
1459050 726
1459060 727
1459070 727
1459080 726
1459090 726
1459100 726
1459110 725
1459120 725
1459130 725
1459140 724
1459150 723
1459160 723
1459170 722
1459180 721
1459190 721
1459200 720
1459210 719
1459220 719
1459230 718
1459240 717
1459250 717
1459260 716
1459270 716
1459280 716
1459290 716
1459300 716
1459310 716
1459320 716
1459330 716
1459340 717
1459350 717
1459360 717
1459370 717
1459380 717
1459390 717
1459400 717
1459410 717
1459420 717
1459430 717
1459440 717
1459450 717
1459460 716
1459470 716
1459480 716
1459490 716
1459500 716
1459510 716
1459520 715
1459530 715
1459540 715
1459550 715
1459560 715
1459570 715
1459580 714
1459590 714
1459600 714
1459610 713
1459620 713
1459630 713
1459640 712
1459650 712
1459660 711
1459670 709
1459680 709
1459690 707
1459700 705
1459710 705
1459720 703
1459730 702
1459740 702
1459750 700
1459760 699
1459770 699
1459780 697
1459790 695
1459800 695
1459810 693
1459820 691
1459830 691
1459840 689
1459850 688
1459860 688
1459870 686
1459880 685
1459890 685
1459900 683
1459910 682
1459920 682
1459930 681
1459940 680
1459950 680
1459960 679
1459970 678
1459980 678
1459990 678
