1440000 427
1440010 427
1440020 427
1440030 427
1440040 427
1440050 427
1440060 427
1440070 428
1440080 428
1440090 428
1440100 428
1440110 428
1440120 428
1440130 428
1440140 428
1440150 428
1440160 428
1440170 428
1440180 428
1440190 428
1440200 428
1440210 428
1440220 428
1440230 427
1440240 427
1440250 426
1440260 426
1440270 426
1440280 425
1440290 425
1440300 425
1440310 424
1440320 424
1440330 424
1440340 424
1440350 424
1440360 424
1440370 424
1440380 424
1440390 424
1440400 424
1440410 424
1440420 424
1440430 424
1440440 423
1440450 423
1440460 423
1440470 423
1440480 423
1440490 423
1440500 423
1440510 423
1440520 422
1440530 422
1440540 422
1440550 422
1440560 422
1440570 422
1440580 422
1440590 422
1440600 422
1440610 422
1440620 422
1440630 422
1440640 422
1440650 421
1440660 420
1440670 420
1440680 420
1440690 419
1440700 419
1440710 419
1440720 419
1440730 419
1440740 419
1440750 419
1440760 419
1440770 419
1440780 420
1440790 420
1440800 420
1440810 420
1440820 420
1440830 421
1440840 421
1440850 421
1440860 421
1440870 421
1440880 421
1440890 422
1440900 422
1440910 422
1440920 422
1440930 422
1440940 422
1440950 423
1440960 424
1440970 424
1440980 424
1440990 425
1441000 425
1441010 425
1441020 426
1441030 426
1441040 426
1441050 427
1441060 427
1441070 427
1441080 427
1441090 427
1441100 428
1441110 428
1441120 428
1441130 428
1441140 427
1441150 427
1441160 427
1441170 427
1441180 427
1441190 427
1441200 425
1441210 425
1441220 424
1441230 425
1441240 425
1441250 425
1441260 425
1441270 425
1441280 425
1441290 425
1441300 425
1441310 425
1441320 425
1441330 425
1441340 425
1441350 425
1441360 425
1441370 425
1441380 425
1441390 424
1441400 424
1441410 424
1441420 423
1441430 423
1441440 423
1441450 423
1441460 423
1441470 423
1441480 421
1441490 421
1441500 420
1441510 422
1441520 422
1441530 423
1441540 423
1441550 423
1441560 423
1441570 423
1441580 423
1441590 423
1441600 423
1441610 423
1441620 423
1441630 423
1441640 423
1441650 424
1441660 424
1441670 424
1441680 424
1441690 424
1441700 424
1441710 424
1441720 424
1441730 424
1441740 424
1441750 424
1441760 424
1441770 423
1441780 422
1441790 422
1441800 422
1441810 421
1441820 421
1441830 419
1441840 418
1441850 418
1441860 422
1441870 424
1441880 424
1441890 426
1441900 427
1441910 427
1441920 428
1441930 429
1441940 429
1441950 429
1441960 430
1441970 430
1441980 431
1441990 431
1442000 431
1442010 432
1442020 433
1442030 433
1442040 433
1442050 434
1442060 434
1442070 435
1442080 435
1442090 435
1442100 436
1442110 437
1442120 437
1442130 438
1442140 439
1442150 439
1442160 439
1442170 440
1442180 440
1442190 440
1442200 441
1442210 442
1442220 442
1442230 443
1442240 443
1442250 443
1442260 444
1442270 445
1442280 445
1442290 445
1442300 446
1442310 446
1442320 446
1442330 447
1442340 447
1442350 447
1442360 448
1442370 448
1442380 448
1442390 449
1442400 449
1442410 449
1442420 450
1442430 450
1442440 450
1442450 451
1442460 451
1442470 451
1442480 452
1442490 452
1442500 452
1442510 453
1442520 453
1442530 454
1442540 454
1442550 454
1442560 455
1442570 455
1442580 455
1442590 456
1442600 456
1442610 456
1442620 457
1442630 457
1442640 457
1442650 458
1442660 458
1442670 458
1442680 458
1442690 459
1442700 459
1442710 459
1442720 459
1442730 459
1442740 460
1442750 460
1442760 460
1442770 461
1442780 461
1442790 461
1442800 462
1442810 462
1442820 462
1442830 463
1442840 464
1442850 464
1442860 465
1442870 466
1442880 466
1442890 466
1442900 468
1442910 468
1442920 468
1442930 469
1442940 469
1442950 470
1442960 471
1442970 471
1442980 472
1442990 473
1443000 473
1443010 473
1443020 474
1443030 474
1443040 474
1443050 475
1443060 475
1443070 475
1443080 476
1443090 476
1443100 476
1443110 476
1443120 476
1443130 476
1443140 476
1443150 476
1443160 476
1443170 476
1443180 476
1443190 476
1443200 476
1443210 476
1443220 476
1443230 476
1443240 475
1443250 475
1443260 474
1443270 473
1443280 473
1443290 471
1443300 469
1443310 469
1443320 468
1443330 467
1443340 467
1443350 465
1443360 464
1443370 464
1443380 463
1443390 462
1443400 462
1443410 461
1443420 460
1443430 460
1443440 459
1443450 459
1443460 459
1443470 458
1443480 457
1443490 457
1443500 456
1443510 455
1443520 455
1443530 455
1443540 454
1443550 454
1443560 453
1443570 452
1443580 452
1443590 451
1443600 450
1443610 450
1443620 448
1443630 447
1443640 447
1443650 445
1443660 443
1443670 443
1443680 442
1443690 442
1443700 442
1443710 442
1443720 442
1443730 442
1443740 447
1443750 454
1443760 454
1443770 459
1443780 461
1443790 463
1443800 463
1443810 464
1443820 465
1443830 465
1443840 466
1443850 466
1443860 466
1443870 467
1443880 468
1443890 468
1443900 469
1443910 469
1443920 469
1443930 470
1443940 471
1443950 471
1443960 471
1443970 472
1443980 472
1443990 473
1444000 473
1444010 473
1444020 474
1444030 474
1444040 474
1444050 475
1444060 476
1444070 476
1444080 476
1444090 477
1444100 477
1444110 478
1444120 478
1444130 478
1444140 479
1444150 479
1444160 479
1444170 479
1444180 480
1444190 480
1444200 480
1444210 479
1444220 479
1444230 479
1444240 478
1444250 478
1444260 477
1444270 475
1444280 475
1444290 474
1444300 473
1444310 473
1444320 471
1444330 471
1444340 471
1444350 471
1444360 471
1444370 471
1444380 471
1444390 472
1444400 472
1444410 473
1444420 473
1444430 473
1444440 473
1444450 474
1444460 474
1444470 474
1444480 474
1444490 474
1444500 474
1444510 474
1444520 474
1444530 474
1444540 475
1444550 475
1444560 476
1444570 477
1444580 477
1444590 478
1444600 480
1444610 481
1444620 481
1444630 482
1444640 483
1444650 483
1444660 484
1444670 485
1444680 485
1444690 487
1444700 488
1444710 488
1444720 488
1444730 488
1444740 488
1444750 487
1444760 486
1444770 486
1444780 485
1444790 484
1444800 484
1444810 483
1444820 482
1444830 482
1444840 482
1444850 481
1444860 481
1444870 479
1444880 477
1444890 477
1444900 476
1444910 474
1444920 474
1444930 473
1444940 472
1444950 472
1444960 471
1444970 469
1444980 469
1444990 465
1445000 461
1445010 461
1445020 458
1445030 457
1445040 457
1445050 456
1445060 455
1445070 455
1445080 455
1445090 456
1445100 456
1445110 458
1445120 460
1445130 460
1445140 461
1445150 461
1445160 461
1445170 459
1445180 455
1445190 455
1445200 451
1445210 446
1445220 446
1445230 442
1445240 439
1445250 439
1445260 435
1445270 431
1445280 431
1445290 428
1445300 426
1445310 426
1445320 425
1445330 424
1445340 424
1445350 424
1445360 423
1445370 423
1445380 422
1445390 422
1445400 422
1445410 421
1445420 421
1445430 420
1445440 420
1445450 420
1445460 419
1445470 419
1445480 419
1445490 418
1445500 418
1445510 417
1445520 417
1445530 417
1445540 417
1445550 416
1445560 416
1445570 416
1445580 416
1445590 416
1445600 416
1445610 415
1445620 415
1445630 415
1445640 415
1445650 415
1445660 415
1445670 415
1445680 415
1445690 415
1445700 415
1445710 415
1445720 415
1445730 414
1445740 414
1445750 414
1445760 413
1445770 413
1445780 413
1445790 413
1445800 413
1445810 413
1445820 413
1445830 413
1445840 413
1445850 413
1445860 413
1445870 413
1445880 413
1445890 413
1445900 412
1445910 412
1445920 412
1445930 412
1445940 412
1445950 412
1445960 412
1445970 411
1445980 411
1445990 411
1446000 411
1446010 411
1446020 411
1446030 411
1446040 411
1446050 411
1446060 411
1446070 411
1446080 411
1446090 410
1446100 410
1446110 411
1446120 411
1446130 411
1446140 412
1446150 412
1446160 412
1446170 412
1446180 412
1446190 412
1446200 412
1446210 412
1446220 411
1446230 411
1446240 411
1446250 410
1446260 410
1446270 409
1446280 409
1446290 409
1446300 409
1446310 408
1446320 408
1446330 408
1446340 409
1446350 409
1446360 409
1446370 410
1446380 410
1446390 410
1446400 411
1446410 411
1446420 412
1446430 412
1446440 412
1446450 413
1446460 413
1446470 413
1446480 413
1446490 414
1446500 414
1446510 414
1446520 414
1446530 414
1446540 414
1446550 414
1446560 414
1446570 414
1446580 414
1446590 414
1446600 414
1446610 414
1446620 414
1446630 414
1446640 413
1446650 413
1446660 413
1446670 413
1446680 413
1446690 414
1446700 415
1446710 415
1446720 415
1446730 415
1446740 415
1446750 415
1446760 415
1446770 415
1446780 415
1446790 415
1446800 415
1446810 415
1446820 415
1446830 415
1446840 415
1446850 415
1446860 415
1446870 415
1446880 415
1446890 415
1446900 415
1446910 415
1446920 415
1446930 415
1446940 415
1446950 415
1446960 415
1446970 415
1446980 415
1446990 415
1447000 416
1447010 416
1447020 416
1447030 416
1447040 416
1447050 416
1447060 416
1447070 416
1447080 416
1447090 417
1447100 417
1447110 417
1447120 417
1447130 418
1447140 418
1447150 418
1447160 418
1447170 418
1447180 418
1447190 418
1447200 418
1447210 419
1447220 419
1447230 419
1447240 419
1447250 419
1447260 419
1447270 420
1447280 420
1447290 420
1447300 420
1447310 421
1447320 421
1447330 421
1447340 422
1447350 422
1447360 423
1447370 424
1447380 424
1447390 424
1447400 424
1447410 424
1447420 425
1447430 424
1447440 424
1447450 425
1447460 425
1447470 425
1447480 425
1447490 425
1447500 425
1447510 425
1447520 426
1447530 426
1447540 426
1447550 427
1447560 427
1447570 427
1447580 428
1447590 428
1447600 428
1447610 429
1447620 429
1447630 429
1447640 430
1447650 430
1447660 430
1447670 430
1447680 430
1447690 431
1447700 431
1447710 431
1447720 431
1447730 433
1447740 433
1447750 432
1447760 433
1447770 433
1447780 434
1447790 434
1447800 434
1447810 435
1447820 436
1447830 436
1447840 436
1447850 437
1447860 438
1447870 438
1447880 438
1447890 439
1447900 439
1447910 440
1447920 441
1447930 441
1447940 442
1447950 442
1447960 442
1447970 443
1447980 444
1447990 444
1448000 445
1448010 446
1448020 446
1448030 447
1448040 448
1448050 448
1448060 449
1448070 450
1448080 450
1448090 451
1448100 452
1448110 452
1448120 453
1448130 454
1448140 454
1448150 455
1448160 456
1448170 456
1448180 457
1448190 458
1448200 458
1448210 459
1448220 461
1448230 461
1448240 462
1448250 463
1448260 463
1448270 464
1448280 465
1448290 465
1448300 466
1448310 468
1448320 468
1448330 469
1448340 470
1448350 470
1448360 472
1448370 473
1448380 473
1448390 474
1448400 476
1448410 476
1448420 477
1448430 478
1448440 478
1448450 480
1448460 481
1448470 481
1448480 483
1448490 484
1448500 484
1448510 486
1448520 488
1448530 488
1448540 489
1448550 491
1448560 491
1448570 492
1448580 493
1448590 493
1448600 495
1448610 496
1448620 496
1448630 498
1448640 499
1448650 499
1448660 501
1448670 502
1448680 503
1448690 503
1448700 505
1448710 506
1448720 506
1448730 508
1448740 509
1448750 509
1448760 510
1448770 511
1448780 511
1448790 513
1448800 514
1448810 514
1448820 515
1448830 517
1448840 517
1448850 519
1448860 520
1448870 520
1448880 522
1448890 524
1448900 524
1448910 526
1448920 528
1448930 528
1448940 529
1448950 531
1448960 531
1448970 533
1448980 534
1448990 534
1449000 535
1449010 537
1449020 537
1449030 538
1449040 540
1449050 540
1449060 542
1449070 545
1449080 545
1449090 547
1449100 548
1449110 548
1449120 550
1449130 552
1449140 552
1449150 554
1449160 556
1449170 556
1449180 559
1449190 562
1449200 562
1449210 565
1449220 567
1449230 567
1449240 569
1449250 571
1449260 571
1449270 573
1449280 576
1449290 576
1449300 579
1449310 583
1449320 583
1449330 587
1449340 590
1449350 590
1449360 593
1449370 595
1449380 595
1449390 597
1449400 598
1449410 598
1449420 599
1449430 600
1449440 600
1449450 602
1449460 605
1449470 607
1449480 607
1449490 610
1449500 612
1449510 612
1449520 612
1449530 609
1449540 609
1449550 611
1449560 613
1449570 613
1449580 616
1449590 617
1449600 617
1449610 620
1449620 623
1449630 623
1449640 626
1449650 629
1449660 629
1449670 632
1449680 636
1449690 636
1449700 639
1449710 642
1449720 642
1449730 646
1449740 649
1449750 649
1449760 651
1449770 652
1449780 652
1449790 655
1449800 658
1449810 658
1449820 662
1449830 666
1449840 666
1449850 670
1449860 674
1449870 674
1449880 678
1449890 681
1449900 681
1449910 684
1449920 685
1449930 685
1449940 686
1449950 687
1449960 687
1449970 688
1449980 688
1449990 688
1450000 688
1450010 687
1450020 687
1450030 686
1450040 686
1450050 686
1450060 685
1450070 684
1450080 684
1450090 683
1450100 683
1450110 683
1450120 682
1450130 682
1450140 682
1450150 681
1450160 681
1450170 681
1450180 680
1450190 680
1450200 680
1450210 680
1450220 680
1450230 680
1450240 680
1450250 679
1450260 679
1450270 679
1450280 678
1450290 677
1450300 677
1450310 674
1450320 671
1450330 671
1450340 669
1450350 667
1450360 667
1450370 665
1450380 664
1450390 664
1450400 663
1450410 661
1450420 661
1450430 659
1450440 658
1450450 658
1450460 656
1450470 655
1450480 655
1450490 654
1450500 654
1450510 654
1450520 653
1450530 652
1450540 652
1450550 651
1450560 650
1450570 650
1450580 650
1450590 649
1450600 649
1450610 648
1450620 647
1450630 647
1450640 647
1450650 646
1450660 646
1450670 645
1450680 644
1450690 644
1450700 643
1450710 643
1450720 643
1450730 642
1450740 641
1450750 641
1450760 640
1450770 640
1450780 640
1450790 639
1450800 639
1450810 639
1450820 638
1450830 638
1450840 638
1450850 638
1450860 638
1450870 638
1450880 637
1450890 637
1450900 637
1450910 636
1450920 636
1450930 636
1450940 636
1450950 636
1450960 636
1450970 636
1450980 636
1450990 636
1451000 636
1451010 636
1451020 636
1451030 636
1451040 636
1451050 636
1451060 636
1451070 635
1451080 635
1451090 635
1451100 635
1451110 635
1451120 635
1451130 635
1451140 635
1451150 635
1451160 634
1451170 634
1451180 634
1451190 634
1451200 634
1451210 634
1451220 634
1451230 634
1451240 634
1451250 634
1451260 634
1451270 634
1451280 634
1451290 634
1451300 634
1451310 634
1451320 634
1451330 634
1451340 634
1451350 634
1451360 634
1451370 634
1451380 634
1451390 634
1451400 634
1451410 634
1451420 634
1451430 634
1451440 635
1451450 635
1451460 635
1451470 635
1451480 635
1451490 635
1451500 635
1451510 635
1451520 636
1451530 636
1451540 636
1451550 636
1451560 636
1451570 636
1451580 636
1451590 636
1451600 636
1451610 635
1451620 635
1451630 635
1451640 634
1451650 634
1451660 634
1451670 633
1451680 632
1451690 632
1451700 632
1451710 631
1451720 631
1451730 631
1451740 630
1451750 630
1451760 630
1451770 630
1451780 630
1451790 630
1451800 630
1451810 630
1451820 630
1451830 630
1451840 630
1451850 630
1451860 630
1451870 630
1451880 630
1451890 630
1451900 629
1451910 629
1451920 629
1451930 629
1451940 629
1451950 628
1451960 628
1451970 628
1451980 627
1451990 627
1452000 627
1452010 626
1452020 626
1452030 626
1452040 626
1452050 626
1452060 626
1452070 626
1452080 625
1452090 625
1452100 625
1452110 625
1452120 625
1452130 624
1452140 623
1452150 623
1452160 623
1452170 622
1452180 622
1452190 622
1452200 622
1452210 622
1452220 622
1452230 621
1452240 621
1452250 621
1452260 621
1452270 621
1452280 622
1452290 622
1452300 622
1452310 622
1452320 622
1452330 622
1452340 622
1452350 622
1452360 622
1452370 622
1452380 622
1452390 622
1452400 622
1452410 622
1452420 622
1452430 622
1452440 622
1452450 622
1452460 622
1452470 622
1452480 622
1452490 622
1452500 622
1452510 622
1452520 621
1452530 621
1452540 621
1452550 621
1452560 620
1452570 620
1452580 620
1452590 619
1452600 619
1452610 618
1452620 618
1452630 618
1452640 617
1452650 615
1452660 615
1452670 614
1452680 614
1452690 614
1452700 614
1452710 614
1452720 613
1452730 613
1452740 612
1452750 613
1452760 613
1452770 613
1452780 613
1452790 613
1452800 613
1452810 613
1452820 613
1452830 613
1452840 612
1452850 612
1452860 612
1452870 612
1452880 612
1452890 611
1452900 611
1452910 611
1452920 612
1452930 612
1452940 612
1452950 611
1452960 611
1452970 611
1452980 612
1452990 613
1453000 613
1453010 613
1453020 613
1453030 613
1453040 613
1453050 613
1453060 613
1453070 614
1453080 614
1453090 614
1453100 614
1453110 614
1453120 614
1453130 615
1453140 614
1453150 614
1453160 614
1453170 614
1453180 614
1453190 614
1453200 615
1453210 615
1453220 614
1453230 614
1453240 614
1453250 614
1453260 614
1453270 614
1453280 614
1453290 614
1453300 614
1453310 614
1453320 614
1453330 614
1453340 613
1453350 613
1453360 613
1453370 613
1453380 612
1453390 612
1453400 612
1453410 612
1453420 612
1453430 612
1453440 612
1453450 612
1453460 612
1453470 611
1453480 611
1453490 611
1453500 611
1453510 611
1453520 610
1453530 610
1453540 609
1453550 609
1453560 608
1453570 607
1453580 607
1453590 604
1453600 600
1453610 600
1453620 595
1453630 592
1453640 592
1453650 589
1453660 587
1453670 587
1453680 584
1453690 578
1453700 578
1453710 571
1453720 568
1453730 568
1453740 566
1453750 565
1453760 565
1453770 564
1453780 564
1453790 564
1453800 563
1453810 567
1453820 567
1453830 574
1453840 582
1453850 582
1453860 586
1453870 590
1453880 590
1453890 593
1453900 595
1453910 595
1453920 597
1453930 600
1453940 600
1453950 601
1453960 601
1453970 601
1453980 599
1453990 596
1454000 596
1454010 594
1454020 592
1454030 592
1454040 591
1454050 589
1454060 589
1454070 588
1454080 587
1454090 587
1454100 586
1454110 585
1454120 585
1454130 583
1454140 581
1454150 581
1454160 580
1454170 579
1454180 579
1454190 581
1454200 582
1454210 582
1454220 582
1454230 583
1454240 583
1454250 583
1454260 583
1454270 583
1454280 584
1454290 584
1454300 584
1454310 584
1454320 584
1454330 584
1454340 584
1454350 585
1454360 585
1454370 585
1454380 586
1454390 585
1454400 585
1454410 585
1454420 586
1454430 586
1454440 586
1454450 585
1454460 585
1454470 585
1454480 585
1454490 585
1454500 584
1454510 584
1454520 584
1454530 583
1454540 582
1454550 582
1454560 581
1454570 579
1454580 579
1454590 578
1454600 576
1454610 576
1454620 574
1454630 573
1454640 573
1454650 571
1454660 568
1454670 568
1454680 565
1454690 563
1454700 563
1454710 561
1454720 559
1454730 559
1454740 557
1454750 555
1454760 555
1454770 553
1454780 552
1454790 552
1454800 551
1454810 550
1454820 550
1454830 548
1454840 545
1454850 545
1454860 542
1454870 538
1454880 538
1454890 534
1454900 531
1454910 531
1454920 529
1454930 526
1454940 526
1454950 524
1454960 521
1454970 521
1454980 519
1454990 516
1455000 516
1455010 513
1455020 511
1455030 511
1455040 508
1455050 507
1455060 507
1455070 506
1455080 504
1455090 504
1455100 503
1455110 502
1455120 502
1455130 502
1455140 502
1455150 503
1455160 503
1455170 503
1455180 503
1455190 503
1455200 503
1455210 503
1455220 503
1455230 503
1455240 503
1455250 503
1455260 503
1455270 503
1455280 503
1455290 503
1455300 503
1455310 503
1455320 503
1455330 503
1455340 503
1455350 503
1455360 503
1455370 503
1455380 503
1455390 503
1455400 503
1455410 503
1455420 503
1455430 503
1455440 503
1455450 503
1455460 503
1455470 503
1455480 503
1455490 503
1455500 503
1455510 503
1455520 503
1455530 502
1455540 502
1455550 502
1455560 502
1455570 503
1455580 503
1455590 503
1455600 503
1455610 503
1455620 503
1455630 503
1455640 503
1455650 503
1455660 503
1455670 503
1455680 503
1455690 503
1455700 503
1455710 503
1455720 503
1455730 503
1455740 503
1455750 503
1455760 503
1455770 503
1455780 503
1455790 503
1455800 503
1455810 503
1455820 503
1455830 503
1455840 503
1455850 503
1455860 503
1455870 503
1455880 503
1455890 503
1455900 503
1455910 503
1455920 503
1455930 503
1455940 503
1455950 503
1455960 503
1455970 503
1455980 503
1455990 503
1456000 503
1456010 503
1456020 503
1456030 503
1456040 503
1456050 503
1456060 503
1456070 503
1456080 503
1456090 503
1456100 503
1456110 503
1456120 503
1456130 503
1456140 503
1456150 503
1456160 503
1456170 503
1456180 503
1456190 503
1456200 503
1456210 503
1456220 503
1456230 503
1456240 503
1456250 503
1456260 503
1456270 503
1456280 503
1456290 503
1456300 503
1456310 503
1456320 503
1456330 503
1456340 503
1456350 503
1456360 503
1456370 503
1456380 503
1456390 503
1456400 503
1456410 503
1456420 503
1456430 503
1456440 503
1456450 503
1456460 503
1456470 503
1456480 503
1456490 503
1456500 503
1456510 503
1456520 503
1456530 503
1456540 503
1456550 503
1456560 503
1456570 503
1456580 503
1456590 503
1456600 503
1456610 503
1456620 503
1456630 503
1456640 503
1456650 503
1456660 503
1456670 503
1456680 503
1456690 502
1456700 502
1456710 502
1456720 502
1456730 502
1456740 502
1456750 502
1456760 502
1456770 502
1456780 502
1456790 502
1456800 502
1456810 502
1456820 502
1456830 502
1456840 502
1456850 502
1456860 502
1456870 502
1456880 502
1456890 502
1456900 502
1456910 502
1456920 502
1456930 503
1456940 503
1456950 503
1456960 503
1456970 503
1456980 503
1456990 503
1457000 504
1457010 504
1457020 504
1457030 505
1457040 505
1457050 506
1457060 506
1457070 506
1457080 507
1457090 507
1457100 507
1457110 508
1457120 508
1457130 508
1457140 509
1457150 510
1457160 510
1457170 510
1457180 511
1457190 511
1457200 512
1457210 514
1457220 514
1457230 516
1457240 518
1457250 518
1457260 520
1457270 523
1457280 523
1457290 526
1457300 529
1457310 529
1457320 531
1457330 534
1457340 534
1457350 536
1457360 539
1457370 539
1457380 542
1457390 544
1457400 544
1457410 546
1457420 548
1457430 548
1457440 550
1457450 552
1457460 552
1457470 554
1457480 556
1457490 556
1457500 558
1457510 560
1457520 560
1457530 561
1457540 563
1457550 563
1457560 565
1457570 566
1457580 567
1457590 567
1457600 568
1457610 569
1457620 569
1457630 569
1457640 570
1457650 570
1457660 572
1457670 573
1457680 573
1457690 574
1457700 575
1457710 575
1457720 576
1457730 578
1457740 578
1457750 578
1457760 579
1457770 579
1457780 579
1457790 580
1457800 580
1457810 581
1457820 582
1457830 582
1457840 583
1457850 584
1457860 584
1457870 585
1457880 587
1457890 587
1457900 588
1457910 590
1457920 590
1457930 592
1457940 594
1457950 594
1457960 597
1457970 600
1457980 600
1457990 603
1458000 605
1458010 605
1458020 608
1458030 610
1458040 610
1458050 612
1458060 614
1458070 614
1458080 615
1458090 617
1458100 617
1458110 618
1458120 619
1458130 619
1458140 621
1458150 622
1458160 622
1458170 623
1458180 624
1458190 624
1458200 625
1458210 626
1458220 626
1458230 627
1458240 628
1458250 628
1458260 629
1458270 630
1458280 630
1458290 630
1458300 631
1458310 631
1458320 632
1458330 632
1458340 632
1458350 633
1458360 633
1458370 633
1458380 634
1458390 634
1458400 634
1458410 634
1458420 635
1458430 635
1458440 635
1458450 635
1458460 635
1458470 635
1458480 635
1458490 636
1458500 636
1458510 638
1458520 639
1458530 639
1458540 641
1458550 642
1458560 642
1458570 644
1458580 646
1458590 646
1458600 648
1458610 649
1458620 649
1458630 651
1458640 653
1458650 653
1458660 655
1458670 657
1458680 657
1458690 659
1458700 661
1458710 661
1458720 663
1458730 664
1458740 664
1458750 666
1458760 668
1458770 668
1458780 670
1458790 672
1458800 672
1458810 675
1458820 677
1458830 677
1458840 680
1458850 683
1458860 683
1458870 685
1458880 689
1458890 689
1458900 693
1458910 698
1458920 698
1458930 703
1458940 709
1458950 709
1458960 714
1458970 721
1458980 721
1458990 726
1459000 731
1459010 731
1459020 734
1459030 738
1459040 738
1459050 743
1459060 748
1459070 748
1459080 753
1459090 758
1459100 758
1459110 763
1459120 766
1459130 766
1459140 768
1459150 769
1459160 769
1459170 770
1459180 769
1459190 769
1459200 769
1459210 768
1459220 767
1459230 767
1459240 766
1459250 764
1459260 764
1459270 762
1459280 761
1459290 761
1459300 760
1459310 759
1459320 759
1459330 758
1459340 757
1459350 757
1459360 755
1459370 753
1459380 753
1459390 751
1459400 749
1459410 749
1459420 747
1459430 745
1459440 745
1459450 744
1459460 743
1459470 743
1459480 743
1459490 742
1459500 742
1459510 742
1459520 742
1459530 742
1459540 742
1459550 741
1459560 741
1459570 740
1459580 739
1459590 739
1459600 739
1459610 739
1459620 739
1459630 739
1459640 738
1459650 738
1459660 736
1459670 734
1459680 734
1459690 733
1459700 732
1459710 732
1459720 730
1459730 729
1459740 729
1459750 728
1459760 728
1459770 728
1459780 727
1459790 726
1459800 726
1459810 725
1459820 723
1459830 723
1459840 722
1459850 720
1459860 720
1459870 718
1459880 715
1459890 715
1459900 712
1459910 709
1459920 709
1459930 706
1459940 702
1459950 702
1459960 699
1459970 697
1459980 697
1459990 695
