1440000 437
1440010 437
1440020 437
1440030 437
1440040 437
1440050 437
1440060 437
1440070 437
1440080 437
1440090 437
1440100 437
1440110 437
1440120 436
1440130 436
1440140 436
1440150 436
1440160 436
1440170 436
1440180 436
1440190 436
1440200 436
1440210 436
1440220 436
1440230 436
1440240 436
1440250 436
1440260 436
1440270 436
1440280 436
1440290 436
1440300 436
1440310 436
1440320 436
1440330 436
1440340 436
1440350 436
1440360 437
1440370 437
1440380 437
1440390 437
1440400 436
1440410 436
1440420 436
1440430 435
1440440 435
1440450 435
1440460 436
1440470 436
1440480 436
1440490 436
1440500 436
1440510 436
1440520 436
1440530 436
1440540 436
1440550 437
1440560 437
1440570 437
1440580 436
1440590 436
1440600 436
1440610 436
1440620 436
1440630 436
1440640 436
1440650 436
1440660 436
1440670 437
1440680 436
1440690 436
1440700 436
1440710 436
1440720 436
1440730 437
1440740 437
1440750 437
1440760 437
1440770 437
1440780 437
1440790 437
1440800 436
1440810 436
1440820 437
1440830 437
1440840 437
1440850 438
1440860 438
1440870 438
1440880 438
1440890 438
1440900 438
1440910 438
1440920 438
1440930 438
1440940 438
1440950 438
1440960 438
1440970 437
1440980 437
1440990 437
1441000 437
1441010 438
1441020 438
1441030 438
1441040 439
1441050 439
1441060 439
1441070 439
1441080 439
1441090 439
1441100 439
1441110 439
1441120 440
1441130 440
1441140 440
1441150 441
1441160 441
1441170 441
1441180 442
1441190 443
1441200 443
1441210 443
1441220 444
1441230 444
1441240 444
1441250 445
1441260 445
1441270 445
1441280 446
1441290 446
1441300 446
1441310 447
1441320 447
1441330 447
1441340 447
1441350 447
1441360 447
1441370 447
1441380 447
1441390 447
1441400 446
1441410 445
1441420 445
1441430 444
1441440 443
1441450 443
1441460 442
1441470 442
1441480 442
1441490 441
1441500 440
1441510 440
1441520 440
1441530 439
1441540 439
1441550 439
1441560 438
1441570 438
1441580 438
1441590 437
1441600 437
1441610 436
1441620 436
1441630 436
1441640 436
1441650 436
1441660 436
1441670 437
1441680 437
1441690 437
1441700 438
1441710 439
1441720 439
1441730 440
1441740 440
1441750 440
1441760 441
1441770 441
1441780 441
1441790 442
1441800 443
1441810 443
1441820 444
1441830 444
1441840 444
1441850 445
1441860 445
1441870 445
1441880 446
1441890 446
1441900 446
1441910 447
1441920 447
1441930 447
1441940 448
1441950 449
1441960 449
1441970 450
1441980 450
1441990 450
1442000 450
1442010 451
1442020 451
1442030 451
1442040 451
1442050 451
1442060 451
1442070 451
1442080 451
1442090 452
1442100 452
1442110 452
1442120 452
1442130 453
1442140 453
1442150 453
1442160 453
1442170 454
1442180 454
1442190 454
1442200 454
1442210 454
1442220 454
1442230 454
1442240 454
1442250 454
1442260 454
1442270 454
1442280 453
1442290 453
1442300 453
1442310 453
1442320 453
1442330 453
1442340 454
1442350 454
1442360 454
1442370 454
1442380 455
1442390 455
1442400 455
1442410 455
1442420 455
1442430 455
1442440 455
1442450 455
1442460 456
1442470 456
1442480 456
1442490 457
1442500 457
1442510 457
1442520 458
1442530 458
1442540 458
1442550 459
1442560 460
1442570 460
1442580 461
1442590 461
1442600 461
1442610 462
1442620 463
1442630 463
1442640 463
1442650 464
1442660 464
1442670 465
1442680 466
1442690 466
1442700 466
1442710 467
1442720 467
1442730 467
1442740 468
1442750 468
1442760 468
1442770 468
1442780 468
1442790 468
1442800 468
1442810 468
1442820 468
1442830 468
1442840 468
1442850 468
1442860 468
1442870 468
1442880 468
1442890 469
1442900 469
1442910 470
1442920 470
1442930 470
1442940 471
1442950 470
1442960 470
1442970 470
1442980 470
1442990 471
1443000 471
1443010 471
1443020 472
1443030 472
1443040 472
1443050 473
1443060 473
1443070 473
1443080 473
1443090 473
1443100 473
1443110 473
1443120 473
1443130 474
1443140 474
1443150 474
1443160 474
1443170 475
1443180 475
1443190 475
1443200 475
1443210 475
1443220 476
1443230 476
1443240 476
1443250 477
1443260 477
1443270 477
1443280 477
1443290 477
1443300 477
1443310 477
1443320 477
1443330 477
1443340 477
1443350 477
1443360 477
1443370 477
1443380 477
1443390 477
1443400 477
1443410 477
1443420 477
1443430 477
1443440 477
1443450 477
1443460 477
1443470 477
1443480 477
1443490 477
1443500 477
1443510 477
1443520 476
1443530 476
1443540 476
1443550 476
1443560 475
1443570 475
1443580 475
1443590 474
1443600 474
1443610 474
1443620 474
1443630 474
1443640 473
1443650 473
1443660 473
1443670 473
1443680 473
1443690 473
1443700 473
1443710 473
1443720 473
1443730 473
1443740 473
1443750 473
1443760 473
1443770 474
1443780 474
1443790 474
1443800 474
1443810 474
1443820 475
1443830 475
1443840 476
1443850 476
1443860 476
1443870 477
1443880 477
1443890 478
1443900 479
1443910 479
1443920 480
1443930 482
1443940 482
1443950 483
1443960 485
1443970 485
1443980 487
1443990 488
1444000 488
1444010 489
1444020 489
1444030 489
1444040 490
1444050 489
1444060 489
1444070 489
1444080 489
1444090 489
1444100 489
1444110 488
1444120 488
1444130 487
1444140 486
1444150 486
1444160 485
1444170 485
1444180 485
1444190 484
1444200 483
1444210 483
1444220 483
1444230 482
1444240 482
1444250 482
1444260 481
1444270 481
1444280 481
1444290 480
1444300 480
1444310 480
1444320 480
1444330 480
1444340 479
1444350 478
1444360 478
1444370 477
1444380 476
1444390 476
1444400 475
1444410 474
1444420 474
1444430 474
1444440 473
1444450 473
1444460 472
1444470 471
1444480 471
1444490 470
1444500 469
1444510 469
1444520 468
1444530 466
1444540 466
1444550 465
1444560 464
1444570 464
1444580 463
1444590 462
1444600 462
1444610 462
1444620 461
1444630 461
1444640 461
1444650 461
1444660 461
1444670 461
1444680 461
1444690 460
1444700 460
1444710 460
1444720 460
1444730 460
1444740 460
1444750 460
1444760 460
1444770 459
1444780 458
1444790 458
1444800 457
1444810 455
1444820 455
1444830 454
1444840 453
1444850 453
1444860 452
1444870 451
1444880 451
1444890 451
1444900 451
1444910 451
1444920 450
1444930 450
1444940 450
1444950 450
1444960 450
1444970 450
1444980 450
1444990 449
1445000 449
1445010 448
1445020 448
1445030 448
1445040 448
1445050 447
1445060 447
1445070 447
1445080 447
1445090 447
1445100 447
1445110 447
1445120 447
1445130 447
1445140 448
1445150 448
1445160 448
1445170 449
1445180 449
1445190 448
1445200 448
1445210 448
1445220 446
1445230 444
1445240 444
1445250 443
1445260 444
1445270 444
1445280 445
1445290 446
1445300 446
1445310 447
1445320 447
1445330 447
1445340 448
1445350 448
1445360 448
1445370 449
1445380 449
1445390 449
1445400 450
1445410 450
1445420 450
1445430 450
1445440 448
1445450 448
1445460 448
1445470 449
1445480 449
1445490 449
1445500 449
1445510 449
1445520 449
1445530 449
1445540 449
1445550 449
1445560 450
1445570 450
1445580 450
1445590 448
1445600 447
1445610 447
1445620 448
1445630 448
1445640 448
1445650 448
1445660 448
1445670 448
1445680 447
1445690 447
1445700 447
1445710 447
1445720 447
1445730 447
1445740 448
1445750 448
1445760 448
1445770 447
1445780 447
1445790 447
1445800 447
1445810 446
1445820 446
1445830 446
1445840 445
1445850 445
1445860 445
1445870 445
1445880 445
1445890 445
1445900 445
1445910 445
1445920 445
1445930 445
1445940 445
1445950 445
1445960 445
1445970 445
1445980 445
1445990 445
1446000 445
1446010 445
1446020 445
1446030 445
1446040 445
1446050 446
1446060 446
1446070 446
1446080 445
1446090 445
1446100 445
1446110 444
1446120 444
1446130 444
1446140 443
1446150 443
1446160 442
1446170 441
1446180 441
1446190 440
1446200 439
1446210 439
1446220 438
1446230 437
1446240 437
1446250 436
1446260 436
1446270 436
1446280 435
1446290 434
1446300 434
1446310 434
1446320 433
1446330 433
1446340 433
1446350 432
1446360 431
1446370 431
1446380 430
1446390 430
1446400 430
1446410 429
1446420 428
1446430 428
1446440 428
1446450 427
1446460 427
1446470 426
1446480 426
1446490 426
1446500 425
1446510 424
1446520 424
1446530 423
1446540 422
1446550 422
1446560 421
1446570 420
1446580 420
1446590 419
1446600 419
1446610 419
1446620 418
1446630 417
1446640 417
1446650 417
1446660 416
1446670 416
1446680 416
1446690 416
1446700 416
1446710 416
1446720 416
1446730 416
1446740 416
1446750 416
1446760 416
1446770 416
1446780 416
1446790 416
1446800 415
1446810 414
1446820 414
1446830 414
1446840 413
1446850 413
1446860 413
1446870 412
1446880 412
1446890 413
1446900 413
1446910 413
1446920 413
1446930 413
1446940 413
1446950 413
1446960 414
1446970 414
1446980 414
1446990 415
1447000 415
1447010 415
1447020 415
1447030 415
1447040 415
1447050 415
1447060 415
1447070 415
1447080 415
1447090 415
1447100 415
1447110 415
1447120 415
1447130 415
1447140 416
1447150 416
1447160 416
1447170 416
1447180 416
1447190 416
1447200 416
1447210 416
1447220 416
1447230 416
1447240 416
1447250 416
1447260 416
1447270 416
1447280 416
1447290 416
1447300 416
1447310 416
1447320 416
1447330 416
1447340 416
1447350 416
1447360 416
1447370 416
1447380 417
1447390 418
1447400 418
1447410 418
1447420 418
1447430 418
1447440 418
1447450 418
1447460 418
1447470 419
1447480 419
1447490 419
1447500 419
1447510 419
1447520 419
1447530 419
1447540 420
1447550 420
1447560 420
1447570 420
1447580 420
1447590 421
1447600 421
1447610 421
1447620 422
1447630 422
1447640 422
1447650 422
1447660 422
1447670 422
1447680 422
1447690 422
1447700 422
1447710 422
1447720 422
1447730 422
1447740 422
1447750 422
1447760 422
1447770 423
1447780 423
1447790 423
1447800 423
1447810 424
1447820 424
1447830 424
1447840 424
1447850 424
1447860 425
1447870 426
1447880 426
1447890 427
1447900 427
1447910 427
1447920 428
1447930 429
1447940 429
1447950 429
1447960 429
1447970 429
1447980 429
1447990 430
1448000 430
1448010 430
1448020 430
1448030 430
1448040 431
1448050 431
1448060 431
1448070 431
1448080 432
1448090 432
1448100 432
1448110 433
1448120 433
1448130 433
1448140 434
1448150 434
1448160 434
1448170 435
1448180 435
1448190 435
1448200 436
1448210 437
1448220 437
1448230 437
1448240 438
1448250 438
1448260 439
1448270 439
1448280 439
1448290 440
1448300 441
1448310 441
1448320 441
1448330 442
1448340 442
1448350 443
1448360 444
1448370 444
1448380 445
1448390 446
1448400 446
1448410 447
1448420 447
1448430 447
1448440 448
1448450 449
1448460 449
1448470 450
1448480 451
1448490 451
1448500 452
1448510 452
1448520 452
1448530 453
1448540 454
1448550 454
1448560 455
1448570 456
1448580 456
1448590 456
1448600 457
1448610 457
1448620 458
1448630 459
1448640 459
1448650 460
1448660 460
1448670 460
1448680 461
1448690 466
1448700 466
1448710 470
1448720 474
1448730 474
1448740 476
1448750 477
1448760 477
1448770 481
1448780 484
1448790 484
1448800 487
1448810 491
1448820 491
1448830 493
1448840 493
1448850 493
1448860 493
1448870 490
1448880 486
1448890 486
1448900 488
1448910 491
1448920 491
1448930 496
1448940 500
1448950 500
1448960 505
1448970 511
1448980 511
1448990 516
1449000 519
1449010 519
1449020 520
1449030 523
1449040 523
1449050 528
1449060 532
1449070 532
1449080 533
1449090 534
1449100 534
1449110 534
1449120 532
1449130 532
1449140 533
1449150 537
1449160 537
1449170 541
1449180 548
1449190 548
1449200 554
1449210 561
1449220 561
1449230 568
1449240 574
1449250 574
1449260 578
1449270 578
1449280 578
1449290 577
1449300 576
1449310 576
1449320 576
1449330 576
1449340 576
1449350 576
1449360 577
1449370 577
1449380 578
1449390 579
1449400 579
1449410 580
1449420 582
1449430 582
1449440 584
1449450 586
1449460 586
1449470 588
1449480 591
1449490 591
1449500 593
1449510 596
1449520 596
1449530 601
1449540 605
1449550 605
1449560 609
1449570 614
1449580 614
1449590 618
1449600 621
1449610 621
1449620 621
1449630 620
1449640 620
1449650 619
1449660 619
1449670 619
1449680 618
1449690 617
1449700 617
1449710 616
1449720 617
1449730 617
1449740 617
1449750 618
1449760 618
1449770 618
1449780 619
1449790 621
1449800 621
1449810 622
1449820 622
1449830 622
1449840 623
1449850 622
1449860 628
1449870 627
1449880 626
1449890 626
1449900 626
1449910 627
1449920 627
1449930 627
1449940 627
1449950 627
1449960 626
1449970 628
1449980 628
1449990 632
1450000 636
1450010 636
1450020 640
1450030 644
1450040 644
1450050 647
1450060 651
1450070 651
1450080 654
1450090 657
1450100 657
1450110 660
1450120 663
1450130 663
1450140 664
1450150 665
1450160 665
1450170 666
1450180 667
1450190 667
1450200 668
1450210 668
1450220 668
1450230 668
1450240 669
1450250 669
1450260 671
1450270 673
1450280 673
1450290 674
1450300 674
1450310 674
1450320 673
1450330 673
1450340 673
1450350 673
1450360 672
1450370 672
1450380 672
1450390 672
1450400 672
1450410 672
1450420 672
1450430 672
1450440 672
1450450 672
1450460 672
1450470 672
1450480 671
1450490 671
1450500 671
1450510 671
1450520 671
1450530 670
1450540 670
1450550 670
1450560 669
1450570 669
1450580 668
1450590 668
1450600 667
1450610 667
1450620 667
1450630 666
1450640 666
1450650 666
1450660 665
1450670 664
1450680 664
1450690 664
1450700 663
1450710 663
1450720 662
1450730 662
1450740 662
1450750 661
1450760 660
1450770 660
1450780 660
1450790 659
1450800 659
1450810 658
1450820 658
1450830 658
1450840 658
1450850 657
1450860 657
1450870 657
1450880 656
1450890 656
1450900 656
1450910 655
1450920 655
1450930 655
1450940 654
1450950 654
1450960 654
1450970 653
1450980 653
1450990 653
1451000 652
1451010 652
1451020 652
1451030 651
1451040 651
1451050 650
1451060 650
1451070 650
1451080 649
1451090 646
1451100 646
1451110 644
1451120 644
1451130 644
1451140 644
1451150 644
1451160 644
1451170 645
1451180 645
1451190 645
1451200 645
1451210 645
1451220 645
1451230 644
1451240 644
1451250 644
1451260 644
1451270 643
1451280 643
1451290 643
1451300 643
1451310 643
1451320 643
1451330 643
1451340 643
1451350 643
1451360 643
1451370 643
1451380 643
1451390 643
1451400 643
1451410 643
1451420 643
1451430 643
1451440 643
1451450 643
1451460 643
1451470 643
1451480 643
1451490 643
1451500 643
1451510 642
1451520 642
1451530 642
1451540 642
1451550 642
1451560 642
1451570 642
1451580 642
1451590 642
1451600 642
1451610 641
1451620 641
1451630 640
1451640 639
1451650 639
1451660 638
1451670 637
1451680 637
1451690 636
1451700 635
1451710 635
1451720 635
1451730 634
1451740 634
1451750 633
1451760 632
1451770 632
1451780 631
1451790 630
1451800 630
1451810 629
1451820 628
1451830 628
1451840 627
1451850 626
1451860 626
1451870 625
1451880 625
1451890 625
1451900 623
1451910 625
1451920 625
1451930 626
1451940 627
1451950 627
1451960 629
1451970 630
1451980 630
1451990 631
1452000 631
1452010 631
1452020 631
1452030 631
1452040 631
1452050 630
1452060 630
1452070 630
1452080 629
1452090 629
1452100 629
1452110 628
1452120 628
1452130 628
1452140 627
1452150 626
1452160 626
1452170 625
1452180 625
1452190 625
1452200 624
1452210 623
1452220 623
1452230 623
1452240 622
1452250 622
1452260 621
1452270 621
1452280 620
1452290 620
1452300 620
1452310 620
1452320 620
1452330 621
1452340 621
1452350 621
1452360 621
1452370 621
1452380 621
1452390 621
1452400 621
1452410 621
1452420 621
1452430 621
1452440 621
1452450 620
1452460 620
1452470 620
1452480 620
1452490 620
1452500 620
1452510 620
1452520 620
1452530 620
1452540 620
1452550 620
1452560 620
1452570 620
1452580 620
1452590 620
1452600 619
1452610 619
1452620 619
1452630 617
1452640 616
1452650 616
1452660 616
1452670 616
1452680 616
1452690 616
1452700 615
1452710 615
1452720 614
1452730 613
1452740 613
1452750 613
1452760 612
1452770 612
1452780 611
1452790 611
1452800 611
1452810 611
1452820 610
1452830 610
1452840 610
1452850 610
1452860 610
1452870 609
1452880 609
1452890 609
1452900 607
1452910 602
1452920 602
1452930 600
1452940 599
1452950 599
1452960 601
1452970 598
1452980 598
1452990 595
1453000 595
1453010 595
1453020 601
1453030 607
1453040 607
1453050 610
1453060 611
1453070 611
1453080 611
1453090 611
1453100 612
1453110 612
1453120 612
1453130 612
1453140 612
1453150 613
1453160 613
1453170 613
1453180 613
1453190 614
1453200 614
1453210 614
1453220 614
1453230 614
1453240 614
1453250 614
1453260 614
1453270 613
1453280 613
1453290 613
1453300 613
1453310 613
1453320 613
1453330 612
1453340 612
1453350 612
1453360 612
1453370 612
1453380 612
1453390 611
1453400 611
1453410 611
1453420 610
1453430 610
1453440 610
1453450 610
1453460 609
1453470 609
1453480 609
1453490 607
1453500 607
1453510 605
1453520 601
1453530 601
1453540 598
1453550 593
1453560 593
1453570 587
1453580 585
1453590 585
1453600 581
1453610 577
1453620 577
1453630 575
1453640 576
1453650 576
1453660 579
1453670 582
1453680 582
1453690 585
1453700 589
1453710 589
1453720 592
1453730 593
1453740 593
1453750 599
1453760 603
1453770 603
1453780 605
1453790 602
1453800 602
1453810 604
1453820 606
1453830 606
1453840 606
1453850 607
1453860 607
1453870 607
1453880 607
1453890 607
1453900 607
1453910 606
1453920 606
1453930 606
1453940 605
1453950 605
1453960 605
1453970 604
1453980 603
1453990 603
1454000 602
1454010 601
1454020 601
1454030 600
1454040 597
1454050 597
1454060 594
1454070 591
1454080 591
1454090 589
1454100 587
1454110 587
1454120 585
1454130 582
1454140 582
1454150 579
1454160 576
1454170 576
1454180 572
1454190 566
1454200 566
1454210 560
1454220 556
1454230 556
1454240 554
1454250 554
1454260 554
1454270 557
1454280 562
1454290 562
1454300 568
1454310 574
1454320 574
1454330 576
1454340 580
1454350 580
1454360 583
1454370 586
1454380 586
1454390 588
1454400 588
1454410 588
1454420 589
1454430 589
1454440 589
1454450 589
1454460 591
1454470 591
1454480 592
1454490 593
1454500 593
1454510 593
1454520 592
1454530 592
1454540 591
1454550 589
1454560 589
1454570 586
1454580 584
1454590 584
1454600 582
1454610 580
1454620 580
1454630 578
1454640 577
1454650 577
1454660 575
1454670 575
1454680 575
1454690 574
1454700 573
1454710 573
1454720 573
1454730 572
1454740 572
1454750 571
1454760 569
1454770 569
1454780 566
1454790 563
1454800 561
1454810 561
1454820 559
1454830 556
1454840 556
1454850 552
1454860 551
1454870 551
1454880 557
1454890 560
1454900 560
1454910 562
1454920 563
1454930 563
1454940 564
1454950 565
1454960 565
1454970 565
1454980 565
1454990 565
1455000 564
1455010 563
1455020 563
1455030 563
1455040 562
1455050 562
1455060 561
1455070 560
1455080 560
1455090 560
1455100 559
1455110 559
1455120 557
1455130 555
1455140 555
1455150 553
1455160 550
1455170 550
1455180 545
1455190 542
1455200 542
1455210 539
1455220 536
1455230 536
1455240 534
1455250 532
1455260 532
1455270 531
1455280 529
1455290 529
1455300 528
1455310 526
1455320 526
1455330 524
1455340 522
1455350 522
1455360 519
1455370 517
1455380 517
1455390 516
1455400 514
1455410 514
1455420 511
1455430 509
1455440 509
1455450 508
1455460 508
1455470 508
1455480 507
1455490 507
1455500 507
1455510 507
1455520 507
1455530 507
1455540 506
1455550 506
1455560 506
1455570 505
1455580 504
1455590 504
1455600 504
1455610 504
1455620 504
1455630 503
1455640 503
1455650 503
1455660 503
1455670 503
1455680 503
1455690 503
1455700 503
1455710 503
1455720 503
1455730 502
1455740 502
1455750 502
1455760 502
1455770 502
1455780 502
1455790 502
1455800 502
1455810 502
1455820 502
1455830 502
1455840 502
1455850 502
1455860 502
1455870 502
1455880 502
1455890 502
1455900 502
1455910 502
1455920 502
1455930 502
1455940 502
1455950 502
1455960 502
1455970 502
1455980 503
1455990 503
1456000 503
1456010 503
1456020 503
1456030 502
1456040 503
1456050 503
1456060 503
1456070 503
1456080 503
1456090 503
1456100 503
1456110 503
1456120 503
1456130 503
1456140 503
1456150 503
1456160 503
1456170 503
1456180 503
1456190 503
1456200 503
1456210 503
1456220 503
1456230 503
1456240 503
1456250 503
1456260 503
1456270 503
1456280 503
1456290 503
1456300 503
1456310 503
1456320 503
1456330 503
1456340 503
1456350 503
1456360 503
1456370 503
1456380 503
1456390 503
1456400 503
1456410 503
1456420 503
1456430 503
1456440 503
1456450 503
1456460 503
1456470 503
1456480 503
1456490 503
1456500 503
1456510 503
1456520 503
1456530 503
1456540 503
1456550 503
1456560 503
1456570 503
1456580 503
1456590 503
1456600 503
1456610 503
1456620 503
1456630 503
1456640 503
1456650 503
1456660 503
1456670 503
1456680 503
1456690 503
1456700 503
1456710 503
1456720 503
1456730 503
1456740 503
1456750 503
1456760 503
1456770 503
1456780 503
1456790 503
1456800 503
1456810 503
1456820 503
1456830 503
1456840 503
1456850 503
1456860 503
1456870 503
1456880 503
1456890 503
1456900 503
1456910 503
1456920 503
1456930 503
1456940 503
1456950 503
1456960 503
1456970 503
1456980 503
1456990 503
1457000 503
1457010 503
1457020 503
1457030 503
1457040 503
1457050 503
1457060 503
1457070 503
1457080 503
1457090 503
1457100 503
1457110 503
1457120 503
1457130 503
1457140 503
1457150 503
1457160 503
1457170 503
1457180 503
1457190 503
1457200 503
1457210 503
1457220 503
1457230 503
1457240 503
1457250 503
1457260 503
1457270 503
1457280 503
1457290 503
1457300 503
1457310 503
1457320 503
1457330 503
1457340 503
1457350 503
1457360 503
1457370 503
1457380 503
1457390 503
1457400 503
1457410 503
1457420 503
1457430 503
1457440 503
1457450 503
1457460 503
1457470 503
1457480 503
1457490 503
1457500 503
1457510 503
1457520 503
1457530 503
1457540 503
1457550 503
1457560 503
1457570 503
1457580 503
1457590 503
1457600 503
1457610 503
1457620 503
1457630 503
1457640 503
1457650 503
1457660 503
1457670 503
1457680 503
1457690 503
1457700 503
1457710 503
1457720 503
1457730 502
1457740 502
1457750 502
1457760 502
1457770 502
1457780 502
1457790 503
1457800 503
1457810 503
1457820 503
1457830 504
1457840 504
1457850 504
1457860 505
1457870 505
1457880 507
1457890 507
1457900 507
1457910 508
1457920 509
1457930 509
1457940 510
1457950 512
1457960 512
1457970 515
1457980 515
1457990 515
1458000 513
1458010 513
1458020 513
1458030 514
1458040 515
1458050 515
1458060 516
1458070 517
1458080 517
1458090 519
1458100 520
1458110 520
1458120 521
1458130 522
1458140 522
1458150 523
1458160 524
1458170 525
1458180 525
1458190 526
1458200 527
1458210 527
1458220 527
1458230 529
1458240 529
1458250 530
1458260 530
1458270 530
1458280 531
1458290 531
1458300 531
1458310 531
1458320 532
1458330 532
1458340 532
1458350 532
1458360 532
1458370 532
1458380 533
1458390 533
1458400 533
1458410 533
1458420 533
1458430 534
1458440 534
1458450 534
1458460 534
1458470 535
1458480 535
1458490 535
1458500 535
1458510 535
1458520 535
1458530 535
1458540 535
1458550 535
1458560 535
1458570 535
1458580 534
1458590 534
1458600 534
1458610 535
1458620 535
1458630 535
1458640 535
1458650 534
1458660 534
1458670 534
1458680 534
1458690 534
1458700 534
1458710 535
1458720 535
1458730 535
1458740 536
1458750 536
1458760 536
1458770 536
1458780 536
1458790 537
1458800 537
1458810 537
1458820 537
1458830 538
1458840 538
1458850 539
1458860 541
1458870 541
1458880 542
1458890 543
1458900 543
1458910 544
1458920 544
1458930 544
1458940 546
1458950 547
1458960 547
1458970 549
1458980 551
1458990 551
1459000 552
1459010 552
1459020 552
1459030 552
1459040 554
1459050 556
1459060 556
1459070 558
1459080 560
1459090 560
1459100 562
1459110 563
1459120 563
1459130 565
1459140 567
1459150 567
1459160 567
1459170 564
1459180 564
1459190 558
1459200 550
1459210 550
1459220 549
1459230 557
1459240 557
1459250 566
1459260 571
1459270 571
1459280 572
1459290 569
1459300 569
1459310 570
1459320 575
1459330 575
1459340 579
1459350 584
1459360 584
1459370 587
1459380 589
1459390 589
1459400 591
1459410 592
1459420 592
1459430 592
1459440 592
1459450 592
1459460 593
1459470 594
1459480 594
1459490 595
1459500 593
1459510 593
1459520 589
1459530 582
1459540 582
1459550 578
1459560 583
1459570 583
1459580 588
1459590 594
1459600 594
1459610 596
1459620 597
1459630 597
1459640 598
1459650 600
1459660 600
1459670 601
1459680 600
1459690 600
1459700 598
1459710 597
1459720 597
1459730 600
1459740 602
1459750 602
1459760 604
1459770 607
1459780 607
1459790 609
1459800 610
1459810 610
1459820 612
1459830 613
1459840 615
1459850 615
1459860 616
1459870 618
1459880 618
1459890 620
1459900 621
1459910 621
1459920 623
1459930 625
1459940 625
1459950 627
1459960 628
1459970 628
1459980 631
1459990 633
