1440000 437
1440010 438
1440020 438
1440030 438
1440040 438
1440050 438
1440060 438
1440070 437
1440080 437
1440090 437
1440100 437
1440110 437
1440120 437
1440130 437
1440140 437
1440150 437
1440160 437
1440170 437
1440180 437
1440190 436
1440200 436
1440210 436
1440220 436
1440230 436
1440240 436
1440250 436
1440260 436
1440270 437
1440280 436
1440290 436
1440300 435
1440310 435
1440320 435
1440330 436
1440340 437
1440350 437
1440360 435
1440370 434
1440380 434
1440390 434
1440400 434
1440410 434
1440420 433
1440430 433
1440440 433
1440450 434
1440460 434
1440470 434
1440480 435
1440490 435
1440500 435
1440510 435
1440520 435
1440530 435
1440540 435
1440550 435
1440560 435
1440570 435
1440580 436
1440590 436
1440600 436
1440610 436
1440620 436
1440630 436
1440640 435
1440650 435
1440660 435
1440670 436
1440680 436
1440690 436
1440700 436
1440710 436
1440720 436
1440730 437
1440740 437
1440750 437
1440760 437
1440770 437
1440780 438
1440790 438
1440800 438
1440810 438
1440820 438
1440830 438
1440840 438
1440850 439
1440860 439
1440870 439
1440880 439
1440890 439
1440900 439
1440910 439
1440920 439
1440930 439
1440940 439
1440950 439
1440960 439
1440970 439
1440980 439
1440990 439
1441000 439
1441010 439
1441020 439
1441030 438
1441040 438
1441050 438
1441060 438
1441070 438
1441080 438
1441090 438
1441100 438
1441110 438
1441120 437
1441130 437
1441140 437
1441150 437
1441160 437
1441170 437
1441180 436
1441190 436
1441200 436
1441210 436
1441220 436
1441230 436
1441240 435
1441250 435
1441260 435
1441270 435
1441280 435
1441290 435
1441300 435
1441310 435
1441320 435
1441330 435
1441340 435
1441350 435
1441360 435
1441370 436
1441380 436
1441390 437
1441400 437
1441410 437
1441420 438
1441430 439
1441440 439
1441450 439
1441460 440
1441470 440
1441480 440
1441490 441
1441500 441
1441510 441
1441520 441
1441530 441
1441540 441
1441550 442
1441560 442
1441570 442
1441580 443
1441590 443
1441600 443
1441610 443
1441620 443
1441630 443
1441640 444
1441650 444
1441660 444
1441670 444
1441680 444
1441690 444
1441700 445
1441710 445
1441720 445
1441730 446
1441740 446
1441750 446
1441760 446
1441770 446
1441780 446
1441790 447
1441800 447
1441810 447
1441820 447
1441830 447
1441840 447
1441850 448
1441860 448
1441870 448
1441880 449
1441890 449
1441900 449
1441910 450
1441920 450
1441930 450
1441940 451
1441950 451
1441960 451
1441970 452
1441980 452
1441990 452
1442000 453
1442010 453
1442020 453
1442030 454
1442040 454
1442050 454
1442060 455
1442070 455
1442080 455
1442090 455
1442100 456
1442110 456
1442120 456
1442130 456
1442140 456
1442150 456
1442160 456
1442170 456
1442180 456
1442190 456
1442200 456
1442210 455
1442220 455
1442230 455
1442240 455
1442250 455
1442260 455
1442270 455
1442280 455
1442290 455
1442300 455
1442310 455
1442320 455
1442330 455
1442340 455
1442350 455
1442360 455
1442370 455
1442380 455
1442390 455
1442400 454
1442410 454
1442420 454
1442430 454
1442440 454
1442450 454
1442460 454
1442470 454
1442480 455
1442490 455
1442500 455
1442510 455
1442520 456
1442530 456
1442540 456
1442550 456
1442560 456
1442570 456
1442580 456
1442590 456
1442600 456
1442610 457
1442620 457
1442630 457
1442640 457
1442650 457
1442660 457
1442670 458
1442680 458
1442690 458
1442700 458
1442710 458
1442720 458
1442730 458
1442740 458
1442750 459
1442760 459
1442770 459
1442780 459
1442790 459
1442800 459
1442810 459
1442820 459
1442830 460
1442840 460
1442850 460
1442860 460
1442870 460
1442880 460
1442890 460
1442900 460
1442910 460
1442920 460
1442930 460
1442940 460
1442950 460
1442960 460
1442970 460
1442980 461
1442990 461
1443000 461
1443010 461
1443020 461
1443030 462
1443040 462
1443050 462
1443060 462
1443070 463
1443080 463
1443090 463
1443100 464
1443110 464
1443120 464
1443130 465
1443140 465
1443150 465
1443160 465
1443170 465
1443180 465
1443190 466
1443200 466
1443210 466
1443220 466
1443230 466
1443240 466
1443250 465
1443260 465
1443270 465
1443280 465
1443290 465
1443300 465
1443310 465
1443320 465
1443330 465
1443340 466
1443350 466
1443360 466
1443370 467
1443380 467
1443390 468
1443400 468
1443410 468
1443420 469
1443430 469
1443440 469
1443450 469
1443460 469
1443470 469
1443480 470
1443490 470
1443500 470
1443510 470
1443520 469
1443530 469
1443540 469
1443550 469
1443560 469
1443570 469
1443580 469
1443590 469
1443600 469
1443610 469
1443620 469
1443630 469
1443640 469
1443650 469
1443660 469
1443670 469
1443680 469
1443690 468
1443700 468
1443710 468
1443720 468
1443730 467
1443740 467
1443750 467
1443760 467
1443770 467
1443780 467
1443790 467
1443800 467
1443810 467
1443820 468
1443830 467
1443840 467
1443850 467
1443860 467
1443870 467
1443880 467
1443890 466
1443900 466
1443910 466
1443920 466
1443930 466
1443940 467
1443950 467
1443960 467
1443970 467
1443980 467
1443990 467
1444000 467
1444010 467
1444020 467
1444030 467
1444040 467
1444050 467
1444060 467
1444070 467
1444080 467
1444090 468
1444100 468
1444110 468
1444120 468
1444130 469
1444140 469
1444150 469
1444160 470
1444170 470
1444180 470
1444190 470
1444200 470
1444210 471
1444220 471
1444230 471
1444240 471
1444250 472
1444260 472
1444270 472
1444280 473
1444290 473
1444300 473
1444310 473
1444320 473
1444330 474
1444340 474
1444350 474
1444360 474
1444370 475
1444380 475
1444390 475
1444400 475
1444410 475
1444420 476
1444430 476
1444440 476
1444450 476
1444460 477
1444470 477
1444480 477
1444490 477
1444500 477
1444510 478
1444520 478
1444530 478
1444540 478
1444550 478
1444560 478
1444570 478
1444580 479
1444590 479
1444600 479
1444610 480
1444620 480
1444630 480
1444640 480
1444650 480
1444660 481
1444670 481
1444680 481
1444690 481
1444700 481
1444710 481
1444720 481
1444730 481
1444740 481
1444750 481
1444760 482
1444770 482
1444780 482
1444790 483
1444800 483
1444810 483
1444820 483
1444830 483
1444840 483
1444850 482
1444860 481
1444870 481
1444880 480
1444890 479
1444900 479
1444910 478
1444920 478
1444930 478
1444940 478
1444950 477
1444960 477
1444970 477
1444980 477
1444990 477
1445000 477
1445010 477
1445020 477
1445030 477
1445040 477
1445050 477
1445060 477
1445070 477
1445080 477
1445090 477
1445100 477
1445110 477
1445120 477
1445130 477
1445140 477
1445150 477
1445160 477
1445170 477
1445180 478
1445190 478
1445200 478
1445210 478
1445220 478
1445230 478
1445240 477
1445250 478
1445260 478
1445270 478
1445280 478
1445290 478
1445300 478
1445310 479
1445320 479
1445330 479
1445340 479
1445350 479
1445360 479
1445370 479
1445380 479
1445390 479
1445400 479
1445410 479
1445420 479
1445430 479
1445440 479
1445450 479
1445460 479
1445470 479
1445480 479
1445490 479
1445500 479
1445510 480
1445520 480
1445530 480
1445540 480
1445550 480
1445560 480
1445570 480
1445580 480
1445590 480
1445600 480
1445610 480
1445620 480
1445630 480
1445640 480
1445650 480
1445660 480
1445670 480
1445680 480
1445690 480
1445700 479
1445710 479
1445720 479
1445730 479
1445740 478
1445750 478
1445760 478
1445770 478
1445780 478
1445790 477
1445800 477
1445810 477
1445820 476
1445830 476
1445840 476
1445850 475
1445860 474
1445870 474
1445880 473
1445890 472
1445900 472
1445910 471
1445920 470
1445930 470
1445940 469
1445950 468
1445960 468
1445970 467
1445980 466
1445990 466
1446000 465
1446010 465
1446020 465
1446030 464
1446040 464
1446050 464
1446060 463
1446070 463
1446080 463
1446090 462
1446100 462
1446110 462
1446120 461
1446130 461
1446140 461
1446150 461
1446160 460
1446170 460
1446180 459
1446190 459
1446200 459
1446210 458
1446220 457
1446230 457
1446240 457
1446250 457
1446260 457
1446270 457
1446280 456
1446290 456
1446300 456
1446310 456
1446320 456
1446330 455
1446340 456
1446350 456
1446360 456
1446370 455
1446380 455
1446390 455
1446400 454
1446410 454
1446420 453
1446430 451
1446440 451
1446450 450
1446460 449
1446470 449
1446480 448
1446490 448
1446500 448
1446510 447
1446520 446
1446530 446
1446540 446
1446550 445
1446560 445
1446570 445
1446580 444
1446590 444
1446600 444
1446610 443
1446620 443
1446630 443
1446640 442
1446650 441
1446660 441
1446670 440
1446680 439
1446690 439
1446700 438
1446710 437
1446720 437
1446730 437
1446740 436
1446750 436
1446760 434
1446770 433
1446780 433
1446790 433
1446800 432
1446810 432
1446820 431
1446830 431
1446840 431
1446850 430
1446860 430
1446870 430
1446880 429
1446890 429
1446900 429
1446910 429
1446920 428
1446930 428
1446940 428
1446950 428
1446960 428
1446970 427
1446980 427
1446990 427
1447000 427
1447010 426
1447020 426
1447030 426
1447040 425
1447050 425
1447060 425
1447070 425
1447080 425
1447090 424
1447100 424
1447110 424
1447120 424
1447130 424
1447140 424
1447150 424
1447160 424
1447170 424
1447180 423
1447190 423
1447200 423
1447210 423
1447220 422
1447230 422
1447240 422
1447250 422
1447260 422
1447270 423
1447280 423
1447290 423
1447300 424
1447310 424
1447320 424
1447330 425
1447340 425
1447350 425
1447360 425
1447370 425
1447380 425
1447390 426
1447400 426
1447410 426
1447420 426
1447430 426
1447440 426
1447450 427
1447460 427
1447470 427
1447480 428
1447490 428
1447500 428
1447510 428
1447520 428
1447530 428
1447540 428
1447550 428
1447560 428
1447570 428
1447580 429
1447590 429
1447600 429
1447610 429
1447620 429
1447630 429
1447640 429
1447650 430
1447660 430
1447670 430
1447680 430
1447690 430
1447700 430
1447710 430
1447720 430
1447730 429
1447740 429
1447750 429
1447760 429
1447770 429
1447780 429
1447790 429
1447800 428
1447810 428
1447820 429
1447830 429
1447840 429
1447850 430
1447860 431
1447870 431
1447880 432
1447890 433
1447900 433
1447910 433
1447920 434
1447930 434
1447940 435
1447950 435
1447960 435
1447970 436
1447980 436
1447990 436
1448000 436
1448010 437
1448020 437
1448030 437
1448040 438
1448050 438
1448060 438
1448070 439
1448080 439
1448090 439
1448100 439
1448110 439
1448120 439
1448130 439
1448140 439
1448150 439
1448160 439
1448170 439
1448180 440
1448190 440
1448200 440
1448210 441
1448220 441
1448230 441
1448240 441
1448250 441
1448260 441
1448270 441
1448280 442
1448290 442
1448300 443
1448310 443
1448320 443
1448330 444
1448340 445
1448350 445
1448360 446
1448370 447
1448380 447
1448390 448
1448400 449
1448410 449
1448420 450
1448430 450
1448440 450
1448450 451
1448460 451
1448470 452
1448480 452
1448490 453
1448500 454
1448510 454
1448520 455
1448530 456
1448540 456
1448550 457
1448560 458
1448570 458
1448580 458
1448590 459
1448600 459
1448610 459
1448620 459
1448630 459
1448640 459
1448650 459
1448660 459
1448670 459
1448680 459
1448690 459
1448700 458
1448710 458
1448720 458
1448730 458
1448740 458
1448750 458
1448760 458
1448770 457
1448780 457
1448790 457
1448800 456
1448810 456
1448820 456
1448830 455
1448840 455
1448850 455
1448860 454
1448870 454
1448880 454
1448890 453
1448900 453
1448910 453
1448920 452
1448930 452
1448940 452
1448950 451
1448960 451
1448970 450
1448980 447
1448990 447
1449000 444
1449010 441
1449020 441
1449030 438
1449040 435
1449050 435
1449060 433
1449070 431
1449080 431
1449090 429
1449100 427
1449110 427
1449120 426
1449130 424
1449140 424
1449150 423
1449160 422
1449170 422
1449180 421
1449190 421
1449200 421
1449210 421
1449220 420
1449230 420
1449240 420
1449250 420
1449260 420
1449270 420
1449280 420
1449290 420
1449300 420
1449310 420
1449320 420
1449330 420
1449340 419
1449350 419
1449360 419
1449370 419
1449380 419
1449390 419
1449400 418
1449410 418
1449420 418
1449430 418
1449440 417
1449450 417
1449460 417
1449470 417
1449480 417
1449490 416
1449500 416
1449510 416
1449520 416
1449530 416
1449540 416
1449550 416
1449560 415
1449570 415
1449580 416
1449590 416
1449600 416
1449610 416
1449620 417
1449630 417
1449640 417
1449650 417
1449660 417
1449670 417
1449680 417
1449690 417
1449700 417
1449710 418
1449720 418
1449730 418
1449740 418
1449750 418
1449760 418
1449770 418
1449780 418
1449790 418
1449800 418
1449810 418
1449820 419
1449830 419
1449840 419
1449850 419
1449860 419
1449870 419
1449880 419
1449890 419
1449900 419
1449910 419
1449920 419
1449930 419
1449940 420
1449950 420
1449960 420
1449970 420
1449980 420
1449990 420
1450000 421
1450010 421
1450020 421
1450030 421
1450040 421
1450050 421
1450060 421
1450070 421
1450080 421
1450090 422
1450100 422
1450110 422
1450120 422
1450130 422
1450140 422
1450150 422
1450160 422
1450170 422
1450180 423
1450190 423
1450200 423
1450210 424
1450220 425
1450230 425
1450240 426
1450250 425
1450260 425
1450270 425
1450280 426
1450290 426
1450300 426
1450310 426
1450320 426
1450330 427
1450340 427
1450350 428
1450360 428
1450370 429
1450380 429
1450390 429
1450400 430
1450410 431
1450420 431
1450430 432
1450440 433
1450450 433
1450460 434
1450470 435
1450480 435
1450490 436
1450500 437
1450510 437
1450520 438
1450530 440
1450540 440
1450550 440
1450560 441
1450570 441
1450580 441
1450590 442
1450600 442
1450610 445
1450620 446
1450630 446
1450640 447
1450650 448
1450660 448
1450670 450
1450680 451
1450690 451
1450700 452
1450710 453
1450720 453
1450730 455
1450740 456
1450750 456
1450760 457
1450770 458
1450780 458
1450790 459
1450800 460
1450810 460
1450820 461
1450830 462
1450840 462
1450850 462
1450860 462
1450870 462
1450880 462
1450890 463
1450900 463
1450910 466
1450920 471
1450930 471
1450940 474
1450950 478
1450960 478
1450970 481
1450980 483
1450990 483
1451000 488
1451010 492
1451020 492
1451030 496
1451040 498
1451050 498
1451060 501
1451070 505
1451080 505
1451090 509
1451100 514
1451110 514
1451120 519
1451130 523
1451140 523
1451150 527
1451160 530
1451170 530
1451180 530
1451190 526
1451200 526
1451210 522
1451220 518
1451230 518
1451240 514
1451250 510
1451260 510
1451270 510
1451280 514
1451290 514
1451300 515
1451310 514
1451320 514
1451330 514
1451340 514
1451350 517
1451360 517
1451370 521
1451380 525
1451390 525
1451400 529
1451410 534
1451420 534
1451430 539
1451440 545
1451450 545
1451460 551
1451470 557
1451480 557
1451490 560
1451500 558
1451510 558
1451520 555
1451530 550
1451540 550
1451550 546
1451560 544
1451570 544
1451580 548
1451590 553
1451600 553
1451610 557
1451620 559
1451630 559
1451640 556
1451650 548
1451660 548
1451670 542
1451680 547
1451690 547
1451700 553
1451710 559
1451720 559
1451730 565
1451740 569
1451750 569
1451760 571
1451770 574
1451780 574
1451790 578
1451800 581
1451810 581
1451820 582
1451830 583
1451840 583
1451850 584
1451860 585
1451870 585
1451880 585
1451890 585
1451900 585
1451910 586
1451920 588
1451930 588
1451940 590
1451950 592
1451960 592
1451970 591
1451980 588
1451990 588
1452000 584
1452010 580
1452020 580
1452030 574
1452040 570
1452050 570
1452060 573
1452070 579
1452080 579
1452090 581
1452100 580
1452110 580
1452120 578
1452130 576
1452140 579
1452150 579
1452160 582
1452170 582
1452180 584
1452190 586
1452200 586
1452210 588
1452220 590
1452230 590
1452240 592
1452250 594
1452260 597
1452270 597
1452280 601
1452290 605
1452300 605
1452310 611
1452320 615
1452330 615
1452340 619
1452350 622
1452360 622
1452370 623
1452380 622
1452390 622
1452400 623
1452410 625
1452420 625
1452430 625
1452440 624
1452450 624
1452460 624
1452470 623
1452480 623
1452490 623
1452500 622
1452510 622
1452520 621
1452530 620
1452540 620
1452550 619
1452560 617
1452570 617
1452580 616
1452590 614
1452600 614
1452610 613
1452620 611
1452630 611
1452640 610
1452650 609
1452660 609
1452670 609
1452680 608
1452690 608
1452700 606
1452710 606
1452720 606
1452730 606
1452740 605
1452750 605
1452760 604
1452770 604
1452780 604
1452790 603
1452800 602
1452810 602
1452820 602
1452830 601
1452840 601
1452850 601
1452860 601
1452870 601
1452880 600
1452890 600
1452900 600
1452910 599
1452920 599
1452930 599
1452940 598
1452950 598
1452960 598
1452970 597
1452980 596
1452990 596
1453000 596
1453010 595
1453020 595
1453030 594
1453040 594
1453050 594
1453060 593
1453070 592
1453080 592
1453090 592
1453100 591
1453110 591
1453120 590
1453130 590
1453140 590
1453150 589
1453160 589
1453170 589
1453180 588
1453190 588
1453200 587
1453210 587
1453220 587
1453230 587
1453240 587
1453250 587
1453260 586
1453270 586
1453280 586
1453290 585
1453300 585
1453310 583
1453320 582
1453330 582
1453340 581
1453350 582
1453360 582
1453370 585
1453380 585
1453390 585
1453400 585
1453410 585
1453420 585
1453430 584
1453440 584
1453450 584
1453460 583
1453470 582
1453480 582
1453490 581
1453500 580
1453510 580
1453520 579
1453530 578
1453540 578
1453550 577
1453560 575
1453570 575
1453580 574
1453590 572
1453600 572
1453610 570
1453620 569
1453630 569
1453640 567
1453650 566
1453660 566
1453670 564
1453680 563
1453690 563
1453700 562
1453710 561
1453720 561
1453730 560
1453740 560
1453750 560
1453760 559
1453770 558
1453780 558
1453790 558
1453800 557
1453810 557
1453820 556
1453830 555
1453840 555
1453850 555
1453860 554
1453870 554
1453880 552
1453890 552
1453900 552
1453910 552
1453920 551
1453930 551
1453940 551
1453950 550
1453960 550
1453970 550
1453980 549
1453990 549
1454000 549
1454010 549
1454020 549
1454030 549
1454040 549
1454050 549
1454060 549
1454070 548
1454080 548
1454090 548
1454100 548
1454110 548
1454120 547
1454130 547
1454140 547
1454150 547
1454160 547
1454170 547
1454180 547
1454190 547
1454200 546
1454210 546
1454220 546
1454230 545
1454240 545
1454250 546
1454260 546
1454270 546
1454280 546
1454290 546
1454300 546
1454310 546
1454320 546
1454330 546
1454340 546
1454350 546
1454360 546
1454370 546
1454380 546
1454390 546
1454400 546
1454410 547
1454420 547
1454430 547
1454440 547
1454450 547
1454460 547
1454470 548
1454480 548
1454490 548
1454500 549
1454510 549
1454520 550
1454530 551
1454540 551
1454550 551
1454560 552
1454570 552
1454580 552
1454590 553
1454600 553
1454610 553
1454620 554
1454630 554
1454640 555
1454650 556
1454660 556
1454670 557
1454680 558
1454690 558
1454700 559
1454710 560
1454720 560
1454730 561
1454740 562
1454750 562
1454760 562
1454770 563
1454780 563
1454790 564
1454800 564
1454810 564
1454820 565
1454830 566
1454840 566
1454850 566
1454860 567
1454870 567
1454880 568
1454890 568
1454900 568
1454910 569
1454920 569
1454930 569
1454940 570
1454950 570
1454960 570
1454970 570
1454980 571
1454990 571
1455000 571
1455010 571
1455020 571
1455030 571
1455040 571
1455050 571
1455060 571
1455070 571
1455080 571
1455090 571
1455100 571
1455110 572
1455120 572
1455130 572
1455140 572
1455150 572
1455160 572
1455170 572
1455180 572
1455190 572
1455200 572
1455210 572
1455220 572
1455230 573
1455240 573
1455250 573
1455260 573
1455270 573
1455280 573
1455290 572
1455300 572
1455310 572
1455320 571
1455330 571
1455340 570
1455350 570
1455360 570
1455370 569
1455380 569
1455390 569
1455400 568
1455410 568
1455420 568
1455430 568
1455440 567
1455450 567
1455460 566
1455470 566
1455480 566
1455490 566
1455500 566
1455510 566
1455520 566
1455530 566
1455540 566
1455550 566
1455560 566
1455570 566
1455580 565
1455590 565
1455600 565
1455610 565
1455620 565
1455630 565
1455640 566
1455650 566
1455660 566
1455670 566
1455680 566
1455690 566
1455700 566
1455710 565
1455720 565
1455730 565
1455740 564
1455750 564
1455760 563
1455770 562
1455780 562
1455790 562
1455800 561
1455810 561
1455820 561
1455830 560
1455840 560
1455850 560
1455860 559
1455870 559
1455880 558
1455890 557
1455900 557
1455910 556
1455920 555
1455930 555
1455940 553
1455950 552
1455960 552
1455970 550
1455980 548
1455990 548
1456000 546
1456010 544
1456020 542
1456030 542
1456040 540
1456050 538
1456060 538
1456070 536
1456080 534
1456090 534
1456100 533
1456110 533
1456120 533
1456130 532
1456140 531
1456150 531
1456160 530
1456170 530
1456180 530
1456190 529
1456200 529
1456210 529
1456220 529
1456230 528
1456240 528
1456250 527
1456260 527
1456270 527
1456280 527
1456290 526
1456300 526
1456310 526
1456320 526
1456330 526
1456340 525
1456350 525
1456360 525
1456370 525
1456380 525
1456390 526
1456400 526
1456410 526
1456420 526
1456430 526
1456440 526
1456450 526
1456460 525
1456470 525
1456480 525
1456490 526
1456500 527
1456510 527
1456520 527
1456530 528
1456540 528
1456550 529
1456560 530
1456570 530
1456580 531
1456590 531
1456600 531
1456610 532
1456620 532
1456630 532
1456640 532
1456650 532
1456660 532
1456670 533
1456680 533
1456690 533
1456700 533
1456710 532
1456720 532
1456730 532
1456740 531
1456750 531
1456760 530
1456770 528
1456780 528
1456790 527
1456800 527
1456810 527
1456820 526
1456830 526
1456840 526
1456850 525
1456860 525
1456870 525
1456880 524
1456890 524
1456900 524
1456910 524
1456920 524
1456930 524
1456940 524
1456950 524
1456960 524
1456970 524
1456980 524
1456990 525
1457000 525
1457010 525
1457020 525
1457030 525
1457040 525
1457050 525
1457060 525
1457070 525
1457080 524
1457090 524
1457100 524
1457110 524
1457120 524
1457130 524
1457140 524
1457150 524
1457160 523
1457170 523
1457180 523
1457190 522
1457200 521
1457210 521
1457220 520
1457230 518
1457240 518
1457250 517
1457260 516
1457270 516
1457280 514
1457290 513
1457300 513
1457310 512
1457320 512
1457330 512
1457340 511
1457350 511
1457360 511
1457370 510
1457380 509
1457390 509
1457400 508
1457410 507
1457420 507
1457430 507
1457440 506
1457450 506
1457460 505
1457470 505
1457480 505
1457490 505
1457500 504
1457510 504
1457520 504
1457530 504
1457540 504
1457550 504
1457560 504
1457570 504
1457580 504
1457590 504
1457600 504
1457610 504
1457620 504
1457630 504
1457640 504
1457650 504
1457660 504
1457670 504
1457680 504
1457690 504
1457700 504
1457710 504
1457720 504
1457730 504
1457740 503
1457750 503
1457760 503
1457770 503
1457780 503
1457790 503
1457800 503
1457810 503
1457820 503
1457830 503
1457840 503
1457850 503
1457860 503
1457870 503
1457880 503
1457890 503
1457900 503
1457910 503
1457920 502
1457930 502
1457940 502
1457950 502
1457960 502
1457970 502
1457980 502
1457990 502
1458000 502
1458010 502
1458020 502
1458030 502
1458040 502
1458050 502
1458060 502
1458070 502
1458080 502
1458090 502
1458100 502
1458110 502
1458120 502
1458130 502
1458140 502
1458150 502
1458160 502
1458170 502
1458180 502
1458190 502
1458200 502
1458210 502
1458220 502
1458230 502
1458240 502
1458250 502
1458260 502
1458270 502
1458280 502
1458290 502
1458300 502
1458310 502
1458320 502
1458330 502
1458340 502
1458350 502
1458360 502
1458370 502
1458380 502
1458390 502
1458400 502
1458410 502
1458420 502
1458430 502
1458440 502
1458450 502
1458460 502
1458470 502
1458480 502
1458490 502
1458500 502
1458510 502
1458520 502
1458530 502
1458540 502
1458550 502
1458560 502
1458570 502
1458580 502
1458590 502
1458600 502
1458610 502
1458620 503
1458630 503
1458640 503
1458650 503
1458660 503
1458670 503
1458680 503
1458690 503
1458700 503
1458710 503
1458720 503
1458730 503
1458740 503
1458750 503
1458760 503
1458770 503
1458780 503
1458790 503
1458800 503
1458810 503
1458820 503
1458830 503
1458840 503
1458850 503
1458860 503
1458870 503
1458880 503
1458890 503
1458900 503
1458910 503
1458920 503
1458930 503
1458940 503
1458950 503
1458960 503
1458970 503
1458980 503
1458990 503
1459000 503
1459010 503
1459020 503
1459030 503
1459040 503
1459050 503
1459060 503
1459070 503
1459080 503
1459090 503
1459100 503
1459110 503
1459120 503
1459130 503
1459140 503
1459150 503
1459160 503
1459170 503
1459180 503
1459190 503
1459200 503
1459210 503
1459220 503
1459230 503
1459240 503
1459250 503
1459260 503
1459270 503
1459280 503
1459290 503
1459300 503
1459310 503
1459320 503
1459330 503
1459340 503
1459350 503
1459360 503
1459370 503
1459380 503
1459390 503
1459400 503
1459410 503
1459420 503
1459430 503
1459440 503
1459450 503
1459460 503
1459470 503
1459480 503
1459490 503
1459500 503
1459510 503
1459520 503
1459530 503
1459540 503
1459550 503
1459560 503
1459570 503
1459580 503
1459590 503
1459600 503
1459610 503
1459620 503
1459630 503
1459640 503
1459650 503
1459660 503
1459670 503
1459680 503
1459690 503
1459700 503
1459710 503
1459720 503
1459730 503
1459740 503
1459750 503
1459760 503
1459770 503
1459780 503
1459790 503
1459800 504
1459810 504
1459820 504
1459830 505
1459840 505
1459850 505
1459860 505
1459870 505
1459880 505
1459890 504
1459900 504
1459910 504
1459920 503
1459930 503
1459940 503
1459950 503
1459960 503
1459970 503
1459980 503
1459990 502
