1440000 431
1440010 430
1440020 430
1440030 429
1440040 429
1440050 429
1440060 429
1440070 429
1440080 429
1440090 428
1440100 428
1440110 428
1440120 428
1440130 427
1440140 427
1440150 427
1440160 427
1440170 427
1440180 427
1440190 427
1440200 427
1440210 427
1440220 427
1440230 427
1440240 426
1440250 426
1440260 426
1440270 426
1440280 426
1440290 426
1440300 427
1440310 426
1440320 426
1440330 426
1440340 426
1440350 426
1440360 426
1440370 426
1440380 426
1440390 426
1440400 426
1440410 426
1440420 426
1440430 426
1440440 426
1440450 426
1440460 425
1440470 425
1440480 425
1440490 425
1440500 425
1440510 425
1440520 425
1440530 425
1440540 425
1440550 425
1440560 425
1440570 425
1440580 425
1440590 425
1440600 425
1440610 425
1440620 425
1440630 425
1440640 425
1440650 425
1440660 425
1440670 425
1440680 425
1440690 425
1440700 425
1440710 425
1440720 425
1440730 425
1440740 426
1440750 426
1440760 426
1440770 426
1440780 426
1440790 427
1440800 427
1440810 427
1440820 426
1440830 425
1440840 425
1440850 426
1440860 426
1440870 426
1440880 426
1440890 425
1440900 425
1440910 426
1440920 426
1440930 426
1440940 426
1440950 426
1440960 426
1440970 426
1440980 426
1440990 426
1441000 426
1441010 426
1441020 426
1441030 426
1441040 426
1441050 426
1441060 426
1441070 427
1441080 427
1441090 427
1441100 427
1441110 427
1441120 427
1441130 427
1441140 427
1441150 427
1441160 426
1441170 426
1441180 426
1441190 426
1441200 426
1441210 427
1441220 427
1441230 427
1441240 427
1441250 427
1441260 427
1441270 427
1441280 426
1441290 426
1441300 426
1441310 426
1441320 426
1441330 426
1441340 426
1441350 426
1441360 426
1441370 426
1441380 426
1441390 426
1441400 426
1441410 426
1441420 426
1441430 426
1441440 426
1441450 426
1441460 426
1441470 426
1441480 426
1441490 426
1441500 426
1441510 426
1441520 426
1441530 426
1441540 426
1441550 427
1441560 427
1441570 426
1441580 426
1441590 426
1441600 426
1441610 426
1441620 426
1441630 426
1441640 426
1441650 426
1441660 427
1441670 427
1441680 426
1441690 426
1441700 427
1441710 428
1441720 428
1441730 428
1441740 429
1441750 429
1441760 429
1441770 429
1441780 429
1441790 430
1441800 430
1441810 430
1441820 430
1441830 431
1441840 431
1441850 431
1441860 432
1441870 432
1441880 432
1441890 433
1441900 433
1441910 434
1441920 434
1441930 434
1441940 435
1441950 436
1441960 436
1441970 437
1441980 437
1441990 437
1442000 438
1442010 439
1442020 439
1442030 439
1442040 440
1442050 440
1442060 441
1442070 442
1442080 442
1442090 442
1442100 443
1442110 443
1442120 444
1442130 444
1442140 444
1442150 445
1442160 445
1442170 445
1442180 446
1442190 446
1442200 446
1442210 447
1442220 447
1442230 447
1442240 448
1442250 448
1442260 448
1442270 448
1442280 449
1442290 449
1442300 450
1442310 451
1442320 451
1442330 451
1442340 451
1442350 451
1442360 452
1442370 452
1442380 452
1442390 453
1442400 453
1442410 453
1442420 453
1442430 453
1442440 453
1442450 453
1442460 453
1442470 453
1442480 453
1442490 453
1442500 453
1442510 453
1442520 453
1442530 453
1442540 453
1442550 453
1442560 453
1442570 453
1442580 453
1442590 453
1442600 453
1442610 453
1442620 453
1442630 453
1442640 453
1442650 453
1442660 453
1442670 453
1442680 452
1442690 452
1442700 452
1442710 452
1442720 452
1442730 452
1442740 451
1442750 451
1442760 451
1442770 451
1442780 451
1442790 450
1442800 450
1442810 450
1442820 450
1442830 449
1442840 449
1442850 449
1442860 449
1442870 449
1442880 449
1442890 448
1442900 448
1442910 448
1442920 448
1442930 448
1442940 448
1442950 448
1442960 448
1442970 447
1442980 447
1442990 447
1443000 447
1443010 447
1443020 447
1443030 447
1443040 447
1443050 447
1443060 447
1443070 446
1443080 446
1443090 446
1443100 446
1443110 446
1443120 446
1443130 446
1443140 446
1443150 446
1443160 445
1443170 445
1443180 445
1443190 445
1443200 445
1443210 444
1443220 444
1443230 444
1443240 444
1443250 444
1443260 444
1443270 444
1443280 444
1443290 444
1443300 444
1443310 443
1443320 443
1443330 443
1443340 443
1443350 443
1443360 443
1443370 443
1443380 443
1443390 444
1443400 444
1443410 444
1443420 446
1443430 444
1443440 444
1443450 444
1443460 444
1443470 444
1443480 444
1443490 444
1443500 444
1443510 444
1443520 444
1443530 444
1443540 444
1443550 444
1443560 444
1443570 444
1443580 444
1443590 444
1443600 444
1443610 444
1443620 444
1443630 444
1443640 444
1443650 444
1443660 444
1443670 445
1443680 445
1443690 445
1443700 445
1443710 446
1443720 446
1443730 446
1443740 446
1443750 446
1443760 447
1443770 447
1443780 447
1443790 447
1443800 448
1443810 448
1443820 448
1443830 448
1443840 448
1443850 448
1443860 448
1443870 448
1443880 448
1443890 448
1443900 448
1443910 448
1443920 448
1443930 448
1443940 448
1443950 448
1443960 448
1443970 449
1443980 449
1443990 449
1444000 449
1444010 449
1444020 449
1444030 449
1444040 449
1444050 449
1444060 449
1444070 449
1444080 449
1444090 449
1444100 448
1444110 448
1444120 448
1444130 448
1444140 448
1444150 447
1444160 446
1444170 446
1444180 445
1444190 444
1444200 444
1444210 444
1444220 443
1444230 443
1444240 442
1444250 442
1444260 442
1444270 441
1444280 441
1444290 441
1444300 441
1444310 441
1444320 441
1444330 441
1444340 441
1444350 441
1444360 441
1444370 442
1444380 442
1444390 442
1444400 442
1444410 442
1444420 442
1444430 442
1444440 442
1444450 442
1444460 443
1444470 443
1444480 443
1444490 443
1444500 443
1444510 443
1444520 443
1444530 443
1444540 443
1444550 443
1444560 443
1444570 443
1444580 443
1444590 443
1444600 443
1444610 443
1444620 443
1444630 444
1444640 444
1444650 444
1444660 444
1444670 445
1444680 445
1444690 445
1444700 445
1444710 446
1444720 446
1444730 446
1444740 446
1444750 446
1444760 446
1444770 446
1444780 446
1444790 446
1444800 446
1444810 446
1444820 446
1444830 446
1444840 446
1444850 446
1444860 446
1444870 446
1444880 447
1444890 447
1444900 447
1444910 447
1444920 447
1444930 447
1444940 447
1444950 447
1444960 447
1444970 447
1444980 447
1444990 447
1445000 447
1445010 447
1445020 447
1445030 447
1445040 447
1445050 447
1445060 447
1445070 447
1445080 447
1445090 447
1445100 447
1445110 447
1445120 447
1445130 446
1445140 446
1445150 446
1445160 446
1445170 446
1445180 446
1445190 446
1445200 446
1445210 445
1445220 445
1445230 445
1445240 445
1445250 445
1445260 445
1445270 445
1445280 444
1445290 444
1445300 444
1445310 444
1445320 444
1445330 444
1445340 444
1445350 444
1445360 444
1445370 445
1445380 445
1445390 445
1445400 446
1445410 446
1445420 447
1445430 447
1445440 447
1445450 448
1445460 448
1445470 448
1445480 449
1445490 450
1445500 450
1445510 450
1445520 451
1445530 451
1445540 451
1445550 451
1445560 451
1445570 451
1445580 451
1445590 451
1445600 451
1445610 451
1445620 451
1445630 451
1445640 451
1445650 451
1445660 451
1445670 451
1445680 451
1445690 451
1445700 451
1445710 451
1445720 451
1445730 452
1445740 452
1445750 452
1445760 452
1445770 452
1445780 452
1445790 452
1445800 452
1445810 452
1445820 452
1445830 452
1445840 452
1445850 452
1445860 452
1445870 452
1445880 452
1445890 452
1445900 452
1445910 452
1445920 452
1445930 452
1445940 452
1445950 452
1445960 452
1445970 452
1445980 452
1445990 452
1446000 452
1446010 452
1446020 452
1446030 453
1446040 453
1446050 453
1446060 453
1446070 453
1446080 453
1446090 453
1446100 453
1446110 453
1446120 452
1446130 452
1446140 452
1446150 452
1446160 452
1446170 452
1446180 452
1446190 452
1446200 452
1446210 452
1446220 452
1446230 452
1446240 452
1446250 452
1446260 452
1446270 452
1446280 452
1446290 452
1446300 452
1446310 453
1446320 453
1446330 452
1446340 452
1446350 452
1446360 452
1446370 452
1446380 452
1446390 452
1446400 452
1446410 452
1446420 452
1446430 451
1446440 452
1446450 451
1446460 451
1446470 451
1446480 451
1446490 451
1446500 451
1446510 451
1446520 451
1446530 451
1446540 452
1446550 452
1446560 452
1446570 453
1446580 453
1446590 453
1446600 454
1446610 454
1446620 454
1446630 455
1446640 455
1446650 455
1446660 455
1446670 455
1446680 455
1446690 455
1446700 455
1446710 455
1446720 455
1446730 455
1446740 455
1446750 455
1446760 455
1446770 454
1446780 454
1446790 454
1446800 454
1446810 454
1446820 454
1446830 454
1446840 454
1446850 453
1446860 453
1446870 453
1446880 453
1446890 453
1446900 453
1446910 453
1446920 453
1446930 453
1446940 453
1446950 453
1446960 453
1446970 453
1446980 453
1446990 453
1447000 453
1447010 453
1447020 453
1447030 453
1447040 453
1447050 453
1447060 453
1447070 453
1447080 453
1447090 452
1447100 452
1447110 452
1447120 452
1447130 452
1447140 452
1447150 452
1447160 452
1447170 452
1447180 452
1447190 452
1447200 452
1447210 452
1447220 452
1447230 452
1447240 452
1447250 452
1447260 452
1447270 453
1447280 453
1447290 453
1447300 453
1447310 454
1447320 454
1447330 454
1447340 454
1447350 454
1447360 454
1447370 454
1447380 454
1447390 454
1447400 454
1447410 454
1447420 454
1447430 454
1447440 454
1447450 454
1447460 454
1447470 454
1447480 454
1447490 454
1447500 454
1447510 454
1447520 454
1447530 454
1447540 454
1447550 454
1447560 454
1447570 453
1447580 453
1447590 453
1447600 453
1447610 453
1447620 453
1447630 453
1447640 453
1447650 453
1447660 453
1447670 453
1447680 453
1447690 453
1447700 453
1447710 453
1447720 453
1447730 453
1447740 453
1447750 453
1447760 453
1447770 453
1447780 453
1447790 453
1447800 452
1447810 452
1447820 452
1447830 452
1447840 452
1447850 451
1447860 451
1447870 451
1447880 451
1447890 451
1447900 451
1447910 452
1447920 452
1447930 452
1447940 452
1447950 452
1447960 452
1447970 452
1447980 453
1447990 453
1448000 453
1448010 453
1448020 453
1448030 453
1448040 453
1448050 453
1448060 454
1448070 454
1448080 454
1448090 454
1448100 455
1448110 455
1448120 455
1448130 455
1448140 455
1448150 455
1448160 455
1448170 455
1448180 455
1448190 455
1448200 455
1448210 455
1448220 455
1448230 455
1448240 455
1448250 455
1448260 455
1448270 455
1448280 455
1448290 455
1448300 455
1448310 456
1448320 456
1448330 455
1448340 455
1448350 455
1448360 454
1448370 455
1448380 455
1448390 455
1448400 455
1448410 455
1448420 455
1448430 455
1448440 455
1448450 455
1448460 455
1448470 455
1448480 456
1448490 456
1448500 456
1448510 456
1448520 456
1448530 456
1448540 456
1448550 455
1448560 455
1448570 455
1448580 455
1448590 455
1448600 455
1448610 455
1448620 455
1448630 455
1448640 454
1448650 454
1448660 454
1448670 454
1448680 454
1448690 454
1448700 454
1448710 454
1448720 454
1448730 454
1448740 454
1448750 453
1448760 453
1448770 453
1448780 453
1448790 452
1448800 452
1448810 452
1448820 452
1448830 451
1448840 451
1448850 451
1448860 451
1448870 451
1448880 451
1448890 451
1448900 451
1448910 451
1448920 451
1448930 451
1448940 451
1448950 450
1448960 450
1448970 450
1448980 449
1448990 449
1449000 449
1449010 449
1449020 449
1449030 448
1449040 448
1449050 448
1449060 448
1449070 448
1449080 448
1449090 448
1449100 448
1449110 448
1449120 448
1449130 447
1449140 447
1449150 448
1449160 448
1449170 448
1449180 448
1449190 448
1449200 448
1449210 448
1449220 448
1449230 448
1449240 448
1449250 448
1449260 448
1449270 448
1449280 448
1449290 448
1449300 448
1449310 448
1449320 448
1449330 447
1449340 447
1449350 447
1449360 447
1449370 446
1449380 446
1449390 446
1449400 446
1449410 446
1449420 445
1449430 445
1449440 445
1449450 445
1449460 445
1449470 445
1449480 444
1449490 444
1449500 444
1449510 443
1449520 442
1449530 442
1449540 440
1449550 439
1449560 439
1449570 437
1449580 436
1449590 436
1449600 436
1449610 436
1449620 436
1449630 436
1449640 436
1449650 436
1449660 435
1449670 438
1449680 438
1449690 438
1449700 438
1449710 438
1449720 437
1449730 437
1449740 437
1449750 437
1449760 437
1449770 437
1449780 437
1449790 438
1449800 438
1449810 438
1449820 437
1449830 436
1449840 436
1449850 436
1449860 436
1449870 436
1449880 436
1449890 436
1449900 436
1449910 436
1449920 436
1449930 436
1449940 437
1449950 439
1449960 439
1449970 438
1449980 437
1449990 437
1450000 437
1450010 434
1450020 434
1450030 433
1450040 432
1450050 432
1450060 432
1450070 431
1450080 431
1450090 431
1450100 430
1450110 430
1450120 430
1450130 430
1450140 430
1450150 429
1450160 429
1450170 429
1450180 429
1450190 429
1450200 429
1450210 428
1450220 429
1450230 429
1450240 430
1450250 429
1450260 429
1450270 429
1450280 429
1450290 429
1450300 429
1450310 429
1450320 429
1450330 430
1450340 430
1450350 430
1450360 430
1450370 430
1450380 430
1450390 428
1450400 427
1450410 427
1450420 427
1450430 427
1450440 427
1450450 427
1450460 427
1450470 427
1450480 426
1450490 427
1450500 427
1450510 426
1450520 425
1450530 425
1450540 425
1450550 424
1450560 424
1450570 424
1450580 424
1450590 424
1450600 423
1450610 423
1450620 423
1450630 423
1450640 423
1450650 423
1450660 423
1450670 423
1450680 423
1450690 423
1450700 422
1450710 422
1450720 422
1450730 422
1450740 422
1450750 422
1450760 421
1450770 421
1450780 421
1450790 421
1450800 421
1450810 421
1450820 421
1450830 421
1450840 421
1450850 420
1450860 420
1450870 420
1450880 420
1450890 420
1450900 420
1450910 420
1450920 420
1450930 420
1450940 420
1450950 420
1450960 420
1450970 420
1450980 420
1450990 420
1451000 420
1451010 420
1451020 420
1451030 420
1451040 419
1451050 419
1451060 419
1451070 419
1451080 419
1451090 419
1451100 419
1451110 419
1451120 419
1451130 419
1451140 419
1451150 419
1451160 419
1451170 419
1451180 419
1451190 419
1451200 419
1451210 419
1451220 419
1451230 419
1451240 419
1451250 419
1451260 419
1451270 419
1451280 419
1451290 419
1451300 419
1451310 419
1451320 419
1451330 418
1451340 418
1451350 418
1451360 418
1451370 418
1451380 418
1451390 418
1451400 418
1451410 418
1451420 418
1451430 418
1451440 418
1451450 418
1451460 418
1451470 418
1451480 418
1451490 419
1451500 419
1451510 419
1451520 419
1451530 419
1451540 419
1451550 419
1451560 419
1451570 419
1451580 419
1451590 419
1451600 419
1451610 419
1451620 419
1451630 419
1451640 419
1451650 419
1451660 419
1451670 419
1451680 419
1451690 419
1451700 418
1451710 418
1451720 418
1451730 418
1451740 418
1451750 418
1451760 418
1451770 418
1451780 418
1451790 418
1451800 418
1451810 418
1451820 418
1451830 418
1451840 418
1451850 418
1451860 418
1451870 418
1451880 418
1451890 418
1451900 418
1451910 418
1451920 418
1451930 418
1451940 419
1451950 418
1451960 418
1451970 419
1451980 419
1451990 419
1452000 419
1452010 419
1452020 419
1452030 419
1452040 419
1452050 419
1452060 419
1452070 419
1452080 419
1452090 419
1452100 419
1452110 419
1452120 419
1452130 420
1452140 420
1452150 420
1452160 420
1452170 420
1452180 420
1452190 420
1452200 420
1452210 421
1452220 421
1452230 421
1452240 421
1452250 421
1452260 421
1452270 421
1452280 421
1452290 421
1452300 421
1452310 421
1452320 421
1452330 421
1452340 421
1452350 421
1452360 421
1452370 421
1452380 421
1452390 421
1452400 422
1452410 422
1452420 422
1452430 422
1452440 422
1452450 422
1452460 422
1452470 422
1452480 422
1452490 422
1452500 422
1452510 422
1452520 422
1452530 422
1452540 423
1452550 423
1452560 423
1452570 423
1452580 423
1452590 423
1452600 423
1452610 424
1452620 424
1452630 424
1452640 424
1452650 424
1452660 425
1452670 426
1452680 426
1452690 426
1452700 427
1452710 427
1452720 429
1452730 428
1452740 428
1452750 428
1452760 429
1452770 429
1452780 429
1452790 430
1452800 430
1452810 430
1452820 431
1452830 432
1452840 432
1452850 433
1452860 434
1452870 434
1452880 434
1452890 435
1452900 435
1452910 436
1452920 437
1452930 437
1452940 438
1452950 439
1452960 439
1452970 440
1452980 441
1452990 441
1453000 441
1453010 442
1453020 442
1453030 443
1453040 443
1453050 443
1453060 445
1453070 446
1453080 446
1453090 446
1453100 447
1453110 447
1453120 448
1453130 449
1453140 449
1453150 450
1453160 452
1453170 452
1453180 453
1453190 455
1453200 455
1453210 457
1453220 460
1453230 460
1453240 462
1453250 464
1453260 464
1453270 467
1453280 469
1453290 469
1453300 470
1453310 472
1453320 472
1453330 473
1453340 475
1453350 475
1453360 476
1453370 477
1453380 477
1453390 479
1453400 480
1453410 480
1453420 482
1453430 484
1453440 484
1453450 485
1453460 488
1453470 488
1453480 490
1453490 492
1453500 492
1453510 495
1453520 498
1453530 498
1453540 501
1453550 503
1453560 503
1453570 504
1453580 506
1453590 506
1453600 508
1453610 510
1453620 510
1453630 512
1453640 515
1453650 515
1453660 517
1453670 520
1453680 520
1453690 522
1453700 524
1453710 524
1453720 526
1453730 527
1453740 527
1453750 527
1453760 527
1453770 527
1453780 527
1453790 526
1453800 526
1453810 526
1453820 525
1453830 525
1453840 524
1453850 524
1453860 523
1453870 523
1453880 523
1453890 523
1453900 523
1453910 524
1453920 524
1453930 524
1453940 525
1453950 525
1453960 525
1453970 526
1453980 527
1453990 528
1454000 529
1454010 530
1454020 530
1454030 530
1454040 530
1454050 530
1454060 529
1454070 526
1454080 526
1454090 524
1454100 522
1454110 522
1454120 517
1454130 511
1454140 511
1454150 511
1454160 518
1454170 518
1454180 524
1454190 528
1454200 528
1454210 529
1454220 530
1454230 530
1454240 531
1454250 533
1454260 533
1454270 533
1454280 534
1454290 534
1454300 534
1454310 535
1454320 535
1454330 535
1454340 534
1454350 534
1454360 533
1454370 531
1454380 531
1454390 532
1454400 533
1454410 533
1454420 533
1454430 533
1454440 533
1454450 531
1454460 529
1454470 529
1454480 529
1454490 530
1454500 530
1454510 531
1454520 532
1454530 532
1454540 533
1454550 535
1454560 535
1454570 536
1454580 538
1454590 538
1454600 540
1454610 542
1454620 542
1454630 544
1454640 545
1454650 545
1454660 545
1454670 545
1454680 545
1454690 547
1454700 546
1454710 546
1454720 545
1454730 545
1454740 545
1454750 545
1454760 546
1454770 546
1454780 546
1454790 547
1454800 547
1454810 549
1454820 550
1454830 550
1454840 552
1454850 554
1454860 556
1454870 556
1454880 557
1454890 558
1454900 558
1454910 560
1454920 561
1454930 561
1454940 562
1454950 561
1454960 561
1454970 561
1454980 561
1454990 561
1455000 560
1455010 560
1455020 560
1455030 560
1455040 559
1455050 559
1455060 558
1455070 556
1455080 556
1455090 555
1455100 555
1455110 555
1455120 554
1455130 554
1455140 554
1455150 553
1455160 553
1455170 553
1455180 553
1455190 553
1455200 553
1455210 553
1455220 553
1455230 553
1455240 553
1455250 553
1455260 553
1455270 553
1455280 552
1455290 552
1455300 551
1455310 552
1455320 552
1455330 552
1455340 553
1455350 553
1455360 555
1455370 556
1455380 556
1455390 558
1455400 559
1455410 559
1455420 559
1455430 558
1455440 558
1455450 557
1455460 556
1455470 556
1455480 557
1455490 557
1455500 557
1455510 558
1455520 559
1455530 559
1455540 559
1455550 558
1455560 558
1455570 557
1455580 555
1455590 555
1455600 554
1455610 554
1455620 554
1455630 553
1455640 553
1455650 553
1455660 552
1455670 552
1455680 552
1455690 552
1455700 552
1455710 552
1455720 553
1455730 553
1455740 553
1455750 553
1455760 553
1455770 553
1455780 553
1455790 553
1455800 553
1455810 553
1455820 553
1455830 553
1455840 553
1455850 552
1455860 552
1455870 552
1455880 552
1455890 552
1455900 552
1455910 552
1455920 551
1455930 551
1455940 551
1455950 551
1455960 551
1455970 551
1455980 551
1455990 551
1456000 551
1456010 551
1456020 551
1456030 551
1456040 552
1456050 552
1456060 552
1456070 552
1456080 552
1456090 552
1456100 552
1456110 552
1456120 552
1456130 552
1456140 552
1456150 552
1456160 552
1456170 552
1456180 551
1456190 551
1456200 551
1456210 550
1456220 549
1456230 549
1456240 549
1456250 548
1456260 548
1456270 547
1456280 546
1456290 546
1456300 545
1456310 544
1456320 544
1456330 544
1456340 543
1456350 543
1456360 543
1456370 543
1456380 543
1456390 544
1456400 543
1456410 543
1456420 543
1456430 542
1456440 542
1456450 542
1456460 541
1456470 541
1456480 541
1456490 541
1456500 541
1456510 541
1456520 541
1456530 541
1456540 540
1456550 540
1456560 540
1456570 540
1456580 539
1456590 539
1456600 538
1456610 537
1456620 537
1456630 535
1456640 534
1456650 534
1456660 534
1456670 534
1456680 534
1456690 532
1456700 532
1456710 532
1456720 531
1456730 531
1456740 531
1456750 531
1456760 531
1456770 531
1456780 531
1456790 531
1456800 531
1456810 531
1456820 531
1456830 531
1456840 531
1456850 531
1456860 531
1456870 531
1456880 531
1456890 532
1456900 532
1456910 532
1456920 531
1456930 531
1456940 531
1456950 530
1456960 530
1456970 530
1456980 529
1456990 529
1457000 529
1457010 529
1457020 529
1457030 529
1457040 529
1457050 529
1457060 529
1457070 529
1457080 529
1457090 529
1457100 529
1457110 529
1457120 529
1457130 529
1457140 529
1457150 529
1457160 528
1457170 528
1457180 528
1457190 527
1457200 527
1457210 527
1457220 526
1457230 526
1457240 526
1457250 525
1457260 525
1457270 525
1457280 524
1457290 524
1457300 523
1457310 523
1457320 523
1457330 523
1457340 523
1457350 523
1457360 523
1457370 523
1457380 523
1457390 523
1457400 523
1457410 523
1457420 522
1457430 522
1457440 522
1457450 522
1457460 521
1457470 521
1457480 521
1457490 521
1457500 521
1457510 521
1457520 520
1457530 520
1457540 520
1457550 520
1457560 520
1457570 520
1457580 520
1457590 520
1457600 520
1457610 520
1457620 520
1457630 520
1457640 520
1457650 520
1457660 519
1457670 519
1457680 519
1457690 519
1457700 519
1457710 519
1457720 519
1457730 519
1457740 519
1457750 519
1457760 518
1457770 518
1457780 518
1457790 518
1457800 518
1457810 518
1457820 517
1457830 517
1457840 517
1457850 516
1457860 516
1457870 516
1457880 516
1457890 515
1457900 515
1457910 515
1457920 515
1457930 515
1457940 515
1457950 514
1457960 514
1457970 514
1457980 514
1457990 514
1458000 513
1458010 513
1458020 513
1458030 513
1458040 512
1458050 512
1458060 512
1458070 512
1458080 512
1458090 512
1458100 512
1458110 512
1458120 512
1458130 512
1458140 512
1458150 512
1458160 511
1458170 511
1458180 511
1458190 511
1458200 511
1458210 511
1458220 511
1458230 511
1458240 511
1458250 511
1458260 511
1458270 510
1458280 510
1458290 510
1458300 510
1458310 510
1458320 510
1458330 510
1458340 510
1458350 510
1458360 510
1458370 510
1458380 510
1458390 510
1458400 510
1458410 510
1458420 510
1458430 510
1458440 510
1458450 510
1458460 510
1458470 510
1458480 510
1458490 510
1458500 510
1458510 511
1458520 512
1458530 512
1458540 512
1458550 512
1458560 512
1458570 512
1458580 512
1458590 512
1458600 512
1458610 512
1458620 512
1458630 512
1458640 512
1458650 512
1458660 511
1458670 511
1458680 511
1458690 511
1458700 511
1458710 511
1458720 511
1458730 511
1458740 511
1458750 511
1458760 511
1458770 511
1458780 511
1458790 511
1458800 511
1458810 511
1458820 511
1458830 511
1458840 512
1458850 512
1458860 512
1458870 512
1458880 512
1458890 512
1458900 512
1458910 512
1458920 512
1458930 512
1458940 512
1458950 511
1458960 511
1458970 511
1458980 511
1458990 511
1459000 511
1459010 511
1459020 511
1459030 511
1459040 511
1459050 511
1459060 511
1459070 510
1459080 510
1459090 509
1459100 509
1459110 509
1459120 509
1459130 509
1459140 509
1459150 509
1459160 509
1459170 509
1459180 509
1459190 509
1459200 509
1459210 509
1459220 509
1459230 509
1459240 509
1459250 509
1459260 509
1459270 509
1459280 509
1459290 509
1459300 509
1459310 510
1459320 510
1459330 510
1459340 510
1459350 510
1459360 510
1459370 510
1459380 510
1459390 510
1459400 510
1459410 510
1459420 510
1459430 510
1459440 510
1459450 510
1459460 510
1459470 510
1459480 510
1459490 510
1459500 510
1459510 510
1459520 510
1459530 510
1459540 510
1459550 510
1459560 510
1459570 510
1459580 509
1459590 509
1459600 509
1459610 509
1459620 509
1459630 508
1459640 508
1459650 508
1459660 508
1459670 508
1459680 508
1459690 508
1459700 508
1459710 508
1459720 508
1459730 508
1459740 508
1459750 508
1459760 508
1459770 508
1459780 508
1459790 508
1459800 508
1459810 508
1459820 508
1459830 508
1459840 509
1459850 509
1459860 509
1459870 509
1459880 509
1459890 509
1459900 509
1459910 509
1459920 509
1459930 509
1459940 510
1459950 510
1459960 510
1459970 510
1459980 510
1459990 510
