1440000 421
1440010 421
1440020 421
1440030 421
1440040 421
1440050 421
1440060 421
1440070 421
1440080 421
1440090 421
1440100 421
1440110 421
1440120 422
1440130 422
1440140 422
1440150 421
1440160 421
1440170 421
1440180 422
1440190 422
1440200 422
1440210 422
1440220 422
1440230 422
1440240 422
1440250 424
1440260 424
1440270 423
1440280 423
1440290 423
1440300 423
1440310 423
1440320 423
1440330 423
1440340 423
1440350 423
1440360 423
1440370 423
1440380 423
1440390 422
1440400 422
1440410 422
1440420 422
1440430 422
1440440 422
1440450 422
1440460 422
1440470 422
1440480 422
1440490 422
1440500 422
1440510 422
1440520 422
1440530 422
1440540 422
1440550 422
1440560 422
1440570 422
1440580 422
1440590 422
1440600 422
1440610 422
1440620 422
1440630 422
1440640 422
1440650 422
1440660 422
1440670 422
1440680 422
1440690 422
1440700 421
1440710 421
1440720 422
1440730 422
1440740 422
1440750 423
1440760 424
1440770 424
1440780 424
1440790 423
1440800 423
1440810 423
1440820 424
1440830 424
1440840 424
1440850 423
1440860 423
1440870 423
1440880 422
1440890 422
1440900 422
1440910 422
1440920 422
1440930 422
1440940 422
1440950 422
1440960 422
1440970 422
1440980 422
1440990 422
1441000 422
1441010 422
1441020 422
1441030 422
1441040 422
1441050 422
1441060 422
1441070 422
1441080 422
1441090 422
1441100 422
1441110 422
1441120 422
1441130 422
1441140 422
1441150 422
1441160 422
1441170 422
1441180 422
1441190 422
1441200 422
1441210 422
1441220 422
1441230 422
1441240 422
1441250 422
1441260 422
1441270 422
1441280 422
1441290 422
1441300 422
1441310 422
1441320 422
1441330 422
1441340 422
1441350 422
1441360 422
1441370 423
1441380 423
1441390 423
1441400 423
1441410 423
1441420 423
1441430 423
1441440 423
1441450 423
1441460 423
1441470 423
1441480 424
1441490 424
1441500 424
1441510 425
1441520 425
1441530 425
1441540 426
1441550 426
1441560 426
1441570 426
1441580 425
1441590 425
1441600 425
1441610 425
1441620 425
1441630 425
1441640 425
1441650 425
1441660 426
1441670 426
1441680 426
1441690 426
1441700 427
1441710 427
1441720 428
1441730 428
1441740 428
1441750 429
1441760 430
1441770 430
1441780 430
1441790 431
1441800 431
1441810 432
1441820 432
1441830 432
1441840 433
1441850 433
1441860 433
1441870 433
1441880 434
1441890 434
1441900 434
1441910 434
1441920 434
1441930 434
1441940 434
1441950 434
1441960 434
1441970 434
1441980 434
1441990 434
1442000 433
1442010 433
1442020 433
1442030 434
1442040 434
1442050 434
1442060 433
1442070 433
1442080 433
1442090 433
1442100 433
1442110 433
1442120 433
1442130 433
1442140 433
1442150 433
1442160 433
1442170 433
1442180 433
1442190 433
1442200 433
1442210 433
1442220 433
1442230 434
1442240 435
1442250 434
1442260 434
1442270 434
1442280 434
1442290 434
1442300 433
1442310 433
1442320 433
1442330 433
1442340 432
1442350 432
1442360 432
1442370 431
1442380 431
1442390 431
1442400 430
1442410 430
1442420 430
1442430 429
1442440 429
1442450 429
1442460 429
1442470 429
1442480 429
1442490 429
1442500 429
1442510 428
1442520 428
1442530 428
1442540 428
1442550 428
1442560 428
1442570 427
1442580 427
1442590 427
1442600 427
1442610 426
1442620 426
1442630 426
1442640 426
1442650 426
1442660 426
1442670 426
1442680 426
1442690 425
1442700 425
1442710 425
1442720 425
1442730 425
1442740 425
1442750 425
1442760 425
1442770 425
1442780 425
1442790 425
1442800 425
1442810 425
1442820 426
1442830 426
1442840 426
1442850 425
1442860 425
1442870 425
1442880 425
1442890 425
1442900 425
1442910 426
1442920 426
1442930 426
1442940 426
1442950 426
1442960 426
1442970 426
1442980 426
1442990 426
1443000 426
1443010 426
1443020 426
1443030 426
1443040 426
1443050 426
1443060 427
1443070 427
1443080 427
1443090 426
1443100 426
1443110 426
1443120 426
1443130 426
1443140 426
1443150 426
1443160 426
1443170 426
1443180 426
1443190 426
1443200 426
1443210 426
1443220 426
1443230 426
1443240 426
1443250 426
1443260 426
1443270 426
1443280 426
1443290 426
1443300 426
1443310 426
1443320 426
1443330 426
1443340 426
1443350 426
1443360 426
1443370 426
1443380 426
1443390 426
1443400 426
1443410 426
1443420 426
1443430 426
1443440 426
1443450 427
1443460 426
1443470 426
1443480 427
1443490 427
1443500 427
1443510 427
1443520 427
1443530 427
1443540 427
1443550 427
1443560 427
1443570 427
1443580 427
1443590 427
1443600 427
1443610 427
1443620 427
1443630 427
1443640 427
1443650 427
1443660 428
1443670 428
1443680 428
1443690 428
1443700 427
1443710 427
1443720 427
1443730 427
1443740 427
1443750 427
1443760 428
1443770 428
1443780 428
1443790 428
1443800 428
1443810 429
1443820 429
1443830 429
1443840 430
1443850 431
1443860 431
1443870 431
1443880 432
1443890 432
1443900 432
1443910 433
1443920 433
1443930 433
1443940 434
1443950 434
1443960 434
1443970 434
1443980 434
1443990 435
1444000 435
1444010 435
1444020 435
1444030 435
1444040 435
1444050 435
1444060 436
1444070 436
1444080 436
1444090 436
1444100 436
1444110 436
1444120 436
1444130 436
1444140 436
1444150 436
1444160 436
1444170 436
1444180 435
1444190 435
1444200 435
1444210 435
1444220 435
1444230 435
1444240 435
1444250 435
1444260 434
1444270 434
1444280 434
1444290 434
1444300 434
1444310 434
1444320 434
1444330 434
1444340 434
1444350 434
1444360 434
1444370 434
1444380 434
1444390 434
1444400 435
1444410 435
1444420 435
1444430 436
1444440 436
1444450 437
1444460 438
1444470 438
1444480 438
1444490 439
1444500 439
1444510 439
1444520 439
1444530 439
1444540 440
1444550 440
1444560 440
1444570 440
1444580 441
1444590 441
1444600 441
1444610 441
1444620 441
1444630 442
1444640 442
1444650 442
1444660 442
1444670 443
1444680 443
1444690 443
1444700 443
1444710 443
1444720 443
1444730 444
1444740 444
1444750 444
1444760 444
1444770 444
1444780 445
1444790 445
1444800 445
1444810 445
1444820 445
1444830 445
1444840 445
1444850 446
1444860 446
1444870 446
1444880 446
1444890 446
1444900 446
1444910 446
1444920 446
1444930 446
1444940 446
1444950 446
1444960 447
1444970 447
1444980 447
1444990 447
1445000 448
1445010 448
1445020 448
1445030 449
1445040 449
1445050 449
1445060 450
1445070 450
1445080 450
1445090 450
1445100 450
1445110 451
1445120 451
1445130 451
1445140 451
1445150 451
1445160 451
1445170 452
1445180 452
1445190 452
1445200 453
1445210 453
1445220 453
1445230 453
1445240 453
1445250 453
1445260 453
1445270 452
1445280 452
1445290 452
1445300 452
1445310 452
1445320 451
1445330 451
1445340 451
1445350 451
1445360 451
1445370 451
1445380 451
1445390 451
1445400 451
1445410 451
1445420 451
1445430 451
1445440 451
1445450 451
1445460 451
1445470 451
1445480 451
1445490 451
1445500 451
1445510 451
1445520 450
1445530 450
1445540 450
1445550 450
1445560 450
1445570 450
1445580 450
1445590 450
1445600 449
1445610 449
1445620 449
1445630 449
1445640 449
1445650 449
1445660 449
1445670 449
1445680 449
1445690 449
1445700 449
1445710 449
1445720 448
1445730 448
1445740 448
1445750 448
1445760 448
1445770 448
1445780 448
1445790 448
1445800 448
1445810 448
1445820 449
1445830 449
1445840 449
1445850 449
1445860 449
1445870 449
1445880 449
1445890 449
1445900 450
1445910 450
1445920 450
1445930 450
1445940 450
1445950 450
1445960 450
1445970 450
1445980 450
1445990 450
1446000 450
1446010 450
1446020 450
1446030 450
1446040 450
1446050 450
1446060 451
1446070 451
1446080 451
1446090 451
1446100 451
1446110 451
1446120 452
1446130 452
1446140 452
1446150 452
1446160 452
1446170 452
1446180 452
1446190 452
1446200 452
1446210 452
1446220 452
1446230 452
1446240 452
1446250 452
1446260 452
1446270 452
1446280 452
1446290 453
1446300 453
1446310 453
1446320 453
1446330 453
1446340 453
1446350 453
1446360 453
1446370 453
1446380 453
1446390 453
1446400 453
1446410 453
1446420 454
1446430 454
1446440 454
1446450 454
1446460 454
1446470 454
1446480 454
1446490 454
1446500 454
1446510 454
1446520 454
1446530 454
1446540 454
1446550 454
1446560 454
1446570 455
1446580 455
1446590 455
1446600 455
1446610 455
1446620 455
1446630 455
1446640 455
1446650 455
1446660 455
1446670 455
1446680 455
1446690 455
1446700 455
1446710 455
1446720 456
1446730 456
1446740 456
1446750 455
1446760 455
1446770 455
1446780 456
1446790 456
1446800 456
1446810 456
1446820 456
1446830 456
1446840 456
1446850 456
1446860 456
1446870 456
1446880 456
1446890 456
1446900 456
1446910 456
1446920 456
1446930 456
1446940 456
1446950 456
1446960 456
1446970 455
1446980 455
1446990 455
1447000 455
1447010 455
1447020 455
1447030 455
1447040 455
1447050 455
1447060 455
1447070 455
1447080 456
1447090 456
1447100 456
1447110 456
1447120 456
1447130 456
1447140 456
1447150 456
1447160 456
1447170 457
1447180 457
1447190 457
1447200 457
1447210 457
1447220 457
1447230 457
1447240 457
1447250 457
1447260 457
1447270 457
1447280 457
1447290 457
1447300 457
1447310 457
1447320 457
1447330 457
1447340 457
1447350 457
1447360 457
1447370 457
1447380 457
1447390 457
1447400 457
1447410 457
1447420 457
1447430 457
1447440 457
1447450 457
1447460 457
1447470 457
1447480 457
1447490 457
1447500 457
1447510 457
1447520 457
1447530 457
1447540 457
1447550 457
1447560 457
1447570 457
1447580 457
1447590 457
1447600 457
1447610 457
1447620 457
1447630 458
1447640 458
1447650 458
1447660 458
1447670 458
1447680 458
1447690 458
1447700 459
1447710 459
1447720 459
1447730 459
1447740 459
1447750 459
1447760 460
1447770 460
1447780 460
1447790 460
1447800 460
1447810 460
1447820 461
1447830 461
1447840 461
1447850 462
1447860 462
1447870 462
1447880 462
1447890 462
1447900 463
1447910 463
1447920 463
1447930 464
1447940 464
1447950 464
1447960 464
1447970 464
1447980 464
1447990 463
1448000 463
1448010 463
1448020 463
1448030 462
1448040 462
1448050 462
1448060 462
1448070 462
1448080 462
1448090 462
1448100 462
1448110 462
1448120 462
1448130 462
1448140 462
1448150 462
1448160 462
1448170 462
1448180 462
1448190 462
1448200 462
1448210 463
1448220 463
1448230 463
1448240 463
1448250 463
1448260 464
1448270 464
1448280 464
1448290 464
1448300 465
1448310 465
1448320 465
1448330 465
1448340 465
1448350 465
1448360 465
1448370 465
1448380 465
1448390 465
1448400 465
1448410 465
1448420 464
1448430 464
1448440 465
1448450 465
1448460 465
1448470 465
1448480 465
1448490 465
1448500 465
1448510 466
1448520 466
1448530 466
1448540 466
1448550 466
1448560 466
1448570 467
1448580 467
1448590 467
1448600 467
1448610 467
1448620 467
1448630 467
1448640 467
1448650 468
1448660 469
1448670 469
1448680 469
1448690 470
1448700 471
1448710 471
1448720 471
1448730 472
1448740 472
1448750 473
1448760 474
1448770 474
1448780 475
1448790 476
1448800 476
1448810 477
1448820 478
1448830 478
1448840 480
1448850 481
1448860 481
1448870 482
1448880 483
1448890 483
1448900 485
1448910 486
1448920 486
1448930 487
1448940 488
1448950 488
1448960 489
1448970 491
1448980 491
1448990 492
1449000 494
1449010 494
1449020 495
1449030 497
1449040 497
1449050 498
1449060 500
1449070 500
1449080 502
1449090 504
1449100 504
1449110 506
1449120 508
1449130 508
1449140 510
1449150 511
1449160 511
1449170 513
1449180 514
1449190 514
1449200 516
1449210 518
1449220 518
1449230 519
1449240 521
1449250 521
1449260 522
1449270 523
1449280 523
1449290 525
1449300 527
1449310 527
1449320 529
1449330 531
1449340 531
1449350 532
1449360 533
1449370 533
1449380 534
1449390 534
1449400 534
1449410 533
1449420 532
1449430 532
1449440 530
1449450 529
1449460 529
1449470 528
1449480 527
1449490 527
1449500 525
1449510 523
1449520 523
1449530 522
1449540 522
1449550 522
1449560 521
1449570 520
1449580 520
1449590 520
1449600 520
1449610 520
1449620 519
1449630 519
1449640 519
1449650 518
1449660 518
1449670 518
1449680 517
1449690 517
1449700 517
1449710 517
1449720 517
1449730 517
1449740 517
1449750 517
1449760 517
1449770 517
1449780 517
1449790 517
1449800 517
1449810 518
1449820 519
1449830 519
1449840 519
1449850 519
1449860 519
1449870 519
1449880 518
1449890 518
1449900 518
1449910 518
1449920 518
1449930 517
1449940 516
1449950 516
1449960 515
1449970 515
1449980 515
1449990 515
1450000 515
1450010 515
1450020 515
1450030 515
1450040 515
1450050 516
1450060 516
1450070 516
1450080 517
1450090 519
1450100 519
1450110 520
1450120 521
1450130 521
1450140 521
1450150 523
1450160 523
1450170 524
1450180 525
1450190 525
1450200 526
1450210 527
1450220 527
1450230 527
1450240 528
1450250 528
1450260 528
1450270 527
1450280 527
1450290 526
1450300 524
1450310 524
1450320 523
1450330 521
1450340 521
1450350 518
1450360 514
1450370 514
1450380 513
1450390 510
1450400 510
1450410 508
1450420 506
1450430 506
1450440 505
1450450 503
1450460 503
1450470 501
1450480 500
1450490 500
1450500 499
1450510 498
1450520 498
1450530 498
1450540 497
1450550 497
1450560 497
1450570 495
1450580 495
1450590 495
1450600 495
1450610 495
1450620 496
1450630 499
1450640 499
1450650 500
1450660 500
1450670 500
1450680 499
1450690 500
1450700 500
1450710 501
1450720 500
1450730 500
1450740 495
1450750 496
1450760 496
1450770 497
1450780 498
1450790 498
1450800 497
1450810 495
1450820 495
1450830 493
1450840 490
1450850 494
1450860 494
1450870 497
1450880 501
1450890 501
1450900 504
1450910 507
1450920 507
1450930 509
1450940 511
1450950 511
1450960 513
1450970 515
1450980 515
1450990 518
1451000 519
1451010 519
1451020 521
1451030 523
1451040 523
1451050 523
1451060 523
1451070 523
1451080 516
1451090 509
1451100 509
1451110 504
1451120 502
1451130 502
1451140 500
1451150 495
1451160 495
1451170 493
1451180 489
1451190 489
1451200 487
1451210 484
1451220 484
1451230 478
1451240 473
1451250 473
1451260 471
1451270 471
1451280 471
1451290 471
1451300 473
1451310 473
1451320 474
1451330 475
1451340 475
1451350 477
1451360 480
1451370 480
1451380 482
1451390 484
1451400 484
1451410 484
1451420 484
1451430 484
1451440 482
1451450 481
1451460 481
1451470 479
1451480 476
1451490 476
1451500 473
1451510 468
1451520 468
1451530 464
1451540 460
1451550 460
1451560 456
1451570 452
1451580 452
1451590 449
1451600 447
1451610 447
1451620 444
1451630 442
1451640 442
1451650 440
1451660 438
1451670 438
1451680 436
1451690 435
1451700 435
1451710 433
1451720 433
1451730 433
1451740 432
1451750 432
1451760 432
1451770 431
1451780 431
1451790 431
1451800 431
1451810 431
1451820 431
1451830 431
1451840 431
1451850 431
1451860 431
1451870 430
1451880 430
1451890 430
1451900 429
1451910 429
1451920 429
1451930 428
1451940 428
1451950 428
1451960 427
1451970 427
1451980 427
1451990 427
1452000 426
1452010 426
1452020 426
1452030 425
1452040 425
1452050 425
1452060 425
1452070 425
1452080 425
1452090 424
1452100 424
1452110 424
1452120 424
1452130 424
1452140 423
1452150 423
1452160 423
1452170 422
1452180 422
1452190 422
1452200 422
1452210 422
1452220 422
1452230 422
1452240 422
1452250 422
1452260 422
1452270 422
1452280 422
1452290 422
1452300 422
1452310 422
1452320 422
1452330 423
1452340 423
1452350 423
1452360 423
1452370 423
1452380 424
1452390 424
1452400 424
1452410 425
1452420 425
1452430 425
1452440 426
1452450 426
1452460 426
1452470 426
1452480 427
1452490 427
1452500 428
1452510 429
1452520 429
1452530 430
1452540 431
1452550 431
1452560 431
1452570 431
1452580 431
1452590 431
1452600 430
1452610 430
1452620 430
1452630 430
1452640 430
1452650 429
1452660 429
1452670 429
1452680 429
1452690 429
1452700 429
1452710 429
1452720 430
1452730 430
1452740 430
1452750 431
1452760 431
1452770 431
1452780 432
1452790 432
1452800 433
1452810 433
1452820 433
1452830 433
1452840 433
1452850 433
1452860 432
1452870 432
1452880 432
1452890 432
1452900 431
1452910 431
1452920 431
1452930 431
1452940 431
1452950 431
1452960 431
1452970 431
1452980 431
1452990 431
1453000 431
1453010 432
1453020 432
1453030 432
1453040 432
1453050 432
1453060 433
1453070 433
1453080 433
1453090 434
1453100 434
1453110 435
1453120 435
1453130 435
1453140 436
1453150 436
1453160 436
1453170 437
1453180 437
1453190 437
1453200 438
1453210 438
1453220 438
1453230 439
1453240 439
1453250 439
1453260 440
1453270 441
1453280 441
1453290 442
1453300 443
1453310 443
1453320 444
1453330 445
1453340 445
1453350 445
1453360 446
1453370 446
1453380 447
1453390 448
1453400 448
1453410 449
1453420 450
1453430 450
1453440 450
1453450 451
1453460 451
1453470 451
1453480 452
1453490 452
1453500 453
1453510 454
1453520 454
1453530 455
1453540 456
1453550 456
1453560 457
1453570 459
1453580 459
1453590 461
1453600 463
1453610 463
1453620 465
1453630 466
1453640 466
1453650 468
1453660 470
1453670 470
1453680 473
1453690 477
1453700 477
1453710 483
1453720 487
1453730 487
1453740 492
1453750 495
1453760 495
1453770 496
1453780 497
1453790 497
1453800 498
1453810 500
1453820 500
1453830 501
1453840 502
1453850 502
1453860 503
1453870 503
1453880 503
1453890 503
1453900 503
1453910 503
1453920 502
1453930 501
1453940 501
1453950 501
1453960 501
1453970 501
1453980 500
1453990 500
1454000 500
1454010 500
1454020 500
1454030 500
1454040 497
1454050 494
1454060 494
1454070 495
1454080 498
1454090 499
1454100 499
1454110 500
1454120 500
1454130 500
1454140 501
1454150 501
1454160 501
1454170 501
1454180 501
1454190 501
1454200 501
1454210 501
1454220 501
1454230 502
1454240 502
1454250 502
1454260 503
1454270 504
1454280 504
1454290 505
1454300 506
1454310 506
1454320 507
1454330 508
1454340 508
1454350 509
1454360 510
1454370 510
1454380 512
1454390 513
1454400 513
1454410 514
1454420 515
1454430 515
1454440 517
1454450 518
1454460 518
1454470 520
1454480 521
1454490 521
1454500 522
1454510 522
1454520 522
1454530 522
1454540 522
1454550 522
1454560 522
1454570 523
1454580 523
1454590 525
1454600 527
1454610 527
1454620 528
1454630 529
1454640 529
1454650 531
1454660 533
1454670 533
1454680 535
1454690 537
1454700 537
1454710 537
1454720 538
1454730 538
1454740 538
1454750 538
1454760 538
1454770 539
1454780 541
1454790 541
1454800 542
1454810 543
1454820 543
1454830 545
1454840 547
1454850 547
1454860 549
1454870 552
1454880 552
1454890 554
1454900 555
1454910 555
1454920 555
1454930 553
1454940 553
1454950 549
1454960 546
1454970 546
1454980 543
1454990 542
1455000 542
1455010 542
1455020 542
1455030 542
1455040 542
1455050 542
1455060 542
1455070 542
1455080 543
1455090 543
1455100 543
1455110 543
1455120 543
1455130 543
1455140 543
1455150 543
1455160 543
1455170 543
1455180 543
1455190 543
1455200 542
1455210 541
1455220 541
1455230 540
1455240 539
1455250 539
1455260 539
1455270 539
1455280 539
1455290 539
1455300 539
1455310 539
1455320 539
1455330 539
1455340 539
1455350 539
1455360 539
1455370 539
1455380 539
1455390 539
1455400 539
1455410 539
1455420 539
1455430 539
1455440 539
1455450 539
1455460 539
1455470 540
1455480 540
1455490 540
1455500 540
1455510 541
1455520 541
1455530 541
1455540 542
1455550 542
1455560 542
1455570 542
1455580 542
1455590 542
1455600 542
1455610 542
1455620 542
1455630 543
1455640 543
1455650 543
1455660 543
1455670 543
1455680 543
1455690 543
1455700 543
1455710 543
1455720 543
1455730 543
1455740 543
1455750 542
1455760 542
1455770 542
1455780 542
1455790 542
1455800 542
1455810 542
1455820 542
1455830 542
1455840 543
1455850 543
1455860 543
1455870 543
1455880 543
1455890 543
1455900 543
1455910 543
1455920 543
1455930 542
1455940 542
1455950 542
1455960 542
1455970 542
1455980 542
1455990 542
1456000 542
1456010 542
1456020 542
1456030 542
1456040 542
1456050 542
1456060 542
1456070 542
1456080 542
1456090 542
1456100 542
1456110 542
1456120 542
1456130 542
1456140 541
1456150 541
1456160 541
1456170 541
1456180 541
1456190 540
1456200 540
1456210 540
1456220 540
1456230 540
1456240 539
1456250 539
1456260 539
1456270 539
1456280 539
1456290 538
1456300 538
1456310 538
1456320 538
1456330 537
1456340 537
1456350 537
1456360 537
1456370 537
1456380 537
1456390 537
1456400 537
1456410 537
1456420 536
1456430 536
1456440 535
1456450 535
1456460 535
1456470 534
1456480 533
1456490 533
1456500 532
1456510 531
1456520 531
1456530 529
1456540 528
1456550 528
1456560 527
1456570 526
1456580 526
1456590 525
1456600 524
1456610 524
1456620 524
1456630 524
1456640 524
1456650 524
1456660 524
1456670 524
1456680 524
1456690 523
1456700 523
1456710 523
1456720 523
1456730 523
1456740 522
1456750 522
1456760 522
1456770 523
1456780 523
1456790 523
1456800 523
1456810 524
1456820 524
1456830 524
1456840 524
1456850 524
1456860 524
1456870 524
1456880 524
1456890 524
1456900 524
1456910 524
1456920 524
1456930 524
1456940 524
1456950 523
1456960 523
1456970 523
1456980 523
1456990 523
1457000 523
1457010 522
1457020 522
1457030 522
1457040 522
1457050 522
1457060 522
1457070 523
1457080 523
1457090 523
1457100 523
1457110 523
1457120 523
1457130 522
1457140 522
1457150 522
1457160 522
1457170 522
1457180 522
1457190 522
1457200 522
1457210 522
1457220 521
1457230 520
1457240 520
1457250 519
1457260 518
1457270 518
1457280 518
1457290 518
1457300 518
1457310 518
1457320 519
1457330 519
1457340 519
1457350 520
1457360 520
1457370 520
1457380 519
1457390 518
1457400 518
1457410 517
1457420 517
1457430 517
1457440 516
1457450 515
1457460 515
1457470 515
1457480 515
1457490 515
1457500 515
1457510 514
1457520 514
1457530 514
1457540 514
1457550 514
1457560 514
1457570 514
1457580 514
1457590 515
1457600 515
1457610 515
1457620 515
1457630 516
1457640 516
1457650 517
1457660 517
1457670 517
1457680 517
1457690 516
1457700 516
1457710 515
1457720 515
1457730 515
1457740 515
1457750 515
1457760 515
1457770 515
1457780 516
1457790 516
1457800 516
1457810 516
1457820 516
1457830 517
1457840 517
1457850 517
1457860 517
1457870 518
1457880 518
1457890 518
1457900 518
1457910 518
1457920 518
1457930 518
1457940 518
1457950 518
1457960 518
1457970 518
1457980 518
1457990 518
1458000 518
1458010 519
1458020 519
1458030 519
1458040 519
1458050 519
1458060 519
1458070 519
1458080 519
1458090 519
1458100 520
1458110 520
1458120 520
1458130 520
1458140 520
1458150 520
1458160 521
1458170 521
1458180 521
1458190 521
1458200 521
1458210 521
1458220 521
1458230 521
1458240 521
1458250 521
1458260 521
1458270 521
1458280 522
1458290 522
1458300 522
1458310 522
1458320 523
1458330 523
1458340 523
1458350 523
1458360 523
1458370 524
1458380 524
1458390 524
1458400 524
1458410 525
1458420 525
1458430 525
1458440 525
1458450 526
1458460 526
1458470 526
1458480 526
1458490 526
1458500 527
1458510 527
1458520 527
1458530 527
1458540 527
1458550 527
1458560 527
1458570 528
1458580 528
1458590 528
1458600 528
1458610 528
1458620 528
1458630 528
1458640 528
1458650 529
1458660 529
1458670 529
1458680 529
1458690 530
1458700 530
1458710 530
1458720 530
1458730 530
1458740 531
1458750 531
1458760 531
1458770 531
1458780 531
1458790 531
1458800 531
1458810 532
1458820 532
1458830 532
1458840 532
1458850 532
1458860 532
1458870 533
1458880 533
1458890 533
1458900 532
1458910 532
1458920 532
1458930 532
1458940 532
1458950 533
1458960 533
1458970 533
1458980 533
1458990 533
1459000 533
1459010 533
1459020 533
1459030 533
1459040 533
1459050 533
1459060 533
1459070 534
1459080 534
1459090 534
1459100 536
1459110 537
1459120 537
1459130 538
1459140 539
1459150 539
1459160 540
1459170 541
1459180 541
1459190 541
1459200 542
1459210 542
1459220 543
1459230 543
1459240 543
1459250 543
1459260 544
1459270 544
1459280 544
1459290 545
1459300 545
1459310 545
1459320 546
1459330 546
1459340 546
1459350 547
1459360 547
1459370 547
1459380 547
1459390 547
1459400 548
1459410 548
1459420 548
1459430 548
1459440 548
1459450 548
1459460 549
1459470 549
1459480 549
1459490 549
1459500 550
1459510 551
1459520 551
1459530 551
1459540 552
1459550 552
1459560 552
1459570 553
1459580 553
1459590 553
1459600 553
1459610 553
1459620 553
1459630 553
1459640 553
1459650 553
1459660 553
1459670 553
1459680 553
1459690 553
1459700 553
1459710 553
1459720 553
1459730 553
1459740 554
1459750 554
1459760 554
1459770 554
1459780 554
1459790 554
1459800 554
1459810 555
1459820 555
1459830 555
1459840 555
1459850 555
1459860 556
1459870 556
1459880 556
1459890 556
1459900 557
1459910 557
1459920 557
1459930 557
1459940 557
1459950 557
1459960 558
1459970 558
1459980 558
1459990 558
