1440000 422
1440010 422
1440020 422
1440030 422
1440040 422
1440050 422
1440060 422
1440070 422
1440080 422
1440090 422
1440100 422
1440110 422
1440120 422
1440130 422
1440140 422
1440150 422
1440160 421
1440170 421
1440180 421
1440190 421
1440200 421
1440210 421
1440220 421
1440230 421
1440240 422
1440250 422
1440260 422
1440270 423
1440280 423
1440290 423
1440300 423
1440310 423
1440320 423
1440330 423
1440340 422
1440350 422
1440360 422
1440370 422
1440380 422
1440390 422
1440400 422
1440410 422
1440420 422
1440430 423
1440440 423
1440450 423
1440460 423
1440470 423
1440480 423
1440490 423
1440500 423
1440510 423
1440520 422
1440530 422
1440540 422
1440550 422
1440560 422
1440570 422
1440580 422
1440590 422
1440600 422
1440610 422
1440620 422
1440630 422
1440640 422
1440650 422
1440660 422
1440670 422
1440680 422
1440690 422
1440700 422
1440710 422
1440720 422
1440730 423
1440740 423
1440750 423
1440760 423
1440770 422
1440780 422
1440790 422
1440800 422
1440810 422
1440820 422
1440830 422
1440840 422
1440850 422
1440860 422
1440870 422
1440880 422
1440890 422
1440900 422
1440910 422
1440920 422
1440930 422
1440940 422
1440950 422
1440960 422
1440970 422
1440980 423
1440990 423
1441000 423
1441010 422
1441020 422
1441030 422
1441040 422
1441050 422
1441060 422
1441070 422
1441080 422
1441090 422
1441100 422
1441110 422
1441120 422
1441130 422
1441140 422
1441150 422
1441160 422
1441170 422
1441180 423
1441190 423
1441200 423
1441210 423
1441220 423
1441230 423
1441240 423
1441250 423
1441260 423
1441270 423
1441280 423
1441290 423
1441300 423
1441310 423
1441320 423
1441330 423
1441340 423
1441350 423
1441360 423
1441370 423
1441380 423
1441390 423
1441400 423
1441410 423
1441420 423
1441430 423
1441440 423
1441450 423
1441460 423
1441470 423
1441480 424
1441490 424
1441500 424
1441510 424
1441520 423
1441530 423
1441540 423
1441550 423
1441560 423
1441570 423
1441580 423
1441590 423
1441600 423
1441610 423
1441620 423
1441630 423
1441640 424
1441650 424
1441660 424
1441670 425
1441680 425
1441690 425
1441700 425
1441710 425
1441720 425
1441730 426
1441740 427
1441750 427
1441760 426
1441770 426
1441780 426
1441790 425
1441800 425
1441810 425
1441820 424
1441830 424
1441840 424
1441850 424
1441860 424
1441870 424
1441880 424
1441890 424
1441900 424
1441910 424
1441920 424
1441930 424
1441940 424
1441950 424
1441960 424
1441970 424
1441980 424
1441990 424
1442000 424
1442010 424
1442020 424
1442030 424
1442040 424
1442050 424
1442060 424
1442070 424
1442080 424
1442090 425
1442100 425
1442110 425
1442120 425
1442130 425
1442140 425
1442150 425
1442160 425
1442170 425
1442180 426
1442190 425
1442200 425
1442210 425
1442220 425
1442230 425
1442240 426
1442250 426
1442260 426
1442270 426
1442280 426
1442290 426
1442300 426
1442310 426
1442320 426
1442330 426
1442340 426
1442350 426
1442360 426
1442370 426
1442380 426
1442390 426
1442400 426
1442410 426
1442420 426
1442430 426
1442440 426
1442450 426
1442460 426
1442470 426
1442480 427
1442490 427
1442500 427
1442510 428
1442520 428
1442530 428
1442540 428
1442550 428
1442560 428
1442570 428
1442580 428
1442590 428
1442600 428
1442610 428
1442620 428
1442630 428
1442640 428
1442650 428
1442660 428
1442670 428
1442680 428
1442690 428
1442700 428
1442710 428
1442720 428
1442730 428
1442740 429
1442750 429
1442760 429
1442770 429
1442780 429
1442790 429
1442800 429
1442810 429
1442820 429
1442830 429
1442840 429
1442850 429
1442860 429
1442870 429
1442880 429
1442890 429
1442900 429
1442910 429
1442920 429
1442930 429
1442940 429
1442950 429
1442960 429
1442970 429
1442980 429
1442990 429
1443000 429
1443010 429
1443020 429
1443030 429
1443040 429
1443050 429
1443060 429
1443070 429
1443080 429
1443090 429
1443100 429
1443110 429
1443120 429
1443130 429
1443140 429
1443150 429
1443160 429
1443170 429
1443180 429
1443190 429
1443200 429
1443210 429
1443220 429
1443230 429
1443240 429
1443250 429
1443260 429
1443270 429
1443280 429
1443290 429
1443300 429
1443310 429
1443320 429
1443330 429
1443340 428
1443350 428
1443360 428
1443370 428
1443380 428
1443390 428
1443400 427
1443410 427
1443420 428
1443430 428
1443440 428
1443450 428
1443460 428
1443470 428
1443480 428
1443490 428
1443500 428
1443510 428
1443520 428
1443530 428
1443540 428
1443550 428
1443560 428
1443570 428
1443580 428
1443590 428
1443600 429
1443610 429
1443620 429
1443630 428
1443640 428
1443650 428
1443660 428
1443670 429
1443680 428
1443690 428
1443700 429
1443710 429
1443720 429
1443730 429
1443740 429
1443750 429
1443760 429
1443770 429
1443780 429
1443790 429
1443800 429
1443810 429
1443820 429
1443830 429
1443840 429
1443850 430
1443860 430
1443870 430
1443880 430
1443890 430
1443900 430
1443910 430
1443920 430
1443930 430
1443940 431
1443950 431
1443960 431
1443970 431
1443980 431
1443990 431
1444000 432
1444010 432
1444020 432
1444030 432
1444040 432
1444050 432
1444060 433
1444070 433
1444080 433
1444090 433
1444100 433
1444110 433
1444120 434
1444130 434
1444140 434
1444150 434
1444160 434
1444170 434
1444180 435
1444190 435
1444200 435
1444210 435
1444220 436
1444230 436
1444240 436
1444250 436
1444260 436
1444270 436
1444280 435
1444290 435
1444300 435
1444310 435
1444320 435
1444330 435
1444340 434
1444350 434
1444360 434
1444370 434
1444380 434
1444390 434
1444400 434
1444410 434
1444420 434
1444430 434
1444440 434
1444450 434
1444460 434
1444470 434
1444480 434
1444490 435
1444500 435
1444510 435
1444520 435
1444530 435
1444540 436
1444550 436
1444560 436
1444570 437
1444580 437
1444590 437
1444600 438
1444610 438
1444620 438
1444630 438
1444640 439
1444650 439
1444660 439
1444670 440
1444680 440
1444690 440
1444700 440
1444710 440
1444720 441
1444730 441
1444740 441
1444750 441
1444760 442
1444770 442
1444780 442
1444790 442
1444800 443
1444810 443
1444820 443
1444830 444
1444840 444
1444850 444
1444860 444
1444870 444
1444880 444
1444890 445
1444900 445
1444910 445
1444920 445
1444930 445
1444940 445
1444950 445
1444960 445
1444970 445
1444980 445
1444990 445
1445000 445
1445010 445
1445020 445
1445030 445
1445040 445
1445050 445
1445060 445
1445070 445
1445080 445
1445090 446
1445100 446
1445110 446
1445120 446
1445130 446
1445140 446
1445150 446
1445160 446
1445170 446
1445180 446
1445190 447
1445200 447
1445210 447
1445220 447
1445230 447
1445240 447
1445250 447
1445260 447
1445270 446
1445280 446
1445290 446
1445300 446
1445310 446
1445320 446
1445330 445
1445340 445
1445350 445
1445360 445
1445370 445
1445380 445
1445390 445
1445400 445
1445410 445
1445420 444
1445430 444
1445440 444
1445450 444
1445460 444
1445470 444
1445480 443
1445490 443
1445500 443
1445510 442
1445520 442
1445530 442
1445540 441
1445550 441
1445560 441
1445570 440
1445580 440
1445590 440
1445600 440
1445610 440
1445620 440
1445630 440
1445640 441
1445650 441
1445660 441
1445670 442
1445680 442
1445690 443
1445700 443
1445710 443
1445720 444
1445730 444
1445740 444
1445750 445
1445760 445
1445770 445
1445780 446
1445790 446
1445800 446
1445810 446
1445820 447
1445830 447
1445840 447
1445850 447
1445860 447
1445870 447
1445880 448
1445890 448
1445900 448
1445910 448
1445920 449
1445930 449
1445940 449
1445950 449
1445960 449
1445970 450
1445980 450
1445990 450
1446000 451
1446010 452
1446020 452
1446030 452
1446040 453
1446050 453
1446060 453
1446070 453
1446080 453
1446090 454
1446100 454
1446110 454
1446120 454
1446130 454
1446140 454
1446150 455
1446160 455
1446170 455
1446180 455
1446190 455
1446200 455
1446210 455
1446220 456
1446230 456
1446240 456
1446250 456
1446260 456
1446270 456
1446280 456
1446290 456
1446300 457
1446310 457
1446320 457
1446330 457
1446340 457
1446350 457
1446360 457
1446370 457
1446380 457
1446390 457
1446400 457
1446410 457
1446420 457
1446430 457
1446440 457
1446450 457
1446460 457
1446470 457
1446480 457
1446490 457
1446500 457
1446510 457
1446520 456
1446530 456
1446540 456
1446550 456
1446560 456
1446570 456
1446580 456
1446590 456
1446600 456
1446610 456
1446620 456
1446630 456
1446640 456
1446650 456
1446660 456
1446670 456
1446680 456
1446690 456
1446700 456
1446710 456
1446720 456
1446730 456
1446740 456
1446750 456
1446760 456
1446770 456
1446780 456
1446790 456
1446800 456
1446810 456
1446820 456
1446830 456
1446840 457
1446850 457
1446860 457
1446870 457
1446880 457
1446890 457
1446900 457
1446910 457
1446920 457
1446930 458
1446940 458
1446950 458
1446960 458
1446970 458
1446980 458
1446990 458
1447000 458
1447010 458
1447020 458
1447030 458
1447040 458
1447050 458
1447060 459
1447070 459
1447080 459
1447090 459
1447100 459
1447110 459
1447120 460
1447130 460
1447140 460
1447150 460
1447160 460
1447170 460
1447180 460
1447190 461
1447200 461
1447210 461
1447220 461
1447230 461
1447240 461
1447250 461
1447260 461
1447270 461
1447280 461
1447290 461
1447300 461
1447310 461
1447320 461
1447330 461
1447340 461
1447350 461
1447360 461
1447370 461
1447380 461
1447390 462
1447400 462
1447410 462
1447420 462
1447430 462
1447440 462
1447450 462
1447460 462
1447470 462
1447480 462
1447490 463
1447500 463
1447510 463
1447520 463
1447530 463
1447540 463
1447550 463
1447560 463
1447570 463
1447580 464
1447590 464
1447600 464
1447610 464
1447620 464
1447630 464
1447640 464
1447650 464
1447660 464
1447670 464
1447680 464
1447690 464
1447700 465
1447710 464
1447720 465
1447730 465
1447740 465
1447750 465
1447760 465
1447770 465
1447780 466
1447790 467
1447800 467
1447810 467
1447820 467
1447830 467
1447840 467
1447850 467
1447860 467
1447870 467
1447880 467
1447890 467
1447900 466
1447910 466
1447920 466
1447930 466
1447940 466
1447950 466
1447960 466
1447970 467
1447980 467
1447990 467
1448000 467
1448010 467
1448020 468
1448030 469
1448040 469
1448050 469
1448060 470
1448070 470
1448080 470
1448090 471
1448100 471
1448110 471
1448120 471
1448130 471
1448140 471
1448150 471
1448160 472
1448170 472
1448180 472
1448190 471
1448200 471
1448210 471
1448220 471
1448230 471
1448240 471
1448250 471
1448260 471
1448270 471
1448280 471
1448290 471
1448300 471
1448310 471
1448320 471
1448330 471
1448340 471
1448350 471
1448360 471
1448370 471
1448380 471
1448390 472
1448400 472
1448410 472
1448420 473
1448430 473
1448440 473
1448450 473
1448460 474
1448470 474
1448480 474
1448490 476
1448500 476
1448510 477
1448520 478
1448530 478
1448540 478
1448550 479
1448560 479
1448570 479
1448580 480
1448590 480
1448600 480
1448610 481
1448620 481
1448630 481
1448640 481
1448650 481
1448660 481
1448670 482
1448680 482
1448690 482
1448700 483
1448710 483
1448720 484
1448730 484
1448740 484
1448750 485
1448760 487
1448770 487
1448780 488
1448790 489
1448800 489
1448810 490
1448820 491
1448830 491
1448840 492
1448850 494
1448860 494
1448870 495
1448880 497
1448890 497
1448900 498
1448910 500
1448920 500
1448930 502
1448940 503
1448950 503
1448960 505
1448970 506
1448980 506
1448990 507
1449000 509
1449010 509
1449020 511
1449030 512
1449040 512
1449050 514
1449060 515
1449070 515
1449080 516
1449090 517
1449100 517
1449110 518
1449120 519
1449130 519
1449140 519
1449150 520
1449160 521
1449170 521
1449180 522
1449190 523
1449200 523
1449210 525
1449220 526
1449230 526
1449240 527
1449250 527
1449260 527
1449270 527
1449280 526
1449290 526
1449300 525
1449310 524
1449320 524
1449330 523
1449340 522
1449350 522
1449360 519
1449370 515
1449380 515
1449390 513
1449400 513
1449410 513
1449420 514
1449430 514
1449440 514
1449450 515
1449460 516
1449470 516
1449480 518
1449490 520
1449500 520
1449510 523
1449520 525
1449530 525
1449540 527
1449550 528
1449560 528
1449570 530
1449580 533
1449590 533
1449600 535
1449610 538
1449620 538
1449630 541
1449640 544
1449650 544
1449660 546
1449670 547
1449680 547
1449690 549
1449700 550
1449710 550
1449720 552
1449730 553
1449740 553
1449750 554
1449760 554
1449770 554
1449780 554
1449790 554
1449800 554
1449810 553
1449820 553
1449830 553
1449840 553
1449850 553
1449860 553
1449870 552
1449880 552
1449890 552
1449900 552
1449910 550
1449920 550
1449930 550
1449940 550
1449950 550
1449960 550
1449970 550
1449980 550
1449990 550
1450000 550
1450010 550
1450020 550
1450030 550
1450040 550
1450050 550
1450060 550
1450070 550
1450080 550
1450090 550
1450100 550
1450110 550
1450120 550
1450130 550
1450140 550
1450150 550
1450160 550
1450170 551
1450180 551
1450190 551
1450200 551
1450210 552
1450220 552
1450230 552
1450240 553
1450250 553
1450260 553
1450270 554
1450280 554
1450290 554
1450300 555
1450310 555
1450320 555
1450330 555
1450340 555
1450350 555
1450360 555
1450370 555
1450380 555
1450390 555
1450400 554
1450410 554
1450420 553
1450430 553
1450440 553
1450450 553
1450460 553
1450470 553
1450480 552
1450490 552
1450500 552
1450510 552
1450520 552
1450530 552
1450540 552
1450550 552
1450560 552
1450570 552
1450580 551
1450590 551
1450600 551
1450610 550
1450620 550
1450630 550
1450640 549
1450650 549
1450660 549
1450670 548
1450680 548
1450690 547
1450700 546
1450710 546
1450720 545
1450730 542
1450740 542
1450750 538
1450760 533
1450770 533
1450780 529
1450790 524
1450800 524
1450810 521
1450820 517
1450830 517
1450840 513
1450850 508
1450860 508
1450870 507
1450880 508
1450890 508
1450900 508
1450910 512
1450920 512
1450930 517
1450940 518
1450950 518
1450960 522
1450970 528
1450980 528
1450990 530
1451000 528
1451010 528
1451020 527
1451030 526
1451040 526
1451050 523
1451060 520
1451070 520
1451080 515
1451090 509
1451100 509
1451110 504
1451120 499
1451130 499
1451140 494
1451150 491
1451160 491
1451170 488
1451180 487
1451190 487
1451200 485
1451210 484
1451220 484
1451230 483
1451240 482
1451250 482
1451260 481
1451270 481
1451280 481
1451290 479
1451300 479
1451310 479
1451320 478
1451330 476
1451340 476
1451350 476
1451360 475
1451370 474
1451380 474
1451390 473
1451400 472
1451410 472
1451420 471
1451430 470
1451440 470
1451450 469
1451460 468
1451470 468
1451480 468
1451490 467
1451500 467
1451510 466
1451520 465
1451530 465
1451540 465
1451550 464
1451560 464
1451570 464
1451580 463
1451590 463
1451600 462
1451610 461
1451620 461
1451630 460
1451640 459
1451650 459
1451660 458
1451670 457
1451680 457
1451690 456
1451700 455
1451710 455
1451720 455
1451730 455
1451740 455
1451750 454
1451760 454
1451770 454
1451780 453
1451790 451
1451800 451
1451810 451
1451820 450
1451830 450
1451840 449
1451850 448
1451860 448
1451870 447
1451880 447
1451890 447
1451900 446
1451910 445
1451920 445
1451930 443
1451940 442
1451950 442
1451960 441
1451970 439
1451980 439
1451990 438
1452000 437
1452010 437
1452020 436
1452030 435
1452040 435
1452050 434
1452060 433
1452070 433
1452080 433
1452090 432
1452100 432
1452110 432
1452120 431
1452130 431
1452140 430
1452150 429
1452160 429
1452170 429
1452180 429
1452190 429
1452200 429
1452210 429
1452220 429
1452230 428
1452240 428
1452250 428
1452260 428
1452270 427
1452280 427
1452290 427
1452300 426
1452310 426
1452320 426
1452330 426
1452340 426
1452350 427
1452360 427
1452370 427
1452380 427
1452390 427
1452400 427
1452410 427
1452420 427
1452430 427
1452440 427
1452450 427
1452460 427
1452470 427
1452480 427
1452490 427
1452500 427
1452510 427
1452520 427
1452530 427
1452540 427
1452550 427
1452560 427
1452570 427
1452580 427
1452590 427
1452600 427
1452610 428
1452620 428
1452630 429
1452640 430
1452650 430
1452660 429
1452670 429
1452680 429
1452690 429
1452700 430
1452710 430
1452720 431
1452730 432
1452740 432
1452750 433
1452760 434
1452770 434
1452780 435
1452790 437
1452800 437
1452810 438
1452820 440
1452830 440
1452840 442
1452850 444
1452860 444
1452870 446
1452880 449
1452890 449
1452900 452
1452910 456
1452920 456
1452930 458
1452940 460
1452950 460
1452960 463
1452970 465
1452980 465
1452990 467
1453000 469
1453010 469
1453020 473
1453030 479
1453040 479
1453050 484
1453060 489
1453070 489
1453080 494
1453090 500
1453100 500
1453110 505
1453120 510
1453130 510
1453140 513
1453150 515
1453160 515
1453170 515
1453180 514
1453190 514
1453200 513
1453210 512
1453220 512
1453230 512
1453240 511
1453250 511
1453260 509
1453270 507
1453280 507
1453290 506
1453300 504
1453310 504
1453320 503
1453330 502
1453340 502
1453350 502
1453360 501
1453370 501
1453380 499
1453390 495
1453400 495
1453410 490
1453420 486
1453430 486
1453440 483
1453450 480
1453460 480
1453470 478
1453480 477
1453490 477
1453500 476
1453510 476
1453520 476
1453530 475
1453540 476
1453550 476
1453560 476
1453570 476
1453580 476
1453590 476
1453600 477
1453610 478
1453620 478
1453630 479
1453640 482
1453650 482
1453660 484
1453670 487
1453680 487
1453690 490
1453700 494
1453710 494
1453720 498
1453730 501
1453740 501
1453750 504
1453760 505
1453770 505
1453780 504
1453790 501
1453800 501
1453810 496
1453820 492
1453830 492
1453840 488
1453850 485
1453860 485
1453870 483
1453880 481
1453890 481
1453900 479
1453910 477
1453920 477
1453930 476
1453940 475
1453950 475
1453960 475
1453970 475
1453980 475
1453990 475
1454000 475
1454010 475
1454020 476
1454030 479
1454040 479
1454050 482
1454060 485
1454070 485
1454080 487
1454090 489
1454100 489
1454110 490
1454120 492
1454130 492
1454140 495
1454150 498
1454160 498
1454170 501
1454180 502
1454190 502
1454200 502
1454210 502
1454220 502
1454230 501
1454240 500
1454250 500
1454260 500
1454270 501
1454280 501
1454290 501
1454300 501
1454310 501
1454320 502
1454330 503
1454340 503
1454350 504
1454360 505
1454370 505
1454380 506
1454390 506
1454400 506
1454410 508
1454420 509
1454430 509
1454440 510
1454450 512
1454460 512
1454470 513
1454480 514
1454490 514
1454500 515
1454510 516
1454520 516
1454530 516
1454540 516
1454550 516
1454560 516
1454570 516
1454580 516
1454590 516
1454600 516
1454610 516
1454620 516
1454630 517
1454640 517
1454650 517
1454660 516
1454670 516
1454680 516
1454690 516
1454700 514
1454710 514
1454720 513
1454730 515
1454740 515
1454750 517
1454760 519
1454770 519
1454780 519
1454790 520
1454800 520
1454810 520
1454820 520
1454830 520
1454840 520
1454850 520
1454860 520
1454870 522
1454880 522
1454890 522
1454900 521
1454910 520
1454920 520
1454930 519
1454940 517
1454950 517
1454960 516
1454970 517
1454980 517
1454990 520
1455000 521
1455010 521
1455020 523
1455030 524
1455040 524
1455050 526
1455060 528
1455070 528
1455080 529
1455090 530
1455100 530
1455110 531
1455120 532
1455130 532
1455140 533
1455150 534
1455160 534
1455170 535
1455180 535
1455190 535
1455200 535
1455210 535
1455220 535
1455230 536
1455240 536
1455250 536
1455260 536
1455270 537
1455280 537
1455290 537
1455300 537
1455310 537
1455320 536
1455330 536
1455340 536
1455350 535
1455360 535
1455370 535
1455380 536
1455390 536
1455400 536
1455410 537
1455420 537
1455430 537
1455440 538
1455450 539
1455460 539
1455470 540
1455480 541
1455490 541
1455500 542
1455510 542
1455520 542
1455530 542
1455540 541
1455550 541
1455560 541
1455570 541
1455580 541
1455590 541
1455600 541
1455610 541
1455620 541
1455630 542
1455640 542
1455650 542
1455660 543
1455670 543
1455680 543
1455690 543
1455700 543
1455710 543
1455720 543
1455730 543
1455740 543
1455750 544
1455760 544
1455770 544
1455780 544
1455790 545
1455800 545
1455810 544
1455820 544
1455830 544
1455840 544
1455850 543
1455860 543
1455870 543
1455880 543
1455890 543
1455900 543
1455910 543
1455920 543
1455930 543
1455940 543
1455950 543
1455960 543
1455970 543
1455980 543
1455990 543
1456000 542
1456010 542
1456020 542
1456030 542
1456040 542
1456050 541
1456060 541
1456070 541
1456080 540
1456090 540
1456100 540
1456110 540
1456120 540
1456130 540
1456140 539
1456150 539
1456160 539
1456170 538
1456180 538
1456190 538
1456200 538
1456210 537
1456220 537
1456230 537
1456240 537
1456250 537
1456260 537
1456270 537
1456280 537
1456290 537
1456300 537
1456310 537
1456320 536
1456330 536
1456340 536
1456350 535
1456360 535
1456370 535
1456380 534
1456390 534
1456400 534
1456410 534
1456420 534
1456430 534
1456440 533
1456450 533
1456460 533
1456470 533
1456480 532
1456490 532
1456500 532
1456510 531
1456520 531
1456530 530
1456540 530
1456550 530
1456560 529
1456570 529
1456580 529
1456590 528
1456600 527
1456610 527
1456620 526
1456630 526
1456640 526
1456650 525
1456660 524
1456670 524
1456680 523
1456690 523
1456700 523
1456710 522
1456720 522
1456730 522
1456740 522
1456750 522
1456760 522
1456770 522
1456780 522
1456790 522
1456800 521
1456810 521
1456820 521
1456830 521
1456840 522
1456850 522
1456860 522
1456870 521
1456880 521
1456890 521
1456900 521
1456910 521
1456920 521
1456930 521
1456940 521
1456950 521
1456960 521
1456970 521
1456980 521
1456990 521
1457000 521
1457010 521
1457020 520
1457030 519
1457040 519
1457050 519
1457060 518
1457070 518
1457080 518
1457090 517
1457100 517
1457110 517
1457120 517
1457130 517
1457140 516
1457150 516
1457160 516
1457170 515
1457180 515
1457190 515
1457200 515
1457210 514
1457220 514
1457230 514
1457240 515
1457250 515
1457260 515
1457270 515
1457280 515
1457290 516
1457300 516
1457310 516
1457320 515
1457330 515
1457340 515
1457350 515
1457360 515
1457370 515
1457380 514
1457390 514
1457400 514
1457410 513
1457420 513
1457430 513
1457440 513
1457450 513
1457460 513
1457470 512
1457480 512
1457490 512
1457500 513
1457510 513
1457520 513
1457530 513
1457540 513
1457550 513
1457560 513
1457570 513
1457580 513
1457590 514
1457600 514
1457610 514
1457620 514
1457630 515
1457640 515
1457650 515
1457660 516
1457670 516
1457680 517
1457690 518
1457700 518
1457710 518
1457720 519
1457730 519
1457740 519
1457750 519
1457760 519
1457770 520
1457780 520
1457790 520
1457800 521
1457810 521
1457820 521
1457830 520
1457840 520
1457850 520
1457860 520
1457870 519
1457880 519
1457890 519
1457900 518
1457910 518
1457920 517
1457930 516
1457940 516
1457950 516
1457960 515
1457970 515
1457980 515
1457990 515
1458000 515
1458010 515
1458020 515
1458030 516
1458040 516
1458050 516
1458060 516
1458070 516
1458080 516
1458090 517
1458100 517
1458110 517
1458120 517
1458130 517
1458140 517
1458150 518
1458160 518
1458170 518
1458180 518
1458190 518
1458200 519
1458210 519
1458220 519
1458230 519
1458240 520
1458250 520
1458260 520
1458270 521
1458280 521
1458290 522
1458300 522
1458310 522
1458320 523
1458330 524
1458340 524
1458350 525
1458360 526
1458370 526
1458380 527
1458390 528
1458400 528
1458410 529
1458420 530
1458430 530
1458440 530
1458450 530
1458460 530
1458470 531
1458480 531
1458490 531
1458500 532
1458510 532
1458520 532
1458530 532
1458540 532
1458550 532
1458560 533
1458570 533
1458580 533
1458590 533
1458600 533
1458610 533
1458620 535
1458630 535
1458640 535
1458650 536
1458660 537
1458670 537
1458680 537
1458690 538
1458700 538
1458710 538
1458720 538
1458730 538
1458740 538
1458750 538
1458760 538
1458770 538
1458780 538
1458790 538
1458800 538
1458810 539
1458820 539
1458830 539
1458840 540
1458850 540
1458860 540
1458870 540
1458880 540
1458890 541
1458900 542
1458910 542
1458920 542
1458930 542
1458940 542
1458950 542
1458960 543
1458970 543
1458980 543
1458990 544
1459000 544
1459010 546
1459020 547
1459030 547
1459040 547
1459050 548
1459060 548
1459070 548
1459080 548
1459090 548
1459100 548
1459110 548
1459120 548
1459130 548
1459140 548
1459150 548
1459160 548
1459170 547
1459180 547
1459190 547
1459200 546
1459210 546
1459220 546
1459230 546
1459240 546
1459250 546
1459260 546
1459270 546
1459280 546
1459290 546
1459300 546
1459310 546
1459320 547
1459330 547
1459340 547
1459350 548
1459360 548
1459370 548
1459380 549
1459390 549
1459400 549
1459410 550
1459420 550
1459430 550
1459440 551
1459450 552
1459460 552
1459470 553
1459480 554
1459490 554
1459500 555
1459510 556
1459520 556
1459530 556
1459540 557
1459550 557
1459560 557
1459570 558
1459580 558
1459590 559
1459600 560
1459610 560
1459620 560
1459630 560
1459640 560
1459650 561
1459660 561
1459670 561
1459680 562
1459690 564
1459700 564
1459710 565
1459720 566
1459730 566
1459740 566
1459750 567
1459760 567
1459770 567
1459780 567
1459790 567
1459800 568
1459810 568
1459820 568
1459830 568
1459840 569
1459850 569
1459860 569
1459870 569
1459880 569
1459890 570
1459900 570
1459910 570
1459920 571
1459930 572
1459940 572
1459950 573
1459960 573
1459970 573
1459980 573
1459990 573
