1440000 421
1440010 421
1440020 421
1440030 421
1440040 421
1440050 421
1440060 421
1440070 421
1440080 421
1440090 422
1440100 422
1440110 422
1440120 422
1440130 422
1440140 422
1440150 422
1440160 422
1440170 422
1440180 422
1440190 422
1440200 422
1440210 422
1440220 422
1440230 422
1440240 422
1440250 422
1440260 422
1440270 423
1440280 423
1440290 423
1440300 422
1440310 422
1440320 422
1440330 422
1440340 422
1440350 422
1440360 422
1440370 422
1440380 422
1440390 422
1440400 422
1440410 422
1440420 422
1440430 422
1440440 422
1440450 422
1440460 422
1440470 422
1440480 422
1440490 422
1440500 422
1440510 422
1440520 422
1440530 422
1440540 422
1440550 422
1440560 422
1440570 422
1440580 422
1440590 422
1440600 422
1440610 422
1440620 422
1440630 422
1440640 422
1440650 422
1440660 422
1440670 422
1440680 422
1440690 422
1440700 422
1440710 422
1440720 422
1440730 422
1440740 422
1440750 422
1440760 423
1440770 423
1440780 425
1440790 425
1440800 425
1440810 424
1440820 423
1440830 423
1440840 423
1440850 423
1440860 423
1440870 423
1440880 423
1440890 423
1440900 422
1440910 423
1440920 423
1440930 423
1440940 422
1440950 422
1440960 422
1440970 423
1440980 423
1440990 423
1441000 423
1441010 423
1441020 422
1441030 422
1441040 422
1441050 422
1441060 422
1441070 422
1441080 422
1441090 422
1441100 422
1441110 422
1441120 422
1441130 422
1441140 422
1441150 422
1441160 422
1441170 422
1441180 422
1441190 423
1441200 423
1441210 423
1441220 422
1441230 422
1441240 422
1441250 422
1441260 422
1441270 422
1441280 422
1441290 422
1441300 422
1441310 423
1441320 423
1441330 423
1441340 423
1441350 423
1441360 423
1441370 423
1441380 423
1441390 423
1441400 423
1441410 423
1441420 424
1441430 423
1441440 423
1441450 423
1441460 424
1441470 424
1441480 425
1441490 425
1441500 425
1441510 425
1441520 425
1441530 425
1441540 425
1441550 425
1441560 425
1441570 425
1441580 425
1441590 425
1441600 425
1441610 426
1441620 426
1441630 427
1441640 427
1441650 427
1441660 428
1441670 428
1441680 428
1441690 429
1441700 429
1441710 429
1441720 429
1441730 430
1441740 430
1441750 431
1441760 432
1441770 432
1441780 432
1441790 433
1441800 433
1441810 433
1441820 433
1441830 433
1441840 433
1441850 433
1441860 433
1441870 434
1441880 434
1441890 434
1441900 434
1441910 434
1441920 434
1441930 434
1441940 434
1441950 434
1441960 434
1441970 433
1441980 433
1441990 434
1442000 434
1442010 434
1442020 434
1442030 433
1442040 433
1442050 433
1442060 433
1442070 433
1442080 433
1442090 433
1442100 433
1442110 433
1442120 433
1442130 433
1442140 433
1442150 433
1442160 433
1442170 433
1442180 432
1442190 432
1442200 432
1442210 432
1442220 432
1442230 432
1442240 431
1442250 431
1442260 431
1442270 431
1442280 431
1442290 431
1442300 431
1442310 430
1442320 430
1442330 430
1442340 430
1442350 430
1442360 429
1442370 429
1442380 429
1442390 428
1442400 428
1442410 428
1442420 427
1442430 427
1442440 427
1442450 426
1442460 426
1442470 426
1442480 426
1442490 426
1442500 426
1442510 426
1442520 426
1442530 426
1442540 426
1442550 425
1442560 425
1442570 425
1442580 425
1442590 425
1442600 425
1442610 424
1442620 424
1442630 425
1442640 425
1442650 425
1442660 425
1442670 425
1442680 425
1442690 425
1442700 425
1442710 425
1442720 425
1442730 425
1442740 425
1442750 425
1442760 425
1442770 425
1442780 425
1442790 425
1442800 425
1442810 425
1442820 426
1442830 426
1442840 426
1442850 426
1442860 426
1442870 426
1442880 426
1442890 426
1442900 426
1442910 426
1442920 426
1442930 426
1442940 426
1442950 426
1442960 426
1442970 426
1442980 426
1442990 426
1443000 426
1443010 426
1443020 426
1443030 426
1443040 426
1443050 426
1443060 426
1443070 426
1443080 426
1443090 426
1443100 426
1443110 426
1443120 426
1443130 426
1443140 426
1443150 426
1443160 426
1443170 426
1443180 426
1443190 426
1443200 426
1443210 426
1443220 426
1443230 426
1443240 426
1443250 426
1443260 426
1443270 426
1443280 426
1443290 426
1443300 426
1443310 426
1443320 426
1443330 426
1443340 426
1443350 426
1443360 426
1443370 426
1443380 426
1443390 427
1443400 427
1443410 427
1443420 427
1443430 427
1443440 427
1443450 427
1443460 427
1443470 427
1443480 427
1443490 427
1443500 427
1443510 427
1443520 427
1443530 427
1443540 427
1443550 427
1443560 427
1443570 427
1443580 427
1443590 427
1443600 427
1443610 427
1443620 427
1443630 427
1443640 427
1443650 427
1443660 427
1443670 427
1443680 427
1443690 428
1443700 428
1443710 428
1443720 428
1443730 428
1443740 428
1443750 428
1443760 429
1443770 429
1443780 429
1443790 429
1443800 429
1443810 429
1443820 430
1443830 430
1443840 430
1443850 430
1443860 430
1443870 431
1443880 431
1443890 431
1443900 432
1443910 432
1443920 432
1443930 433
1443940 433
1443950 433
1443960 433
1443970 434
1443980 434
1443990 434
1444000 435
1444010 435
1444020 435
1444030 435
1444040 435
1444050 435
1444060 436
1444070 436
1444080 436
1444090 436
1444100 436
1444110 435
1444120 435
1444130 435
1444140 435
1444150 434
1444160 434
1444170 434
1444180 433
1444190 433
1444200 433
1444210 433
1444220 433
1444230 433
1444240 433
1444250 433
1444260 433
1444270 433
1444280 433
1444290 433
1444300 433
1444310 433
1444320 433
1444330 434
1444340 434
1444350 434
1444360 434
1444370 435
1444380 435
1444390 436
1444400 436
1444410 436
1444420 437
1444430 437
1444440 437
1444450 437
1444460 438
1444470 438
1444480 438
1444490 438
1444500 438
1444510 439
1444520 439
1444530 439
1444540 439
1444550 440
1444560 440
1444570 440
1444580 440
1444590 440
1444600 441
1444610 441
1444620 441
1444630 442
1444640 442
1444650 442
1444660 443
1444670 443
1444680 443
1444690 443
1444700 444
1444710 444
1444720 444
1444730 444
1444740 444
1444750 445
1444760 445
1444770 445
1444780 445
1444790 445
1444800 445
1444810 445
1444820 445
1444830 445
1444840 446
1444850 446
1444860 446
1444870 446
1444880 446
1444890 446
1444900 446
1444910 446
1444920 446
1444930 446
1444940 446
1444950 446
1444960 446
1444970 447
1444980 447
1444990 447
1445000 447
1445010 447
1445020 447
1445030 448
1445040 448
1445050 448
1445060 448
1445070 448
1445080 449
1445090 449
1445100 449
1445110 449
1445120 449
1445130 449
1445140 449
1445150 449
1445160 449
1445170 450
1445180 450
1445190 450
1445200 450
1445210 450
1445220 450
1445230 451
1445240 452
1445250 452
1445260 452
1445270 453
1445280 453
1445290 453
1445300 452
1445310 452
1445320 452
1445330 452
1445340 452
1445350 452
1445360 452
1445370 453
1445380 453
1445390 453
1445400 453
1445410 453
1445420 453
1445430 453
1445440 453
1445450 452
1445460 452
1445470 452
1445480 452
1445490 452
1445500 452
1445510 452
1445520 452
1445530 452
1445540 452
1445550 451
1445560 451
1445570 451
1445580 451
1445590 451
1445600 451
1445610 451
1445620 451
1445630 451
1445640 451
1445650 451
1445660 451
1445670 451
1445680 451
1445690 451
1445700 450
1445710 450
1445720 450
1445730 450
1445740 450
1445750 450
1445760 450
1445770 450
1445780 450
1445790 450
1445800 450
1445810 450
1445820 451
1445830 451
1445840 451
1445850 451
1445860 451
1445870 451
1445880 450
1445890 450
1445900 450
1445910 450
1445920 450
1445930 450
1445940 451
1445950 451
1445960 451
1445970 451
1445980 451
1445990 451
1446000 451
1446010 451
1446020 450
1446030 450
1446040 450
1446050 451
1446060 451
1446070 451
1446080 450
1446090 451
1446100 451
1446110 451
1446120 450
1446130 450
1446140 451
1446150 451
1446160 451
1446170 451
1446180 451
1446190 451
1446200 451
1446210 452
1446220 452
1446230 452
1446240 452
1446250 452
1446260 452
1446270 452
1446280 452
1446290 453
1446300 453
1446310 453
1446320 453
1446330 453
1446340 453
1446350 453
1446360 453
1446370 453
1446380 453
1446390 453
1446400 453
1446410 453
1446420 452
1446430 452
1446440 452
1446450 453
1446460 453
1446470 453
1446480 453
1446490 453
1446500 453
1446510 453
1446520 454
1446530 454
1446540 454
1446550 454
1446560 454
1446570 454
1446580 454
1446590 454
1446600 454
1446610 454
1446620 454
1446630 454
1446640 454
1446650 454
1446660 454
1446670 454
1446680 454
1446690 454
1446700 454
1446710 454
1446720 454
1446730 454
1446740 454
1446750 455
1446760 455
1446770 455
1446780 455
1446790 455
1446800 455
1446810 454
1446820 455
1446830 455
1446840 455
1446850 455
1446860 455
1446870 455
1446880 455
1446890 455
1446900 455
1446910 456
1446920 456
1446930 456
1446940 456
1446950 456
1446960 456
1446970 456
1446980 456
1446990 456
1447000 456
1447010 456
1447020 456
1447030 456
1447040 456
1447050 456
1447060 456
1447070 456
1447080 456
1447090 456
1447100 456
1447110 457
1447120 457
1447130 457
1447140 457
1447150 457
1447160 457
1447170 458
1447180 458
1447190 458
1447200 458
1447210 458
1447220 458
1447230 458
1447240 458
1447250 458
1447260 459
1447270 459
1447280 459
1447290 459
1447300 459
1447310 459
1447320 459
1447330 459
1447340 459
1447350 459
1447360 459
1447370 459
1447380 459
1447390 458
1447400 458
1447410 458
1447420 458
1447430 458
1447440 458
1447450 458
1447460 458
1447470 458
1447480 458
1447490 458
1447500 458
1447510 458
1447520 458
1447530 458
1447540 458
1447550 458
1447560 458
1447570 458
1447580 458
1447590 458
1447600 458
1447610 459
1447620 459
1447630 459
1447640 459
1447650 459
1447660 459
1447670 460
1447680 460
1447690 460
1447700 460
1447710 460
1447720 460
1447730 461
1447740 461
1447750 461
1447760 461
1447770 461
1447780 462
1447790 462
1447800 462
1447810 462
1447820 462
1447830 462
1447840 463
1447850 463
1447860 463
1447870 464
1447880 464
1447890 464
1447900 464
1447910 464
1447920 464
1447930 464
1447940 464
1447950 464
1447960 465
1447970 464
1447980 464
1447990 465
1448000 465
1448010 465
1448020 465
1448030 464
1448040 464
1448050 464
1448060 463
1448070 463
1448080 463
1448090 463
1448100 463
1448110 463
1448120 464
1448130 464
1448140 464
1448150 464
1448160 464
1448170 464
1448180 464
1448190 464
1448200 464
1448210 464
1448220 464
1448230 465
1448240 465
1448250 465
1448260 465
1448270 466
1448280 466
1448290 466
1448300 466
1448310 466
1448320 466
1448330 466
1448340 466
1448350 466
1448360 466
1448370 466
1448380 466
1448390 466
1448400 466
1448410 466
1448420 466
1448430 466
1448440 466
1448450 465
1448460 465
1448470 465
1448480 465
1448490 465
1448500 465
1448510 465
1448520 465
1448530 466
1448540 467
1448550 467
1448560 467
1448570 468
1448580 468
1448590 468
1448600 468
1448610 469
1448620 469
1448630 469
1448640 470
1448650 470
1448660 471
1448670 472
1448680 471
1448690 472
1448700 473
1448710 473
1448720 474
1448730 475
1448740 475
1448750 476
1448760 477
1448770 477
1448780 479
1448790 480
1448800 480
1448810 482
1448820 483
1448830 483
1448840 485
1448850 486
1448860 486
1448870 488
1448880 490
1448890 490
1448900 491
1448910 493
1448920 493
1448930 494
1448940 495
1448950 495
1448960 498
1448970 500
1448980 500
1448990 501
1449000 503
1449010 503
1449020 504
1449030 506
1449040 506
1449050 507
1449060 509
1449070 509
1449080 511
1449090 513
1449100 513
1449110 514
1449120 516
1449130 516
1449140 517
1449150 519
1449160 519
1449170 520
1449180 520
1449190 520
1449200 521
1449210 523
1449220 523
1449230 525
1449240 527
1449250 527
1449260 529
1449270 533
1449280 533
1449290 536
1449300 538
1449310 538
1449320 540
1449330 540
1449340 540
1449350 539
1449360 539
1449370 539
1449380 538
1449390 537
1449400 537
1449410 536
1449420 535
1449430 535
1449440 534
1449450 534
1449460 534
1449470 533
1449480 533
1449490 533
1449500 532
1449510 532
1449520 532
1449530 531
1449540 530
1449550 530
1449560 529
1449570 528
1449580 528
1449590 527
1449600 526
1449610 526
1449620 525
1449630 524
1449640 524
1449650 523
1449660 523
1449670 522
1449680 522
1449690 522
1449700 521
1449710 521
1449720 521
1449730 520
1449740 520
1449750 519
1449760 517
1449770 517
1449780 517
1449790 515
1449800 515
1449810 515
1449820 514
1449830 514
1449840 513
1449850 513
1449860 513
1449870 512
1449880 512
1449890 512
1449900 511
1449910 511
1449920 511
1449930 510
1449940 509
1449950 509
1449960 509
1449970 508
1449980 508
1449990 507
1450000 506
1450010 506
1450020 505
1450030 504
1450040 504
1450050 503
1450060 503
1450070 503
1450080 503
1450090 502
1450100 502
1450110 502
1450120 502
1450130 502
1450140 502
1450150 501
1450160 501
1450170 501
1450180 501
1450190 501
1450200 500
1450210 500
1450220 500
1450230 499
1450240 498
1450250 498
1450260 498
1450270 498
1450280 498
1450290 497
1450300 497
1450310 497
1450320 496
1450330 496
1450340 496
1450350 494
1450360 492
1450370 492
1450380 490
1450390 488
1450400 488
1450410 488
1450420 487
1450430 487
1450440 486
1450450 486
1450460 486
1450470 485
1450480 485
1450490 485
1450500 484
1450510 484
1450520 484
1450530 483
1450540 483
1450550 483
1450560 482
1450570 482
1450580 482
1450590 482
1450600 481
1450610 481
1450620 481
1450630 481
1450640 481
1450650 481
1450660 482
1450670 482
1450680 483
1450690 484
1450700 484
1450710 486
1450720 487
1450730 487
1450740 487
1450750 487
1450760 487
1450770 487
1450780 486
1450790 485
1450800 485
1450810 483
1450820 481
1450830 481
1450840 480
1450850 479
1450860 479
1450870 479
1450880 479
1450890 479
1450900 480
1450910 481
1450920 481
1450930 483
1450940 484
1450950 484
1450960 486
1450970 489
1450980 489
1450990 491
1451000 494
1451010 494
1451020 495
1451030 498
1451040 498
1451050 500
1451060 501
1451070 501
1451080 503
1451090 505
1451100 505
1451110 506
1451120 504
1451130 504
1451140 499
1451150 494
1451160 494
1451170 489
1451180 485
1451190 485
1451200 479
1451210 475
1451220 475
1451230 471
1451240 470
1451250 470
1451260 469
1451270 469
1451280 469
1451290 469
1451300 471
1451310 471
1451320 472
1451330 474
1451340 474
1451350 476
1451360 478
1451370 478
1451380 480
1451390 481
1451400 481
1451410 482
1451420 482
1451430 482
1451440 481
1451450 478
1451460 478
1451470 475
1451480 472
1451490 472
1451500 470
1451510 467
1451520 467
1451530 465
1451540 463
1451550 463
1451560 461
1451570 457
1451580 457
1451590 454
1451600 452
1451610 452
1451620 450
1451630 448
1451640 448
1451650 446
1451660 444
1451670 444
1451680 442
1451690 440
1451700 440
1451710 439
1451720 437
1451730 437
1451740 436
1451750 435
1451760 435
1451770 435
1451780 435
1451790 435
1451800 435
1451810 435
1451820 435
1451830 435
1451840 434
1451850 434
1451860 434
1451870 433
1451880 432
1451890 432
1451900 431
1451910 431
1451920 431
1451930 430
1451940 430
1451950 430
1451960 429
1451970 429
1451980 429
1451990 429
1452000 429
1452010 429
1452020 428
1452030 428
1452040 428
1452050 427
1452060 427
1452070 427
1452080 426
1452090 426
1452100 426
1452110 425
1452120 425
1452130 425
1452140 425
1452150 424
1452160 424
1452170 424
1452180 423
1452190 423
1452200 422
1452210 423
1452220 423
1452230 423
1452240 423
1452250 423
1452260 423
1452270 423
1452280 423
1452290 423
1452300 423
1452310 423
1452320 423
1452330 424
1452340 424
1452350 424
1452360 425
1452370 425
1452380 426
1452390 427
1452400 427
1452410 428
1452420 428
1452430 428
1452440 428
1452450 429
1452460 429
1452470 430
1452480 430
1452490 430
1452500 431
1452510 431
1452520 431
1452530 432
1452540 433
1452550 433
1452560 434
1452570 434
1452580 434
1452590 435
1452600 435
1452610 435
1452620 436
1452630 436
1452640 436
1452650 436
1452660 437
1452670 437
1452680 437
1452690 437
1452700 437
1452710 437
1452720 437
1452730 437
1452740 437
1452750 437
1452760 437
1452770 437
1452780 438
1452790 438
1452800 438
1452810 439
1452820 439
1452830 440
1452840 440
1452850 440
1452860 440
1452870 440
1452880 440
1452890 439
1452900 439
1452910 438
1452920 438
1452930 438
1452940 438
1452950 438
1452960 437
1452970 437
1452980 437
1452990 437
1453000 437
1453010 437
1453020 437
1453030 436
1453040 436
1453050 436
1453060 436
1453070 436
1453080 435
1453090 435
1453100 435
1453110 435
1453120 435
1453130 435
1453140 435
1453150 436
1453160 436
1453170 436
1453180 437
1453190 437
1453200 438
1453210 439
1453220 439
1453230 440
1453240 441
1453250 441
1453260 443
1453270 444
1453280 444
1453290 445
1453300 446
1453310 446
1453320 446
1453330 447
1453340 447
1453350 448
1453360 450
1453370 450
1453380 451
1453390 452
1453400 452
1453410 452
1453420 453
1453430 453
1453440 453
1453450 454
1453460 454
1453470 454
1453480 455
1453490 455
1453500 456
1453510 457
1453520 457
1453530 459
1453540 461
1453550 461
1453560 463
1453570 464
1453580 464
1453590 465
1453600 466
1453610 466
1453620 466
1453630 467
1453640 467
1453650 467
1453660 467
1453670 467
1453680 466
1453690 469
1453700 469
1453710 471
1453720 472
1453730 472
1453740 474
1453750 476
1453760 476
1453770 478
1453780 480
1453790 480
1453800 481
1453810 482
1453820 482
1453830 482
1453840 480
1453850 480
1453860 478
1453870 479
1453880 479
1453890 482
1453900 486
1453910 486
1453920 491
1453930 494
1453940 494
1453950 498
1453960 501
1453970 501
1453980 506
1453990 509
1454000 511
1454010 511
1454020 511
1454030 510
1454040 510
1454050 509
1454060 508
1454070 508
1454080 507
1454090 506
1454100 506
1454110 506
1454120 505
1454130 505
1454140 505
1454150 504
1454160 504
1454170 504
1454180 504
1454190 504
1454200 504
1454210 504
1454220 504
1454230 504
1454240 504
1454250 504
1454260 504
1454270 504
1454280 504
1454290 505
1454300 505
1454310 505
1454320 506
1454330 507
1454340 507
1454350 507
1454360 509
1454370 509
1454380 510
1454390 512
1454400 512
1454410 514
1454420 515
1454430 515
1454440 516
1454450 516
1454460 516
1454470 516
1454480 516
1454490 516
1454500 517
1454510 517
1454520 517
1454530 518
1454540 518
1454550 518
1454560 518
1454570 518
1454580 518
1454590 519
1454600 520
1454610 520
1454620 521
1454630 522
1454640 522
1454650 523
1454660 525
1454670 525
1454680 526
1454690 527
1454700 527
1454710 527
1454720 527
1454730 527
1454740 527
1454750 528
1454760 528
1454770 528
1454780 528
1454790 528
1454800 529
1454810 530
1454820 530
1454830 531
1454840 533
1454850 533
1454860 534
1454870 534
1454880 534
1454890 534
1454900 534
1454910 534
1454920 535
1454930 537
1454940 537
1454950 539
1454960 540
1454970 540
1454980 540
1454990 539
1455000 539
1455010 539
1455020 539
1455030 539
1455040 539
1455050 539
1455060 539
1455070 539
1455080 539
1455090 540
1455100 540
1455110 540
1455120 541
1455130 541
1455140 541
1455150 541
1455160 541
1455170 540
1455180 540
1455190 540
1455200 539
1455210 538
1455220 538
1455230 537
1455240 537
1455250 537
1455260 537
1455270 537
1455280 537
1455290 538
1455300 538
1455310 538
1455320 538
1455330 538
1455340 538
1455350 538
1455360 538
1455370 538
1455380 538
1455390 539
1455400 539
1455410 539
1455420 540
1455430 540
1455440 540
1455450 541
1455460 541
1455470 541
1455480 541
1455490 541
1455500 541
1455510 541
1455520 541
1455530 542
1455540 542
1455550 542
1455560 543
1455570 543
1455580 543
1455590 544
1455600 545
1455610 545
1455620 545
1455630 545
1455640 545
1455650 546
1455660 547
1455670 547
1455680 546
1455690 546
1455700 546
1455710 546
1455720 546
1455730 546
1455740 546
1455750 546
1455760 546
1455770 546
1455780 546
1455790 546
1455800 546
1455810 546
1455820 546
1455830 546
1455840 546
1455850 546
1455860 546
1455870 545
1455880 545
1455890 545
1455900 545
1455910 545
1455920 544
1455930 544
1455940 544
1455950 544
1455960 544
1455970 544
1455980 545
1455990 545
1456000 545
1456010 545
1456020 545
1456030 545
1456040 545
1456050 545
1456060 545
1456070 544
1456080 544
1456090 544
1456100 544
1456110 544
1456120 544
1456130 544
1456140 544
1456150 543
1456160 543
1456170 544
1456180 544
1456190 544
1456200 544
1456210 544
1456220 544
1456230 543
1456240 543
1456250 543
1456260 542
1456270 542
1456280 542
1456290 541
1456300 541
1456310 541
1456320 540
1456330 540
1456340 540
1456350 539
1456360 538
1456370 538
1456380 536
1456390 536
1456400 536
1456410 535
1456420 535
1456430 535
1456440 535
1456450 534
1456460 534
1456470 532
1456480 531
1456490 531
1456500 530
1456510 529
1456520 529
1456530 527
1456540 526
1456550 526
1456560 524
1456570 523
1456580 523
1456590 522
1456600 522
1456610 522
1456620 522
1456630 522
1456640 522
1456650 523
1456660 523
1456670 523
1456680 523
1456690 523
1456700 523
1456710 523
1456720 523
1456730 523
1456740 522
1456750 522
1456760 522
1456770 522
1456780 522
1456790 522
1456800 521
1456810 521
1456820 521
1456830 521
1456840 522
1456850 522
1456860 522
1456870 522
1456880 522
1456890 522
1456900 522
1456910 522
1456920 522
1456930 522
1456940 522
1456950 522
1456960 522
1456970 522
1456980 522
1456990 522
1457000 522
1457010 522
1457020 522
1457030 522
1457040 522
1457050 522
1457060 522
1457070 522
1457080 522
1457090 522
1457100 522
1457110 522
1457120 522
1457130 521
1457140 521
1457150 521
1457160 521
1457170 521
1457180 521
1457190 521
1457200 521
1457210 521
1457220 521
1457230 521
1457240 520
1457250 520
1457260 520
1457270 520
1457280 520
1457290 520
1457300 520
1457310 520
1457320 520
1457330 520
1457340 520
1457350 520
1457360 520
1457370 520
1457380 519
1457390 519
1457400 519
1457410 519
1457420 519
1457430 519
1457440 518
1457450 518
1457460 518
1457470 517
1457480 516
1457490 516
1457500 515
1457510 515
1457520 515
1457530 514
1457540 514
1457550 514
1457560 514
1457570 514
1457580 514
1457590 514
1457600 514
1457610 514
1457620 515
1457630 515
1457640 515
1457650 516
1457660 516
1457670 516
1457680 517
1457690 516
1457700 516
1457710 516
1457720 516
1457730 516
1457740 515
1457750 515
1457760 515
1457770 515
1457780 515
1457790 515
1457800 515
1457810 515
1457820 515
1457830 515
1457840 515
1457850 515
1457860 515
1457870 516
1457880 516
1457890 516
1457900 516
1457910 516
1457920 516
1457930 517
1457940 517
1457950 517
1457960 517
1457970 517
1457980 517
1457990 517
1458000 517
1458010 518
1458020 518
1458030 518
1458040 519
1458050 519
1458060 519
1458070 519
1458080 519
1458090 519
1458100 520
1458110 520
1458120 520
1458130 520
1458140 520
1458150 520
1458160 520
1458170 520
1458180 520
1458190 520
1458200 520
1458210 520
1458220 520
1458230 520
1458240 520
1458250 520
1458260 520
1458270 520
1458280 521
1458290 521
1458300 521
1458310 521
1458320 522
1458330 522
1458340 522
1458350 522
1458360 522
1458370 522
1458380 523
1458390 523
1458400 523
1458410 523
1458420 523
1458430 523
1458440 524
1458450 524
1458460 524
1458470 524
1458480 524
1458490 524
1458500 524
1458510 525
1458520 525
1458530 525
1458540 525
1458550 525
1458560 525
1458570 526
1458580 526
1458590 526
1458600 527
1458610 527
1458620 527
1458630 527
1458640 527
1458650 528
1458660 528
1458670 528
1458680 529
1458690 529
1458700 529
1458710 530
1458720 530
1458730 530
1458740 531
1458750 531
1458760 531
1458770 532
1458780 532
1458790 532
1458800 533
1458810 533
1458820 533
1458830 533
1458840 533
1458850 533
1458860 534
1458870 533
1458880 533
1458890 533
1458900 533
1458910 533
1458920 534
1458930 534
1458940 534
1458950 534
1458960 534
1458970 534
1458980 534
1458990 535
1459000 535
1459010 535
1459020 536
1459030 536
1459040 536
1459050 536
1459060 536
1459070 536
1459080 536
1459090 536
1459100 537
1459110 538
1459120 538
1459130 538
1459140 539
1459150 539
1459160 540
1459170 540
1459180 540
1459190 540
1459200 541
1459210 541
1459220 541
1459230 541
1459240 541
1459250 541
1459260 542
1459270 542
1459280 542
1459290 542
1459300 542
1459310 542
1459320 542
1459330 542
1459340 542
1459350 542
1459360 542
1459370 542
1459380 542
1459390 542
1459400 542
1459410 542
1459420 542
1459430 542
1459440 543
1459450 543
1459460 543
1459470 544
1459480 544
1459490 544
1459500 545
1459510 546
1459520 546
1459530 547
1459540 548
1459550 548
1459560 550
1459570 551
1459580 551
1459590 553
1459600 554
1459610 554
1459620 555
1459630 556
1459640 556
1459650 558
1459660 559
1459670 559
1459680 560
1459690 560
1459700 560
1459710 561
1459720 561
1459730 561
1459740 562
1459750 563
1459760 563
1459770 565
1459780 566
1459790 566
1459800 566
1459810 566
1459820 566
1459830 566
1459840 566
1459850 566
1459860 566
1459870 566
1459880 566
1459890 567
1459900 567
1459910 567
1459920 567
1459930 567
1459940 567
1459950 568
1459960 568
1459970 568
1459980 568
1459990 569
