1440000 421
1440010 421
1440020 421
1440030 422
1440040 422
1440050 422
1440060 422
1440070 422
1440080 422
1440090 422
1440100 422
1440110 422
1440120 422
1440130 422
1440140 422
1440150 422
1440160 422
1440170 422
1440180 422
1440190 422
1440200 422
1440210 422
1440220 422
1440230 422
1440240 422
1440250 422
1440260 422
1440270 422
1440280 422
1440290 422
1440300 422
1440310 422
1440320 422
1440330 422
1440340 422
1440350 422
1440360 422
1440370 423
1440380 423
1440390 423
1440400 423
1440410 423
1440420 423
1440430 422
1440440 422
1440450 422
1440460 422
1440470 422
1440480 422
1440490 422
1440500 422
1440510 422
1440520 422
1440530 422
1440540 422
1440550 423
1440560 423
1440570 424
1440580 423
1440590 423
1440600 422
1440610 422
1440620 422
1440630 422
1440640 422
1440650 422
1440660 422
1440670 423
1440680 423
1440690 422
1440700 422
1440710 422
1440720 422
1440730 422
1440740 422
1440750 423
1440760 424
1440770 424
1440780 424
1440790 424
1440800 424
1440810 422
1440820 423
1440830 423
1440840 423
1440850 423
1440860 423
1440870 423
1440880 423
1440890 423
1440900 422
1440910 422
1440920 422
1440930 422
1440940 422
1440950 422
1440960 422
1440970 423
1440980 423
1440990 423
1441000 422
1441010 422
1441020 422
1441030 423
1441040 422
1441050 422
1441060 422
1441070 422
1441080 422
1441090 422
1441100 422
1441110 422
1441120 422
1441130 423
1441140 423
1441150 423
1441160 423
1441170 423
1441180 423
1441190 422
1441200 422
1441210 422
1441220 422
1441230 422
1441240 423
1441250 423
1441260 423
1441270 423
1441280 423
1441290 423
1441300 423
1441310 423
1441320 423
1441330 423
1441340 423
1441350 423
1441360 423
1441370 423
1441380 423
1441390 423
1441400 424
1441410 424
1441420 424
1441430 424
1441440 424
1441450 423
1441460 424
1441470 424
1441480 425
1441490 426
1441500 426
1441510 425
1441520 425
1441530 425
1441540 425
1441550 425
1441560 425
1441570 425
1441580 425
1441590 425
1441600 426
1441610 427
1441620 427
1441630 428
1441640 429
1441650 429
1441660 429
1441670 430
1441680 430
1441690 430
1441700 431
1441710 431
1441720 431
1441730 431
1441740 431
1441750 432
1441760 432
1441770 432
1441780 433
1441790 433
1441800 433
1441810 433
1441820 433
1441830 433
1441840 433
1441850 433
1441860 433
1441870 434
1441880 434
1441890 434
1441900 434
1441910 434
1441920 434
1441930 434
1441940 433
1441950 433
1441960 433
1441970 433
1441980 433
1441990 433
1442000 433
1442010 433
1442020 433
1442030 433
1442040 433
1442050 433
1442060 433
1442070 433
1442080 433
1442090 432
1442100 432
1442110 432
1442120 432
1442130 432
1442140 432
1442150 431
1442160 431
1442170 431
1442180 431
1442190 431
1442200 431
1442210 431
1442220 431
1442230 431
1442240 430
1442250 430
1442260 430
1442270 429
1442280 429
1442290 429
1442300 428
1442310 428
1442320 428
1442330 428
1442340 427
1442350 427
1442360 427
1442370 427
1442380 427
1442390 426
1442400 426
1442410 426
1442420 426
1442430 426
1442440 426
1442450 426
1442460 426
1442470 426
1442480 425
1442490 425
1442500 425
1442510 425
1442520 425
1442530 425
1442540 425
1442550 424
1442560 424
1442570 425
1442580 425
1442590 425
1442600 425
1442610 425
1442620 425
1442630 425
1442640 425
1442650 425
1442660 425
1442670 425
1442680 425
1442690 425
1442700 425
1442710 425
1442720 426
1442730 426
1442740 426
1442750 426
1442760 426
1442770 426
1442780 426
1442790 426
1442800 426
1442810 426
1442820 426
1442830 426
1442840 426
1442850 426
1442860 426
1442870 426
1442880 426
1442890 426
1442900 426
1442910 426
1442920 426
1442930 426
1442940 427
1442950 427
1442960 427
1442970 427
1442980 427
1442990 426
1443000 426
1443010 426
1443020 426
1443030 426
1443040 426
1443050 426
1443060 426
1443070 426
1443080 426
1443090 426
1443100 426
1443110 426
1443120 426
1443130 426
1443140 426
1443150 426
1443160 426
1443170 426
1443180 426
1443190 426
1443200 426
1443210 426
1443220 426
1443230 426
1443240 427
1443250 427
1443260 427
1443270 427
1443280 427
1443290 427
1443300 427
1443310 426
1443320 426
1443330 426
1443340 427
1443350 427
1443360 427
1443370 427
1443380 427
1443390 427
1443400 427
1443410 427
1443420 427
1443430 427
1443440 427
1443450 427
1443460 427
1443470 427
1443480 427
1443490 427
1443500 427
1443510 427
1443520 427
1443530 427
1443540 427
1443550 427
1443560 427
1443570 427
1443580 427
1443590 427
1443600 427
1443610 427
1443620 427
1443630 428
1443640 428
1443650 428
1443660 428
1443670 428
1443680 428
1443690 428
1443700 428
1443710 428
1443720 428
1443730 428
1443740 428
1443750 428
1443760 429
1443770 429
1443780 429
1443790 429
1443800 429
1443810 429
1443820 430
1443830 430
1443840 430
1443850 430
1443860 430
1443870 431
1443880 431
1443890 431
1443900 431
1443910 432
1443920 432
1443930 432
1443940 433
1443950 433
1443960 433
1443970 433
1443980 433
1443990 434
1444000 434
1444010 434
1444020 434
1444030 435
1444040 435
1444050 435
1444060 435
1444070 435
1444080 435
1444090 435
1444100 435
1444110 434
1444120 434
1444130 434
1444140 433
1444150 433
1444160 433
1444170 433
1444180 432
1444190 432
1444200 432
1444210 432
1444220 433
1444230 433
1444240 433
1444250 433
1444260 433
1444270 433
1444280 433
1444290 433
1444300 434
1444310 434
1444320 434
1444330 434
1444340 434
1444350 434
1444360 435
1444370 435
1444380 435
1444390 436
1444400 437
1444410 437
1444420 437
1444430 437
1444440 437
1444450 438
1444460 438
1444470 438
1444480 438
1444490 439
1444500 439
1444510 439
1444520 439
1444530 439
1444540 440
1444550 440
1444560 440
1444570 440
1444580 441
1444590 441
1444600 441
1444610 441
1444620 441
1444630 442
1444640 442
1444650 442
1444660 443
1444670 443
1444680 443
1444690 444
1444700 444
1444710 444
1444720 444
1444730 445
1444740 445
1444750 445
1444760 445
1444770 445
1444780 445
1444790 445
1444800 445
1444810 446
1444820 446
1444830 446
1444840 446
1444850 446
1444860 446
1444870 446
1444880 446
1444890 446
1444900 446
1444910 446
1444920 446
1444930 446
1444940 446
1444950 446
1444960 446
1444970 446
1444980 446
1444990 446
1445000 447
1445010 447
1445020 447
1445030 447
1445040 447
1445050 447
1445060 448
1445070 448
1445080 448
1445090 448
1445100 448
1445110 448
1445120 448
1445130 448
1445140 449
1445150 449
1445160 449
1445170 449
1445180 449
1445190 449
1445200 449
1445210 449
1445220 449
1445230 449
1445240 449
1445250 449
1445260 449
1445270 449
1445280 449
1445290 449
1445300 449
1445310 449
1445320 449
1445330 449
1445340 449
1445350 449
1445360 450
1445370 450
1445380 450
1445390 450
1445400 451
1445410 451
1445420 451
1445430 452
1445440 452
1445450 452
1445460 452
1445470 452
1445480 452
1445490 452
1445500 452
1445510 452
1445520 452
1445530 452
1445540 452
1445550 451
1445560 451
1445570 451
1445580 451
1445590 451
1445600 451
1445610 451
1445620 451
1445630 451
1445640 451
1445650 451
1445660 451
1445670 451
1445680 451
1445690 451
1445700 451
1445710 451
1445720 451
1445730 451
1445740 451
1445750 451
1445760 451
1445770 451
1445780 451
1445790 451
1445800 451
1445810 451
1445820 451
1445830 451
1445840 451
1445850 451
1445860 451
1445870 451
1445880 451
1445890 451
1445900 451
1445910 451
1445920 451
1445930 451
1445940 451
1445950 451
1445960 451
1445970 451
1445980 451
1445990 451
1446000 451
1446010 451
1446020 451
1446030 451
1446040 451
1446050 451
1446060 451
1446070 451
1446080 451
1446090 451
1446100 451
1446110 451
1446120 452
1446130 452
1446140 452
1446150 452
1446160 452
1446170 452
1446180 452
1446190 452
1446200 453
1446210 453
1446220 453
1446230 453
1446240 453
1446250 453
1446260 454
1446270 454
1446280 454
1446290 454
1446300 454
1446310 454
1446320 454
1446330 454
1446340 454
1446350 454
1446360 454
1446370 454
1446380 454
1446390 454
1446400 453
1446410 453
1446420 453
1446430 453
1446440 453
1446450 454
1446460 454
1446470 454
1446480 454
1446490 454
1446500 454
1446510 454
1446520 454
1446530 454
1446540 454
1446550 455
1446560 455
1446570 455
1446580 455
1446590 455
1446600 455
1446610 455
1446620 455
1446630 455
1446640 455
1446650 455
1446660 455
1446670 455
1446680 455
1446690 455
1446700 455
1446710 455
1446720 455
1446730 455
1446740 455
1446750 455
1446760 454
1446770 454
1446780 454
1446790 455
1446800 455
1446810 455
1446820 455
1446830 455
1446840 455
1446850 455
1446860 455
1446870 455
1446880 455
1446890 455
1446900 455
1446910 455
1446920 455
1446930 455
1446940 456
1446950 456
1446960 456
1446970 456
1446980 456
1446990 456
1447000 456
1447010 456
1447020 456
1447030 456
1447040 456
1447050 456
1447060 456
1447070 456
1447080 456
1447090 456
1447100 456
1447110 457
1447120 457
1447130 457
1447140 457
1447150 457
1447160 457
1447170 458
1447180 458
1447190 458
1447200 458
1447210 459
1447220 459
1447230 459
1447240 459
1447250 459
1447260 459
1447270 459
1447280 459
1447290 459
1447300 459
1447310 459
1447320 459
1447330 459
1447340 459
1447350 459
1447360 459
1447370 459
1447380 459
1447390 459
1447400 459
1447410 459
1447420 459
1447430 459
1447440 458
1447450 458
1447460 458
1447470 458
1447480 458
1447490 458
1447500 458
1447510 458
1447520 458
1447530 458
1447540 458
1447550 458
1447560 458
1447570 459
1447580 459
1447590 459
1447600 459
1447610 459
1447620 459
1447630 459
1447640 460
1447650 460
1447660 460
1447670 460
1447680 460
1447690 460
1447700 461
1447710 461
1447720 461
1447730 461
1447740 461
1447750 462
1447760 462
1447770 462
1447780 462
1447790 462
1447800 462
1447810 463
1447820 463
1447830 463
1447840 463
1447850 464
1447860 464
1447870 464
1447880 464
1447890 464
1447900 465
1447910 465
1447920 465
1447930 465
1447940 466
1447950 466
1447960 466
1447970 466
1447980 466
1447990 466
1448000 466
1448010 466
1448020 466
1448030 465
1448040 465
1448050 465
1448060 464
1448070 464
1448080 464
1448090 464
1448100 464
1448110 464
1448120 464
1448130 464
1448140 464
1448150 464
1448160 464
1448170 464
1448180 464
1448190 464
1448200 464
1448210 465
1448220 465
1448230 465
1448240 465
1448250 465
1448260 466
1448270 466
1448280 466
1448290 467
1448300 467
1448310 467
1448320 467
1448330 467
1448340 467
1448350 467
1448360 467
1448370 467
1448380 467
1448390 467
1448400 467
1448410 467
1448420 467
1448430 467
1448440 466
1448450 466
1448460 466
1448470 465
1448480 465
1448490 465
1448500 465
1448510 465
1448520 466
1448530 466
1448540 467
1448550 468
1448560 468
1448570 468
1448580 469
1448590 469
1448600 469
1448610 470
1448620 470
1448630 471
1448640 472
1448650 472
1448660 472
1448670 473
1448680 473
1448690 473
1448700 474
1448710 474
1448720 475
1448730 476
1448740 476
1448750 478
1448760 479
1448770 479
1448780 481
1448790 483
1448800 483
1448810 484
1448820 486
1448830 486
1448840 488
1448850 489
1448860 489
1448870 492
1448880 493
1448890 493
1448900 495
1448910 497
1448920 497
1448930 498
1448940 500
1448950 500
1448960 502
1448970 504
1448980 504
1448990 506
1449000 507
1449010 507
1449020 509
1449030 510
1449040 510
1449050 513
1449060 515
1449070 515
1449080 516
1449090 517
1449100 517
1449110 519
1449120 520
1449130 520
1449140 522
1449150 524
1449160 524
1449170 524
1449180 524
1449190 524
1449200 525
1449210 525
1449220 525
1449230 528
1449240 530
1449250 530
1449260 533
1449270 536
1449280 536
1449290 538
1449300 538
1449310 538
1449320 538
1449330 537
1449340 537
1449350 536
1449360 535
1449370 535
1449380 534
1449390 533
1449400 533
1449410 532
1449420 531
1449430 531
1449440 530
1449450 530
1449460 530
1449470 529
1449480 529
1449490 529
1449500 528
1449510 528
1449520 528
1449530 528
1449540 527
1449550 527
1449560 527
1449570 526
1449580 526
1449590 525
1449600 524
1449610 524
1449620 523
1449630 522
1449640 521
1449650 521
1449660 520
1449670 519
1449680 519
1449690 518
1449700 517
1449710 517
1449720 516
1449730 515
1449740 515
1449750 513
1449760 512
1449770 512
1449780 510
1449790 508
1449800 508
1449810 508
1449820 507
1449830 507
1449840 507
1449850 507
1449860 507
1449870 506
1449880 506
1449890 506
1449900 505
1449910 505
1449920 506
1449930 505
1449940 505
1449950 505
1449960 504
1449970 503
1449980 503
1449990 502
1450000 501
1450010 501
1450020 500
1450030 499
1450040 499
1450050 499
1450060 498
1450070 498
1450080 497
1450090 497
1450100 497
1450110 496
1450120 495
1450130 495
1450140 495
1450150 494
1450160 494
1450170 494
1450180 493
1450190 493
1450200 493
1450210 492
1450220 492
1450230 491
1450240 491
1450250 491
1450260 490
1450270 491
1450280 491
1450290 490
1450300 490
1450310 490
1450320 489
1450330 489
1450340 489
1450350 488
1450360 487
1450370 487
1450380 486
1450390 486
1450400 486
1450410 485
1450420 485
1450430 485
1450440 484
1450450 483
1450460 483
1450470 483
1450480 483
1450490 483
1450500 482
1450510 482
1450520 482
1450530 481
1450540 481
1450550 481
1450560 480
1450570 480
1450580 480
1450590 480
1450600 480
1450610 480
1450620 480
1450630 480
1450640 480
1450650 480
1450660 480
1450670 480
1450680 480
1450690 480
1450700 480
1450710 480
1450720 481
1450730 482
1450740 482
1450750 482
1450760 482
1450770 482
1450780 481
1450790 480
1450800 480
1450810 479
1450820 478
1450830 478
1450840 477
1450850 477
1450860 477
1450870 476
1450880 475
1450890 475
1450900 475
1450910 475
1450920 475
1450930 476
1450940 477
1450950 477
1450960 479
1450970 480
1450980 480
1450990 481
1451000 482
1451010 482
1451020 483
1451030 485
1451040 485
1451050 487
1451060 489
1451070 489
1451080 489
1451090 490
1451100 490
1451110 492
1451120 493
1451130 493
1451140 493
1451150 491
1451160 491
1451170 486
1451180 484
1451190 484
1451200 480
1451210 475
1451220 475
1451230 470
1451240 469
1451250 469
1451260 468
1451270 467
1451280 467
1451290 468
1451300 469
1451310 469
1451320 470
1451330 472
1451340 472
1451350 474
1451360 476
1451370 476
1451380 478
1451390 479
1451400 479
1451410 479
1451420 480
1451430 480
1451440 480
1451450 478
1451460 478
1451470 475
1451480 472
1451490 472
1451500 469
1451510 466
1451520 466
1451530 465
1451540 463
1451550 463
1451560 461
1451570 458
1451580 458
1451590 456
1451600 453
1451610 453
1451620 451
1451630 449
1451640 449
1451650 448
1451660 446
1451670 446
1451680 444
1451690 443
1451700 443
1451710 441
1451720 440
1451730 440
1451740 439
1451750 438
1451760 438
1451770 437
1451780 437
1451790 437
1451800 437
1451810 436
1451820 435
1451830 435
1451840 435
1451850 435
1451860 435
1451870 434
1451880 434
1451890 434
1451900 433
1451910 432
1451920 432
1451930 431
1451940 431
1451950 431
1451960 430
1451970 430
1451980 430
1451990 430
1452000 430
1452010 430
1452020 429
1452030 429
1452040 429
1452050 428
1452060 427
1452070 427
1452080 427
1452090 426
1452100 426
1452110 426
1452120 425
1452130 425
1452140 425
1452150 425
1452160 425
1452170 424
1452180 423
1452190 423
1452200 422
1452210 423
1452220 423
1452230 423
1452240 423
1452250 423
1452260 423
1452270 423
1452280 423
1452290 423
1452300 423
1452310 423
1452320 423
1452330 423
1452340 423
1452350 424
1452360 424
1452370 424
1452380 425
1452390 426
1452400 426
1452410 427
1452420 428
1452430 428
1452440 429
1452450 430
1452460 430
1452470 430
1452480 431
1452490 431
1452500 431
1452510 432
1452520 432
1452530 433
1452540 434
1452550 434
1452560 434
1452570 435
1452580 435
1452590 436
1452600 436
1452610 436
1452620 436
1452630 436
1452640 436
1452650 437
1452660 437
1452670 437
1452680 437
1452690 437
1452700 437
1452710 437
1452720 437
1452730 437
1452740 437
1452750 438
1452760 438
1452770 438
1452780 439
1452790 439
1452800 440
1452810 441
1452820 441
1452830 441
1452840 442
1452850 442
1452860 442
1452870 442
1452880 441
1452890 441
1452900 441
1452910 441
1452920 441
1452930 440
1452940 440
1452950 440
1452960 439
1452970 439
1452980 439
1452990 438
1453000 438
1453010 438
1453020 438
1453030 438
1453040 438
1453050 438
1453060 438
1453070 438
1453080 438
1453090 438
1453100 438
1453110 437
1453120 437
1453130 437
1453140 437
1453150 436
1453160 436
1453170 436
1453180 437
1453190 437
1453200 438
1453210 439
1453220 439
1453230 440
1453240 442
1453250 442
1453260 443
1453270 445
1453280 445
1453290 446
1453300 447
1453310 447
1453320 449
1453330 450
1453340 450
1453350 451
1453360 452
1453370 452
1453380 453
1453390 454
1453400 454
1453410 454
1453420 455
1453430 455
1453440 456
1453450 456
1453460 456
1453470 458
1453480 459
1453490 459
1453500 462
1453510 464
1453520 464
1453530 467
1453540 470
1453550 470
1453560 473
1453570 477
1453580 477
1453590 479
1453600 481
1453610 481
1453620 482
1453630 482
1453640 482
1453650 481
1453660 480
1453670 480
1453680 480
1453690 479
1453700 479
1453710 479
1453720 479
1453730 479
1453740 479
1453750 481
1453760 481
1453770 484
1453780 486
1453790 486
1453800 487
1453810 487
1453820 487
1453830 488
1453840 490
1453850 490
1453860 492
1453870 494
1453880 494
1453890 495
1453900 498
1453910 495
1453920 499
1453930 503
1453940 503
1453950 508
1453960 511
1453970 513
1453980 513
1453990 513
1454000 513
1454010 513
1454020 512
1454030 512
1454040 512
1454050 511
1454060 510
1454070 510
1454080 509
1454090 508
1454100 508
1454110 507
1454120 506
1454130 506
1454140 506
1454150 505
1454160 505
1454170 505
1454180 505
1454190 505
1454200 505
1454210 505
1454220 505
1454230 505
1454240 505
1454250 505
1454260 504
1454270 504
1454280 504
1454290 505
1454300 505
1454310 505
1454320 506
1454330 506
1454340 506
1454350 507
1454360 509
1454370 509
1454380 511
1454390 513
1454400 513
1454410 514
1454420 515
1454430 515
1454440 515
1454450 515
1454460 515
1454470 514
1454480 514
1454490 514
1454500 515
1454510 516
1454520 516
1454530 517
1454540 518
1454550 518
1454560 519
1454570 520
1454580 520
1454590 521
1454600 521
1454610 521
1454620 522
1454630 523
1454640 523
1454650 524
1454660 525
1454670 525
1454680 526
1454690 526
1454700 526
1454710 526
1454720 526
1454730 526
1454740 526
1454750 526
1454760 526
1454770 526
1454780 526
1454790 526
1454800 526
1454810 527
1454820 527
1454830 527
1454840 529
1454850 529
1454860 530
1454870 532
1454880 532
1454890 533
1454900 533
1454910 533
1454920 534
1454930 534
1454940 534
1454950 535
1454960 536
1454970 536
1454980 536
1454990 535
1455000 535
1455010 535
1455020 536
1455030 536
1455040 536
1455050 537
1455060 538
1455070 538
1455080 539
1455090 539
1455100 539
1455110 540
1455120 540
1455130 540
1455140 540
1455150 540
1455160 540
1455170 540
1455180 540
1455190 540
1455200 539
1455210 538
1455220 538
1455230 538
1455240 538
1455250 538
1455260 538
1455270 537
1455280 537
1455290 537
1455300 537
1455310 537
1455320 537
1455330 537
1455340 537
1455350 537
1455360 537
1455370 537
1455380 537
1455390 538
1455400 538
1455410 538
1455420 539
1455430 539
1455440 540
1455450 540
1455460 540
1455470 540
1455480 540
1455490 540
1455500 541
1455510 541
1455520 541
1455530 542
1455540 543
1455550 543
1455560 543
1455570 544
1455580 544
1455590 545
1455600 545
1455610 545
1455620 546
1455630 546
1455640 546
1455650 547
1455660 547
1455670 547
1455680 547
1455690 547
1455700 547
1455710 546
1455720 546
1455730 546
1455740 547
1455750 547
1455760 547
1455770 547
1455780 548
1455790 548
1455800 548
1455810 547
1455820 547
1455830 547
1455840 547
1455850 547
1455860 547
1455870 546
1455880 546
1455890 546
1455900 545
1455910 545
1455920 545
1455930 545
1455940 545
1455950 545
1455960 545
1455970 545
1455980 545
1455990 545
1456000 545
1456010 545
1456020 545
1456030 545
1456040 545
1456050 545
1456060 545
1456070 545
1456080 545
1456090 545
1456100 545
1456110 544
1456120 544
1456130 544
1456140 544
1456150 544
1456160 544
1456170 544
1456180 545
1456190 545
1456200 545
1456210 545
1456220 545
1456230 545
1456240 544
1456250 544
1456260 544
1456270 543
1456280 543
1456290 542
1456300 541
1456310 541
1456320 541
1456330 540
1456340 540
1456350 539
1456360 538
1456370 538
1456380 538
1456390 537
1456400 537
1456410 537
1456420 536
1456430 536
1456440 535
1456450 533
1456460 533
1456470 531
1456480 530
1456490 530
1456500 529
1456510 528
1456520 528
1456530 527
1456540 526
1456550 526
1456560 524
1456570 523
1456580 523
1456590 523
1456600 523
1456610 523
1456620 523
1456630 523
1456640 523
1456650 523
1456660 523
1456670 523
1456680 523
1456690 523
1456700 523
1456710 523
1456720 522
1456730 522
1456740 522
1456750 522
1456760 522
1456770 522
1456780 522
1456790 522
1456800 521
1456810 521
1456820 521
1456830 521
1456840 520
1456850 520
1456860 520
1456870 520
1456880 520
1456890 520
1456900 520
1456910 520
1456920 521
1456930 521
1456940 521
1456950 521
1456960 520
1456970 520
1456980 521
1456990 521
1457000 521
1457010 521
1457020 522
1457030 522
1457040 522
1457050 522
1457060 522
1457070 522
1457080 522
1457090 522
1457100 521
1457110 521
1457120 521
1457130 521
1457140 521
1457150 521
1457160 521
1457170 521
1457180 521
1457190 521
1457200 521
1457210 520
1457220 520
1457230 520
1457240 520
1457250 520
1457260 519
1457270 519
1457280 519
1457290 519
1457300 519
1457310 519
1457320 519
1457330 519
1457340 519
1457350 519
1457360 519
1457370 519
1457380 519
1457390 519
1457400 519
1457410 519
1457420 519
1457430 519
1457440 519
1457450 518
1457460 518
1457470 518
1457480 518
1457490 518
1457500 518
1457510 517
1457520 517
1457530 517
1457540 517
1457550 517
1457560 516
1457570 516
1457580 516
1457590 515
1457600 515
1457610 515
1457620 514
1457630 515
1457640 515
1457650 515
1457660 516
1457670 516
1457680 516
1457690 515
1457700 515
1457710 515
1457720 514
1457730 514
1457740 515
1457750 515
1457760 515
1457770 515
1457780 515
1457790 515
1457800 515
1457810 515
1457820 515
1457830 515
1457840 516
1457850 516
1457860 516
1457870 516
1457880 516
1457890 516
1457900 516
1457910 516
1457920 517
1457930 517
1457940 517
1457950 517
1457960 518
1457970 518
1457980 518
1457990 518
1458000 518
1458010 518
1458020 518
1458030 518
1458040 519
1458050 518
1458060 518
1458070 518
1458080 519
1458090 519
1458100 519
1458110 519
1458120 519
1458130 519
1458140 519
1458150 519
1458160 519
1458170 519
1458180 519
1458190 519
1458200 519
1458210 519
1458220 520
1458230 520
1458240 520
1458250 520
1458260 520
1458270 520
1458280 520
1458290 521
1458300 521
1458310 521
1458320 521
1458330 521
1458340 521
1458350 522
1458360 522
1458370 522
1458380 522
1458390 522
1458400 522
1458410 523
1458420 523
1458430 523
1458440 523
1458450 524
1458460 524
1458470 524
1458480 524
1458490 524
1458500 524
1458510 525
1458520 525
1458530 525
1458540 525
1458550 525
1458560 525
1458570 526
1458580 526
1458590 526
1458600 527
1458610 527
1458620 527
1458630 528
1458640 528
1458650 528
1458660 529
1458670 529
1458680 529
1458690 529
1458700 529
1458710 530
1458720 530
1458730 530
1458740 531
1458750 532
1458760 532
1458770 532
1458780 532
1458790 532
1458800 532
1458810 533
1458820 533
1458830 533
1458840 533
1458850 533
1458860 533
1458870 533
1458880 533
1458890 533
1458900 533
1458910 533
1458920 533
1458930 533
1458940 533
1458950 534
1458960 534
1458970 534
1458980 534
1458990 534
1459000 534
1459010 534
1459020 535
1459030 535
1459040 535
1459050 535
1459060 535
1459070 535
1459080 536
1459090 536
1459100 537
1459110 537
1459120 537
1459130 538
1459140 539
1459150 539
1459160 539
1459170 539
1459180 539
1459190 540
1459200 540
1459210 540
1459220 540
1459230 540
1459240 540
1459250 540
1459260 541
1459270 541
1459280 541
1459290 541
1459300 541
1459310 541
1459320 541
1459330 541
1459340 541
1459350 541
1459360 541
1459370 541
1459380 541
1459390 541
1459400 541
1459410 541
1459420 542
1459430 542
1459440 542
1459450 542
1459460 542
1459470 543
1459480 544
1459490 544
1459500 544
1459510 545
1459520 545
1459530 546
1459540 547
1459550 547
1459560 549
1459570 550
1459580 550
1459590 552
1459600 553
1459610 553
1459620 554
1459630 555
1459640 555
1459650 557
1459660 558
1459670 558
1459680 560
1459690 561
1459700 561
1459710 562
1459720 564
1459730 564
1459740 565
1459750 567
1459760 567
1459770 569
1459780 571
1459790 571
1459800 571
1459810 571
1459820 571
1459830 570
1459840 570
1459850 570
1459860 570
1459870 570
1459880 570
1459890 570
1459900 570
1459910 570
1459920 571
1459930 571
1459940 571
1459950 571
1459960 572
1459970 572
1459980 572
1459990 572
