1440000 428
1440010 428
1440020 428
1440030 428
1440040 428
1440050 428
1440060 428
1440070 428
1440080 429
1440090 430
1440100 430
1440110 430
1440120 430
1440130 430
1440140 430
1440150 430
1440160 430
1440170 430
1440180 430
1440190 430
1440200 430
1440210 429
1440220 429
1440230 429
1440240 429
1440250 429
1440260 429
1440270 428
1440280 428
1440290 428
1440300 427
1440310 427
1440320 427
1440330 426
1440340 426
1440350 426
1440360 426
1440370 426
1440380 426
1440390 425
1440400 425
1440410 425
1440420 425
1440430 425
1440440 425
1440450 425
1440460 425
1440470 425
1440480 425
1440490 425
1440500 425
1440510 425
1440520 425
1440530 425
1440540 425
1440550 425
1440560 425
1440570 425
1440580 425
1440590 425
1440600 425
1440610 425
1440620 424
1440630 424
1440640 424
1440650 424
1440660 424
1440670 424
1440680 424
1440690 424
1440700 424
1440710 424
1440720 424
1440730 424
1440740 424
1440750 424
1440760 424
1440770 424
1440780 424
1440790 424
1440800 424
1440810 424
1440820 424
1440830 424
1440840 424
1440850 424
1440860 424
1440870 424
1440880 424
1440890 424
1440900 424
1440910 424
1440920 424
1440930 424
1440940 424
1440950 424
1440960 424
1440970 424
1440980 424
1440990 424
1441000 424
1441010 424
1441020 424
1441030 424
1441040 424
1441050 424
1441060 424
1441070 424
1441080 424
1441090 424
1441100 424
1441110 424
1441120 424
1441130 424
1441140 423
1441150 423
1441160 423
1441170 423
1441180 423
1441190 423
1441200 423
1441210 423
1441220 423
1441230 423
1441240 423
1441250 423
1441260 423
1441270 423
1441280 423
1441290 423
1441300 423
1441310 423
1441320 423
1441330 423
1441340 423
1441350 423
1441360 423
1441370 423
1441380 424
1441390 424
1441400 424
1441410 424
1441420 424
1441430 424
1441440 424
1441450 424
1441460 424
1441470 424
1441480 423
1441490 423
1441500 423
1441510 423
1441520 423
1441530 423
1441540 423
1441550 423
1441560 423
1441570 423
1441580 423
1441590 423
1441600 423
1441610 423
1441620 423
1441630 423
1441640 423
1441650 423
1441660 423
1441670 423
1441680 423
1441690 423
1441700 423
1441710 423
1441720 423
1441730 423
1441740 423
1441750 423
1441760 423
1441770 423
1441780 424
1441790 424
1441800 424
1441810 424
1441820 424
1441830 424
1441840 424
1441850 424
1441860 424
1441870 424
1441880 424
1441890 424
1441900 424
1441910 424
1441920 424
1441930 424
1441940 424
1441950 424
1441960 424
1441970 424
1441980 424
1441990 424
1442000 424
1442010 424
1442020 424
1442030 424
1442040 424
1442050 424
1442060 424
1442070 424
1442080 424
1442090 424
1442100 424
1442110 424
1442120 424
1442130 424
1442140 424
1442150 424
1442160 424
1442170 424
1442180 424
1442190 424
1442200 424
1442210 424
1442220 424
1442230 424
1442240 424
1442250 424
1442260 424
1442270 424
1442280 424
1442290 424
1442300 424
1442310 424
1442320 424
1442330 424
1442340 424
1442350 424
1442360 424
1442370 424
1442380 424
1442390 424
1442400 424
1442410 424
1442420 424
1442430 424
1442440 424
1442450 424
1442460 424
1442470 424
1442480 424
1442490 424
1442500 424
1442510 425
1442520 425
1442530 425
1442540 425
1442550 425
1442560 425
1442570 425
1442580 425
1442590 425
1442600 425
1442610 425
1442620 425
1442630 425
1442640 425
1442650 425
1442660 425
1442670 425
1442680 425
1442690 425
1442700 425
1442710 425
1442720 425
1442730 425
1442740 425
1442750 425
1442760 425
1442770 425
1442780 425
1442790 425
1442800 425
1442810 425
1442820 425
1442830 425
1442840 425
1442850 425
1442860 425
1442870 425
1442880 425
1442890 425
1442900 425
1442910 425
1442920 425
1442930 425
1442940 425
1442950 425
1442960 425
1442970 425
1442980 426
1442990 426
1443000 426
1443010 426
1443020 428
1443030 428
1443040 428
1443050 431
1443060 431
1443070 435
1443080 440
1443090 440
1443100 444
1443110 448
1443120 451
1443130 451
1443140 451
1443150 448
1443160 448
1443170 443
1443180 437
1443190 437
1443200 432
1443210 428
1443220 428
1443230 427
1443240 427
1443250 427
1443260 427
1443270 427
1443280 427
1443290 427
1443300 427
1443310 427
1443320 427
1443330 427
1443340 427
1443350 426
1443360 427
1443370 427
1443380 427
1443390 427
1443400 427
1443410 427
1443420 427
1443430 427
1443440 427
1443450 427
1443460 427
1443470 427
1443480 427
1443490 427
1443500 427
1443510 427
1443520 427
1443530 427
1443540 427
1443550 427
1443560 428
1443570 428
1443580 428
1443590 428
1443600 428
1443610 428
1443620 428
1443630 428
1443640 428
1443650 428
1443660 428
1443670 428
1443680 428
1443690 428
1443700 428
1443710 429
1443720 429
1443730 429
1443740 429
1443750 430
1443760 430
1443770 430
1443780 430
1443790 430
1443800 431
1443810 433
1443820 433
1443830 437
1443840 441
1443850 441
1443860 443
1443870 446
1443880 446
1443890 448
1443900 451
1443910 451
1443920 453
1443930 455
1443940 455
1443950 457
1443960 459
1443970 459
1443980 461
1443990 462
1444000 462
1444010 464
1444020 465
1444030 465
1444040 466
1444050 466
1444060 466
1444070 467
1444080 467
1444090 467
1444100 467
1444110 468
1444120 468
1444130 468
1444140 468
1444150 468
1444160 468
1444170 469
1444180 469
1444190 469
1444200 469
1444210 469
1444220 470
1444230 471
1444240 471
1444250 472
1444260 473
1444270 473
1444280 474
1444290 474
1444300 474
1444310 475
1444320 476
1444330 476
1444340 476
1444350 476
1444360 477
1444370 477
1444380 478
1444390 479
1444400 479
1444410 480
1444420 480
1444430 480
1444440 480
1444450 480
1444460 480
1444470 480
1444480 480
1444490 480
1444500 481
1444510 481
1444520 481
1444530 481
1444540 480
1444550 480
1444560 480
1444570 479
1444580 479
1444590 479
1444600 478
1444610 478
1444620 478
1444630 478
1444640 478
1444650 477
1444660 476
1444670 476
1444680 475
1444690 475
1444700 475
1444710 474
1444720 474
1444730 474
1444740 473
1444750 473
1444760 473
1444770 472
1444780 472
1444790 472
1444800 471
1444810 470
1444820 470
1444830 470
1444840 469
1444850 469
1444860 469
1444870 468
1444880 468
1444890 468
1444900 468
1444910 468
1444920 468
1444930 467
1444940 467
1444950 466
1444960 466
1444970 466
1444980 465
1444990 465
1445000 465
1445010 464
1445020 464
1445030 464
1445040 464
1445050 463
1445060 463
1445070 463
1445080 463
1445090 463
1445100 463
1445110 463
1445120 463
1445130 462
1445140 462
1445150 462
1445160 462
1445170 462
1445180 462
1445190 462
1445200 461
1445210 461
1445220 461
1445230 461
1445240 461
1445250 461
1445260 461
1445270 461
1445280 461
1445290 461
1445300 461
1445310 460
1445320 460
1445330 460
1445340 460
1445350 460
1445360 460
1445370 460
1445380 459
1445390 459
1445400 459
1445410 459
1445420 459
1445430 460
1445440 460
1445450 460
1445460 460
1445470 460
1445480 460
1445490 460
1445500 461
1445510 461
1445520 461
1445530 461
1445540 461
1445550 461
1445560 461
1445570 461
1445580 461
1445590 461
1445600 461
1445610 461
1445620 462
1445630 462
1445640 462
1445650 462
1445660 462
1445670 462
1445680 462
1445690 463
1445700 463
1445710 463
1445720 463
1445730 463
1445740 463
1445750 464
1445760 464
1445770 464
1445780 464
1445790 464
1445800 465
1445810 466
1445820 466
1445830 466
1445840 466
1445850 466
1445860 466
1445870 466
1445880 466
1445890 467
1445900 467
1445910 467
1445920 468
1445930 470
1445940 470
1445950 471
1445960 472
1445970 472
1445980 473
1445990 474
1446000 474
1446010 476
1446020 478
1446030 478
1446040 480
1446050 483
1446060 483
1446070 486
1446080 487
1446090 487
1446100 488
1446110 488
1446120 488
1446130 487
1446140 486
1446150 486
1446160 485
1446170 484
1446180 484
1446190 483
1446200 483
1446210 483
1446220 482
1446230 482
1446240 482
1446250 482
1446260 482
1446270 482
1446280 482
1446290 482
1446300 482
1446310 483
1446320 483
1446330 483
1446340 483
1446350 484
1446360 484
1446370 485
1446380 485
1446390 485
1446400 486
1446410 487
1446420 487
1446430 488
1446440 488
1446450 488
1446460 488
1446470 488
1446480 488
1446490 489
1446500 489
1446510 489
1446520 489
1446530 490
1446540 490
1446550 491
1446560 491
1446570 491
1446580 491
1446590 492
1446600 492
1446610 492
1446620 493
1446630 493
1446640 493
1446650 494
1446660 494
1446670 494
1446680 495
1446690 495
1446700 496
1446710 496
1446720 496
1446730 497
1446740 498
1446750 498
1446760 498
1446770 498
1446780 498
1446790 499
1446800 499
1446810 499
1446820 499
1446830 500
1446840 501
1446850 501
1446860 502
1446870 503
1446880 503
1446890 504
1446900 505
1446910 505
1446920 506
1446930 508
1446940 508
1446950 510
1446960 512
1446970 512
1446980 513
1446990 514
1447000 514
1447010 516
1447020 517
1447030 517
1447040 518
1447050 518
1447060 518
1447070 519
1447080 519
1447090 519
1447100 520
1447110 521
1447120 521
1447130 522
1447140 522
1447150 522
1447160 523
1447170 523
1447180 523
1447190 523
1447200 522
1447210 522
1447220 522
1447230 522
1447240 522
1447250 522
1447260 522
1447270 522
1447280 523
1447290 523
1447300 523
1447310 523
1447320 523
1447330 523
1447340 523
1447350 522
1447360 522
1447370 522
1447380 521
1447390 521
1447400 521
1447410 520
1447420 520
1447430 521
1447440 521
1447450 521
1447460 521
1447470 521
1447480 521
1447490 521
1447500 520
1447510 520
1447520 520
1447530 519
1447540 519
1447550 518
1447560 519
1447570 519
1447580 519
1447590 520
1447600 520
1447610 520
1447620 521
1447630 521
1447640 521
1447650 522
1447660 522
1447670 522
1447680 522
1447690 522
1447700 523
1447710 523
1447720 523
1447730 523
1447740 524
1447750 524
1447760 524
1447770 525
1447780 525
1447790 525
1447800 525
1447810 525
1447820 526
1447830 526
1447840 526
1447850 527
1447860 527
1447870 527
1447880 527
1447890 527
1447900 527
1447910 527
1447920 527
1447930 527
1447940 527
1447950 526
1447960 526
1447970 526
1447980 527
1447990 527
1448000 528
1448010 528
1448020 528
1448030 529
1448040 529
1448050 529
1448060 529
1448070 530
1448080 530
1448090 530
1448100 530
1448110 530
1448120 530
1448130 530
1448140 531
1448150 531
1448160 531
1448170 531
1448180 531
1448190 531
1448200 531
1448210 531
1448220 532
1448230 532
1448240 532
1448250 532
1448260 532
1448270 532
1448280 532
1448290 532
1448300 532
1448310 532
1448320 532
1448330 532
1448340 532
1448350 532
1448360 532
1448370 532
1448380 531
1448390 531
1448400 531
1448410 531
1448420 531
1448430 531
1448440 531
1448450 531
1448460 530
1448470 530
1448480 530
1448490 530
1448500 530
1448510 530
1448520 530
1448530 531
1448540 531
1448550 531
1448560 532
1448570 532
1448580 532
1448590 532
1448600 532
1448610 532
1448620 533
1448630 533
1448640 533
1448650 533
1448660 533
1448670 533
1448680 533
1448690 533
1448700 534
1448710 534
1448720 534
1448730 535
1448740 535
1448750 535
1448760 536
1448770 536
1448780 536
1448790 537
1448800 538
1448810 538
1448820 539
1448830 541
1448840 541
1448850 544
1448860 548
1448870 548
1448880 550
1448890 552
1448900 552
1448910 553
1448920 553
1448930 553
1448940 553
1448950 552
1448960 552
1448970 551
1448980 551
1448990 551
1449000 550
1449010 549
1449020 549
1449030 549
1449040 548
1449050 548
1449060 547
1449070 547
1449080 547
1449090 547
1449100 547
1449110 547
1449120 547
1449130 547
1449140 547
1449150 547
1449160 546
1449170 546
1449180 546
1449190 546
1449200 546
1449210 546
1449220 546
1449230 546
1449240 546
1449250 545
1449260 545
1449270 545
1449280 545
1449290 545
1449300 545
1449310 545
1449320 545
1449330 545
1449340 545
1449350 546
1449360 546
1449370 547
1449380 548
1449390 548
1449400 548
1449410 549
1449420 549
1449430 551
1449440 552
1449450 552
1449460 552
1449470 552
1449480 552
1449490 552
1449500 551
1449510 551
1449520 551
1449530 550
1449540 550
1449550 551
1449560 551
1449570 551
1449580 552
1449590 552
1449600 552
1449610 554
1449620 555
1449630 555
1449640 556
1449650 558
1449660 558
1449670 559
1449680 561
1449690 561
1449700 563
1449710 564
1449720 564
1449730 567
1449740 568
1449750 568
1449760 569
1449770 570
1449780 570
1449790 570
1449800 569
1449810 569
1449820 568
1449830 566
1449840 566
1449850 564
1449860 562
1449870 562
1449880 561
1449890 560
1449900 560
1449910 560
1449920 559
1449930 559
1449940 558
1449950 557
1449960 557
1449970 556
1449980 555
1449990 555
1450000 554
1450010 554
1450020 554
1450030 553
1450040 553
1450050 553
1450060 552
1450070 551
1450080 551
1450090 551
1450100 550
1450110 550
1450120 550
1450130 550
1450140 550
1450150 549
1450160 549
1450170 549
1450180 548
1450190 547
1450200 547
1450210 547
1450220 547
1450230 547
1450240 548
1450250 550
1450260 550
1450270 551
1450280 552
1450290 552
1450300 552
1450310 551
1450320 551
1450330 551
1450340 550
1450350 550
1450360 551
1450370 551
1450380 551
1450390 552
1450400 551
1450410 551
1450420 551
1450430 551
1450440 551
1450450 550
1450460 549
1450470 549
1450480 548
1450490 547
1450500 547
1450510 547
1450520 546
1450530 546
1450540 545
1450550 544
1450560 543
1450570 543
1450580 540
1450590 539
1450600 539
1450610 540
1450620 541
1450630 541
1450640 541
1450650 540
1450660 540
1450670 539
1450680 539
1450690 539
1450700 538
1450710 537
1450720 537
1450730 536
1450740 534
1450750 534
1450760 533
1450770 532
1450780 532
1450790 531
1450800 531
1450810 531
1450820 530
1450830 530
1450840 530
1450850 529
1450860 529
1450870 529
1450880 529
1450890 528
1450900 528
1450910 528
1450920 528
1450930 528
1450940 527
1450950 527
1450960 527
1450970 527
1450980 527
1450990 527
1451000 527
1451010 527
1451020 527
1451030 527
1451040 527
1451050 527
1451060 526
1451070 526
1451080 526
1451090 527
1451100 527
1451110 527
1451120 527
1451130 527
1451140 527
1451150 526
1451160 525
1451170 525
1451180 523
1451190 522
1451200 522
1451210 522
1451220 522
1451230 522
1451240 521
1451250 521
1451260 521
1451270 521
1451280 521
1451290 521
1451300 521
1451310 521
1451320 521
1451330 520
1451340 519
1451350 519
1451360 519
1451370 518
1451380 518
1451390 518
1451400 517
1451410 517
1451420 517
1451430 517
1451440 517
1451450 517
1451460 517
1451470 517
1451480 517
1451490 516
1451500 516
1451510 518
1451520 518
1451530 518
1451540 518
1451550 518
1451560 518
1451570 518
1451580 518
1451590 518
1451600 518
1451610 518
1451620 518
1451630 518
1451640 517
1451650 517
1451660 517
1451670 516
1451680 516
1451690 516
1451700 516
1451710 516
1451720 516
1451730 517
1451740 517
1451750 517
1451760 517
1451770 517
1451780 517
1451790 517
1451800 517
1451810 517
1451820 517
1451830 517
1451840 517
1451850 517
1451860 517
1451870 517
1451880 517
1451890 517
1451900 517
1451910 517
1451920 517
1451930 517
1451940 517
1451950 517
1451960 517
1451970 516
1451980 515
1451990 515
1452000 513
1452010 513
1452020 513
1452030 512
1452040 512
1452050 512
1452060 512
1452070 512
1452080 512
1452090 512
1452100 512
1452110 512
1452120 512
1452130 512
1452140 512
1452150 512
1452160 512
1452170 512
1452180 513
1452190 513
1452200 513
1452210 513
1452220 513
1452230 513
1452240 514
1452250 514
1452260 514
1452270 514
1452280 514
1452290 514
1452300 514
1452310 514
1452320 514
1452330 515
1452340 515
1452350 515
1452360 515
1452370 515
1452380 515
1452390 516
1452400 515
1452410 515
1452420 515
1452430 515
1452440 515
1452450 516
1452460 516
1452470 516
1452480 516
1452490 516
1452500 516
1452510 516
1452520 516
1452530 516
1452540 517
1452550 517
1452560 517
1452570 517
1452580 517
1452590 517
1452600 517
1452610 518
1452620 518
1452630 518
1452640 519
1452650 519
1452660 519
1452670 520
1452680 520
1452690 521
1452700 522
1452710 522
1452720 523
1452730 524
1452740 524
1452750 526
1452760 527
1452770 527
1452780 528
1452790 530
1452800 530
1452810 530
1452820 531
1452830 531
1452840 532
1452850 533
1452860 533
1452870 534
1452880 535
1452890 535
1452900 536
1452910 537
1452920 537
1452930 538
1452940 539
1452950 539
1452960 540
1452970 540
1452980 540
1452990 541
1453000 542
1453010 542
1453020 543
1453030 544
1453040 544
1453050 546
1453060 548
1453070 549
1453080 549
1453090 550
1453100 550
1453110 550
1453120 551
1453130 552
1453140 552
1453150 552
1453160 553
1453170 553
1453180 554
1453190 554
1453200 554
1453210 554
1453220 554
1453230 554
1453240 553
1453250 552
1453260 552
1453270 551
1453280 551
1453290 551
1453300 551
1453310 551
1453320 551
1453330 552
1453340 553
1453350 553
1453360 554
1453370 555
1453380 555
1453390 556
1453400 557
1453410 557
1453420 558
1453430 559
1453440 559
1453450 560
1453460 560
1453470 560
1453480 560
1453490 561
1453500 561
1453510 562
1453520 562
1453530 562
1453540 562
1453550 563
1453560 563
1453570 563
1453580 564
1453590 564
1453600 564
1453610 564
1453620 564
1453630 565
1453640 565
1453650 565
1453660 566
1453670 567
1453680 567
1453690 567
1453700 567
1453710 567
1453720 568
1453730 568
1453740 568
1453750 569
1453760 569
1453770 569
1453780 569
1453790 570
1453800 570
1453810 570
1453820 570
1453830 570
1453840 571
1453850 571
1453860 571
1453870 572
1453880 572
1453890 572
1453900 572
1453910 573
1453920 573
1453930 573
1453940 573
1453950 573
1453960 573
1453970 573
1453980 573
1453990 574
1454000 574
1454010 574
1454020 574
1454030 574
1454040 574
1454050 574
1454060 574
1454070 574
1454080 574
1454090 574
1454100 574
1454110 574
1454120 573
1454130 573
1454140 573
1454150 573
1454160 573
1454170 572
1454180 572
1454190 572
1454200 571
1454210 571
1454220 571
1454230 571
1454240 570
1454250 570
1454260 570
1454270 569
1454280 569
1454290 569
1454300 568
1454310 568
1454320 568
1454330 567
1454340 567
1454350 567
1454360 566
1454370 566
1454380 566
1454390 565
1454400 565
1454410 565
1454420 565
1454430 564
1454440 564
1454450 564
1454460 564
1454470 564
1454480 563
1454490 563
1454500 563
1454510 563
1454520 562
1454530 562
1454540 562
1454550 561
1454560 561
1454570 561
1454580 560
1454590 560
1454600 560
1454610 559
1454620 559
1454630 559
1454640 558
1454650 558
1454660 557
1454670 556
1454680 556
1454690 555
1454700 555
1454710 555
1454720 554
1454730 553
1454740 553
1454750 552
1454760 551
1454770 551
1454780 550
1454790 549
1454800 549
1454810 548
1454820 547
1454830 547
1454840 547
1454850 546
1454860 546
1454870 545
1454880 545
1454890 545
1454900 544
1454910 543
1454920 543
1454930 543
1454940 543
1454950 543
1454960 543
1454970 543
1454980 543
1454990 543
1455000 543
1455010 543
1455020 543
1455030 543
1455040 543
1455050 542
1455060 542
1455070 542
1455080 542
1455090 542
1455100 542
1455110 542
1455120 542
1455130 542
1455140 541
1455150 541
1455160 541
1455170 541
1455180 541
1455190 541
1455200 540
1455210 540
1455220 540
1455230 540
1455240 540
1455250 540
1455260 540
1455270 539
1455280 539
1455290 539
1455300 539
1455310 539
1455320 538
1455330 538
1455340 538
1455350 538
1455360 538
1455370 538
1455380 537
1455390 537
1455400 537
1455410 537
1455420 537
1455430 537
1455440 536
1455450 536
1455460 536
1455470 536
1455480 535
1455490 535
1455500 535
1455510 535
1455520 535
1455530 535
1455540 535
1455550 534
1455560 534
1455570 534
1455580 533
1455590 533
1455600 533
1455610 532
1455620 532
1455630 531
1455640 530
1455650 530
1455660 529
1455670 527
1455680 527
1455690 525
1455700 524
1455710 524
1455720 523
1455730 523
1455740 523
1455750 523
1455760 522
1455770 522
1455780 522
1455790 522
1455800 522
1455810 521
1455820 521
1455830 521
1455840 520
1455850 518
1455860 518
1455870 516
1455880 513
1455890 513
1455900 509
1455910 506
1455920 506
1455930 506
1455940 508
1455950 508
1455960 510
1455970 511
1455980 511
1455990 511
1456000 511
1456010 511
1456020 512
1456030 513
1456040 513
1456050 514
1456060 515
1456070 515
1456080 516
1456090 515
1456100 515
1456110 514
1456120 513
1456130 513
1456140 512
1456150 511
1456160 511
1456170 510
1456180 509
1456190 509
1456200 507
1456210 504
1456220 504
1456230 501
1456240 499
1456250 499
1456260 496
1456270 493
1456280 493
1456290 490
1456300 488
1456310 488
1456320 486
1456330 485
1456340 485
1456350 484
1456360 482
1456370 482
1456380 481
1456390 480
1456400 480
1456410 480
1456420 479
1456430 479
1456440 478
1456450 478
1456460 478
1456470 477
1456480 477
1456490 477
1456500 476
1456510 476
1456520 476
1456530 475
1456540 475
1456550 475
1456560 475
1456570 474
1456580 474
1456590 473
1456600 473
1456610 473
1456620 472
1456630 472
1456640 472
1456650 472
1456660 472
1456670 472
1456680 471
1456690 471
1456700 471
1456710 471
1456720 470
1456730 470
1456740 470
1456750 469
1456760 469
1456770 468
1456780 466
1456790 462
1456800 462
1456810 459
1456820 457
1456830 457
1456840 456
1456850 456
1456860 456
1456870 456
1456880 456
1456890 456
1456900 456
1456910 456
1456920 456
1456930 456
1456940 456
1456950 456
1456960 459
1456970 464
1456980 464
1456990 469
1457000 476
1457010 476
1457020 483
1457030 485
1457040 485
1457050 485
1457060 485
1457070 485
1457080 484
1457090 484
1457100 484
1457110 484
1457120 484
1457130 484
1457140 484
1457150 484
1457160 484
1457170 485
1457180 486
1457190 486
1457200 486
1457210 487
1457220 487
1457230 487
1457240 487
1457250 487
1457260 488
1457270 488
1457280 488
1457290 488
1457300 489
1457310 489
1457320 489
1457330 489
1457340 489
1457350 489
1457360 489
1457370 489
1457380 489
1457390 489
1457400 489
1457410 489
1457420 489
1457430 489
1457440 490
1457450 490
1457460 490
1457470 490
1457480 490
1457490 490
1457500 490
1457510 490
1457520 490
1457530 490
1457540 490
1457550 490
1457560 489
1457570 489
1457580 489
1457590 489
1457600 489
1457610 489
1457620 488
1457630 488
1457640 488
1457650 487
1457660 486
1457670 486
1457680 486
1457690 486
1457700 486
1457710 486
1457720 486
1457730 486
1457740 486
1457750 486
1457760 486
1457770 486
1457780 486
1457790 486
1457800 486
1457810 486
1457820 486
1457830 487
1457840 487
1457850 487
1457860 487
1457870 487
1457880 487
1457890 487
1457900 486
1457910 486
1457920 486
1457930 486
1457940 486
1457950 486
1457960 486
1457970 486
1457980 486
1457990 486
1458000 486
1458010 486
1458020 486
1458030 486
1458040 486
1458050 486
1458060 486
1458070 486
1458080 486
1458090 486
1458100 486
1458110 486
1458120 486
1458130 486
1458140 486
1458150 486
1458160 486
1458170 486
1458180 486
1458190 486
1458200 485
1458210 485
1458220 485
1458230 484
1458240 484
1458250 484
1458260 484
1458270 483
1458280 483
1458290 483
1458300 483
1458310 483
1458320 483
1458330 482
1458340 482
1458350 482
1458360 482
1458370 482
1458380 482
1458390 482
1458400 482
1458410 482
1458420 483
1458430 483
1458440 483
1458450 484
1458460 484
1458470 485
1458480 483
1458490 483
1458500 483
1458510 483
1458520 483
1458530 483
1458540 482
1458550 482
1458560 482
1458570 482
1458580 482
1458590 483
1458600 485
1458610 485
1458620 486
1458630 486
1458640 486
1458650 486
1458660 486
1458670 486
1458680 488
1458690 490
1458700 490
1458710 489
1458720 488
1458730 488
1458740 487
1458750 487
1458760 487
1458770 487
1458780 487
1458790 487
1458800 487
1458810 487
1458820 487
1458830 487
1458840 487
1458850 487
1458860 487
1458870 487
1458880 487
1458890 487
1458900 487
1458910 487
1458920 487
1458930 487
1458940 487
1458950 487
1458960 487
1458970 487
1458980 487
1458990 487
1459000 487
1459010 487
1459020 487
1459030 487
1459040 488
1459050 487
1459060 487
1459070 487
1459080 488
1459090 488
1459100 488
1459110 488
1459120 488
1459130 488
1459140 488
1459150 488
1459160 487
1459170 487
1459180 487
1459190 488
1459200 488
1459210 488
1459220 488
1459230 487
1459240 487
1459250 487
1459260 487
1459270 487
1459280 487
1459290 487
1459300 487
1459310 487
1459320 487
1459330 487
1459340 487
1459350 487
1459360 487
1459370 487
1459380 487
1459390 486
1459400 486
1459410 486
1459420 487
1459430 487
1459440 487
1459450 487
1459460 487
1459470 487
1459480 488
1459490 488
1459500 489
1459510 489
1459520 489
1459530 489
1459540 489
1459550 489
1459560 489
1459570 489
1459580 489
1459590 489
1459600 489
1459610 489
1459620 489
1459630 490
1459640 490
1459650 490
1459660 490
1459670 490
1459680 490
1459690 490
1459700 490
1459710 491
1459720 491
1459730 491
1459740 491
1459750 491
1459760 491
1459770 491
1459780 492
1459790 492
1459800 492
1459810 492
1459820 492
1459830 492
1459840 492
1459850 492
1459860 493
1459870 493
1459880 493
1459890 493
1459900 493
1459910 493
1459920 494
1459930 494
1459940 494
1459950 494
1459960 495
1459970 495
1459980 495
1459990 495
