1440000 481
1440010 481
1440020 479
1440030 476
1440040 476
1440050 472
1440060 469
1440070 469
1440080 465
1440090 463
1440100 463
1440110 461
1440120 460
1440130 460
1440140 459
1440150 458
1440160 458
1440170 457
1440180 457
1440190 457
1440200 457
1440210 458
1440220 458
1440230 458
1440240 458
1440250 458
1440260 458
1440270 458
1440280 458
1440290 458
1440300 457
1440310 457
1440320 457
1440330 456
1440340 454
1440350 454
1440360 454
1440370 453
1440380 453
1440390 452
1440400 452
1440410 452
1440420 451
1440430 450
1440440 450
1440450 450
1440460 449
1440470 449
1440480 448
1440490 448
1440500 448
1440510 447
1440520 446
1440530 446
1440540 446
1440550 445
1440560 445
1440570 445
1440580 444
1440590 444
1440600 444
1440610 443
1440620 443
1440630 442
1440640 441
1440650 441
1440660 440
1440670 439
1440680 439
1440690 438
1440700 437
1440710 437
1440720 437
1440730 436
1440740 436
1440750 436
1440760 436
1440770 436
1440780 435
1440790 435
1440800 435
1440810 435
1440820 434
1440830 434
1440840 434
1440850 434
1440860 434
1440870 434
1440880 434
1440890 434
1440900 433
1440910 433
1440920 433
1440930 433
1440940 433
1440950 433
1440960 434
1440970 434
1440980 434
1440990 434
1441000 434
1441010 434
1441020 434
1441030 434
1441040 434
1441050 434
1441060 434
1441070 434
1441080 434
1441090 434
1441100 434
1441110 434
1441120 434
1441130 434
1441140 435
1441150 435
1441160 435
1441170 435
1441180 435
1441190 435
1441200 435
1441210 435
1441220 435
1441230 435
1441240 435
1441250 435
1441260 435
1441270 435
1441280 435
1441290 436
1441300 436
1441310 436
1441320 436
1441330 437
1441340 437
1441350 437
1441360 437
1441370 437
1441380 437
1441390 438
1441400 438
1441410 438
1441420 438
1441430 438
1441440 438
1441450 438
1441460 438
1441470 438
1441480 439
1441490 439
1441500 439
1441510 440
1441520 440
1441530 440
1441540 440
1441550 440
1441560 440
1441570 441
1441580 441
1441590 441
1441600 441
1441610 441
1441620 442
1441630 442
1441640 442
1441650 442
1441660 443
1441670 443
1441680 443
1441690 443
1441700 443
1441710 443
1441720 444
1441730 444
1441740 444
1441750 444
1441760 445
1441770 445
1441780 445
1441790 445
1441800 445
1441810 445
1441820 445
1441830 445
1441840 445
1441850 446
1441860 446
1441870 446
1441880 446
1441890 446
1441900 446
1441910 447
1441920 447
1441930 447
1441940 447
1441950 447
1441960 448
1441970 448
1441980 448
1441990 448
1442000 449
1442010 449
1442020 450
1442030 450
1442040 450
1442050 451
1442060 451
1442070 451
1442080 452
1442090 453
1442100 453
1442110 455
1442120 456
1442130 456
1442140 459
1442150 462
1442160 462
1442170 465
1442180 468
1442190 468
1442200 471
1442210 474
1442220 474
1442230 478
1442240 481
1442250 481
1442260 482
1442270 483
1442280 483
1442290 483
1442300 482
1442310 482
1442320 481
1442330 480
1442340 480
1442350 479
1442360 479
1442370 479
1442380 479
1442390 479
1442400 479
1442410 480
1442420 481
1442430 481
1442440 482
1442450 482
1442460 482
1442470 483
1442480 484
1442490 484
1442500 486
1442510 488
1442520 488
1442530 490
1442540 493
1442550 493
1442560 495
1442570 498
1442580 498
1442590 499
1442600 500
1442610 500
1442620 500
1442630 499
1442640 499
1442650 500
1442660 500
1442670 500
1442680 499
1442690 497
1442700 497
1442710 495
1442720 493
1442730 493
1442740 492
1442750 491
1442760 491
1442770 492
1442780 493
1442790 493
1442800 494
1442810 494
1442820 494
1442830 495
1442840 495
1442850 495
1442860 495
1442870 495
1442880 495
1442890 495
1442900 495
1442910 495
1442920 495
1442930 494
1442940 494
1442950 494
1442960 494
1442970 494
1442980 494
1442990 493
1443000 493
1443010 493
1443020 493
1443030 492
1443040 492
1443050 491
1443060 490
1443070 490
1443080 490
1443090 490
1443100 490
1443110 491
1443120 492
1443130 492
1443140 492
1443150 492
1443160 492
1443170 491
1443180 491
1443190 491
1443200 490
1443210 492
1443220 492
1443230 493
1443240 495
1443250 495
1443260 495
1443270 495
1443280 495
1443290 495
1443300 495
1443310 495
1443320 494
1443330 494
1443340 494
1443350 493
1443360 494
1443370 494
1443380 494
1443390 494
1443400 494
1443410 495
1443420 496
1443430 496
1443440 496
1443450 496
1443460 496
1443470 496
1443480 497
1443490 497
1443500 497
1443510 498
1443520 498
1443530 500
1443540 501
1443550 501
1443560 501
1443570 501
1443580 501
1443590 501
1443600 501
1443610 501
1443620 500
1443630 500
1443640 500
1443650 500
1443660 501
1443670 501
1443680 503
1443690 505
1443700 505
1443710 507
1443720 508
1443730 508
1443740 507
1443750 506
1443760 506
1443770 505
1443780 504
1443790 504
1443800 503
1443810 503
1443820 503
1443830 503
1443840 504
1443850 504
1443860 505
1443870 508
1443880 508
1443890 512
1443900 514
1443910 514
1443920 514
1443930 513
1443940 513
1443950 512
1443960 511
1443970 511
1443980 511
1443990 511
1444000 511
1444010 511
1444020 511
1444030 511
1444040 511
1444050 512
1444060 512
1444070 512
1444080 513
1444090 513
1444100 513
1444110 513
1444120 513
1444130 513
1444140 514
1444150 514
1444160 514
1444170 515
1444180 515
1444190 515
1444200 515
1444210 515
1444220 515
1444230 514
1444240 514
1444250 512
1444260 511
1444270 511
1444280 510
1444290 509
1444300 509
1444310 509
1444320 508
1444330 508
1444340 508
1444350 508
1444360 508
1444370 508
1444380 507
1444390 507
1444400 507
1444410 508
1444420 508
1444430 508
1444440 509
1444450 509
1444460 509
1444470 509
1444480 509
1444490 509
1444500 509
1444510 510
1444520 510
1444530 511
1444540 513
1444550 513
1444560 514
1444570 516
1444580 516
1444590 517
1444600 518
1444610 518
1444620 519
1444630 520
1444640 520
1444650 521
1444660 522
1444670 522
1444680 523
1444690 525
1444700 525
1444710 528
1444720 532
1444730 532
1444740 533
1444750 534
1444760 534
1444770 533
1444780 533
1444790 533
1444800 531
1444810 529
1444820 529
1444830 526
1444840 523
1444850 523
1444860 522
1444870 521
1444880 521
1444890 520
1444900 520
1444910 520
1444920 519
1444930 518
1444940 518
1444950 516
1444960 514
1444970 514
1444980 513
1444990 511
1445000 511
1445010 510
1445020 509
1445030 509
1445040 508
1445050 508
1445060 508
1445070 508
1445080 507
1445090 507
1445100 507
1445110 508
1445120 508
1445130 508
1445140 508
1445150 508
1445160 507
1445170 506
1445180 506
1445190 506
1445200 506
1445210 506
1445220 505
1445230 505
1445240 505
1445250 505
1445260 505
1445270 505
1445280 506
1445290 506
1445300 506
1445310 506
1445320 507
1445330 507
1445340 507
1445350 508
1445360 508
1445370 508
1445380 509
1445390 509
1445400 510
1445410 511
1445420 511
1445430 513
1445440 514
1445450 514
1445460 516
1445470 519
1445480 519
1445490 522
1445500 524
1445510 524
1445520 525
1445530 527
1445540 527
1445550 528
1445560 529
1445570 529
1445580 530
1445590 532
1445600 532
1445610 533
1445620 534
1445630 534
1445640 535
1445650 535
1445660 535
1445670 535
1445680 535
1445690 535
1445700 536
1445710 537
1445720 537
1445730 538
1445740 539
1445750 541
1445760 541
1445770 542
1445780 544
1445790 544
1445800 546
1445810 548
1445820 548
1445830 548
1445840 549
1445850 549
1445860 549
1445870 549
1445880 549
1445890 549
1445900 549
1445910 549
1445920 550
1445930 551
1445940 551
1445950 550
1445960 550
1445970 550
1445980 548
1445990 548
1446000 548
1446010 548
1446020 548
1446030 548
1446040 547
1446050 545
1446060 545
1446070 541
1446080 539
1446090 539
1446100 537
1446110 537
1446120 537
1446130 537
1446140 536
1446150 536
1446160 533
1446170 531
1446180 531
1446190 531
1446200 531
1446210 531
1446220 531
1446230 530
1446240 530
1446250 529
1446260 528
1446270 528
1446280 527
1446290 527
1446300 527
1446310 527
1446320 526
1446330 526
1446340 526
1446350 525
1446360 525
1446370 525
1446380 524
1446390 524
1446400 523
1446410 522
1446420 522
1446430 523
1446440 523
1446450 523
1446460 524
1446470 524
1446480 524
1446490 524
1446500 524
1446510 524
1446520 525
1446530 526
1446540 526
1446550 526
1446560 526
1446570 526
1446580 526
1446590 526
1446600 526
1446610 524
1446620 524
1446630 524
1446640 524
1446650 524
1446660 524
1446670 524
1446680 524
1446690 524
1446700 524
1446710 523
1446720 523
1446730 522
1446740 522
1446750 522
1446760 523
1446770 524
1446780 524
1446790 524
1446800 523
1446810 523
1446820 523
1446830 523
1446840 523
1446850 523
1446860 523
1446870 523
1446880 523
1446890 522
1446900 522
1446910 522
1446920 523
1446930 523
1446940 523
1446950 524
1446960 524
1446970 525
1446980 526
1446990 526
1447000 526
1447010 526
1447020 526
1447030 525
1447040 525
1447050 525
1447060 524
1447070 523
1447080 523
1447090 523
1447100 522
1447110 522
1447120 522
1447130 521
1447140 521
1447150 521
1447160 521
1447170 521
1447180 521
1447190 520
1447200 520
1447210 520
1447220 520
1447230 519
1447240 519
1447250 519
1447260 519
1447270 519
1447280 519
1447290 519
1447300 519
1447310 519
1447320 520
1447330 520
1447340 520
1447350 519
1447360 519
1447370 519
1447380 518
1447390 518
1447400 517
1447410 517
1447420 517
1447430 517
1447440 516
1447450 516
1447460 516
1447470 516
1447480 516
1447490 516
1447500 516
1447510 516
1447520 516
1447530 517
1447540 517
1447550 518
1447560 519
1447570 519
1447580 520
1447590 520
1447600 520
1447610 521
1447620 521
1447630 521
1447640 521
1447650 521
1447660 521
1447670 520
1447680 520
1447690 520
1447700 521
1447710 521
1447720 521
1447730 521
1447740 521
1447750 521
1447760 521
1447770 522
1447780 522
1447790 522
1447800 523
1447810 523
1447820 524
1447830 524
1447840 524
1447850 525
1447860 525
1447870 525
1447880 526
1447890 526
1447900 526
1447910 527
1447920 527
1447930 527
1447940 527
1447950 528
1447960 528
1447970 528
1447980 528
1447990 528
1448000 528
1448010 528
1448020 528
1448030 528
1448040 528
1448050 528
1448060 529
1448070 528
1448080 528
1448090 528
1448100 528
1448110 528
1448120 528
1448130 528
1448140 528
1448150 527
1448160 527
1448170 527
1448180 526
1448190 526
1448200 526
1448210 526
1448220 525
1448230 525
1448240 525
1448250 525
1448260 525
1448270 525
1448280 525
1448290 525
1448300 525
1448310 526
1448320 526
1448330 525
1448340 524
1448350 524
1448360 524
1448370 524
1448380 524
1448390 524
1448400 523
1448410 523
1448420 524
1448430 524
1448440 524
1448450 524
1448460 524
1448470 524
1448480 525
1448490 525
1448500 525
1448510 525
1448520 526
1448530 526
1448540 526
1448550 527
1448560 527
1448570 527
1448580 527
1448590 528
1448600 528
1448610 528
1448620 529
1448630 529
1448640 529
1448650 529
1448660 529
1448670 528
1448680 528
1448690 528
1448700 527
1448710 528
1448720 528
1448730 528
1448740 527
1448750 527
1448760 527
1448770 528
1448780 528
1448790 528
1448800 528
1448810 528
1448820 527
1448830 527
1448840 527
1448850 527
1448860 527
1448870 527
1448880 527
1448890 526
1448900 526
1448910 526
1448920 526
1448930 526
1448940 525
1448950 524
1448960 524
1448970 524
1448980 524
1448990 524
1449000 523
1449010 523
1449020 523
1449030 522
1449040 522
1449050 522
1449060 522
1449070 522
1449080 522
1449090 521
1449100 521
1449110 521
1449120 520
1449130 520
1449140 520
1449150 520
1449160 519
1449170 519
1449180 519
1449190 519
1449200 519
1449210 518
1449220 518
1449230 518
1449240 518
1449250 518
1449260 518
1449270 517
1449280 517
1449290 517
1449300 517
1449310 517
1449320 517
1449330 516
1449340 516
1449350 516
1449360 516
1449370 516
1449380 516
1449390 515
1449400 515
1449410 515
1449420 515
1449430 515
1449440 515
1449450 514
1449460 514
1449470 514
1449480 514
1449490 513
1449500 513
1449510 513
1449520 512
1449530 512
1449540 512
1449550 511
1449560 511
1449570 511
1449580 510
1449590 510
1449600 509
1449610 508
1449620 508
1449630 507
1449640 506
1449650 506
1449660 506
1449670 505
1449680 505
1449690 504
1449700 504
1449710 504
1449720 503
1449730 502
1449740 502
1449750 502
1449760 501
1449770 501
1449780 501
1449790 500
1449800 500
1449810 500
1449820 499
1449830 499
1449840 499
1449850 498
1449860 498
1449870 498
1449880 498
1449890 497
1449900 497
1449910 497
1449920 497
1449930 497
1449940 497
1449950 497
1449960 497
1449970 497
1449980 497
1449990 497
1450000 496
1450010 496
1450020 496
1450030 496
1450040 496
1450050 496
1450060 496
1450070 496
1450080 496
1450090 495
1450100 495
1450110 495
1450120 495
1450130 495
1450140 495
1450150 495
1450160 494
1450170 494
1450180 494
1450190 494
1450200 494
1450210 494
1450220 493
1450230 493
1450240 493
1450250 493
1450260 493
1450270 493
1450280 494
1450290 494
1450300 494
1450310 494
1450320 494
1450330 494
1450340 494
1450350 494
1450360 494
1450370 494
1450380 494
1450390 494
1450400 493
1450410 493
1450420 493
1450430 494
1450440 494
1450450 494
1450460 494
1450470 494
1450480 494
1450490 494
1450500 494
1450510 495
1450520 495
1450530 495
1450540 495
1450550 496
1450560 496
1450570 497
1450580 497
1450590 497
1450600 498
1450610 499
1450620 499
1450630 499
1450640 500
1450650 500
1450660 500
1450670 500
1450680 500
1450690 500
1450700 500
1450710 500
1450720 501
1450730 501
1450740 501
1450750 501
1450760 501
1450770 501
1450780 502
1450790 502
1450800 502
1450810 503
1450820 503
1450830 503
1450840 504
1450850 505
1450860 505
1450870 505
1450880 506
1450890 506
1450900 506
1450910 506
1450920 506
1450930 507
1450940 507
1450950 507
1450960 507
1450970 506
1450980 506
1450990 506
1451000 505
1451010 505
1451020 505
1451030 505
1451040 505
1451050 505
1451060 506
1451070 506
1451080 506
1451090 506
1451100 506
1451110 507
1451120 507
1451130 507
1451140 508
1451150 509
1451160 509
1451170 509
1451180 510
1451190 510
1451200 510
1451210 511
1451220 511
1451230 512
1451240 513
1451250 514
1451260 514
1451270 515
1451280 515
1451290 515
1451300 516
1451310 516
1451320 516
1451330 517
1451340 518
1451350 518
1451360 518
1451370 518
1451380 518
1451390 519
1451400 519
1451410 519
1451420 519
1451430 519
1451440 519
1451450 520
1451460 520
1451470 520
1451480 520
1451490 520
1451500 520
1451510 520
1451520 520
1451530 520
1451540 521
1451550 520
1451560 520
1451570 520
1451580 520
1451590 520
1451600 520
1451610 520
1451620 520
1451630 520
1451640 519
1451650 519
1451660 519
1451670 518
1451680 518
1451690 518
1451700 517
1451710 517
1451720 516
1451730 515
1451740 515
1451750 514
1451760 514
1451770 514
1451780 513
1451790 513
1451800 513
1451810 512
1451820 512
1451830 512
1451840 511
1451850 511
1451860 511
1451870 511
1451880 511
1451890 511
1451900 511
1451910 511
1451920 511
1451930 511
1451940 511
1451950 511
1451960 511
1451970 511
1451980 511
1451990 510
1452000 510
1452010 510
1452020 510
1452030 510
1452040 510
1452050 509
1452060 509
1452070 509
1452080 508
1452090 507
1452100 507
1452110 507
1452120 507
1452130 507
1452140 507
1452150 508
1452160 508
1452170 510
1452180 511
1452190 511
1452200 513
1452210 514
1452220 514
1452230 514
1452240 515
1452250 515
1452260 515
1452270 516
1452280 516
1452290 516
1452300 516
1452310 516
1452320 517
1452330 517
1452340 517
1452350 517
1452360 516
1452370 516
1452380 516
1452390 516
1452400 516
1452410 515
1452420 515
1452430 515
1452440 514
1452450 513
1452460 513
1452470 511
1452480 509
1452490 509
1452500 508
1452510 506
1452520 506
1452530 505
1452540 504
1452550 504
1452560 504
1452570 503
1452580 503
1452590 503
1452600 503
1452610 503
1452620 503
1452630 503
1452640 503
1452650 503
1452660 503
1452670 503
1452680 503
1452690 503
1452700 504
1452710 504
1452720 504
1452730 503
1452740 503
1452750 504
1452760 504
1452770 504
1452780 504
1452790 505
1452800 505
1452810 505
1452820 506
1452830 506
1452840 507
1452850 507
1452860 507
1452870 508
1452880 509
1452890 509
1452900 510
1452910 511
1452920 511
1452930 513
1452940 514
1452950 514
1452960 515
1452970 517
1452980 517
1452990 518
1453000 519
1453010 519
1453020 519
1453030 520
1453040 520
1453050 521
1453060 521
1453070 521
1453080 522
1453090 522
1453100 522
1453110 523
1453120 523
1453130 523
1453140 523
1453150 524
1453160 524
1453170 524
1453180 525
1453190 525
1453200 525
1453210 525
1453220 525
1453230 525
1453240 525
1453250 525
1453260 526
1453270 526
1453280 526
1453290 526
1453300 526
1453310 526
1453320 526
1453330 526
1453340 526
1453350 526
1453360 526
1453370 526
1453380 526
1453390 526
1453400 526
1453410 527
1453420 527
1453430 527
1453440 527
1453450 527
1453460 527
1453470 527
1453480 527
1453490 527
1453500 527
1453510 527
1453520 527
1453530 527
1453540 526
1453550 526
1453560 526
1453570 526
1453580 526
1453590 527
1453600 527
1453610 527
1453620 528
1453630 528
1453640 528
1453650 529
1453660 529
1453670 529
1453680 529
1453690 530
1453700 530
1453710 530
1453720 530
1453730 530
1453740 530
1453750 530
1453760 530
1453770 531
1453780 531
1453790 531
1453800 531
1453810 531
1453820 531
1453830 531
1453840 532
1453850 532
1453860 532
1453870 532
1453880 532
1453890 532
1453900 532
1453910 532
1453920 532
1453930 532
1453940 532
1453950 532
1453960 532
1453970 532
1453980 532
1453990 532
1454000 532
1454010 532
1454020 532
1454030 532
1454040 532
1454050 532
1454060 532
1454070 532
1454080 533
1454090 533
1454100 533
1454110 533
1454120 533
1454130 533
1454140 533
1454150 533
1454160 533
1454170 533
1454180 533
1454190 533
1454200 533
1454210 533
1454220 533
1454230 533
1454240 533
1454250 533
1454260 532
1454270 532
1454280 532
1454290 532
1454300 532
1454310 532
1454320 532
1454330 532
1454340 532
1454350 532
1454360 532
1454370 532
1454380 532
1454390 532
1454400 532
1454410 532
1454420 532
1454430 532
1454440 532
1454450 532
1454460 532
1454470 532
1454480 532
1454490 532
1454500 532
1454510 531
1454520 531
1454530 531
1454540 531
1454550 531
1454560 531
1454570 531
1454580 531
1454590 531
1454600 531
1454610 531
1454620 531
1454630 530
1454640 530
1454650 530
1454660 530
1454670 530
1454680 530
1454690 530
1454700 530
1454710 530
1454720 530
1454730 530
1454740 529
1454750 529
1454760 529
1454770 529
1454780 529
1454790 529
1454800 529
1454810 528
1454820 528
1454830 528
1454840 528
1454850 528
1454860 527
1454870 527
1454880 527
1454890 527
1454900 528
1454910 528
1454920 528
1454930 527
1454940 527
1454950 527
1454960 527
1454970 527
1454980 527
1454990 527
1455000 527
1455010 527
1455020 527
1455030 527
1455040 527
1455050 525
1455060 525
1455070 525
1455080 526
1455090 526
1455100 527
1455110 527
1455120 527
1455130 527
1455140 528
1455150 528
1455160 528
1455170 528
1455180 528
1455190 528
1455200 528
1455210 528
1455220 528
1455230 528
1455240 528
1455250 528
1455260 528
1455270 528
1455280 528
1455290 528
1455300 528
1455310 528
1455320 528
1455330 528
1455340 528
1455350 529
1455360 529
1455370 529
1455380 529
1455390 528
1455400 528
1455410 528
1455420 528
1455430 528
1455440 528
1455450 528
1455460 528
1455470 528
1455480 528
1455490 528
1455500 528
1455510 528
1455520 528
1455530 527
1455540 527
1455550 527
1455560 527
1455570 526
1455580 526
1455590 526
1455600 526
1455610 526
1455620 525
1455630 525
1455640 525
1455650 522
1455660 519
1455670 519
1455680 522
1455690 525
1455700 525
1455710 525
1455720 526
1455730 526
1455740 526
1455750 526
1455760 526
1455770 526
1455780 527
1455790 527
1455800 527
1455810 527
1455820 527
1455830 527
1455840 527
1455850 527
1455860 527
1455870 527
1455880 527
1455890 527
1455900 527
1455910 527
1455920 527
1455930 527
1455940 527
1455950 527
1455960 527
1455970 527
1455980 527
1455990 526
1456000 526
1456010 526
1456020 526
1456030 526
1456040 526
1456050 526
1456060 526
1456070 525
1456080 525
1456090 525
1456100 525
1456110 525
1456120 525
1456130 525
1456140 524
1456150 524
1456160 524
1456170 524
1456180 524
1456190 523
1456200 523
1456210 523
1456220 523
1456230 522
1456240 522
1456250 522
1456260 521
1456270 521
1456280 520
1456290 519
1456300 519
1456310 519
1456320 519
1456330 519
1456340 519
1456350 519
1456360 519
1456370 518
1456380 518
1456390 518
1456400 518
1456410 518
1456420 518
1456430 517
1456440 517
1456450 517
1456460 516
1456470 516
1456480 516
1456490 515
1456500 514
1456510 514
1456520 510
1456530 505
1456540 505
1456550 502
1456560 499
1456570 499
1456580 494
1456590 493
1456600 493
1456610 496
1456620 500
1456630 500
1456640 505
1456650 508
1456660 508
1456670 512
1456680 515
1456690 515
1456700 516
1456710 517
1456720 518
1456730 518
1456740 518
1456750 519
1456760 519
1456770 520
1456780 520
1456790 520
1456800 520
1456810 520
1456820 520
1456830 520
1456840 519
1456850 519
1456860 519
1456870 518
1456880 518
1456890 516
1456900 512
1456910 512
1456920 507
1456930 502
1456940 502
1456950 497
1456960 493
1456970 493
1456980 489
1456990 485
1457000 485
1457010 481
1457020 478
1457030 478
1457040 475
1457050 472
1457060 472
1457070 470
1457080 468
1457090 468
1457100 466
1457110 465
1457120 465
1457130 464
1457140 463
1457150 463
1457160 462
1457170 461
1457180 461
1457190 460
1457200 459
1457210 459
1457220 457
1457230 456
1457240 456
1457250 455
1457260 454
1457270 454
1457280 454
1457290 453
1457300 453
1457310 453
1457320 452
1457330 452
1457340 451
1457350 450
1457360 450
1457370 450
1457380 450
1457390 450
1457400 450
1457410 450
1457420 450
1457430 450
1457440 450
1457450 450
1457460 450
1457470 450
1457480 450
1457490 450
1457500 450
1457510 450
1457520 450
1457530 450
1457540 450
1457550 450
1457560 449
1457570 449
1457580 449
1457590 450
1457600 450
1457610 451
1457620 452
1457630 452
1457640 452
1457650 453
1457660 453
1457670 453
1457680 453
1457690 453
1457700 453
1457710 453
1457720 453
1457730 453
1457740 453
1457750 453
1457760 453
1457770 453
1457780 453
1457790 453
1457800 453
1457810 453
1457820 453
1457830 453
1457840 453
1457850 453
1457860 453
1457870 453
1457880 453
1457890 453
1457900 453
1457910 453
1457920 454
1457930 454
1457940 454
1457950 455
1457960 455
1457970 456
1457980 458
1457990 458
1458000 460
1458010 461
1458020 461
1458030 462
1458040 462
1458050 462
1458060 462
1458070 462
1458080 462
1458090 462
1458100 462
1458110 461
1458120 461
1458130 461
1458140 461
1458150 461
1458160 461
1458170 461
1458180 461
1458190 459
1458200 456
1458210 456
1458220 455
1458230 454
1458240 454
1458250 455
1458260 457
1458270 457
1458280 461
1458290 467
1458300 467
1458310 472
1458320 474
1458330 474
1458340 474
1458350 474
1458360 474
1458370 475
1458380 475
1458390 475
1458400 475
1458410 475
1458420 475
1458430 475
1458440 475
1458450 475
1458460 475
1458470 475
1458480 475
1458490 475
1458500 475
1458510 475
1458520 476
1458530 476
1458540 476
1458550 476
1458560 475
1458570 475
1458580 475
1458590 475
1458600 475
1458610 475
1458620 475
1458630 475
1458640 475
1458650 475
1458660 475
1458670 475
1458680 475
1458690 475
1458700 475
1458710 475
1458720 475
1458730 475
1458740 475
1458750 475
1458760 475
1458770 475
1458780 475
1458790 475
1458800 475
1458810 475
1458820 474
1458830 474
1458840 474
1458850 474
1458860 474
1458870 474
1458880 474
1458890 474
1458900 474
1458910 474
1458920 474
1458930 474
1458940 475
1458950 475
1458960 475
1458970 475
1458980 475
1458990 475
1459000 475
1459010 476
1459020 476
1459030 476
1459040 476
1459050 476
1459060 477
1459070 477
1459080 477
1459090 477
1459100 477
1459110 477
1459120 477
1459130 477
1459140 477
1459150 477
1459160 476
1459170 476
1459180 476
1459190 476
1459200 476
1459210 476
1459220 476
1459230 476
1459240 475
1459250 475
1459260 475
1459270 475
1459280 475
1459290 475
1459300 475
1459310 475
1459320 475
1459330 475
1459340 474
1459350 474
1459360 474
1459370 474
1459380 474
1459390 474
1459400 474
1459410 474
1459420 474
1459430 474
1459440 474
1459450 474
1459460 473
1459470 473
1459480 473
1459490 473
1459500 473
1459510 473
1459520 472
1459530 472
1459540 472
1459550 471
1459560 471
1459570 471
1459580 470
1459590 469
1459600 469
1459610 468
1459620 467
1459630 467
1459640 466
1459650 465
1459660 465
1459670 466
1459680 466
1459690 466
1459700 466
1459710 467
1459720 467
1459730 467
1459740 467
1459750 467
1459760 467
1459770 469
1459780 469
1459790 470
1459800 471
1459810 471
1459820 472
1459830 472
1459840 472
1459850 473
1459860 473
1459870 473
1459880 474
1459890 474
1459900 474
1459910 475
1459920 475
1459930 475
1459940 476
1459950 477
1459960 477
1459970 478
1459980 478
1459990 478
