1440000 485
1440010 485
1440020 485
1440030 486
1440040 486
1440050 486
1440060 486
1440070 485
1440080 485
1440090 485
1440100 484
1440110 484
1440120 484
1440130 483
1440140 483
1440150 483
1440160 481
1440170 481
1440180 479
1440190 476
1440200 476
1440210 474
1440220 473
1440230 473
1440240 473
1440250 473
1440260 473
1440270 474
1440280 475
1440290 476
1440300 476
1440310 476
1440320 475
1440330 475
1440340 472
1440350 470
1440360 470
1440370 469
1440380 469
1440390 469
1440400 469
1440410 468
1440420 468
1440430 468
1440440 468
1440450 468
1440460 468
1440470 468
1440480 468
1440490 468
1440500 468
1440510 468
1440520 468
1440530 468
1440540 468
1440550 468
1440560 468
1440570 468
1440580 468
1440590 469
1440600 469
1440610 470
1440620 471
1440630 471
1440640 471
1440650 471
1440660 471
1440670 471
1440680 470
1440690 470
1440700 470
1440710 470
1440720 470
1440730 470
1440740 470
1440750 470
1440760 470
1440770 470
1440780 470
1440790 470
1440800 470
1440810 470
1440820 470
1440830 470
1440840 470
1440850 470
1440860 471
1440870 471
1440880 471
1440890 473
1440900 473
1440910 475
1440920 476
1440930 476
1440940 477
1440950 477
1440960 477
1440970 477
1440980 477
1440990 477
1441000 476
1441010 477
1441020 477
1441030 477
1441040 478
1441050 478
1441060 478
1441070 478
1441080 478
1441090 477
1441100 477
1441110 477
1441120 476
1441130 475
1441140 475
1441150 475
1441160 476
1441170 476
1441180 476
1441190 477
1441200 477
1441210 477
1441220 477
1441230 477
1441240 478
1441250 478
1441260 478
1441270 480
1441280 481
1441290 481
1441300 482
1441310 483
1441320 483
1441330 483
1441340 484
1441350 484
1441360 485
1441370 486
1441380 486
1441390 486
1441400 487
1441410 487
1441420 487
1441430 488
1441440 488
1441450 489
1441460 489
1441470 489
1441480 490
1441490 491
1441500 491
1441510 492
1441520 493
1441530 493
1441540 493
1441550 494
1441560 494
1441570 494
1441580 495
1441590 495
1441600 496
1441610 497
1441620 497
1441630 497
1441640 498
1441650 498
1441660 499
1441670 500
1441680 501
1441690 501
1441700 501
1441710 502
1441720 502
1441730 503
1441740 504
1441750 504
1441760 506
1441770 508
1441780 508
1441790 510
1441800 514
1441810 514
1441820 517
1441830 520
1441840 520
1441850 520
1441860 520
1441870 520
1441880 521
1441890 521
1441900 521
1441910 521
1441920 521
1441930 521
1441940 521
1441950 519
1441960 519
1441970 516
1441980 516
1441990 516
1442000 516
1442010 515
1442020 515
1442030 513
1442040 510
1442050 510
1442060 508
1442070 507
1442080 507
1442090 506
1442100 505
1442110 505
1442120 502
1442130 498
1442140 498
1442150 494
1442160 492
1442170 492
1442180 492
1442190 493
1442200 493
1442210 495
1442220 499
1442230 499
1442240 501
1442250 501
1442260 501
1442270 502
1442280 501
1442290 501
1442300 500
1442310 499
1442320 499
1442330 499
1442340 500
1442350 500
1442360 501
1442370 503
1442380 503
1442390 504
1442400 504
1442410 504
1442420 504
1442430 506
1442440 506
1442450 508
1442460 509
1442470 509
1442480 510
1442490 511
1442500 511
1442510 511
1442520 511
1442530 511
1442540 511
1442550 509
1442560 509
1442570 506
1442580 503
1442590 503
1442600 502
1442610 502
1442620 502
1442630 502
1442640 502
1442650 502
1442660 504
1442670 505
1442680 505
1442690 506
1442700 508
1442710 508
1442720 510
1442730 511
1442740 511
1442750 510
1442760 510
1442770 510
1442780 509
1442790 509
1442800 509
1442810 509
1442820 509
1442830 509
1442840 509
1442850 509
1442860 509
1442870 510
1442880 509
1442890 509
1442900 509
1442910 508
1442920 508
1442930 508
1442940 507
1442950 507
1442960 507
1442970 506
1442980 506
1442990 506
1443000 506
1443010 506
1443020 506
1443030 505
1443040 505
1443050 504
1443060 504
1443070 504
1443080 504
1443090 504
1443100 503
1443110 503
1443120 503
1443130 503
1443140 503
1443150 503
1443160 502
1443170 502
1443180 502
1443190 502
1443200 502
1443210 502
1443220 502
1443230 502
1443240 502
1443250 502
1443260 502
1443270 502
1443280 502
1443290 502
1443300 502
1443310 502
1443320 502
1443330 502
1443340 502
1443350 502
1443360 502
1443370 502
1443380 502
1443390 503
1443400 503
1443410 503
1443420 504
1443430 504
1443440 504
1443450 503
1443460 503
1443470 503
1443480 503
1443490 503
1443500 503
1443510 503
1443520 503
1443530 503
1443540 503
1443550 503
1443560 503
1443570 503
1443580 503
1443590 503
1443600 503
1443610 503
1443620 503
1443630 504
1443640 505
1443650 505
1443660 505
1443670 506
1443680 506
1443690 506
1443700 506
1443710 506
1443720 506
1443730 507
1443740 507
1443750 508
1443760 508
1443770 508
1443780 509
1443790 509
1443800 509
1443810 509
1443820 509
1443830 509
1443840 510
1443850 510
1443860 510
1443870 512
1443880 514
1443890 514
1443900 516
1443910 517
1443920 517
1443930 518
1443940 519
1443950 519
1443960 520
1443970 520
1443980 520
1443990 520
1444000 520
1444010 520
1444020 521
1444030 520
1444040 520
1444050 520
1444060 519
1444070 519
1444080 519
1444090 520
1444100 520
1444110 520
1444120 520
1444130 520
1444140 520
1444150 521
1444160 521
1444170 522
1444180 523
1444190 523
1444200 523
1444210 522
1444220 522
1444230 521
1444240 521
1444250 521
1444260 520
1444270 520
1444280 520
1444290 520
1444300 520
1444310 520
1444320 519
1444330 517
1444340 517
1444350 514
1444360 513
1444370 513
1444380 514
1444390 515
1444400 515
1444410 515
1444420 515
1444430 515
1444440 515
1444450 513
1444460 513
1444470 512
1444480 511
1444490 511
1444500 511
1444510 511
1444520 511
1444530 511
1444540 512
1444550 512
1444560 512
1444570 512
1444580 512
1444590 512
1444600 512
1444610 512
1444620 512
1444630 513
1444640 513
1444650 513
1444660 512
1444670 511
1444680 511
1444690 510
1444700 510
1444710 510
1444720 509
1444730 509
1444740 509
1444750 509
1444760 508
1444770 508
1444780 507
1444790 507
1444800 507
1444810 506
1444820 506
1444830 506
1444840 506
1444850 507
1444860 507
1444870 507
1444880 509
1444890 509
1444900 510
1444910 512
1444920 512
1444930 513
1444940 514
1444950 514
1444960 514
1444970 514
1444980 514
1444990 514
1445000 514
1445010 514
1445020 514
1445030 514
1445040 514
1445050 514
1445060 514
1445070 514
1445080 514
1445090 515
1445100 515
1445110 515
1445120 514
1445130 514
1445140 514
1445150 514
1445160 514
1445170 514
1445180 514
1445190 514
1445200 514
1445210 514
1445220 514
1445230 515
1445240 515
1445250 515
1445260 516
1445270 515
1445280 515
1445290 514
1445300 511
1445310 511
1445320 508
1445330 506
1445340 506
1445350 505
1445360 504
1445370 504
1445380 504
1445390 504
1445400 504
1445410 504
1445420 504
1445430 504
1445440 504
1445450 504
1445460 504
1445470 504
1445480 504
1445490 504
1445500 505
1445510 505
1445520 505
1445530 505
1445540 505
1445550 505
1445560 505
1445570 506
1445580 506
1445590 506
1445600 506
1445610 506
1445620 506
1445630 505
1445640 505
1445650 505
1445660 505
1445670 505
1445680 505
1445690 505
1445700 505
1445710 505
1445720 506
1445730 506
1445740 506
1445750 507
1445760 507
1445770 507
1445780 508
1445790 508
1445800 509
1445810 509
1445820 509
1445830 510
1445840 510
1445850 510
1445860 510
1445870 509
1445880 509
1445890 509
1445900 508
1445910 508
1445920 508
1445930 507
1445940 507
1445950 507
1445960 507
1445970 507
1445980 507
1445990 507
1446000 507
1446010 507
1446020 507
1446030 507
1446040 507
1446050 507
1446060 507
1446070 507
1446080 508
1446090 508
1446100 508
1446110 509
1446120 509
1446130 509
1446140 509
1446150 508
1446160 508
1446170 507
1446180 507
1446190 507
1446200 507
1446210 507
1446220 507
1446230 507
1446240 507
1446250 507
1446260 507
1446270 507
1446280 507
1446290 508
1446300 509
1446310 509
1446320 509
1446330 509
1446340 509
1446350 510
1446360 510
1446370 510
1446380 511
1446390 511
1446400 512
1446410 512
1446420 512
1446430 512
1446440 511
1446450 510
1446460 510
1446470 510
1446480 509
1446490 509
1446500 509
1446510 509
1446520 509
1446530 509
1446540 508
1446550 508
1446560 508
1446570 508
1446580 508
1446590 507
1446600 507
1446610 507
1446620 506
1446630 506
1446640 506
1446650 506
1446660 505
1446670 505
1446680 505
1446690 504
1446700 504
1446710 504
1446720 504
1446730 504
1446740 504
1446750 504
1446760 504
1446770 504
1446780 505
1446790 505
1446800 505
1446810 505
1446820 505
1446830 505
1446840 505
1446850 505
1446860 505
1446870 505
1446880 505
1446890 505
1446900 505
1446910 505
1446920 505
1446930 505
1446940 505
1446950 505
1446960 505
1446970 505
1446980 505
1446990 505
1447000 505
1447010 506
1447020 506
1447030 506
1447040 506
1447050 506
1447060 506
1447070 506
1447080 506
1447090 506
1447100 506
1447110 506
1447120 506
1447130 506
1447140 506
1447150 506
1447160 506
1447170 506
1447180 506
1447190 506
1447200 506
1447210 506
1447220 506
1447230 506
1447240 506
1447250 506
1447260 506
1447270 506
1447280 506
1447290 506
1447300 506
1447310 506
1447320 506
1447330 506
1447340 506
1447350 506
1447360 507
1447370 507
1447380 507
1447390 507
1447400 507
1447410 507
1447420 507
1447430 507
1447440 507
1447450 507
1447460 507
1447470 507
1447480 507
1447490 507
1447500 507
1447510 507
1447520 507
1447530 507
1447540 507
1447550 507
1447560 507
1447570 507
1447580 507
1447590 507
1447600 507
1447610 507
1447620 507
1447630 507
1447640 507
1447650 507
1447660 507
1447670 507
1447680 507
1447690 508
1447700 508
1447710 508
1447720 508
1447730 508
1447740 509
1447750 509
1447760 509
1447770 510
1447780 510
1447790 510
1447800 511
1447810 512
1447820 512
1447830 513
1447840 513
1447850 513
1447860 514
1447870 515
1447880 515
1447890 516
1447900 517
1447910 517
1447920 518
1447930 518
1447940 518
1447950 519
1447960 520
1447970 520
1447980 521
1447990 522
1448000 522
1448010 523
1448020 524
1448030 524
1448040 525
1448050 526
1448060 526
1448070 527
1448080 528
1448090 528
1448100 529
1448110 530
1448120 530
1448130 532
1448140 533
1448150 533
1448160 534
1448170 534
1448180 534
1448190 535
1448200 536
1448210 536
1448220 537
1448230 539
1448240 539
1448250 541
1448260 543
1448270 543
1448280 544
1448290 545
1448300 545
1448310 545
1448320 546
1448330 546
1448340 545
1448350 544
1448360 544
1448370 542
1448380 540
1448390 540
1448400 537
1448410 534
1448420 534
1448430 532
1448440 531
1448450 531
1448460 530
1448470 530
1448480 530
1448490 530
1448500 531
1448510 531
1448520 532
1448530 533
1448540 533
1448550 534
1448560 534
1448570 534
1448580 534
1448590 534
1448600 534
1448610 535
1448620 535
1448630 535
1448640 536
1448650 536
1448660 536
1448670 536
1448680 535
1448690 535
1448700 534
1448710 533
1448720 533
1448730 533
1448740 533
1448750 533
1448760 533
1448770 533
1448780 532
1448790 532
1448800 532
1448810 533
1448820 533
1448830 533
1448840 533
1448850 533
1448860 533
1448870 532
1448880 532
1448890 532
1448900 533
1448910 533
1448920 534
1448930 534
1448940 534
1448950 534
1448960 534
1448970 534
1448980 535
1448990 535
1449000 535
1449010 535
1449020 535
1449030 535
1449040 535
1449050 535
1449060 535
1449070 535
1449080 535
1449090 535
1449100 535
1449110 535
1449120 535
1449130 535
1449140 535
1449150 535
1449160 535
1449170 535
1449180 535
1449190 534
1449200 534
1449210 534
1449220 534
1449230 534
1449240 534
1449250 533
1449260 533
1449270 533
1449280 532
1449290 531
1449300 531
1449310 530
1449320 529
1449330 529
1449340 529
1449350 528
1449360 528
1449370 527
1449380 527
1449390 527
1449400 526
1449410 525
1449420 525
1449430 525
1449440 524
1449450 524
1449460 524
1449470 523
1449480 523
1449490 522
1449500 522
1449510 522
1449520 521
1449530 521
1449540 521
1449550 520
1449560 520
1449570 520
1449580 519
1449590 519
1449600 519
1449610 518
1449620 518
1449630 518
1449640 518
1449650 517
1449660 517
1449670 517
1449680 516
1449690 516
1449700 516
1449710 515
1449720 515
1449730 515
1449740 514
1449750 514
1449760 514
1449770 513
1449780 513
1449790 513
1449800 512
1449810 512
1449820 512
1449830 511
1449840 511
1449850 511
1449860 510
1449870 510
1449880 510
1449890 510
1449900 510
1449910 510
1449920 510
1449930 510
1449940 510
1449950 509
1449960 509
1449970 509
1449980 509
1449990 509
1450000 509
1450010 509
1450020 509
1450030 509
1450040 509
1450050 509
1450060 510
1450070 510
1450080 510
1450090 510
1450100 510
1450110 510
1450120 510
1450130 511
1450140 511
1450150 511
1450160 511
1450170 511
1450180 511
1450190 512
1450200 512
1450210 512
1450220 512
1450230 512
1450240 512
1450250 513
1450260 513
1450270 513
1450280 513
1450290 513
1450300 513
1450310 512
1450320 512
1450330 512
1450340 511
1450350 511
1450360 511
1450370 510
1450380 510
1450390 510
1450400 509
1450410 508
1450420 508
1450430 507
1450440 506
1450450 506
1450460 505
1450470 503
1450480 503
1450490 502
1450500 501
1450510 501
1450520 500
1450530 500
1450540 500
1450550 499
1450560 498
1450570 498
1450580 497
1450590 497
1450600 497
1450610 496
1450620 495
1450630 495
1450640 495
1450650 494
1450660 494
1450670 494
1450680 493
1450690 493
1450700 493
1450710 492
1450720 492
1450730 491
1450740 491
1450750 491
1450760 490
1450770 490
1450780 490
1450790 490
1450800 488
1450810 488
1450820 487
1450830 486
1450840 486
1450850 486
1450860 486
1450870 486
1450880 486
1450890 486
1450900 486
1450910 486
1450920 486
1450930 486
1450940 486
1450950 486
1450960 486
1450970 485
1450980 485
1450990 485
1451000 485
1451010 485
1451020 485
1451030 485
1451040 485
1451050 485
1451060 486
1451070 486
1451080 486
1451090 486
1451100 488
1451110 488
1451120 490
1451130 493
1451140 493
1451150 496
1451160 500
1451170 500
1451180 502
1451190 503
1451200 503
1451210 504
1451220 504
1451230 504
1451240 504
1451250 504
1451260 504
1451270 504
1451280 504
1451290 504
1451300 503
1451310 503
1451320 503
1451330 502
1451340 501
1451350 501
1451360 500
1451370 499
1451380 499
1451390 498
1451400 497
1451410 497
1451420 496
1451430 495
1451440 495
1451450 494
1451460 494
1451470 494
1451480 493
1451490 492
1451500 492
1451510 491
1451520 491
1451530 491
1451540 490
1451550 490
1451560 490
1451570 490
1451580 490
1451590 489
1451600 489
1451610 489
1451620 489
1451630 489
1451640 489
1451650 489
1451660 489
1451670 489
1451680 489
1451690 489
1451700 489
1451710 489
1451720 489
1451730 490
1451740 490
1451750 490
1451760 491
1451770 492
1451780 492
1451790 493
1451800 495
1451810 495
1451820 496
1451830 496
1451840 496
1451850 497
1451860 497
1451870 497
1451880 498
1451890 499
1451900 499
1451910 500
1451920 501
1451930 501
1451940 501
1451950 502
1451960 502
1451970 503
1451980 504
1451990 504
1452000 505
1452010 506
1452020 506
1452030 506
1452040 507
1452050 507
1452060 507
1452070 508
1452080 508
1452090 509
1452100 509
1452110 509
1452120 510
1452130 511
1452140 511
1452150 511
1452160 512
1452170 512
1452180 512
1452190 513
1452200 513
1452210 513
1452220 514
1452230 514
1452240 514
1452250 515
1452260 515
1452270 515
1452280 515
1452290 515
1452300 515
1452310 515
1452320 515
1452330 515
1452340 515
1452350 515
1452360 515
1452370 515
1452380 515
1452390 515
1452400 514
1452410 514
1452420 513
1452430 514
1452440 514
1452450 514
1452460 513
1452470 513
1452480 512
1452490 511
1452500 511
1452510 510
1452520 510
1452530 510
1452540 509
1452550 508
1452560 508
1452570 507
1452580 505
1452590 505
1452600 504
1452610 503
1452620 503
1452630 503
1452640 504
1452650 504
1452660 504
1452670 505
1452680 505
1452690 505
1452700 505
1452710 505
1452720 506
1452730 506
1452740 506
1452750 507
1452760 507
1452770 507
1452780 508
1452790 509
1452800 509
1452810 509
1452820 510
1452830 510
1452840 511
1452850 512
1452860 512
1452870 512
1452880 513
1452890 513
1452900 514
1452910 514
1452920 514
1452930 515
1452940 515
1452950 515
1452960 515
1452970 516
1452980 516
1452990 516
1453000 516
1453010 516
1453020 516
1453030 517
1453040 517
1453050 517
1453060 518
1453070 519
1453080 519
1453090 520
1453100 521
1453110 521
1453120 522
1453130 522
1453140 522
1453150 523
1453160 523
1453170 523
1453180 524
1453190 524
1453200 524
1453210 525
1453220 525
1453230 525
1453240 526
1453250 526
1453260 526
1453270 526
1453280 526
1453290 526
1453300 526
1453310 527
1453320 527
1453330 527
1453340 527
1453350 527
1453360 527
1453370 528
1453380 528
1453390 528
1453400 528
1453410 528
1453420 528
1453430 528
1453440 528
1453450 528
1453460 528
1453470 528
1453480 528
1453490 529
1453500 529
1453510 529
1453520 529
1453530 529
1453540 529
1453550 529
1453560 529
1453570 529
1453580 529
1453590 529
1453600 529
1453610 529
1453620 529
1453630 529
1453640 529
1453650 529
1453660 529
1453670 529
1453680 529
1453690 529
1453700 529
1453710 529
1453720 528
1453730 528
1453740 528
1453750 527
1453760 527
1453770 527
1453780 527
1453790 526
1453800 526
1453810 526
1453820 526
1453830 526
1453840 525
1453850 525
1453860 525
1453870 525
1453880 524
1453890 524
1453900 524
1453910 524
1453920 524
1453930 523
1453940 523
1453950 523
1453960 523
1453970 523
1453980 523
1453990 523
1454000 523
1454010 523
1454020 522
1454030 522
1454040 522
1454050 522
1454060 522
1454070 522
1454080 522
1454090 521
1454100 521
1454110 521
1454120 521
1454130 521
1454140 520
1454150 520
1454160 520
1454170 520
1454180 520
1454190 520
1454200 520
1454210 519
1454220 519
1454230 519
1454240 519
1454250 519
1454260 519
1454270 518
1454280 518
1454290 518
1454300 518
1454310 518
1454320 518
1454330 517
1454340 517
1454350 517
1454360 517
1454370 517
1454380 518
1454390 519
1454400 519
1454410 519
1454420 519
1454430 520
1454440 520
1454450 520
1454460 520
1454470 520
1454480 521
1454490 521
1454500 521
1454510 522
1454520 522
1454530 522
1454540 522
1454550 522
1454560 522
1454570 523
1454580 523
1454590 523
1454600 524
1454610 524
1454620 524
1454630 525
1454640 525
1454650 525
1454660 526
1454670 526
1454680 526
1454690 526
1454700 527
1454710 527
1454720 528
1454730 528
1454740 528
1454750 528
1454760 529
1454770 529
1454780 529
1454790 529
1454800 529
1454810 529
1454820 530
1454830 530
1454840 530
1454850 530
1454860 530
1454870 531
1454880 531
1454890 531
1454900 531
1454910 531
1454920 531
1454930 532
1454940 532
1454950 532
1454960 532
1454970 533
1454980 533
1454990 533
1455000 533
1455010 533
1455020 533
1455030 533
1455040 533
1455050 533
1455060 533
1455070 533
1455080 533
1455090 533
1455100 533
1455110 533
1455120 533
1455130 533
1455140 533
1455150 533
1455160 533
1455170 532
1455180 532
1455190 532
1455200 532
1455210 531
1455220 531
1455230 531
1455240 531
1455250 531
1455260 530
1455270 530
1455280 530
1455290 529
1455300 529
1455310 529
1455320 528
1455330 528
1455340 528
1455350 527
1455360 526
1455370 526
1455380 525
1455390 525
1455400 525
1455410 524
1455420 523
1455430 523
1455440 523
1455450 523
1455460 523
1455470 522
1455480 522
1455490 522
1455500 522
1455510 522
1455520 522
1455530 522
1455540 521
1455550 521
1455560 521
1455570 520
1455580 520
1455590 520
1455600 520
1455610 520
1455620 521
1455630 521
1455640 521
1455650 520
1455660 520
1455670 520
1455680 521
1455690 521
1455700 521
1455710 520
1455720 520
1455730 520
1455740 520
1455750 520
1455760 520
1455770 520
1455780 520
1455790 520
1455800 519
1455810 518
1455820 518
1455830 518
1455840 519
1455850 520
1455860 520
1455870 521
1455880 521
1455890 521
1455900 521
1455910 521
1455920 521
1455930 522
1455940 522
1455950 522
1455960 522
1455970 522
1455980 522
1455990 522
1456000 522
1456010 522
1456020 522
1456030 522
1456040 522
1456050 522
1456060 522
1456070 522
1456080 522
1456090 522
1456100 522
1456110 522
1456120 522
1456130 522
1456140 522
1456150 522
1456160 522
1456170 522
1456180 522
1456190 522
1456200 522
1456210 522
1456220 522
1456230 522
1456240 522
1456250 522
1456260 522
1456270 522
1456280 522
1456290 522
1456300 522
1456310 522
1456320 522
1456330 522
1456340 522
1456350 522
1456360 522
1456370 522
1456380 522
1456390 522
1456400 522
1456410 522
1456420 522
1456430 522
1456440 522
1456450 522
1456460 522
1456470 521
1456480 521
1456490 521
1456500 521
1456510 521
1456520 521
1456530 521
1456540 520
1456550 520
1456560 520
1456570 520
1456580 520
1456590 519
1456600 519
1456610 519
1456620 519
1456630 518
1456640 518
1456650 518
1456660 517
1456670 517
1456680 516
1456690 516
1456700 516
1456710 516
1456720 516
1456730 516
1456740 516
1456750 516
1456760 516
1456770 516
1456780 516
1456790 516
1456800 516
1456810 516
1456820 516
1456830 516
1456840 516
1456850 516
1456860 516
1456870 516
1456880 516
1456890 516
1456900 516
1456910 516
1456920 515
1456930 515
1456940 515
1456950 515
1456960 514
1456970 514
1456980 514
1456990 513
1457000 513
1457010 513
1457020 512
1457030 512
1457040 512
1457050 511
1457060 511
1457070 511
1457080 510
1457090 510
1457100 509
1457110 508
1457120 508
1457130 507
1457140 506
1457150 506
1457160 505
1457170 504
1457180 504
1457190 503
1457200 502
1457210 501
1457220 501
1457230 500
1457240 499
1457250 499
1457260 499
1457270 498
1457280 498
1457290 498
1457300 498
1457310 498
1457320 498
1457330 499
1457340 499
1457350 499
1457360 500
1457370 500
1457380 500
1457390 501
1457400 501
1457410 501
1457420 501
1457430 501
1457440 501
1457450 502
1457460 502
1457470 502
1457480 502
1457490 502
1457500 502
1457510 502
1457520 502
1457530 502
1457540 502
1457550 502
1457560 501
1457570 501
1457580 501
1457590 501
1457600 501
1457610 501
1457620 501
1457630 500
1457640 500
1457650 500
1457660 499
1457670 499
1457680 498
1457690 497
1457700 497
1457710 495
1457720 493
1457730 493
1457740 489
1457750 486
1457760 486
1457770 483
1457780 481
1457790 481
1457800 479
1457810 477
1457820 477
1457830 476
1457840 476
1457850 476
1457860 475
1457870 474
1457880 474
1457890 473
1457900 472
1457910 472
1457920 472
1457930 472
1457940 472
1457950 472
1457960 472
1457970 472
1457980 472
1457990 472
1458000 472
1458010 472
1458020 469
1458030 469
1458040 466
1458050 469
1458060 469
1458070 472
1458080 473
1458090 473
1458100 473
1458110 473
1458120 473
1458130 473
1458140 473
1458150 473
1458160 473
1458170 474
1458180 474
1458190 474
1458200 474
1458210 474
1458220 474
1458230 473
1458240 473
1458250 473
1458260 473
1458270 473
1458280 474
1458290 474
1458300 474
1458310 473
1458320 473
1458330 473
1458340 473
1458350 473
1458360 473
1458370 473
1458380 473
1458390 473
1458400 473
1458410 473
1458420 473
1458430 471
1458440 468
1458450 468
1458460 464
1458470 460
1458480 460
1458490 458
1458500 457
1458510 456
1458520 455
1458530 455
1458540 455
1458550 454
1458560 454
1458570 454
1458580 453
1458590 453
1458600 453
1458610 452
1458620 451
1458630 450
1458640 450
1458650 450
1458660 449
1458670 449
1458680 448
1458690 448
1458700 448
1458710 448
1458720 447
1458730 447
1458740 447
1458750 447
1458760 447
1458770 447
1458780 446
1458790 446
1458800 446
1458810 446
1458820 446
1458830 446
1458840 446
1458850 446
1458860 446
1458870 446
1458880 446
1458890 446
1458900 446
1458910 446
1458920 446
1458930 446
1458940 446
1458950 446
1458960 447
1458970 447
1458980 448
1458990 451
1459000 451
1459010 454
1459020 457
1459030 457
1459040 461
1459050 466
1459060 466
1459070 468
1459080 469
1459090 469
1459100 469
1459110 469
1459120 469
1459130 469
1459140 468
1459150 468
1459160 468
1459170 467
1459180 467
1459190 467
1459200 467
1459210 467
1459220 468
1459230 469
1459240 469
1459250 469
1459260 469
1459270 469
1459280 469
1459290 470
1459300 470
1459310 470
1459320 470
1459330 470
1459340 470
1459350 470
1459360 470
1459370 470
1459380 470
1459390 470
1459400 470
1459410 470
1459420 470
1459430 469
1459440 469
1459450 469
1459460 469
1459470 469
1459480 469
1459490 469
1459500 469
1459510 469
1459520 468
1459530 468
1459540 468
1459550 467
1459560 467
1459570 467
1459580 467
1459590 468
1459600 468
1459610 468
1459620 469
1459630 469
1459640 469
1459650 469
1459660 469
1459670 469
1459680 469
1459690 469
1459700 469
1459710 469
1459720 469
1459730 469
1459740 468
1459750 468
1459760 468
1459770 468
1459780 468
1459790 468
1459800 467
1459810 467
1459820 467
1459830 466
1459840 466
1459850 466
1459860 466
1459870 466
1459880 465
1459890 465
1459900 465
1459910 465
1459920 464
1459930 464
1459940 464
1459950 463
1459960 463
1459970 462
1459980 459
1459990 459
