1440000 487
1440010 487
1440020 487
1440030 487
1440040 487
1440050 487
1440060 487
1440070 487
1440080 487
1440090 487
1440100 487
1440110 487
1440120 487
1440130 487
1440140 487
1440150 487
1440160 487
1440170 487
1440180 487
1440190 487
1440200 487
1440210 487
1440220 487
1440230 487
1440240 487
1440250 487
1440260 487
1440270 487
1440280 487
1440290 487
1440300 487
1440310 487
1440320 487
1440330 487
1440340 487
1440350 487
1440360 487
1440370 487
1440380 487
1440390 487
1440400 487
1440410 487
1440420 487
1440430 487
1440440 487
1440450 487
1440460 487
1440470 487
1440480 487
1440490 487
1440500 487
1440510 487
1440520 487
1440530 487
1440540 487
1440550 487
1440560 487
1440570 487
1440580 487
1440590 487
1440600 488
1440610 488
1440620 488
1440630 488
1440640 488
1440650 488
1440660 488
1440670 488
1440680 488
1440690 488
1440700 488
1440710 489
1440720 489
1440730 489
1440740 489
1440750 489
1440760 489
1440770 489
1440780 489
1440790 489
1440800 490
1440810 490
1440820 490
1440830 490
1440840 490
1440850 490
1440860 490
1440870 490
1440880 490
1440890 490
1440900 490
1440910 490
1440920 490
1440930 490
1440940 490
1440950 490
1440960 490
1440970 490
1440980 490
1440990 490
1441000 490
1441010 490
1441020 490
1441030 490
1441040 490
1441050 490
1441060 490
1441070 490
1441080 491
1441090 491
1441100 492
1441110 493
1441120 493
1441130 495
1441140 496
1441150 497
1441160 497
1441170 498
1441180 499
1441190 499
1441200 499
1441210 500
1441220 500
1441230 500
1441240 501
1441250 502
1441260 502
1441270 502
1441280 502
1441290 502
1441300 502
1441310 502
1441320 501
1441330 500
1441340 500
1441350 499
1441360 499
1441370 499
1441380 498
1441390 498
1441400 498
1441410 498
1441420 498
1441430 498
1441440 498
1441450 497
1441460 497
1441470 497
1441480 497
1441490 497
1441500 497
1441510 497
1441520 497
1441530 497
1441540 497
1441550 497
1441560 496
1441570 496
1441580 496
1441590 496
1441600 496
1441610 496
1441620 495
1441630 495
1441640 495
1441650 495
1441660 495
1441670 495
1441680 495
1441690 495
1441700 495
1441710 495
1441720 495
1441730 495
1441740 495
1441750 495
1441760 495
1441770 495
1441780 495
1441790 495
1441800 495
1441810 495
1441820 495
1441830 495
1441840 496
1441850 496
1441860 496
1441870 496
1441880 496
1441890 496
1441900 495
1441910 495
1441920 495
1441930 495
1441940 495
1441950 495
1441960 495
1441970 495
1441980 495
1441990 495
1442000 495
1442010 494
1442020 494
1442030 494
1442040 494
1442050 494
1442060 494
1442070 494
1442080 494
1442090 494
1442100 494
1442110 494
1442120 494
1442130 494
1442140 494
1442150 494
1442160 494
1442170 495
1442180 495
1442190 496
1442200 498
1442210 498
1442220 500
1442230 501
1442240 501
1442250 502
1442260 502
1442270 502
1442280 502
1442290 503
1442300 503
1442310 503
1442320 503
1442330 503
1442340 504
1442350 504
1442360 504
1442370 504
1442380 505
1442390 505
1442400 506
1442410 507
1442420 507
1442430 508
1442440 508
1442450 508
1442460 509
1442470 509
1442480 509
1442490 509
1442500 509
1442510 509
1442520 509
1442530 509
1442540 509
1442550 509
1442560 509
1442570 509
1442580 509
1442590 508
1442600 508
1442610 508
1442620 507
1442630 507
1442640 507
1442650 506
1442660 505
1442670 505
1442680 505
1442690 504
1442700 504
1442710 504
1442720 504
1442730 504
1442740 504
1442750 504
1442760 504
1442770 505
1442780 504
1442790 504
1442800 504
1442810 504
1442820 504
1442830 504
1442840 504
1442850 504
1442860 504
1442870 504
1442880 504
1442890 504
1442900 503
1442910 503
1442920 502
1442930 502
1442940 502
1442950 501
1442960 501
1442970 501
1442980 501
1442990 500
1443000 500
1443010 500
1443020 499
1443030 499
1443040 499
1443050 499
1443060 499
1443070 499
1443080 499
1443090 499
1443100 499
1443110 499
1443120 499
1443130 499
1443140 500
1443150 500
1443160 500
1443170 500
1443180 500
1443190 500
1443200 500
1443210 500
1443220 500
1443230 501
1443240 501
1443250 501
1443260 501
1443270 501
1443280 501
1443290 501
1443300 501
1443310 501
1443320 501
1443330 501
1443340 501
1443350 500
1443360 500
1443370 500
1443380 500
1443390 500
1443400 500
1443410 500
1443420 500
1443430 500
1443440 500
1443450 500
1443460 501
1443470 501
1443480 501
1443490 501
1443500 501
1443510 501
1443520 501
1443530 501
1443540 501
1443550 501
1443560 501
1443570 501
1443580 502
1443590 502
1443600 502
1443610 502
1443620 502
1443630 502
1443640 502
1443650 501
1443660 501
1443670 501
1443680 501
1443690 501
1443700 501
1443710 501
1443720 501
1443730 501
1443740 502
1443750 502
1443760 502
1443770 502
1443780 502
1443790 502
1443800 502
1443810 502
1443820 502
1443830 502
1443840 502
1443850 502
1443860 502
1443870 502
1443880 502
1443890 502
1443900 502
1443910 502
1443920 502
1443930 502
1443940 502
1443950 502
1443960 502
1443970 502
1443980 502
1443990 502
1444000 502
1444010 502
1444020 502
1444030 502
1444040 502
1444050 502
1444060 502
1444070 502
1444080 502
1444090 502
1444100 502
1444110 502
1444120 502
1444130 502
1444140 502
1444150 502
1444160 503
1444170 503
1444180 503
1444190 503
1444200 503
1444210 503
1444220 503
1444230 503
1444240 503
1444250 503
1444260 504
1444270 504
1444280 504
1444290 505
1444300 505
1444310 505
1444320 506
1444330 506
1444340 507
1444350 508
1444360 508
1444370 508
1444380 509
1444390 509
1444400 510
1444410 511
1444420 511
1444430 512
1444440 511
1444450 511
1444460 511
1444470 510
1444480 510
1444490 511
1444500 511
1444510 511
1444520 512
1444530 512
1444540 512
1444550 514
1444560 516
1444570 516
1444580 517
1444590 517
1444600 517
1444610 517
1444620 516
1444630 516
1444640 516
1444650 515
1444660 515
1444670 515
1444680 514
1444690 514
1444700 514
1444710 514
1444720 514
1444730 514
1444740 514
1444750 514
1444760 514
1444770 514
1444780 514
1444790 514
1444800 513
1444810 513
1444820 513
1444830 512
1444840 512
1444850 511
1444860 509
1444870 509
1444880 509
1444890 508
1444900 508
1444910 507
1444920 506
1444930 506
1444940 505
1444950 503
1444960 503
1444970 502
1444980 501
1444990 501
1445000 500
1445010 500
1445020 500
1445030 499
1445040 499
1445050 499
1445060 499
1445070 499
1445080 499
1445090 498
1445100 498
1445110 498
1445120 498
1445130 498
1445140 498
1445150 498
1445160 498
1445170 498
1445180 498
1445190 498
1445200 498
1445210 498
1445220 498
1445230 498
1445240 498
1445250 498
1445260 498
1445270 498
1445280 498
1445290 498
1445300 497
1445310 497
1445320 497
1445330 497
1445340 497
1445350 497
1445360 497
1445370 497
1445380 497
1445390 497
1445400 497
1445410 497
1445420 497
1445430 497
1445440 497
1445450 497
1445460 497
1445470 497
1445480 497
1445490 497
1445500 497
1445510 496
1445520 496
1445530 496
1445540 496
1445550 496
1445560 496
1445570 496
1445580 496
1445590 496
1445600 496
1445610 496
1445620 496
1445630 496
1445640 496
1445650 496
1445660 496
1445670 496
1445680 496
1445690 496
1445700 495
1445710 495
1445720 495
1445730 495
1445740 494
1445750 494
1445760 494
1445770 494
1445780 494
1445790 495
1445800 497
1445810 497
1445820 499
1445830 501
1445840 501
1445850 502
1445860 504
1445870 504
1445880 505
1445890 506
1445900 506
1445910 507
1445920 507
1445930 507
1445940 507
1445950 506
1445960 506
1445970 505
1445980 504
1445990 504
1446000 504
1446010 504
1446020 504
1446030 503
1446040 503
1446050 503
1446060 503
1446070 503
1446080 503
1446090 503
1446100 504
1446110 504
1446120 504
1446130 503
1446140 503
1446150 503
1446160 504
1446170 504
1446180 505
1446190 505
1446200 505
1446210 506
1446220 507
1446230 507
1446240 508
1446250 508
1446260 508
1446270 509
1446280 509
1446290 509
1446300 509
1446310 509
1446320 509
1446330 509
1446340 509
1446350 509
1446360 509
1446370 509
1446380 509
1446390 509
1446400 509
1446410 509
1446420 509
1446430 510
1446440 510
1446450 511
1446460 511
1446470 511
1446480 512
1446490 512
1446500 512
1446510 512
1446520 512
1446530 512
1446540 512
1446550 512
1446560 512
1446570 512
1446580 511
1446590 511
1446600 511
1446610 511
1446620 511
1446630 511
1446640 511
1446650 511
1446660 511
1446670 511
1446680 511
1446690 512
1446700 512
1446710 512
1446720 512
1446730 512
1446740 512
1446750 512
1446760 512
1446770 512
1446780 512
1446790 513
1446800 513
1446810 513
1446820 512
1446830 512
1446840 512
1446850 514
1446860 514
1446870 515
1446880 515
1446890 515
1446900 513
1446910 512
1446920 512
1446930 510
1446940 509
1446950 509
1446960 509
1446970 508
1446980 508
1446990 508
1447000 508
1447010 508
1447020 508
1447030 507
1447040 508
1447050 508
1447060 508
1447070 508
1447080 508
1447090 509
1447100 510
1447110 510
1447120 511
1447130 511
1447140 511
1447150 511
1447160 511
1447170 511
1447180 510
1447190 510
1447200 510
1447210 510
1447220 510
1447230 510
1447240 510
1447250 510
1447260 510
1447270 509
1447280 509
1447290 509
1447300 509
1447310 509
1447320 509
1447330 508
1447340 507
1447350 507
1447360 507
1447370 507
1447380 507
1447390 507
1447400 507
1447410 507
1447420 508
1447430 508
1447440 508
1447450 508
1447460 508
1447470 508
1447480 508
1447490 507
1447500 507
1447510 507
1447520 506
1447530 506
1447540 506
1447550 506
1447560 506
1447570 506
1447580 506
1447590 506
1447600 506
1447610 507
1447620 507
1447630 507
1447640 506
1447650 506
1447660 506
1447670 505
1447680 505
1447690 503
1447700 503
1447710 503
1447720 503
1447730 503
1447740 503
1447750 503
1447760 502
1447770 502
1447780 501
1447790 500
1447800 500
1447810 499
1447820 499
1447830 499
1447840 499
1447850 498
1447860 498
1447870 498
1447880 498
1447890 498
1447900 499
1447910 499
1447920 499
1447930 499
1447940 500
1447950 500
1447960 500
1447970 500
1447980 500
1447990 500
1448000 500
1448010 500
1448020 500
1448030 500
1448040 500
1448050 500
1448060 501
1448070 501
1448080 501
1448090 502
1448100 502
1448110 503
1448120 504
1448130 504
1448140 505
1448150 505
1448160 505
1448170 503
1448180 501
1448190 501
1448200 499
1448210 497
1448220 497
1448230 497
1448240 497
1448250 497
1448260 496
1448270 496
1448280 496
1448290 496
1448300 496
1448310 496
1448320 495
1448330 495
1448340 495
1448350 495
1448360 495
1448370 495
1448380 495
1448390 495
1448400 495
1448410 495
1448420 495
1448430 495
1448440 495
1448450 495
1448460 495
1448470 496
1448480 497
1448490 497
1448500 497
1448510 498
1448520 498
1448530 498
1448540 499
1448550 500
1448560 500
1448570 501
1448580 502
1448590 502
1448600 503
1448610 504
1448620 504
1448630 504
1448640 505
1448650 505
1448660 506
1448670 507
1448680 507
1448690 508
1448700 508
1448710 508
1448720 509
1448730 510
1448740 510
1448750 511
1448760 512
1448770 512
1448780 512
1448790 513
1448800 513
1448810 514
1448820 514
1448830 514
1448840 515
1448850 516
1448860 516
1448870 517
1448880 518
1448890 518
1448900 519
1448910 520
1448920 520
1448930 521
1448940 522
1448950 522
1448960 522
1448970 523
1448980 523
1448990 524
1449000 524
1449010 524
1449020 525
1449030 525
1449040 525
1449050 526
1449060 526
1449070 526
1449080 526
1449090 526
1449100 526
1449110 526
1449120 526
1449130 526
1449140 526
1449150 526
1449160 526
1449170 526
1449180 526
1449190 526
1449200 526
1449210 525
1449220 525
1449230 525
1449240 525
1449250 525
1449260 525
1449270 525
1449280 525
1449290 525
1449300 524
1449310 524
1449320 524
1449330 524
1449340 524
1449350 524
1449360 524
1449370 524
1449380 524
1449390 524
1449400 524
1449410 524
1449420 524
1449430 524
1449440 524
1449450 524
1449460 524
1449470 525
1449480 525
1449490 525
1449500 525
1449510 525
1449520 525
1449530 525
1449540 525
1449550 525
1449560 525
1449570 525
1449580 525
1449590 526
1449600 525
1449610 525
1449620 523
1449630 522
1449640 522
1449650 522
1449660 522
1449670 522
1449680 523
1449690 522
1449700 522
1449710 521
1449720 520
1449730 520
1449740 519
1449750 518
1449760 518
1449770 517
1449780 515
1449790 515
1449800 514
1449810 513
1449820 513
1449830 511
1449840 510
1449850 510
1449860 509
1449870 508
1449880 508
1449890 507
1449900 506
1449910 506
1449920 504
1449930 503
1449940 503
1449950 501
1449960 500
1449970 500
1449980 499
1449990 498
1450000 497
1450010 497
1450020 496
1450030 495
1450040 495
1450050 494
1450060 494
1450070 494
1450080 493
1450090 492
1450100 492
1450110 492
1450120 491
1450130 491
1450140 491
1450150 491
1450160 491
1450170 490
1450180 490
1450190 490
1450200 490
1450210 490
1450220 490
1450230 490
1450240 490
1450250 490
1450260 490
1450270 490
1450280 490
1450290 490
1450300 489
1450310 489
1450320 489
1450330 489
1450340 489
1450350 488
1450360 488
1450370 488
1450380 488
1450390 488
1450400 488
1450410 488
1450420 487
1450430 487
1450440 487
1450450 487
1450460 487
1450470 487
1450480 487
1450490 487
1450500 486
1450510 486
1450520 486
1450530 486
1450540 486
1450550 486
1450560 486
1450570 486
1450580 486
1450590 487
1450600 487
1450610 487
1450620 488
1450630 488
1450640 488
1450650 488
1450660 488
1450670 488
1450680 488
1450690 488
1450700 488
1450710 488
1450720 487
1450730 487
1450740 487
1450750 486
1450760 486
1450770 485
1450780 483
1450790 483
1450800 481
1450810 480
1450820 480
1450830 478
1450840 478
1450850 478
1450860 477
1450870 477
1450880 477
1450890 477
1450900 477
1450910 477
1450920 477
1450930 477
1450940 477
1450950 477
1450960 477
1450970 477
1450980 477
1450990 477
1451000 477
1451010 477
1451020 477
1451030 477
1451040 477
1451050 477
1451060 477
1451070 477
1451080 478
1451090 478
1451100 478
1451110 478
1451120 478
1451130 478
1451140 479
1451150 479
1451160 479
1451170 480
1451180 480
1451190 481
1451200 483
1451210 483
1451220 485
1451230 487
1451240 487
1451250 490
1451260 493
1451270 493
1451280 496
1451290 499
1451300 499
1451310 501
1451320 503
1451330 503
1451340 505
1451350 507
1451360 507
1451370 508
1451380 510
1451390 509
1451400 511
1451410 512
1451420 512
1451430 513
1451440 515
1451450 515
1451460 516
1451470 517
1451480 518
1451490 518
1451500 520
1451510 521
1451520 521
1451530 522
1451540 523
1451550 523
1451560 524
1451570 525
1451580 525
1451590 526
1451600 527
1451610 527
1451620 529
1451630 530
1451640 530
1451650 530
1451660 529
1451670 529
1451680 529
1451690 530
1451700 530
1451710 532
1451720 535
1451730 535
1451740 535
1451750 536
1451760 536
1451770 536
1451780 536
1451790 536
1451800 536
1451810 536
1451820 536
1451830 536
1451840 537
1451850 537
1451860 537
1451870 537
1451880 537
1451890 537
1451900 537
1451910 537
1451920 536
1451930 536
1451940 536
1451950 536
1451960 536
1451970 536
1451980 536
1451990 536
1452000 536
1452010 535
1452020 535
1452030 535
1452040 534
1452050 534
1452060 534
1452070 534
1452080 533
1452090 533
1452100 533
1452110 533
1452120 533
1452130 532
1452140 532
1452150 532
1452160 531
1452170 531
1452180 531
1452190 531
1452200 530
1452210 530
1452220 530
1452230 529
1452240 529
1452250 529
1452260 528
1452270 528
1452280 528
1452290 527
1452300 527
1452310 527
1452320 527
1452330 527
1452340 526
1452350 526
1452360 526
1452370 525
1452380 525
1452390 525
1452400 524
1452410 524
1452420 524
1452430 524
1452440 523
1452450 523
1452460 523
1452470 523
1452480 523
1452490 522
1452500 522
1452510 522
1452520 522
1452530 522
1452540 522
1452550 521
1452560 521
1452570 521
1452580 521
1452590 521
1452600 521
1452610 520
1452620 520
1452630 520
1452640 520
1452650 520
1452660 520
1452670 520
1452680 520
1452690 520
1452700 520
1452710 520
1452720 520
1452730 519
1452740 519
1452750 519
1452760 519
1452770 519
1452780 519
1452790 518
1452800 518
1452810 518
1452820 518
1452830 518
1452840 518
1452850 518
1452860 517
1452870 517
1452880 517
1452890 517
1452900 517
1452910 516
1452920 516
1452930 516
1452940 516
1452950 515
1452960 515
1452970 515
1452980 515
1452990 515
1453000 515
1453010 515
1453020 515
1453030 515
1453040 514
1453050 514
1453060 514
1453070 514
1453080 514
1453090 514
1453100 514
1453110 514
1453120 514
1453130 514
1453140 514
1453150 514
1453160 513
1453170 513
1453180 513
1453190 513
1453200 513
1453210 513
1453220 513
1453230 512
1453240 512
1453250 512
1453260 512
1453270 512
1453280 512
1453290 511
1453300 511
1453310 511
1453320 511
1453330 511
1453340 510
1453350 510
1453360 510
1453370 510
1453380 509
1453390 509
1453400 509
1453410 509
1453420 509
1453430 509
1453440 508
1453450 508
1453460 508
1453470 508
1453480 508
1453490 507
1453500 507
1453510 507
1453520 506
1453530 506
1453540 506
1453550 506
1453560 506
1453570 506
1453580 505
1453590 505
1453600 505
1453610 505
1453620 505
1453630 505
1453640 504
1453650 504
1453660 504
1453670 503
1453680 502
1453690 502
1453700 501
1453710 500
1453720 500
1453730 499
1453740 498
1453750 498
1453760 498
1453770 497
1453780 497
1453790 497
1453800 496
1453810 496
1453820 496
1453830 496
1453840 496
1453850 496
1453860 497
1453870 497
1453880 497
1453890 498
1453900 498
1453910 500
1453920 503
1453930 503
1453940 505
1453950 506
1453960 506
1453970 507
1453980 508
1453990 508
1454000 509
1454010 510
1454020 510
1454030 511
1454040 512
1454050 512
1454060 513
1454070 513
1454080 513
1454090 514
1454100 515
1454110 515
1454120 515
1454130 516
1454140 516
1454150 516
1454160 517
1454170 517
1454180 517
1454190 518
1454200 518
1454210 518
1454220 519
1454230 519
1454240 519
1454250 520
1454260 520
1454270 520
1454280 520
1454290 520
1454300 521
1454310 521
1454320 521
1454330 522
1454340 522
1454350 522
1454360 522
1454370 523
1454380 523
1454390 523
1454400 524
1454410 524
1454420 525
1454430 525
1454440 525
1454450 526
1454460 526
1454470 526
1454480 526
1454490 527
1454500 527
1454510 527
1454520 527
1454530 527
1454540 527
1454550 527
1454560 527
1454570 527
1454580 527
1454590 527
1454600 527
1454610 527
1454620 526
1454630 526
1454640 526
1454650 526
1454660 526
1454670 526
1454680 525
1454690 525
1454700 525
1454710 524
1454720 524
1454730 524
1454740 524
1454750 524
1454760 523
1454770 522
1454780 522
1454790 522
1454800 521
1454810 521
1454820 520
1454830 519
1454840 519
1454850 518
1454860 517
1454870 517
1454880 517
1454890 516
1454900 516
1454910 515
1454920 514
1454930 514
1454940 513
1454950 512
1454960 512
1454970 509
1454980 504
1454990 504
1455000 502
1455010 501
1455020 501
1455030 501
1455040 500
1455050 500
1455060 499
1455070 499
1455080 499
1455090 499
1455100 501
1455110 501
1455120 502
1455130 503
1455140 503
1455150 504
1455160 505
1455170 505
1455180 507
1455190 508
1455200 508
1455210 509
1455220 510
1455230 510
1455240 511
1455250 511
1455260 511
1455270 511
1455280 512
1455290 512
1455300 512
1455310 512
1455320 512
1455330 512
1455340 512
1455350 512
1455360 512
1455370 513
1455380 513
1455390 513
1455400 513
1455410 513
1455420 513
1455430 513
1455440 513
1455450 513
1455460 512
1455470 512
1455480 512
1455490 512
1455500 512
1455510 512
1455520 512
1455530 512
1455540 511
1455550 511
1455560 511
1455570 512
1455580 511
1455590 511
1455600 511
1455610 511
1455620 511
1455630 511
1455640 511
1455650 511
1455660 510
1455670 510
1455680 510
1455690 510
1455700 509
1455710 509
1455720 509
1455730 508
1455740 508
1455750 508
1455760 507
1455770 507
1455780 506
1455790 504
1455800 504
1455810 503
1455820 501
1455830 501
1455840 499
1455850 497
1455860 497
1455870 496
1455880 494
1455890 494
1455900 493
1455910 492
1455920 492
1455930 490
1455940 490
1455950 491
1455960 491
1455970 493
1455980 497
1455990 497
1456000 499
1456010 502
1456020 502
1456030 503
1456040 504
1456050 504
1456060 505
1456070 506
1456080 506
1456090 507
1456100 508
1456110 508
1456120 509
1456130 510
1456140 510
1456150 511
1456160 511
1456170 511
1456180 512
1456190 512
1456200 512
1456210 513
1456220 513
1456230 513
1456240 513
1456250 513
1456260 513
1456270 514
1456280 514
1456290 514
1456300 514
1456310 514
1456320 514
1456330 514
1456340 514
1456350 514
1456360 513
1456370 513
1456380 513
1456390 513
1456400 513
1456410 513
1456420 513
1456430 513
1456440 513
1456450 513
1456460 513
1456470 513
1456480 512
1456490 512
1456500 512
1456510 512
1456520 512
1456530 512
1456540 512
1456550 511
1456560 511
1456570 511
1456580 511
1456590 511
1456600 511
1456610 510
1456620 510
1456630 510
1456640 509
1456650 509
1456660 509
1456670 508
1456680 508
1456690 508
1456700 507
1456710 507
1456720 507
1456730 506
1456740 506
1456750 506
1456760 505
1456770 505
1456780 504
1456790 504
1456800 504
1456810 503
1456820 503
1456830 503
1456840 502
1456850 501
1456860 501
1456870 501
1456880 500
1456890 500
1456900 499
1456910 499
1456920 499
1456930 498
1456940 497
1456950 497
1456960 496
1456970 496
1456980 496
1456990 495
1457000 494
1457010 494
1457020 494
1457030 493
1457040 493
1457050 492
1457060 492
1457070 492
1457080 491
1457090 490
1457100 490
1457110 489
1457120 488
1457130 488
1457140 487
1457150 486
1457160 486
1457170 486
1457180 486
1457190 486
1457200 487
1457210 488
1457220 488
1457230 489
1457240 490
1457250 490
1457260 491
1457270 491
1457280 491
1457290 491
1457300 491
1457310 491
1457320 491
1457330 491
1457340 491
1457350 491
1457360 490
1457370 490
1457380 490
1457390 489
1457400 489
1457410 489
1457420 488
1457430 488
1457440 488
1457450 487
1457460 486
1457470 486
1457480 486
1457490 486
1457500 486
1457510 486
1457520 486
1457530 486
1457540 486
1457550 486
1457560 486
1457570 486
1457580 487
1457590 487
1457600 487
1457610 488
1457620 488
1457630 488
1457640 488
1457650 488
1457660 486
1457670 485
1457680 485
1457690 482
1457700 480
1457710 480
1457720 479
1457730 478
1457740 478
1457750 477
1457760 477
1457770 477
1457780 475
1457790 474
1457800 474
1457810 473
1457820 473
1457830 473
1457840 472
1457850 472
1457860 472
1457870 471
1457880 471
1457890 471
1457900 471
1457910 470
1457920 470
1457930 470
1457940 470
1457950 470
1457960 470
1457970 470
1457980 470
1457990 470
1458000 470
1458010 470
1458020 470
1458030 470
1458040 470
1458050 470
1458060 470
1458070 470
1458080 469
1458090 468
1458100 468
1458110 468
1458120 468
1458130 468
1458140 468
1458150 468
1458160 468
1458170 468
1458180 468
1458190 468
1458200 468
1458210 468
1458220 468
1458230 468
1458240 468
1458250 468
1458260 467
1458270 467
1458280 467
1458290 467
1458300 467
1458310 467
1458320 467
1458330 467
1458340 467
1458350 467
1458360 467
1458370 467
1458380 467
1458390 467
1458400 467
1458410 467
1458420 467
1458430 467
1458440 467
1458450 467
1458460 467
1458470 467
1458480 467
1458490 467
1458500 467
1458510 467
1458520 467
1458530 467
1458540 467
1458550 467
1458560 467
1458570 467
1458580 467
1458590 467
1458600 467
1458610 467
1458620 467
1458630 467
1458640 467
1458650 467
1458660 467
1458670 467
1458680 467
1458690 467
1458700 467
1458710 467
1458720 467
1458730 467
1458740 467
1458750 467
1458760 467
1458770 467
1458780 467
1458790 467
1458800 467
1458810 467
1458820 467
1458830 467
1458840 467
1458850 467
1458860 467
1458870 467
1458880 467
1458890 467
1458900 467
1458910 467
1458920 467
1458930 467
1458940 467
1458950 467
1458960 467
1458970 467
1458980 467
1458990 467
1459000 467
1459010 467
1459020 467
1459030 467
1459040 467
1459050 467
1459060 467
1459070 467
1459080 467
1459090 467
1459100 467
1459110 467
1459120 467
1459130 467
1459140 467
1459150 467
1459160 467
1459170 467
1459180 467
1459190 467
1459200 467
1459210 467
1459220 467
1459230 467
1459240 467
1459250 467
1459260 467
1459270 467
1459280 467
1459290 467
1459300 467
1459310 467
1459320 467
1459330 466
1459340 466
1459350 466
1459360 465
1459370 465
1459380 465
1459390 464
1459400 464
1459410 463
1459420 459
1459430 459
1459440 454
1459450 450
1459460 450
1459470 447
1459480 446
1459490 446
1459500 445
1459510 445
1459520 445
1459530 444
1459540 444
1459550 444
1459560 444
1459570 444
1459580 444
1459590 444
1459600 443
1459610 443
1459620 443
1459630 442
1459640 442
1459650 441
1459660 441
1459670 441
1459680 441
1459690 441
1459700 441
1459710 440
1459720 440
1459730 440
1459740 440
1459750 440
1459760 440
1459770 439
1459780 440
1459790 440
1459800 440
1459810 440
1459820 440
1459830 440
1459840 440
1459850 440
1459860 440
1459870 440
1459880 440
1459890 440
1459900 440
1459910 440
1459920 440
1459930 440
1459940 440
1459950 440
1459960 440
1459970 440
1459980 440
1459990 440
