1440000 482
1440010 482
1440020 482
1440030 482
1440040 482
1440050 482
1440060 482
1440070 482
1440080 482
1440090 482
1440100 482
1440110 482
1440120 482
1440130 482
1440140 482
1440150 482
1440160 482
1440170 482
1440180 481
1440190 479
1440200 479
1440210 478
1440220 478
1440230 478
1440240 477
1440250 476
1440260 476
1440270 476
1440280 475
1440290 475
1440300 475
1440310 475
1440320 475
1440330 475
1440340 475
1440350 475
1440360 475
1440370 475
1440380 475
1440390 475
1440400 476
1440410 476
1440420 476
1440430 476
1440440 476
1440450 476
1440460 476
1440470 476
1440480 476
1440490 476
1440500 476
1440510 476
1440520 475
1440530 475
1440540 475
1440550 475
1440560 475
1440570 475
1440580 475
1440590 476
1440600 476
1440610 476
1440620 476
1440630 476
1440640 476
1440650 476
1440660 476
1440670 476
1440680 476
1440690 476
1440700 477
1440710 477
1440720 477
1440730 477
1440740 477
1440750 477
1440760 477
1440770 477
1440780 477
1440790 477
1440800 477
1440810 477
1440820 477
1440830 477
1440840 477
1440850 477
1440860 477
1440870 477
1440880 477
1440890 477
1440900 477
1440910 478
1440920 478
1440930 478
1440940 478
1440950 478
1440960 478
1440970 478
1440980 478
1440990 478
1441000 478
1441010 478
1441020 478
1441030 478
1441040 478
1441050 478
1441060 478
1441070 478
1441080 478
1441090 478
1441100 478
1441110 478
1441120 479
1441130 479
1441140 479
1441150 479
1441160 479
1441170 479
1441180 480
1441190 481
1441200 481
1441210 482
1441220 483
1441230 483
1441240 483
1441250 483
1441260 483
1441270 483
1441280 483
1441290 483
1441300 483
1441310 483
1441320 483
1441330 483
1441340 483
1441350 483
1441360 483
1441370 484
1441380 484
1441390 484
1441400 484
1441410 484
1441420 484
1441430 484
1441440 484
1441450 484
1441460 485
1441470 485
1441480 486
1441490 486
1441500 486
1441510 486
1441520 486
1441530 486
1441540 486
1441550 486
1441560 486
1441570 486
1441580 486
1441590 486
1441600 486
1441610 486
1441620 486
1441630 486
1441640 486
1441650 486
1441660 486
1441670 486
1441680 486
1441690 486
1441700 486
1441710 486
1441720 486
1441730 486
1441740 486
1441750 486
1441760 486
1441770 486
1441780 486
1441790 486
1441800 486
1441810 486
1441820 486
1441830 486
1441840 485
1441850 485
1441860 485
1441870 485
1441880 485
1441890 485
1441900 485
1441910 485
1441920 485
1441930 484
1441940 484
1441950 484
1441960 484
1441970 485
1441980 485
1441990 485
1442000 485
1442010 485
1442020 485
1442030 485
1442040 485
1442050 485
1442060 485
1442070 485
1442080 485
1442090 485
1442100 485
1442110 485
1442120 485
1442130 485
1442140 485
1442150 485
1442160 485
1442170 485
1442180 485
1442190 485
1442200 485
1442210 484
1442220 484
1442230 484
1442240 484
1442250 484
1442260 484
1442270 484
1442280 484
1442290 484
1442300 484
1442310 484
1442320 484
1442330 484
1442340 484
1442350 484
1442360 484
1442370 485
1442380 485
1442390 485
1442400 485
1442410 485
1442420 485
1442430 485
1442440 485
1442450 485
1442460 485
1442470 485
1442480 485
1442490 485
1442500 485
1442510 486
1442520 486
1442530 486
1442540 486
1442550 486
1442560 486
1442570 487
1442580 487
1442590 487
1442600 487
1442610 488
1442620 488
1442630 488
1442640 489
1442650 489
1442660 489
1442670 489
1442680 489
1442690 490
1442700 490
1442710 490
1442720 490
1442730 491
1442740 491
1442750 491
1442760 491
1442770 491
1442780 491
1442790 491
1442800 491
1442810 491
1442820 492
1442830 492
1442840 492
1442850 492
1442860 492
1442870 492
1442880 492
1442890 492
1442900 492
1442910 492
1442920 492
1442930 492
1442940 492
1442950 492
1442960 492
1442970 492
1442980 492
1442990 492
1443000 492
1443010 492
1443020 492
1443030 491
1443040 491
1443050 491
1443060 491
1443070 491
1443080 491
1443090 491
1443100 491
1443110 490
1443120 490
1443130 490
1443140 489
1443150 489
1443160 489
1443170 489
1443180 489
1443190 489
1443200 489
1443210 489
1443220 489
1443230 489
1443240 488
1443250 488
1443260 488
1443270 488
1443280 488
1443290 489
1443300 489
1443310 489
1443320 489
1443330 490
1443340 490
1443350 490
1443360 490
1443370 490
1443380 491
1443390 491
1443400 491
1443410 491
1443420 491
1443430 491
1443440 491
1443450 492
1443460 492
1443470 492
1443480 492
1443490 492
1443500 492
1443510 493
1443520 493
1443530 493
1443540 493
1443550 494
1443560 494
1443570 494
1443580 494
1443590 494
1443600 494
1443610 494
1443620 494
1443630 494
1443640 494
1443650 494
1443660 494
1443670 494
1443680 494
1443690 494
1443700 494
1443710 494
1443720 494
1443730 494
1443740 494
1443750 494
1443760 494
1443770 494
1443780 494
1443790 494
1443800 494
1443810 494
1443820 494
1443830 494
1443840 494
1443850 494
1443860 494
1443870 494
1443880 494
1443890 494
1443900 495
1443910 495
1443920 495
1443930 496
1443940 497
1443950 497
1443960 497
1443970 497
1443980 497
1443990 498
1444000 498
1444010 498
1444020 499
1444030 500
1444040 500
1444050 500
1444060 501
1444070 501
1444080 502
1444090 502
1444100 502
1444110 502
1444120 503
1444130 503
1444140 503
1444150 503
1444160 503
1444170 504
1444180 504
1444190 504
1444200 504
1444210 505
1444220 505
1444230 505
1444240 505
1444250 505
1444260 505
1444270 505
1444280 505
1444290 505
1444300 505
1444310 505
1444320 506
1444330 506
1444340 506
1444350 506
1444360 506
1444370 506
1444380 507
1444390 507
1444400 507
1444410 508
1444420 508
1444430 508
1444440 509
1444450 509
1444460 509
1444470 510
1444480 510
1444490 510
1444500 510
1444510 511
1444520 511
1444530 511
1444540 511
1444550 511
1444560 511
1444570 512
1444580 512
1444590 512
1444600 512
1444610 512
1444620 512
1444630 512
1444640 512
1444650 513
1444660 513
1444670 513
1444680 513
1444690 513
1444700 513
1444710 513
1444720 513
1444730 513
1444740 513
1444750 513
1444760 513
1444770 513
1444780 513
1444790 513
1444800 513
1444810 513
1444820 513
1444830 513
1444840 513
1444850 513
1444860 512
1444870 512
1444880 512
1444890 512
1444900 511
1444910 511
1444920 510
1444930 509
1444940 509
1444950 508
1444960 507
1444970 507
1444980 506
1444990 505
1445000 505
1445010 504
1445020 502
1445030 502
1445040 501
1445050 501
1445060 500
1445070 500
1445080 500
1445090 499
1445100 499
1445110 499
1445120 498
1445130 498
1445140 498
1445150 497
1445160 497
1445170 497
1445180 496
1445190 496
1445200 496
1445210 496
1445220 496
1445230 496
1445240 495
1445250 495
1445260 495
1445270 495
1445280 495
1445290 495
1445300 495
1445310 495
1445320 495
1445330 494
1445340 494
1445350 494
1445360 493
1445370 493
1445380 493
1445390 493
1445400 493
1445410 493
1445420 493
1445430 493
1445440 493
1445450 492
1445460 492
1445470 492
1445480 492
1445490 492
1445500 492
1445510 492
1445520 492
1445530 492
1445540 492
1445550 492
1445560 491
1445570 491
1445580 491
1445590 492
1445600 491
1445610 491
1445620 491
1445630 490
1445640 490
1445650 490
1445660 490
1445670 490
1445680 489
1445690 489
1445700 489
1445710 488
1445720 488
1445730 488
1445740 487
1445750 486
1445760 486
1445770 484
1445780 483
1445790 483
1445800 482
1445810 482
1445820 482
1445830 481
1445840 481
1445850 481
1445860 481
1445870 481
1445880 481
1445890 481
1445900 480
1445910 480
1445920 480
1445930 480
1445940 480
1445950 481
1445960 481
1445970 481
1445980 480
1445990 480
1446000 480
1446010 480
1446020 480
1446030 480
1446040 480
1446050 479
1446060 479
1446070 479
1446080 478
1446090 478
1446100 478
1446110 478
1446120 478
1446130 477
1446140 477
1446150 477
1446160 476
1446170 476
1446180 476
1446190 476
1446200 475
1446210 475
1446220 475
1446230 475
1446240 475
1446250 475
1446260 475
1446270 475
1446280 475
1446290 475
1446300 475
1446310 475
1446320 475
1446330 475
1446340 476
1446350 476
1446360 476
1446370 476
1446380 476
1446390 476
1446400 476
1446410 476
1446420 476
1446430 476
1446440 476
1446450 476
1446460 476
1446470 476
1446480 476
1446490 476
1446500 476
1446510 476
1446520 477
1446530 477
1446540 477
1446550 478
1446560 478
1446570 478
1446580 478
1446590 479
1446600 479
1446610 479
1446620 479
1446630 478
1446640 479
1446650 479
1446660 479
1446670 479
1446680 479
1446690 478
1446700 478
1446710 478
1446720 478
1446730 478
1446740 478
1446750 478
1446760 478
1446770 478
1446780 478
1446790 478
1446800 478
1446810 478
1446820 478
1446830 478
1446840 477
1446850 477
1446860 477
1446870 477
1446880 477
1446890 477
1446900 476
1446910 476
1446920 476
1446930 477
1446940 477
1446950 478
1446960 477
1446970 477
1446980 478
1446990 478
1447000 478
1447010 479
1447020 480
1447030 480
1447040 481
1447050 482
1447060 482
1447070 483
1447080 484
1447090 484
1447100 485
1447110 486
1447120 486
1447130 487
1447140 488
1447150 488
1447160 488
1447170 489
1447180 489
1447190 490
1447200 491
1447210 491
1447220 491
1447230 491
1447240 491
1447250 492
1447260 492
1447270 492
1447280 492
1447290 492
1447300 492
1447310 492
1447320 492
1447330 492
1447340 492
1447350 491
1447360 491
1447370 491
1447380 490
1447390 490
1447400 490
1447410 489
1447420 489
1447430 489
1447440 488
1447450 488
1447460 487
1447470 487
1447480 487
1447490 486
1447500 485
1447510 485
1447520 484
1447530 484
1447540 484
1447550 483
1447560 482
1447570 482
1447580 482
1447590 481
1447600 481
1447610 481
1447620 480
1447630 480
1447640 480
1447650 480
1447660 480
1447670 480
1447680 480
1447690 480
1447700 480
1447710 480
1447720 480
1447730 480
1447740 480
1447750 480
1447760 480
1447770 479
1447780 479
1447790 479
1447800 479
1447810 479
1447820 479
1447830 479
1447840 479
1447850 479
1447860 479
1447870 479
1447880 479
1447890 479
1447900 479
1447910 479
1447920 479
1447930 479
1447940 479
1447950 479
1447960 479
1447970 479
1447980 479
1447990 479
1448000 479
1448010 479
1448020 479
1448030 479
1448040 479
1448050 479
1448060 480
1448070 480
1448080 480
1448090 480
1448100 480
1448110 480
1448120 480
1448130 480
1448140 480
1448150 480
1448160 480
1448170 480
1448180 480
1448190 480
1448200 480
1448210 480
1448220 480
1448230 480
1448240 480
1448250 479
1448260 479
1448270 479
1448280 479
1448290 479
1448300 479
1448310 479
1448320 479
1448330 479
1448340 479
1448350 478
1448360 478
1448370 478
1448380 478
1448390 478
1448400 478
1448410 477
1448420 477
1448430 477
1448440 477
1448450 477
1448460 476
1448470 476
1448480 476
1448490 476
1448500 476
1448510 476
1448520 476
1448530 475
1448540 475
1448550 475
1448560 475
1448570 475
1448580 475
1448590 475
1448600 475
1448610 475
1448620 475
1448630 475
1448640 475
1448650 475
1448660 475
1448670 475
1448680 475
1448690 475
1448700 475
1448710 475
1448720 475
1448730 476
1448740 476
1448750 476
1448760 476
1448770 476
1448780 476
1448790 477
1448800 478
1448810 478
1448820 478
1448830 478
1448840 478
1448850 478
1448860 479
1448870 479
1448880 479
1448890 479
1448900 479
1448910 479
1448920 479
1448930 479
1448940 480
1448950 480
1448960 480
1448970 480
1448980 480
1448990 480
1449000 480
1449010 480
1449020 480
1449030 480
1449040 480
1449050 480
1449060 480
1449070 480
1449080 480
1449090 480
1449100 480
1449110 480
1449120 480
1449130 480
1449140 480
1449150 480
1449160 480
1449170 480
1449180 480
1449190 480
1449200 480
1449210 480
1449220 480
1449230 480
1449240 480
1449250 480
1449260 480
1449270 480
1449280 480
1449290 480
1449300 480
1449310 480
1449320 480
1449330 480
1449340 480
1449350 480
1449360 479
1449370 479
1449380 479
1449390 479
1449400 479
1449410 479
1449420 479
1449430 479
1449440 479
1449450 479
1449460 479
1449470 479
1449480 478
1449490 478
1449500 478
1449510 478
1449520 478
1449530 478
1449540 478
1449550 478
1449560 478
1449570 478
1449580 478
1449590 478
1449600 478
1449610 478
1449620 478
1449630 478
1449640 479
1449650 479
1449660 479
1449670 479
1449680 479
1449690 480
1449700 480
1449710 480
1449720 480
1449730 480
1449740 480
1449750 480
1449760 480
1449770 480
1449780 480
1449790 480
1449800 480
1449810 480
1449820 479
1449830 479
1449840 479
1449850 479
1449860 478
1449870 478
1449880 478
1449890 478
1449900 478
1449910 478
1449920 478
1449930 478
1449940 478
1449950 479
1449960 479
1449970 479
1449980 479
1449990 479
1450000 479
1450010 479
1450020 479
1450030 479
1450040 479
1450050 479
1450060 479
1450070 479
1450080 479
1450090 479
1450100 479
1450110 479
1450120 479
1450130 478
1450140 478
1450150 478
1450160 478
1450170 478
1450180 477
1450190 476
1450200 476
1450210 475
1450220 473
1450230 474
1450240 472
1450250 471
1450260 471
1450270 469
1450280 469
1450290 469
1450300 468
1450310 468
1450320 468
1450330 468
1450340 468
1450350 468
1450360 468
1450370 468
1450380 468
1450390 468
1450400 468
1450410 468
1450420 468
1450430 468
1450440 468
1450450 468
1450460 468
1450470 468
1450480 468
1450490 468
1450500 468
1450510 468
1450520 468
1450530 468
1450540 468
1450550 469
1450560 469
1450570 469
1450580 469
1450590 469
1450600 470
1450610 471
1450620 471
1450630 473
1450640 475
1450650 475
1450660 478
1450670 480
1450680 480
1450690 482
1450700 484
1450710 484
1450720 486
1450730 488
1450740 488
1450750 490
1450760 491
1450770 491
1450780 492
1450790 494
1450800 494
1450810 496
1450820 497
1450830 497
1450840 499
1450850 500
1450860 500
1450870 501
1450880 503
1450890 503
1450900 505
1450910 507
1450920 507
1450930 509
1450940 511
1450950 511
1450960 514
1450970 515
1450980 515
1450990 518
1451000 520
1451010 520
1451020 522
1451030 523
1451040 523
1451050 525
1451060 526
1451070 526
1451080 527
1451090 529
1451100 529
1451110 529
1451120 530
1451130 530
1451140 531
1451150 532
1451160 532
1451170 533
1451180 534
1451190 534
1451200 535
1451210 536
1451220 536
1451230 536
1451240 537
1451250 537
1451260 538
1451270 538
1451280 539
1451290 539
1451300 539
1451310 539
1451320 539
1451330 539
1451340 540
1451350 540
1451360 539
1451370 539
1451380 539
1451390 539
1451400 539
1451410 539
1451420 539
1451430 538
1451440 538
1451450 538
1451460 538
1451470 538
1451480 537
1451490 537
1451500 537
1451510 537
1451520 537
1451530 537
1451540 537
1451550 536
1451560 536
1451570 536
1451580 536
1451590 536
1451600 536
1451610 536
1451620 536
1451630 536
1451640 535
1451650 535
1451660 535
1451670 535
1451680 535
1451690 535
1451700 535
1451710 535
1451720 535
1451730 535
1451740 535
1451750 535
1451760 535
1451770 535
1451780 535
1451790 534
1451800 534
1451810 534
1451820 534
1451830 534
1451840 534
1451850 533
1451860 533
1451870 533
1451880 533
1451890 533
1451900 533
1451910 533
1451920 533
1451930 532
1451940 532
1451950 532
1451960 532
1451970 532
1451980 532
1451990 532
1452000 532
1452010 532
1452020 532
1452030 531
1452040 531
1452050 531
1452060 531
1452070 531
1452080 531
1452090 530
1452100 530
1452110 530
1452120 530
1452130 530
1452140 529
1452150 529
1452160 529
1452170 529
1452180 528
1452190 528
1452200 528
1452210 528
1452220 528
1452230 528
1452240 527
1452250 527
1452260 527
1452270 527
1452280 527
1452290 526
1452300 526
1452310 526
1452320 525
1452330 525
1452340 525
1452350 524
1452360 524
1452370 524
1452380 524
1452390 524
1452400 524
1452410 524
1452420 523
1452430 523
1452440 523
1452450 524
1452460 524
1452470 523
1452480 523
1452490 523
1452500 523
1452510 523
1452520 523
1452530 523
1452540 523
1452550 523
1452560 522
1452570 522
1452580 522
1452590 522
1452600 522
1452610 522
1452620 521
1452630 521
1452640 521
1452650 521
1452660 521
1452670 521
1452680 521
1452690 520
1452700 520
1452710 520
1452720 520
1452730 520
1452740 520
1452750 519
1452760 519
1452770 519
1452780 518
1452790 518
1452800 518
1452810 517
1452820 517
1452830 517
1452840 516
1452850 516
1452860 516
1452870 515
1452880 514
1452890 514
1452900 513
1452910 512
1452920 512
1452930 511
1452940 511
1452950 511
1452960 509
1452970 508
1452980 508
1452990 506
1453000 504
1453010 504
1453020 501
1453030 499
1453040 499
1453050 497
1453060 496
1453070 496
1453080 495
1453090 494
1453100 494
1453110 493
1453120 492
1453130 492
1453140 491
1453150 490
1453160 490
1453170 489
1453180 487
1453190 487
1453200 486
1453210 484
1453220 484
1453230 483
1453240 481
1453250 481
1453260 480
1453270 478
1453280 478
1453290 477
1453300 477
1453310 477
1453320 476
1453330 475
1453340 475
1453350 474
1453360 474
1453370 474
1453380 473
1453390 473
1453400 473
1453410 473
1453420 473
1453430 473
1453440 473
1453450 474
1453460 474
1453470 476
1453480 478
1453490 478
1453500 479
1453510 481
1453520 481
1453530 483
1453540 485
1453550 485
1453560 487
1453570 489
1453580 489
1453590 491
1453600 492
1453610 492
1453620 494
1453630 495
1453640 495
1453650 497
1453660 498
1453670 498
1453680 500
1453690 502
1453700 502
1453710 503
1453720 504
1453730 504
1453740 505
1453750 506
1453760 506
1453770 506
1453780 507
1453790 507
1453800 507
1453810 508
1453820 508
1453830 508
1453840 509
1453850 509
1453860 509
1453870 509
1453880 509
1453890 510
1453900 510
1453910 510
1453920 510
1453930 510
1453940 510
1453950 510
1453960 511
1453970 511
1453980 511
1453990 511
1454000 511
1454010 511
1454020 511
1454030 511
1454040 511
1454050 511
1454060 511
1454070 511
1454080 511
1454090 511
1454100 511
1454110 511
1454120 511
1454130 511
1454140 510
1454150 510
1454160 510
1454170 510
1454180 510
1454190 509
1454200 509
1454210 509
1454220 509
1454230 508
1454240 508
1454250 508
1454260 507
1454270 507
1454280 507
1454290 506
1454300 506
1454310 506
1454320 505
1454330 505
1454340 505
1454350 504
1454360 504
1454370 504
1454380 503
1454390 503
1454400 503
1454410 502
1454420 501
1454430 501
1454440 501
1454450 500
1454460 500
1454470 499
1454480 499
1454490 499
1454500 499
1454510 499
1454520 499
1454530 500
1454540 500
1454550 500
1454560 500
1454570 500
1454580 500
1454590 501
1454600 501
1454610 501
1454620 501
1454630 501
1454640 501
1454650 501
1454660 501
1454670 501
1454680 502
1454690 502
1454700 502
1454710 502
1454720 502
1454730 502
1454740 502
1454750 503
1454760 503
1454770 503
1454780 503
1454790 503
1454800 503
1454810 503
1454820 503
1454830 503
1454840 503
1454850 503
1454860 503
1454870 502
1454880 502
1454890 502
1454900 502
1454910 502
1454920 502
1454930 502
1454940 502
1454950 502
1454960 501
1454970 501
1454980 501
1454990 501
1455000 501
1455010 500
1455020 500
1455030 500
1455040 500
1455050 499
1455060 499
1455070 499
1455080 499
1455090 499
1455100 498
1455110 498
1455120 498
1455130 497
1455140 496
1455150 496
1455160 495
1455170 494
1455180 494
1455190 494
1455200 493
1455210 493
1455220 492
1455230 491
1455240 491
1455250 490
1455260 490
1455270 490
1455280 489
1455290 488
1455300 488
1455310 488
1455320 487
1455330 487
1455340 487
1455350 486
1455360 486
1455370 485
1455380 484
1455390 484
1455400 484
1455410 483
1455420 483
1455430 482
1455440 482
1455450 482
1455460 481
1455470 481
1455480 481
1455490 480
1455500 479
1455510 479
1455520 478
1455530 478
1455540 478
1455550 477
1455560 477
1455570 477
1455580 476
1455590 476
1455600 476
1455610 475
1455620 474
1455630 474
1455640 473
1455650 473
1455660 473
1455670 472
1455680 471
1455690 471
1455700 470
1455710 469
1455720 469
1455730 468
1455740 466
1455750 466
1455760 466
1455770 466
1455780 466
1455790 466
1455800 466
1455810 466
1455820 465
1455830 465
1455840 465
1455850 465
1455860 466
1455870 466
1455880 469
1455890 472
1455900 472
1455910 474
1455920 477
1455930 477
1455940 479
1455950 483
1455960 487
1455970 487
1455980 490
1455990 493
1456000 493
1456010 494
1456020 494
1456030 494
1456040 495
1456050 496
1456060 496
1456070 496
1456080 496
1456090 496
1456100 496
1456110 495
1456120 495
1456130 495
1456140 494
1456150 494
1456160 493
1456170 493
1456180 493
1456190 492
1456200 491
1456210 491
1456220 491
1456230 490
1456240 490
1456250 489
1456260 489
1456270 489
1456280 488
1456290 487
1456300 487
1456310 487
1456320 486
1456330 486
1456340 485
1456350 484
1456360 484
1456370 483
1456380 483
1456390 483
1456400 483
1456410 482
1456420 482
1456430 482
1456440 482
1456450 482
1456460 483
1456470 484
1456480 484
1456490 485
1456500 486
1456510 486
1456520 487
1456530 488
1456540 488
1456550 489
1456560 490
1456570 490
1456580 491
1456590 491
1456600 491
1456610 492
1456620 492
1456630 492
1456640 493
1456650 493
1456660 493
1456670 493
1456680 493
1456690 493
1456700 494
1456710 493
1456720 493
1456730 493
1456740 493
1456750 493
1456760 492
1456770 491
1456780 491
1456790 491
1456800 490
1456810 490
1456820 489
1456830 488
1456840 488
1456850 486
1456860 485
1456870 485
1456880 484
1456890 482
1456900 482
1456910 481
1456920 481
1456930 481
1456940 479
1456950 479
1456960 479
1456970 478
1456980 477
1456990 477
1457000 476
1457010 475
1457020 475
1457030 474
1457040 473
1457050 473
1457060 472
1457070 471
1457080 471
1457090 470
1457100 469
1457110 469
1457120 468
1457130 467
1457140 467
1457150 467
1457160 466
1457170 466
1457180 466
1457190 465
1457200 465
1457210 465
1457220 465
1457230 465
1457240 464
1457250 464
1457260 464
1457270 464
1457280 464
1457290 464
1457300 464
1457310 464
1457320 464
1457330 463
1457340 463
1457350 463
1457360 462
1457370 463
1457380 463
1457390 463
1457400 463
1457410 463
1457420 463
1457430 462
1457440 462
1457450 462
1457460 462
1457470 462
1457480 462
1457490 461
1457500 461
1457510 461
1457520 461
1457530 461
1457540 461
1457550 461
1457560 460
1457570 460
1457580 460
1457590 460
1457600 460
1457610 460
1457620 460
1457630 460
1457640 460
1457650 461
1457660 461
1457670 461
1457680 461
1457690 461
1457700 461
1457710 461
1457720 461
1457730 462
1457740 462
1457750 462
1457760 462
1457770 462
1457780 462
1457790 462
1457800 462
1457810 462
1457820 462
1457830 462
1457840 462
1457850 462
1457860 462
1457870 462
1457880 462
1457890 462
1457900 462
1457910 462
1457920 462
1457930 462
1457940 462
1457950 462
1457960 462
1457970 462
1457980 462
1457990 462
1458000 463
1458010 463
1458020 463
1458030 463
1458040 463
1458050 463
1458060 463
1458070 463
1458080 463
1458090 463
1458100 463
1458110 463
1458120 463
1458130 463
1458140 463
1458150 463
1458160 463
1458170 463
1458180 463
1458190 463
1458200 463
1458210 463
1458220 463
1458230 463
1458240 463
1458250 463
1458260 463
1458270 462
1458280 462
1458290 462
1458300 462
1458310 462
1458320 462
1458330 462
1458340 462
1458350 462
1458360 461
1458370 461
1458380 461
1458390 461
1458400 461
1458410 461
1458420 460
1458430 460
1458440 460
1458450 459
1458460 458
1458470 458
1458480 457
1458490 455
1458500 455
1458510 453
1458520 450
1458530 450
1458540 447
1458550 443
1458560 443
1458570 444
1458580 449
1458590 449
1458600 454
1458610 458
1458620 458
1458630 459
1458640 459
1458650 459
1458660 459
1458670 459
1458680 459
1458690 460
1458700 460
1458710 460
1458720 460
1458730 460
1458740 460
1458750 460
1458760 460
1458770 460
1458780 460
1458790 460
1458800 460
1458810 460
1458820 460
1458830 460
1458840 460
1458850 461
1458860 461
1458870 460
1458880 460
1458890 460
1458900 460
1458910 459
1458920 459
1458930 457
1458940 454
1458950 454
1458960 451
1458970 448
1458980 448
1458990 447
1459000 444
1459010 444
1459020 442
1459030 442
1459040 442
1459050 441
1459060 439
1459070 438
1459080 438
1459090 437
1459100 436
1459110 436
1459120 436
1459130 435
1459140 435
1459150 434
1459160 434
1459170 434
1459180 434
1459190 434
1459200 434
1459210 434
1459220 434
1459230 434
1459240 434
1459250 434
1459260 434
1459270 434
1459280 434
1459290 434
1459300 434
1459310 434
1459320 434
1459330 434
1459340 434
1459350 434
1459360 434
1459370 434
1459380 434
1459390 434
1459400 434
1459410 434
1459420 434
1459430 434
1459440 434
1459450 434
1459460 434
1459470 434
1459480 434
1459490 434
1459500 434
1459510 435
1459520 435
1459530 435
1459540 435
1459550 435
1459560 435
1459570 435
1459580 435
1459590 435
1459600 435
1459610 435
1459620 435
1459630 435
1459640 435
1459650 435
1459660 436
1459670 436
1459680 436
1459690 436
1459700 436
1459710 436
1459720 436
1459730 436
1459740 436
1459750 436
1459760 437
1459770 437
1459780 437
1459790 437
1459800 437
1459810 438
1459820 438
1459830 438
1459840 439
1459850 441
1459860 441
1459870 441
1459880 441
1459890 441
1459900 442
1459910 442
1459920 442
1459930 442
1459940 442
1459950 442
1459960 442
1459970 442
1459980 442
1459990 442
