1440000 467
1440010 466
1440020 466
1440030 466
1440040 466
1440050 466
1440060 466
1440070 466
1440080 466
1440090 466
1440100 466
1440110 466
1440120 466
1440130 466
1440140 467
1440150 467
1440160 467
1440170 467
1440180 467
1440190 468
1440200 468
1440210 468
1440220 468
1440230 468
1440240 468
1440250 468
1440260 468
1440270 468
1440280 468
1440290 468
1440300 468
1440310 468
1440320 468
1440330 469
1440340 469
1440350 469
1440360 469
1440370 469
1440380 470
1440390 470
1440400 470
1440410 470
1440420 471
1440430 471
1440440 471
1440450 472
1440460 472
1440470 473
1440480 474
1440490 474
1440500 474
1440510 474
1440520 474
1440530 474
1440540 474
1440550 474
1440560 474
1440570 475
1440580 475
1440590 475
1440600 475
1440610 475
1440620 475
1440630 475
1440640 475
1440650 475
1440660 475
1440670 475
1440680 475
1440690 475
1440700 475
1440710 474
1440720 475
1440730 475
1440740 475
1440750 475
1440760 475
1440770 475
1440780 475
1440790 475
1440800 475
1440810 475
1440820 475
1440830 476
1440840 476
1440850 476
1440860 476
1440870 476
1440880 476
1440890 476
1440900 476
1440910 476
1440920 476
1440930 476
1440940 476
1440950 476
1440960 476
1440970 476
1440980 476
1440990 476
1441000 476
1441010 476
1441020 476
1441030 476
1441040 476
1441050 476
1441060 476
1441070 476
1441080 476
1441090 476
1441100 475
1441110 475
1441120 475
1441130 475
1441140 475
1441150 475
1441160 475
1441170 475
1441180 475
1441190 475
1441200 475
1441210 475
1441220 475
1441230 475
1441240 475
1441250 475
1441260 475
1441270 475
1441280 475
1441290 476
1441300 476
1441310 476
1441320 476
1441330 476
1441340 477
1441350 477
1441360 477
1441370 477
1441380 477
1441390 477
1441400 478
1441410 478
1441420 478
1441430 479
1441440 479
1441450 479
1441460 479
1441470 480
1441480 480
1441490 480
1441500 480
1441510 480
1441520 481
1441530 481
1441540 481
1441550 481
1441560 482
1441570 482
1441580 482
1441590 482
1441600 482
1441610 482
1441620 483
1441630 483
1441640 483
1441650 483
1441660 483
1441670 483
1441680 484
1441690 484
1441700 484
1441710 484
1441720 484
1441730 484
1441740 485
1441750 485
1441760 485
1441770 485
1441780 485
1441790 485
1441800 485
1441810 485
1441820 486
1441830 486
1441840 487
1441850 487
1441860 487
1441870 487
1441880 487
1441890 487
1441900 487
1441910 487
1441920 487
1441930 487
1441940 487
1441950 487
1441960 487
1441970 487
1441980 486
1441990 486
1442000 486
1442010 486
1442020 486
1442030 486
1442040 486
1442050 485
1442060 485
1442070 485
1442080 485
1442090 485
1442100 485
1442110 485
1442120 485
1442130 485
1442140 485
1442150 485
1442160 485
1442170 485
1442180 485
1442190 485
1442200 485
1442210 485
1442220 485
1442230 485
1442240 485
1442250 485
1442260 485
1442270 485
1442280 485
1442290 486
1442300 486
1442310 486
1442320 486
1442330 486
1442340 486
1442350 486
1442360 486
1442370 487
1442380 487
1442390 487
1442400 488
1442410 488
1442420 488
1442430 488
1442440 488
1442450 488
1442460 488
1442470 488
1442480 488
1442490 488
1442500 488
1442510 488
1442520 488
1442530 488
1442540 488
1442550 488
1442560 488
1442570 488
1442580 488
1442590 489
1442600 489
1442610 489
1442620 489
1442630 489
1442640 489
1442650 489
1442660 489
1442670 489
1442680 489
1442690 489
1442700 489
1442710 489
1442720 489
1442730 489
1442740 489
1442750 489
1442760 490
1442770 490
1442780 490
1442790 489
1442800 489
1442810 489
1442820 489
1442830 489
1442840 489
1442850 489
1442860 489
1442870 489
1442880 489
1442890 489
1442900 489
1442910 489
1442920 489
1442930 489
1442940 489
1442950 489
1442960 489
1442970 489
1442980 489
1442990 489
1443000 489
1443010 489
1443020 489
1443030 489
1443040 489
1443050 489
1443060 490
1443070 490
1443080 490
1443090 490
1443100 490
1443110 490
1443120 490
1443130 490
1443140 490
1443150 491
1443160 491
1443170 491
1443180 491
1443190 492
1443200 492
1443210 492
1443220 492
1443230 492
1443240 492
1443250 493
1443260 493
1443270 493
1443280 493
1443290 493
1443300 493
1443310 493
1443320 493
1443330 493
1443340 493
1443350 493
1443360 493
1443370 493
1443380 493
1443390 493
1443400 493
1443410 493
1443420 493
1443430 493
1443440 493
1443450 494
1443460 494
1443470 494
1443480 494
1443490 494
1443500 494
1443510 494
1443520 494
1443530 494
1443540 494
1443550 494
1443560 494
1443570 494
1443580 494
1443590 494
1443600 494
1443610 494
1443620 494
1443630 494
1443640 494
1443650 494
1443660 494
1443670 494
1443680 494
1443690 494
1443700 494
1443710 494
1443720 494
1443730 494
1443740 494
1443750 494
1443760 494
1443770 493
1443780 493
1443790 493
1443800 493
1443810 493
1443820 492
1443830 492
1443840 492
1443850 492
1443860 491
1443870 491
1443880 491
1443890 491
1443900 491
1443910 491
1443920 491
1443930 491
1443940 491
1443950 491
1443960 491
1443970 491
1443980 491
1443990 491
1444000 491
1444010 491
1444020 491
1444030 491
1444040 492
1444050 492
1444060 492
1444070 492
1444080 492
1444090 492
1444100 493
1444110 493
1444120 493
1444130 493
1444140 493
1444150 494
1444160 494
1444170 494
1444180 495
1444190 495
1444200 495
1444210 496
1444220 497
1444230 497
1444240 497
1444250 498
1444260 498
1444270 498
1444280 498
1444290 498
1444300 499
1444310 499
1444320 499
1444330 500
1444340 498
1444350 498
1444360 494
1444370 494
1444380 494
1444390 495
1444400 496
1444410 496
1444420 496
1444430 495
1444440 495
1444450 494
1444460 494
1444470 494
1444480 493
1444490 493
1444500 493
1444510 493
1444520 492
1444530 492
1444540 492
1444550 491
1444560 491
1444570 491
1444580 490
1444590 490
1444600 490
1444610 490
1444620 490
1444630 490
1444640 490
1444650 490
1444660 489
1444670 489
1444680 489
1444690 489
1444700 489
1444710 489
1444720 489
1444730 489
1444740 489
1444750 489
1444760 488
1444770 488
1444780 488
1444790 488
1444800 488
1444810 488
1444820 488
1444830 488
1444840 488
1444850 488
1444860 488
1444870 488
1444880 488
1444890 488
1444900 488
1444910 488
1444920 488
1444930 489
1444940 489
1444950 489
1444960 489
1444970 489
1444980 489
1444990 489
1445000 489
1445010 489
1445020 489
1445030 489
1445040 489
1445050 489
1445060 489
1445070 489
1445080 489
1445090 489
1445100 489
1445110 489
1445120 490
1445130 490
1445140 490
1445150 490
1445160 490
1445170 490
1445180 490
1445190 490
1445200 490
1445210 490
1445220 491
1445230 491
1445240 491
1445250 491
1445260 491
1445270 491
1445280 491
1445290 491
1445300 491
1445310 491
1445320 491
1445330 491
1445340 491
1445350 491
1445360 491
1445370 491
1445380 491
1445390 491
1445400 491
1445410 491
1445420 491
1445430 490
1445440 490
1445450 490
1445460 490
1445470 490
1445480 490
1445490 490
1445500 490
1445510 489
1445520 489
1445530 489
1445540 489
1445550 489
1445560 489
1445570 488
1445580 488
1445590 488
1445600 488
1445610 488
1445620 488
1445630 487
1445640 487
1445650 487
1445660 487
1445670 487
1445680 487
1445690 487
1445700 487
1445710 487
1445720 486
1445730 486
1445740 486
1445750 486
1445760 486
1445770 486
1445780 486
1445790 486
1445800 486
1445810 486
1445820 486
1445830 486
1445840 486
1445850 486
1445860 486
1445870 486
1445880 486
1445890 486
1445900 486
1445910 486
1445920 486
1445930 486
1445940 487
1445950 487
1445960 487
1445970 487
1445980 487
1445990 487
1446000 487
1446010 487
1446020 487
1446030 487
1446040 487
1446050 487
1446060 487
1446070 487
1446080 487
1446090 487
1446100 487
1446110 487
1446120 487
1446130 487
1446140 488
1446150 488
1446160 488
1446170 488
1446180 488
1446190 488
1446200 488
1446210 488
1446220 488
1446230 488
1446240 488
1446250 488
1446260 488
1446270 487
1446280 487
1446290 487
1446300 486
1446310 486
1446320 485
1446330 484
1446340 484
1446350 483
1446360 482
1446370 482
1446380 481
1446390 480
1446400 480
1446410 480
1446420 479
1446430 479
1446440 478
1446450 477
1446460 477
1446470 477
1446480 477
1446490 477
1446500 476
1446510 476
1446520 476
1446530 476
1446540 475
1446550 475
1446560 475
1446570 475
1446580 475
1446590 474
1446600 474
1446610 474
1446620 474
1446630 473
1446640 473
1446650 473
1446660 472
1446670 472
1446680 472
1446690 471
1446700 471
1446710 471
1446720 471
1446730 470
1446740 470
1446750 470
1446760 470
1446770 470
1446780 470
1446790 470
1446800 470
1446810 470
1446820 470
1446830 470
1446840 469
1446850 469
1446860 469
1446870 469
1446880 469
1446890 469
1446900 469
1446910 469
1446920 469
1446930 468
1446940 468
1446950 468
1446960 468
1446970 468
1446980 468
1446990 468
1447000 468
1447010 468
1447020 468
1447030 468
1447040 468
1447050 468
1447060 468
1447070 468
1447080 468
1447090 467
1447100 467
1447110 467
1447120 467
1447130 467
1447140 467
1447150 467
1447160 467
1447170 467
1447180 466
1447190 466
1447200 466
1447210 466
1447220 466
1447230 465
1447240 465
1447250 465
1447260 465
1447270 465
1447280 465
1447290 465
1447300 464
1447310 464
1447320 464
1447330 463
1447340 463
1447350 463
1447360 463
1447370 463
1447380 463
1447390 463
1447400 463
1447410 464
1447420 465
1447430 465
1447440 465
1447450 466
1447460 466
1447470 466
1447480 466
1447490 466
1447500 466
1447510 466
1447520 466
1447530 466
1447540 466
1447550 466
1447560 466
1447570 466
1447580 466
1447590 466
1447600 466
1447610 466
1447620 467
1447630 467
1447640 467
1447650 468
1447660 469
1447670 469
1447680 470
1447690 471
1447700 471
1447710 472
1447720 473
1447730 473
1447740 474
1447750 474
1447760 474
1447770 475
1447780 476
1447790 476
1447800 476
1447810 477
1447820 477
1447830 477
1447840 478
1447850 478
1447860 478
1447870 478
1447880 478
1447890 478
1447900 478
1447910 478
1447920 478
1447930 478
1447940 478
1447950 478
1447960 478
1447970 478
1447980 478
1447990 478
1448000 478
1448010 478
1448020 478
1448030 478
1448040 478
1448050 478
1448060 478
1448070 478
1448080 478
1448090 478
1448100 478
1448110 477
1448120 477
1448130 477
1448140 477
1448150 477
1448160 477
1448170 477
1448180 477
1448190 476
1448200 476
1448210 476
1448220 476
1448230 476
1448240 476
1448250 476
1448260 475
1448270 475
1448280 475
1448290 475
1448300 474
1448310 474
1448320 474
1448330 473
1448340 473
1448350 473
1448360 472
1448370 472
1448380 472
1448390 472
1448400 472
1448410 471
1448420 471
1448430 471
1448440 471
1448450 471
1448460 471
1448470 470
1448480 470
1448490 470
1448500 470
1448510 470
1448520 470
1448530 469
1448540 469
1448550 469
1448560 469
1448570 469
1448580 469
1448590 468
1448600 468
1448610 468
1448620 468
1448630 468
1448640 468
1448650 468
1448660 467
1448670 467
1448680 467
1448690 467
1448700 467
1448710 467
1448720 467
1448730 467
1448740 467
1448750 468
1448760 468
1448770 468
1448780 468
1448790 468
1448800 468
1448810 468
1448820 468
1448830 468
1448840 468
1448850 468
1448860 468
1448870 468
1448880 468
1448890 468
1448900 468
1448910 468
1448920 468
1448930 469
1448940 469
1448950 469
1448960 469
1448970 469
1448980 469
1448990 469
1449000 469
1449010 469
1449020 469
1449030 469
1449040 469
1449050 469
1449060 469
1449070 468
1449080 468
1449090 468
1449100 467
1449110 467
1449120 467
1449130 465
1449140 464
1449150 464
1449160 462
1449170 461
1449180 461
1449190 461
1449200 460
1449210 460
1449220 461
1449230 463
1449240 463
1449250 466
1449260 469
1449270 469
1449280 470
1449290 471
1449300 471
1449310 471
1449320 471
1449330 471
1449340 470
1449350 470
1449360 470
1449370 470
1449380 468
1449390 468
1449400 466
1449410 465
1449420 465
1449430 464
1449440 464
1449450 464
1449460 466
1449470 467
1449480 467
1449490 469
1449500 470
1449510 470
1449520 472
1449530 473
1449540 473
1449550 474
1449560 474
1449570 474
1449580 475
1449590 476
1449600 476
1449610 477
1449620 477
1449630 477
1449640 478
1449650 478
1449660 478
1449670 478
1449680 478
1449690 478
1449700 478
1449710 478
1449720 478
1449730 478
1449740 478
1449750 478
1449760 478
1449770 478
1449780 478
1449790 477
1449800 477
1449810 477
1449820 476
1449830 476
1449840 476
1449850 475
1449860 475
1449870 475
1449880 475
1449890 474
1449900 474
1449910 474
1449920 473
1449930 473
1449940 473
1449950 473
1449960 473
1449970 473
1449980 473
1449990 472
1450000 472
1450010 472
1450020 472
1450030 472
1450040 472
1450050 471
1450060 471
1450070 471
1450080 471
1450090 471
1450100 471
1450110 470
1450120 470
1450130 470
1450140 470
1450150 470
1450160 471
1450170 471
1450180 471
1450190 471
1450200 470
1450210 470
1450220 470
1450230 470
1450240 470
1450250 470
1450260 469
1450270 469
1450280 468
1450290 466
1450300 466
1450310 464
1450320 463
1450330 463
1450340 462
1450350 462
1450360 462
1450370 462
1450380 462
1450390 462
1450400 462
1450410 462
1450420 462
1450430 462
1450440 462
1450450 462
1450460 463
1450470 466
1450480 466
1450490 469
1450500 471
1450510 471
1450520 473
1450530 474
1450540 474
1450550 476
1450560 478
1450570 478
1450580 480
1450590 481
1450600 481
1450610 483
1450620 485
1450630 485
1450640 486
1450650 488
1450660 488
1450670 490
1450680 491
1450690 491
1450700 493
1450710 494
1450720 494
1450730 496
1450740 498
1450750 498
1450760 499
1450770 501
1450780 501
1450790 502
1450800 503
1450810 503
1450820 505
1450830 506
1450840 506
1450850 508
1450860 509
1450870 509
1450880 511
1450890 512
1450900 512
1450910 513
1450920 515
1450930 515
1450940 516
1450950 517
1450960 517
1450970 518
1450980 519
1450990 519
1451000 520
1451010 520
1451020 520
1451030 521
1451040 522
1451050 522
1451060 523
1451070 524
1451080 524
1451090 524
1451100 525
1451110 525
1451120 525
1451130 526
1451140 526
1451150 527
1451160 527
1451170 527
1451180 527
1451190 527
1451200 527
1451210 528
1451220 528
1451230 528
1451240 527
1451250 527
1451260 527
1451270 527
1451280 527
1451290 527
1451300 526
1451310 526
1451320 526
1451330 525
1451340 525
1451350 525
1451360 524
1451370 523
1451380 523
1451390 522
1451400 521
1451410 521
1451420 520
1451430 519
1451440 519
1451450 518
1451460 517
1451470 517
1451480 516
1451490 515
1451500 515
1451510 514
1451520 513
1451530 513
1451540 511
1451550 510
1451560 508
1451570 508
1451580 507
1451590 506
1451600 506
1451610 505
1451620 504
1451630 504
1451640 505
1451650 507
1451660 507
1451670 510
1451680 511
1451690 511
1451700 512
1451710 513
1451720 513
1451730 514
1451740 515
1451750 515
1451760 515
1451770 516
1451780 516
1451790 517
1451800 518
1451810 518
1451820 519
1451830 519
1451840 519
1451850 520
1451860 520
1451870 520
1451880 521
1451890 521
1451900 521
1451910 522
1451920 522
1451930 522
1451940 522
1451950 522
1451960 522
1451970 522
1451980 522
1451990 522
1452000 522
1452010 522
1452020 522
1452030 522
1452040 522
1452050 522
1452060 522
1452070 521
1452080 521
1452090 521
1452100 521
1452110 521
1452120 520
1452130 520
1452140 520
1452150 519
1452160 519
1452170 519
1452180 519
1452190 518
1452200 518
1452210 518
1452220 517
1452230 517
1452240 517
1452250 517
1452260 517
1452270 516
1452280 515
1452290 515
1452300 514
1452310 514
1452320 514
1452330 513
1452340 512
1452350 512
1452360 512
1452370 511
1452380 511
1452390 511
1452400 510
1452410 510
1452420 510
1452430 509
1452440 509
1452450 509
1452460 508
1452470 508
1452480 507
1452490 507
1452500 507
1452510 506
1452520 506
1452530 506
1452540 506
1452550 505
1452560 505
1452570 505
1452580 505
1452590 505
1452600 505
1452610 505
1452620 505
1452630 504
1452640 504
1452650 504
1452660 503
1452670 503
1452680 503
1452690 502
1452700 501
1452710 501
1452720 500
1452730 499
1452740 499
1452750 498
1452760 496
1452770 496
1452780 495
1452790 495
1452800 495
1452810 496
1452820 498
1452830 498
1452840 499
1452850 500
1452860 500
1452870 501
1452880 502
1452890 502
1452900 502
1452910 503
1452920 503
1452930 504
1452940 504
1452950 504
1452960 505
1452970 505
1452980 505
1452990 505
1453000 505
1453010 505
1453020 505
1453030 505
1453040 505
1453050 505
1453060 505
1453070 505
1453080 505
1453090 504
1453100 504
1453110 504
1453120 504
1453130 504
1453140 503
1453150 503
1453160 503
1453170 502
1453180 502
1453190 501
1453200 501
1453210 501
1453220 500
1453230 500
1453240 499
1453250 499
1453260 499
1453270 498
1453280 497
1453290 497
1453300 497
1453310 496
1453320 496
1453330 495
1453340 494
1453350 494
1453360 493
1453370 492
1453380 492
1453390 491
1453400 489
1453410 489
1453420 488
1453430 486
1453440 486
1453450 483
1453460 479
1453470 479
1453480 477
1453490 475
1453500 475
1453510 473
1453520 471
1453530 471
1453540 470
1453550 469
1453560 469
1453570 468
1453580 468
1453590 468
1453600 467
1453610 466
1453620 466
1453630 465
1453640 465
1453650 465
1453660 464
1453670 463
1453680 463
1453690 462
1453700 460
1453710 460
1453720 458
1453730 458
1453740 458
1453750 457
1453760 457
1453770 457
1453780 457
1453790 458
1453800 458
1453810 461
1453820 466
1453830 466
1453840 472
1453850 477
1453860 477
1453870 480
1453880 479
1453890 479
1453900 478
1453910 480
1453920 480
1453930 483
1453940 487
1453950 487
1453960 489
1453970 490
1453980 490
1453990 490
1454000 491
1454010 491
1454020 491
1454030 490
1454040 490
1454050 490
1454060 490
1454070 490
1454080 489
1454090 488
1454100 488
1454110 487
1454120 486
1454130 486
1454140 485
1454150 483
1454160 483
1454170 481
1454180 481
1454190 481
1454200 483
1454210 484
1454220 484
1454230 485
1454240 485
1454250 485
1454260 485
1454270 486
1454280 486
1454290 486
1454300 487
1454310 487
1454320 487
1454330 487
1454340 487
1454350 487
1454360 488
1454370 488
1454380 488
1454390 488
1454400 488
1454410 489
1454420 489
1454430 489
1454440 489
1454450 489
1454460 489
1454470 489
1454480 489
1454490 489
1454500 489
1454510 489
1454520 489
1454530 489
1454540 489
1454550 489
1454560 489
1454570 489
1454580 489
1454590 489
1454600 489
1454610 489
1454620 488
1454630 488
1454640 488
1454650 488
1454660 488
1454670 488
1454680 487
1454690 487
1454700 487
1454710 486
1454720 486
1454730 486
1454740 486
1454750 485
1454760 485
1454770 485
1454780 484
1454790 484
1454800 483
1454810 483
1454820 482
1454830 482
1454840 481
1454850 480
1454860 480
1454870 479
1454880 478
1454890 478
1454900 477
1454910 476
1454920 476
1454930 475
1454940 474
1454950 474
1454960 473
1454970 472
1454980 472
1454990 471
1455000 470
1455010 470
1455020 469
1455030 469
1455040 469
1455050 468
1455060 466
1455070 466
1455080 465
1455090 464
1455100 464
1455110 463
1455120 462
1455130 462
1455140 461
1455150 459
1455160 459
1455170 459
1455180 459
1455190 459
1455200 460
1455210 460
1455220 460
1455230 459
1455240 459
1455250 459
1455260 459
1455270 459
1455280 459
1455290 459
1455300 459
1455310 459
1455320 459
1455330 459
1455340 459
1455350 458
1455360 458
1455370 458
1455380 457
1455390 457
1455400 457
1455410 456
1455420 455
1455430 455
1455440 454
1455450 453
1455460 453
1455470 452
1455480 453
1455490 453
1455500 453
1455510 453
1455520 453
1455530 453
1455540 455
1455550 455
1455560 458
1455570 461
1455580 461
1455590 465
1455600 470
1455610 470
1455620 474
1455630 477
1455640 477
1455650 479
1455660 480
1455670 480
1455680 482
1455690 483
1455700 483
1455710 484
1455720 485
1455730 485
1455740 485
1455750 486
1455760 486
1455770 485
1455780 485
1455790 485
1455800 485
1455810 484
1455820 484
1455830 483
1455840 482
1455850 482
1455860 481
1455870 481
1455880 481
1455890 480
1455900 479
1455910 479
1455920 478
1455930 478
1455940 478
1455950 477
1455960 476
1455970 476
1455980 475
1455990 474
1456000 474
1456010 474
1456020 473
1456030 473
1456040 472
1456050 471
1456060 471
1456070 470
1456080 470
1456090 470
1456100 469
1456110 468
1456120 468
1456130 467
1456140 467
1456150 467
1456160 466
1456170 465
1456180 465
1456190 464
1456200 463
1456210 463
1456220 463
1456230 462
1456240 462
1456250 461
1456260 461
1456270 461
1456280 460
1456290 460
1456300 460
1456310 459
1456320 459
1456330 459
1456340 459
1456350 458
1456360 458
1456370 458
1456380 457
1456390 457
1456400 457
1456410 457
1456420 457
1456430 457
1456440 457
1456450 458
1456460 458
1456470 458
1456480 459
1456490 459
1456500 459
1456510 459
1456520 459
1456530 460
1456540 460
1456550 460
1456560 460
1456570 459
1456580 459
1456590 459
1456600 459
1456610 459
1456620 459
1456630 458
1456640 458
1456650 458
1456660 458
1456670 458
1456680 457
1456690 457
1456700 457
1456710 457
1456720 457
1456730 457
1456740 456
1456750 456
1456760 456
1456770 456
1456780 455
1456790 455
1456800 455
1456810 455
1456820 455
1456830 455
1456840 454
1456850 454
1456860 454
1456870 454
1456880 454
1456890 454
1456900 454
1456910 454
1456920 454
1456930 454
1456940 454
1456950 454
1456960 454
1456970 454
1456980 454
1456990 454
1457000 454
1457010 454
1457020 454
1457030 454
1457040 454
1457050 454
1457060 454
1457070 454
1457080 454
1457090 454
1457100 454
1457110 454
1457120 454
1457130 454
1457140 454
1457150 454
1457160 454
1457170 454
1457180 454
1457190 454
1457200 454
1457210 454
1457220 454
1457230 453
1457240 453
1457250 453
1457260 453
1457270 453
1457280 453
1457290 453
1457300 453
1457310 453
1457320 453
1457330 453
1457340 452
1457350 452
1457360 452
1457370 452
1457380 452
1457390 452
1457400 452
1457410 452
1457420 452
1457430 452
1457440 452
1457450 452
1457460 452
1457470 452
1457480 452
1457490 452
1457500 453
1457510 453
1457520 453
1457530 453
1457540 453
1457550 453
1457560 454
1457570 454
1457580 454
1457590 454
1457600 454
1457610 455
1457620 455
1457630 455
1457640 455
1457650 455
1457660 455
1457670 455
1457680 456
1457690 456
1457700 456
1457710 456
1457720 456
1457730 456
1457740 456
1457750 456
1457760 456
1457770 456
1457780 456
1457790 456
1457800 456
1457810 456
1457820 456
1457830 456
1457840 456
1457850 456
1457860 457
1457870 457
1457880 457
1457890 457
1457900 457
1457910 457
1457920 457
1457930 457
1457940 457
1457950 457
1457960 457
1457970 456
1457980 456
1457990 456
1458000 456
1458010 456
1458020 456
1458030 456
1458040 455
1458050 455
1458060 455
1458070 454
1458080 450
1458090 450
1458100 446
1458110 441
1458120 441
1458130 437
1458140 434
1458150 434
1458160 433
1458170 433
1458180 433
1458190 432
1458200 432
1458210 432
1458220 432
1458230 432
1458240 432
1458250 432
1458260 431
1458270 431
1458280 431
1458290 431
1458300 431
1458310 431
1458320 431
1458330 431
1458340 431
1458350 431
1458360 431
1458370 431
1458380 431
1458390 431
1458400 431
1458410 432
1458420 432
1458430 432
1458440 432
1458450 432
1458460 432
1458470 432
1458480 432
1458490 433
1458500 433
1458510 433
1458520 433
1458530 433
1458540 433
1458550 433
1458560 433
1458570 433
1458580 433
1458590 433
1458600 433
1458610 433
1458620 433
1458630 433
1458640 433
1458650 433
1458660 433
1458670 433
1458680 433
1458690 433
1458700 433
1458710 433
1458720 433
1458730 433
1458740 432
1458750 432
1458760 432
1458770 432
1458780 432
1458790 432
1458800 432
1458810 432
1458820 432
1458830 432
1458840 432
1458850 432
1458860 433
1458870 433
1458880 433
1458890 434
1458900 434
1458910 435
1458920 436
1458930 436
1458940 437
1458950 438
1458960 438
1458970 438
1458980 438
1458990 438
1459000 438
1459010 438
1459020 438
1459030 438
1459040 438
1459050 438
1459060 439
1459070 439
1459080 439
1459090 439
1459100 440
1459110 440
1459120 440
1459130 441
1459140 441
1459150 441
1459160 442
1459170 442
1459180 442
1459190 443
1459200 443
1459210 444
1459220 445
1459230 445
1459240 446
1459250 446
1459260 446
1459270 447
1459280 448
1459290 448
1459300 450
1459310 451
1459320 451
1459330 454
1459340 458
1459350 458
1459360 462
1459370 467
1459380 467
1459390 471
1459400 474
1459410 474
1459420 476
1459430 477
1459440 477
1459450 479
1459460 480
1459470 480
1459480 480
1459490 481
1459500 481
1459510 481
1459520 482
1459530 482
1459540 482
1459550 482
1459560 482
1459570 482
1459580 483
1459590 483
1459600 483
1459610 483
1459620 483
1459630 483
1459640 483
1459650 483
1459660 483
1459670 483
1459680 483
1459690 483
1459700 483
1459710 483
1459720 483
1459730 483
1459740 483
1459750 483
1459760 482
1459770 482
1459780 482
1459790 482
1459800 482
1459810 482
1459820 481
1459830 481
1459840 481
1459850 481
1459860 480
1459870 480
1459880 480
1459890 479
1459900 479
1459910 479
1459920 478
1459930 478
1459940 477
1459950 477
1459960 477
1459970 477
1459980 476
1459990 476
