1440000 466
1440010 467
1440020 467
1440030 467
1440040 467
1440050 467
1440060 467
1440070 467
1440080 467
1440090 467
1440100 467
1440110 467
1440120 467
1440130 467
1440140 468
1440150 468
1440160 468
1440170 468
1440180 468
1440190 468
1440200 468
1440210 468
1440220 469
1440230 469
1440240 469
1440250 469
1440260 469
1440270 469
1440280 469
1440290 470
1440300 470
1440310 470
1440320 470
1440330 470
1440340 470
1440350 470
1440360 470
1440370 470
1440380 471
1440390 471
1440400 471
1440410 471
1440420 471
1440430 471
1440440 472
1440450 472
1440460 472
1440470 472
1440480 472
1440490 472
1440500 472
1440510 472
1440520 472
1440530 472
1440540 472
1440550 472
1440560 472
1440570 472
1440580 473
1440590 473
1440600 473
1440610 472
1440620 472
1440630 472
1440640 472
1440650 472
1440660 472
1440670 471
1440680 471
1440690 471
1440700 471
1440710 471
1440720 471
1440730 472
1440740 471
1440750 471
1440760 471
1440770 471
1440780 471
1440790 471
1440800 471
1440810 471
1440820 471
1440830 471
1440840 471
1440850 471
1440860 471
1440870 470
1440880 470
1440890 470
1440900 470
1440910 470
1440920 470
1440930 470
1440940 470
1440950 471
1440960 470
1440970 470
1440980 470
1440990 470
1441000 470
1441010 470
1441020 470
1441030 470
1441040 470
1441050 470
1441060 470
1441070 470
1441080 470
1441090 470
1441100 470
1441110 470
1441120 470
1441130 470
1441140 470
1441150 470
1441160 470
1441170 470
1441180 470
1441190 470
1441200 470
1441210 470
1441220 470
1441230 470
1441240 470
1441250 470
1441260 470
1441270 470
1441280 470
1441290 470
1441300 470
1441310 470
1441320 470
1441330 470
1441340 470
1441350 470
1441360 470
1441370 470
1441380 469
1441390 469
1441400 469
1441410 468
1441420 468
1441430 468
1441440 467
1441450 467
1441460 466
1441470 465
1441480 465
1441490 464
1441500 464
1441510 464
1441520 464
1441530 465
1441540 465
1441550 466
1441560 467
1441570 467
1441580 467
1441590 468
1441600 468
1441610 468
1441620 469
1441630 469
1441640 470
1441650 470
1441660 470
1441670 471
1441680 471
1441690 471
1441700 472
1441710 472
1441720 472
1441730 473
1441740 473
1441750 473
1441760 474
1441770 474
1441780 474
1441790 475
1441800 475
1441810 475
1441820 475
1441830 475
1441840 475
1441850 476
1441860 476
1441870 476
1441880 476
1441890 476
1441900 476
1441910 476
1441920 476
1441930 476
1441940 476
1441950 477
1441960 477
1441970 477
1441980 477
1441990 477
1442000 477
1442010 477
1442020 477
1442030 477
1442040 477
1442050 477
1442060 477
1442070 477
1442080 477
1442090 477
1442100 477
1442110 477
1442120 477
1442130 477
1442140 477
1442150 477
1442160 477
1442170 477
1442180 477
1442190 477
1442200 477
1442210 477
1442220 477
1442230 477
1442240 477
1442250 478
1442260 478
1442270 478
1442280 478
1442290 478
1442300 478
1442310 478
1442320 478
1442330 478
1442340 478
1442350 478
1442360 478
1442370 477
1442380 477
1442390 477
1442400 477
1442410 477
1442420 477
1442430 476
1442440 476
1442450 476
1442460 476
1442470 476
1442480 476
1442490 475
1442500 475
1442510 475
1442520 475
1442530 475
1442540 475
1442550 475
1442560 475
1442570 475
1442580 475
1442590 475
1442600 475
1442610 475
1442620 475
1442630 475
1442640 475
1442650 475
1442660 475
1442670 475
1442680 475
1442690 475
1442700 475
1442710 475
1442720 475
1442730 475
1442740 474
1442750 474
1442760 475
1442770 475
1442780 475
1442790 474
1442800 474
1442810 474
1442820 474
1442830 474
1442840 474
1442850 474
1442860 474
1442870 474
1442880 474
1442890 474
1442900 474
1442910 474
1442920 474
1442930 474
1442940 473
1442950 473
1442960 473
1442970 473
1442980 473
1442990 473
1443000 473
1443010 473
1443020 473
1443030 473
1443040 473
1443050 473
1443060 473
1443070 473
1443080 473
1443090 473
1443100 473
1443110 473
1443120 473
1443130 473
1443140 473
1443150 473
1443160 473
1443170 473
1443180 473
1443190 473
1443200 473
1443210 473
1443220 473
1443230 473
1443240 473
1443250 473
1443260 473
1443270 473
1443280 473
1443290 473
1443300 473
1443310 473
1443320 473
1443330 473
1443340 473
1443350 473
1443360 472
1443370 472
1443380 472
1443390 472
1443400 472
1443410 472
1443420 472
1443430 472
1443440 472
1443450 472
1443460 472
1443470 472
1443480 472
1443490 472
1443500 472
1443510 472
1443520 472
1443530 472
1443540 471
1443550 471
1443560 471
1443570 471
1443580 471
1443590 471
1443600 470
1443610 470
1443620 470
1443630 470
1443640 469
1443650 469
1443660 469
1443670 468
1443680 468
1443690 468
1443700 469
1443710 469
1443720 469
1443730 470
1443740 470
1443750 471
1443760 471
1443770 471
1443780 472
1443790 472
1443800 472
1443810 473
1443820 473
1443830 473
1443840 474
1443850 474
1443860 474
1443870 475
1443880 475
1443890 475
1443900 476
1443910 476
1443920 476
1443930 476
1443940 477
1443950 477
1443960 477
1443970 478
1443980 478
1443990 478
1444000 478
1444010 478
1444020 479
1444030 479
1444040 479
1444050 479
1444060 479
1444070 479
1444080 479
1444090 480
1444100 480
1444110 481
1444120 481
1444130 481
1444140 481
1444150 481
1444160 481
1444170 481
1444180 481
1444190 481
1444200 481
1444210 481
1444220 481
1444230 481
1444240 481
1444250 481
1444260 481
1444270 481
1444280 481
1444290 481
1444300 481
1444310 481
1444320 481
1444330 481
1444340 481
1444350 481
1444360 481
1444370 481
1444380 482
1444390 482
1444400 482
1444410 482
1444420 483
1444430 483
1444440 483
1444450 483
1444460 483
1444470 483
1444480 484
1444490 484
1444500 484
1444510 484
1444520 484
1444530 484
1444540 485
1444550 484
1444560 484
1444570 484
1444580 484
1444590 484
1444600 484
1444610 484
1444620 484
1444630 484
1444640 483
1444650 483
1444660 483
1444670 482
1444680 482
1444690 482
1444700 482
1444710 482
1444720 481
1444730 481
1444740 481
1444750 481
1444760 481
1444770 481
1444780 481
1444790 480
1444800 480
1444810 480
1444820 480
1444830 480
1444840 480
1444850 480
1444860 480
1444870 479
1444880 479
1444890 479
1444900 479
1444910 479
1444920 479
1444930 479
1444940 479
1444950 479
1444960 479
1444970 478
1444980 478
1444990 478
1445000 478
1445010 478
1445020 478
1445030 478
1445040 478
1445050 477
1445060 477
1445070 477
1445080 477
1445090 477
1445100 477
1445110 477
1445120 478
1445130 478
1445140 478
1445150 478
1445160 478
1445170 479
1445180 479
1445190 479
1445200 479
1445210 480
1445220 480
1445230 480
1445240 480
1445250 480
1445260 480
1445270 480
1445280 480
1445290 481
1445300 481
1445310 481
1445320 481
1445330 481
1445340 481
1445350 481
1445360 481
1445370 481
1445380 481
1445390 481
1445400 481
1445410 481
1445420 481
1445430 481
1445440 481
1445450 480
1445460 480
1445470 480
1445480 480
1445490 480
1445500 479
1445510 479
1445520 479
1445530 479
1445540 478
1445550 478
1445560 478
1445570 478
1445580 478
1445590 477
1445600 477
1445610 477
1445620 476
1445630 476
1445640 476
1445650 476
1445660 476
1445670 476
1445680 475
1445690 475
1445700 475
1445710 475
1445720 475
1445730 475
1445740 474
1445750 474
1445760 474
1445770 474
1445780 474
1445790 474
1445800 474
1445810 474
1445820 474
1445830 473
1445840 473
1445850 473
1445860 473
1445870 473
1445880 473
1445890 473
1445900 473
1445910 473
1445920 473
1445930 473
1445940 473
1445950 473
1445960 473
1445970 473
1445980 472
1445990 473
1446000 473
1446010 473
1446020 473
1446030 473
1446040 473
1446050 473
1446060 473
1446070 473
1446080 473
1446090 473
1446100 473
1446110 473
1446120 473
1446130 473
1446140 473
1446150 473
1446160 474
1446170 474
1446180 474
1446190 474
1446200 474
1446210 474
1446220 474
1446230 474
1446240 474
1446250 474
1446260 474
1446270 475
1446280 475
1446290 475
1446300 475
1446310 475
1446320 475
1446330 475
1446340 475
1446350 476
1446360 476
1446370 476
1446380 476
1446390 476
1446400 476
1446410 476
1446420 477
1446430 477
1446440 477
1446450 477
1446460 477
1446470 477
1446480 477
1446490 477
1446500 477
1446510 478
1446520 478
1446530 478
1446540 478
1446550 478
1446560 478
1446570 478
1446580 478
1446590 478
1446600 478
1446610 478
1446620 478
1446630 478
1446640 478
1446650 479
1446660 479
1446670 479
1446680 478
1446690 478
1446700 478
1446710 478
1446720 478
1446730 478
1446740 477
1446750 477
1446760 477
1446770 476
1446780 475
1446790 475
1446800 474
1446810 473
1446820 473
1446830 473
1446840 472
1446850 472
1446860 471
1446870 471
1446880 471
1446890 470
1446900 469
1446910 469
1446920 468
1446930 467
1446940 467
1446950 466
1446960 464
1446970 464
1446980 463
1446990 463
1447000 463
1447010 462
1447020 461
1447030 461
1447040 461
1447050 460
1447060 460
1447070 460
1447080 461
1447090 461
1447100 463
1447110 464
1447120 464
1447130 464
1447140 463
1447150 463
1447160 463
1447170 463
1447180 463
1447190 462
1447200 462
1447210 462
1447220 462
1447230 461
1447240 461
1447250 460
1447260 460
1447270 460
1447280 459
1447290 457
1447300 457
1447310 456
1447320 455
1447330 455
1447340 454
1447350 454
1447360 454
1447370 453
1447380 453
1447390 453
1447400 453
1447410 453
1447420 453
1447430 453
1447440 452
1447450 452
1447460 452
1447470 451
1447480 451
1447490 451
1447500 451
1447510 451
1447520 451
1447530 451
1447540 451
1447550 450
1447560 450
1447570 450
1447580 450
1447590 450
1447600 450
1447610 450
1447620 450
1447630 450
1447640 450
1447650 450
1447660 450
1447670 452
1447680 455
1447690 455
1447700 456
1447710 456
1447720 456
1447730 457
1447740 458
1447750 458
1447760 459
1447770 461
1447780 461
1447790 462
1447800 463
1447810 463
1447820 464
1447830 465
1447840 465
1447850 467
1447860 469
1447870 469
1447880 471
1447890 474
1447900 474
1447910 476
1447920 478
1447930 478
1447940 480
1447950 480
1447960 480
1447970 481
1447980 481
1447990 482
1448000 482
1448010 481
1448020 481
1448030 481
1448040 481
1448050 480
1448060 480
1448070 480
1448080 479
1448090 479
1448100 478
1448110 478
1448120 478
1448130 477
1448140 476
1448150 476
1448160 476
1448170 475
1448180 475
1448190 473
1448200 472
1448210 472
1448220 470
1448230 469
1448240 469
1448250 467
1448260 464
1448270 464
1448280 462
1448290 459
1448300 459
1448310 456
1448320 453
1448330 453
1448340 451
1448350 450
1448360 450
1448370 449
1448380 449
1448390 449
1448400 448
1448410 447
1448420 447
1448430 446
1448440 446
1448450 446
1448460 446
1448470 446
1448480 446
1448490 446
1448500 445
1448510 445
1448520 445
1448530 445
1448540 445
1448550 445
1448560 445
1448570 445
1448580 444
1448590 444
1448600 444
1448610 443
1448620 442
1448630 442
1448640 441
1448650 442
1448660 442
1448670 444
1448680 445
1448690 445
1448700 445
1448710 446
1448720 446
1448730 446
1448740 447
1448750 447
1448760 447
1448770 448
1448780 448
1448790 448
1448800 449
1448810 449
1448820 449
1448830 450
1448840 450
1448850 451
1448860 451
1448870 451
1448880 452
1448890 453
1448900 453
1448910 455
1448920 457
1448930 457
1448940 458
1448950 460
1448960 460
1448970 461
1448980 463
1448990 463
1449000 465
1449010 466
1449020 466
1449030 468
1449040 470
1449050 470
1449060 472
1449070 475
1449080 475
1449090 477
1449100 479
1449110 479
1449120 481
1449130 483
1449140 483
1449150 485
1449160 486
1449170 486
1449180 488
1449190 489
1449200 489
1449210 491
1449220 492
1449230 492
1449240 493
1449250 494
1449260 494
1449270 494
1449280 495
1449290 495
1449300 495
1449310 496
1449320 496
1449330 496
1449340 496
1449350 496
1449360 496
1449370 496
1449380 496
1449390 495
1449400 494
1449410 494
1449420 494
1449430 494
1449440 494
1449450 494
1449460 493
1449470 493
1449480 492
1449490 492
1449500 492
1449510 492
1449520 491
1449530 491
1449540 491
1449550 491
1449560 491
1449570 491
1449580 491
1449590 491
1449600 490
1449610 490
1449620 490
1449630 490
1449640 490
1449650 490
1449660 490
1449670 490
1449680 490
1449690 490
1449700 490
1449710 490
1449720 490
1449730 490
1449740 490
1449750 490
1449760 490
1449770 490
1449780 490
1449790 490
1449800 490
1449810 490
1449820 490
1449830 490
1449840 490
1449850 490
1449860 490
1449870 490
1449880 490
1449890 490
1449900 490
1449910 490
1449920 490
1449930 490
1449940 489
1449950 489
1449960 489
1449970 489
1449980 488
1449990 488
1450000 488
1450010 487
1450020 487
1450030 487
1450040 486
1450050 486
1450060 485
1450070 484
1450080 484
1450090 483
1450100 481
1450110 481
1450120 480
1450130 477
1450140 477
1450150 475
1450160 473
1450170 473
1450180 472
1450190 471
1450200 471
1450210 470
1450220 468
1450230 468
1450240 467
1450250 466
1450260 466
1450270 465
1450280 465
1450290 465
1450300 465
1450310 464
1450320 464
1450330 464
1450340 463
1450350 463
1450360 463
1450370 463
1450380 463
1450390 463
1450400 463
1450410 463
1450420 464
1450430 464
1450440 464
1450450 464
1450460 465
1450470 465
1450480 465
1450490 466
1450500 466
1450510 466
1450520 467
1450530 467
1450540 467
1450550 468
1450560 468
1450570 469
1450580 469
1450590 469
1450600 470
1450610 470
1450620 470
1450630 470
1450640 471
1450650 471
1450660 471
1450670 472
1450680 472
1450690 472
1450700 473
1450710 473
1450720 473
1450730 474
1450740 474
1450750 474
1450760 474
1450770 474
1450780 475
1450790 475
1450800 475
1450810 475
1450820 475
1450830 475
1450840 476
1450850 476
1450860 476
1450870 476
1450880 476
1450890 476
1450900 476
1450910 476
1450920 476
1450930 476
1450940 476
1450950 476
1450960 476
1450970 476
1450980 476
1450990 475
1451000 475
1451010 475
1451020 474
1451030 474
1451040 474
1451050 473
1451060 472
1451070 472
1451080 472
1451090 471
1451100 471
1451110 470
1451120 469
1451130 469
1451140 468
1451150 467
1451160 467
1451170 466
1451180 466
1451190 466
1451200 465
1451210 464
1451220 464
1451230 463
1451240 463
1451250 463
1451260 462
1451270 461
1451280 461
1451290 460
1451300 459
1451310 459
1451320 458
1451330 458
1451340 458
1451350 457
1451360 456
1451370 456
1451380 455
1451390 454
1451400 454
1451410 454
1451420 453
1451430 453
1451440 453
1451450 452
1451460 452
1451470 452
1451480 451
1451490 451
1451500 451
1451510 450
1451520 450
1451530 448
1451540 447
1451550 447
1451560 447
1451570 447
1451580 449
1451590 449
1451600 454
1451610 461
1451620 461
1451630 466
1451640 469
1451650 469
1451660 469
1451670 468
1451680 468
1451690 468
1451700 467
1451710 467
1451720 465
1451730 464
1451740 464
1451750 461
1451760 458
1451770 458
1451780 457
1451790 457
1451800 457
1451810 458
1451820 459
1451830 459
1451840 461
1451850 462
1451860 462
1451870 464
1451880 466
1451890 466
1451900 467
1451910 469
1451920 469
1451930 470
1451940 471
1451950 471
1451960 473
1451970 474
1451980 474
1451990 475
1452000 476
1452010 476
1452020 477
1452030 477
1452040 477
1452050 478
1452060 479
1452070 479
1452080 479
1452090 479
1452100 479
1452110 479
1452120 479
1452130 479
1452140 479
1452150 479
1452160 479
1452170 478
1452180 478
1452190 478
1452200 478
1452210 478
1452220 478
1452230 478
1452240 477
1452250 477
1452260 477
1452270 477
1452280 477
1452290 477
1452300 477
1452310 477
1452320 476
1452330 476
1452340 476
1452350 476
1452360 476
1452370 476
1452380 476
1452390 476
1452400 476
1452410 476
1452420 475
1452430 475
1452440 475
1452450 475
1452460 475
1452470 474
1452480 474
1452490 474
1452500 473
1452510 473
1452520 473
1452530 472
1452540 472
1452550 472
1452560 470
1452570 469
1452580 469
1452590 468
1452600 467
1452610 467
1452620 466
1452630 466
1452640 466
1452650 465
1452660 464
1452670 464
1452680 464
1452690 463
1452700 463
1452710 462
1452720 462
1452730 462
1452740 461
1452750 460
1452760 460
1452770 459
1452780 458
1452790 458
1452800 458
1452810 457
1452820 457
1452830 456
1452840 455
1452850 455
1452860 453
1452870 452
1452880 452
1452890 450
1452900 447
1452910 447
1452920 444
1452930 444
1452940 444
1452950 443
1452960 443
1452970 443
1452980 444
1452990 445
1453000 445
1453010 448
1453020 450
1453030 450
1453040 454
1453050 456
1453060 456
1453070 458
1453080 460
1453090 460
1453100 461
1453110 463
1453120 463
1453130 464
1453140 465
1453150 465
1453160 466
1453170 467
1453180 467
1453190 469
1453200 470
1453210 470
1453220 471
1453230 472
1453240 472
1453250 473
1453260 473
1453270 473
1453280 474
1453290 475
1453300 475
1453310 475
1453320 476
1453330 476
1453340 476
1453350 477
1453360 477
1453370 477
1453380 477
1453390 478
1453400 478
1453410 478
1453420 478
1453430 478
1453440 478
1453450 477
1453460 477
1453470 477
1453480 477
1453490 477
1453500 476
1453510 476
1453520 476
1453530 475
1453540 475
1453550 475
1453560 474
1453570 473
1453580 473
1453590 473
1453600 472
1453610 472
1453620 471
1453630 470
1453640 470
1453650 469
1453660 468
1453670 468
1453680 466
1453690 465
1453700 465
1453710 463
1453720 461
1453730 461
1453740 459
1453750 457
1453760 457
1453770 453
1453780 451
1453790 451
1453800 449
1453810 448
1453820 448
1453830 448
1453840 447
1453850 447
1453860 446
1453870 446
1453880 446
1453890 445
1453900 444
1453910 444
1453920 444
1453930 443
1453940 443
1453950 443
1453960 443
1453970 443
1453980 442
1453990 442
1454000 442
1454010 441
1454020 441
1454030 441
1454040 441
1454050 441
1454060 441
1454070 441
1454080 441
1454090 441
1454100 441
1454110 441
1454120 441
1454130 441
1454140 442
1454150 442
1454160 442
1454170 442
1454180 442
1454190 442
1454200 442
1454210 442
1454220 442
1454230 442
1454240 442
1454250 442
1454260 442
1454270 442
1454280 442
1454290 442
1454300 442
1454310 442
1454320 441
1454330 441
1454340 441
1454350 441
1454360 441
1454370 440
1454380 440
1454390 440
1454400 439
1454410 438
1454420 438
1454430 438
1454440 437
1454450 437
1454460 436
1454470 435
1454480 435
1454490 434
1454500 433
1454510 433
1454520 433
1454530 432
1454540 432
1454550 432
1454560 432
1454570 432
1454580 432
1454590 432
1454600 432
1454610 432
1454620 432
1454630 432
1454640 433
1454650 434
1454660 434
1454670 435
1454680 435
1454690 435
1454700 437
1454710 439
1454720 439
1454730 439
1454740 440
1454750 440
1454760 440
1454770 440
1454780 440
1454790 441
1454800 441
1454810 441
1454820 441
1454830 442
1454840 442
1454850 442
1454860 442
1454870 442
1454880 443
1454890 443
1454900 443
1454910 443
1454920 443
1454930 443
1454940 443
1454950 443
1454960 443
1454970 443
1454980 443
1454990 443
1455000 443
1455010 443
1455020 443
1455030 443
1455040 443
1455050 443
1455060 443
1455070 442
1455080 442
1455090 442
1455100 442
1455110 442
1455120 442
1455130 442
1455140 442
1455150 441
1455160 441
1455170 441
1455180 441
1455190 440
1455200 440
1455210 440
1455220 439
1455230 439
1455240 439
1455250 438
1455260 437
1455270 437
1455280 436
1455290 435
1455300 435
1455310 434
1455320 434
1455330 434
1455340 434
1455350 435
1455360 435
1455370 437
1455380 439
1455390 439
1455400 440
1455410 441
1455420 441
1455430 442
1455440 442
1455450 442
1455460 443
1455470 443
1455480 443
1455490 444
1455500 444
1455510 444
1455520 444
1455530 444
1455540 444
1455550 444
1455560 444
1455570 444
1455580 444
1455590 444
1455600 444
1455610 444
1455620 444
1455630 444
1455640 444
1455650 444
1455660 444
1455670 444
1455680 444
1455690 444
1455700 444
1455710 444
1455720 444
1455730 443
1455740 443
1455750 443
1455760 443
1455770 443
1455780 443
1455790 442
1455800 442
1455810 442
1455820 442
1455830 441
1455840 441
1455850 441
1455860 440
1455870 440
1455880 440
1455890 440
1455900 440
1455910 440
1455920 440
1455930 440
1455940 441
1455950 442
1455960 442
1455970 442
1455980 442
1455990 442
1456000 443
1456010 443
1456020 443
1456030 443
1456040 444
1456050 444
1456060 444
1456070 444
1456080 444
1456090 444
1456100 445
1456110 445
1456120 445
1456130 445
1456140 445
1456150 445
1456160 445
1456170 445
1456180 445
1456190 445
1456200 445
1456210 445
1456220 445
1456230 445
1456240 446
1456250 446
1456260 446
1456270 446
1456280 446
1456290 446
1456300 446
1456310 446
1456320 446
1456330 446
1456340 446
1456350 446
1456360 446
1456370 446
1456380 446
1456390 446
1456400 446
1456410 446
1456420 446
1456430 445
1456440 445
1456450 445
1456460 445
1456470 445
1456480 444
1456490 440
1456500 440
1456510 435
1456520 429
1456530 429
1456540 426
1456550 425
1456560 425
1456570 425
1456580 424
1456590 424
1456600 424
1456610 425
1456620 425
1456630 425
1456640 425
1456650 425
1456660 425
1456670 425
1456680 425
1456690 425
1456700 425
1456710 425
1456720 425
1456730 426
1456740 426
1456750 426
1456760 426
1456770 426
1456780 426
1456790 426
1456800 426
1456810 426
1456820 426
1456830 426
1456840 426
1456850 426
1456860 426
1456870 426
1456880 427
1456890 427
1456900 427
1456910 427
1456920 427
1456930 427
1456940 427
1456950 427
1456960 427
1456970 427
1456980 427
1456990 427
1457000 427
1457010 427
1457020 427
1457030 427
1457040 427
1457050 427
1457060 427
1457070 427
1457080 427
1457090 427
1457100 428
1457110 428
1457120 428
1457130 428
1457140 428
1457150 428
1457160 428
1457170 428
1457180 428
1457190 428
1457200 428
1457210 428
1457220 429
1457230 429
1457240 429
1457250 429
1457260 429
1457270 429
1457280 428
1457290 428
1457300 428
1457310 428
1457320 428
1457330 428
1457340 428
1457350 428
1457360 428
1457370 428
1457380 428
1457390 428
1457400 429
1457410 429
1457420 429
1457430 429
1457440 429
1457450 429
1457460 429
1457470 429
1457480 429
1457490 429
1457500 429
1457510 430
1457520 430
1457530 430
1457540 430
1457550 430
1457560 430
1457570 432
1457580 434
1457590 434
1457600 435
1457610 436
1457620 436
1457630 437
1457640 437
1457650 437
1457660 437
1457670 437
1457680 437
1457690 437
1457700 437
1457710 437
1457720 437
1457730 437
1457740 437
1457750 438
1457760 438
1457770 438
1457780 439
1457790 440
1457800 440
1457810 442
1457820 444
1457830 444
1457840 447
1457850 451
1457860 451
1457870 455
1457880 458
1457890 458
1457900 462
1457910 465
1457920 465
1457930 468
1457940 471
1457950 471
1457960 473
1457970 474
1457980 474
1457990 475
1458000 476
1458010 476
1458020 477
1458030 477
1458040 477
1458050 478
1458060 478
1458070 478
1458080 478
1458090 479
1458100 479
1458110 480
1458120 480
1458130 480
1458140 481
1458150 482
1458160 482
1458170 483
1458180 484
1458190 484
1458200 485
1458210 485
1458220 485
1458230 485
1458240 486
1458250 486
1458260 486
1458270 486
1458280 486
1458290 486
1458300 487
1458310 487
1458320 487
1458330 487
1458340 487
1458350 487
1458360 487
1458370 487
1458380 487
1458390 487
1458400 487
1458410 487
1458420 487
1458430 487
1458440 488
1458450 488
1458460 488
1458470 488
1458480 488
1458490 488
1458500 488
1458510 488
1458520 488
1458530 488
1458540 487
1458550 487
1458560 487
1458570 487
1458580 487
1458590 486
1458600 485
1458610 485
1458620 483
1458630 481
1458640 481
1458650 479
1458660 477
1458670 477
1458680 477
1458690 477
1458700 477
1458710 477
1458720 479
1458730 479
1458740 481
1458750 482
1458760 483
1458770 483
1458780 484
1458790 485
1458800 485
1458810 486
1458820 487
1458830 487
1458840 488
1458850 488
1458860 488
1458870 489
1458880 490
1458890 490
1458900 490
1458910 491
1458920 491
1458930 491
1458940 491
1458950 491
1458960 492
1458970 492
1458980 492
1458990 492
1459000 492
1459010 492
1459020 493
1459030 493
1459040 493
1459050 493
1459060 493
1459070 493
1459080 493
1459090 494
1459100 494
1459110 494
1459120 494
1459130 494
1459140 494
1459150 494
1459160 494
1459170 494
1459180 494
1459190 494
1459200 494
1459210 494
1459220 494
1459230 494
1459240 494
1459250 494
1459260 494
1459270 494
1459280 494
1459290 494
1459300 493
1459310 493
1459320 493
1459330 493
1459340 493
1459350 492
1459360 492
1459370 492
1459380 491
1459390 491
1459400 491
1459410 490
1459420 490
1459430 490
1459440 489
1459450 489
1459460 489
1459470 488
1459480 488
1459490 488
1459500 487
1459510 487
1459520 487
1459530 486
1459540 486
1459550 486
1459560 485
1459570 485
1459580 485
1459590 484
1459600 484
1459610 484
1459620 484
1459630 483
1459640 483
1459650 483
1459660 483
1459670 483
1459680 483
1459690 483
1459700 483
1459710 482
1459720 482
1459730 482
1459740 482
1459750 481
1459760 481
1459770 481
1459780 480
1459790 480
1459800 480
1459810 479
1459820 479
1459830 479
1459840 478
1459850 478
1459860 477
1459870 477
1459880 477
1459890 476
1459900 476
1459910 476
1459920 475
1459930 475
1459940 475
1459950 476
1459960 476
1459970 476
1459980 477
1459990 477
