1440000 460
1440010 460
1440020 461
1440030 461
1440040 461
1440050 461
1440060 461
1440070 461
1440080 461
1440090 461
1440100 461
1440110 461
1440120 462
1440130 462
1440140 462
1440150 462
1440160 462
1440170 463
1440180 463
1440190 463
1440200 461
1440210 460
1440220 460
1440230 460
1440240 460
1440250 460
1440260 460
1440270 462
1440280 462
1440290 462
1440300 462
1440310 462
1440320 464
1440330 465
1440340 465
1440350 465
1440360 465
1440370 465
1440380 465
1440390 465
1440400 465
1440410 466
1440420 466
1440430 466
1440440 467
1440450 467
1440460 467
1440470 467
1440480 467
1440490 467
1440500 467
1440510 467
1440520 467
1440530 467
1440540 467
1440550 467
1440560 467
1440570 467
1440580 467
1440590 467
1440600 467
1440610 467
1440620 467
1440630 467
1440640 467
1440650 467
1440660 467
1440670 467
1440680 467
1440690 466
1440700 466
1440710 466
1440720 466
1440730 466
1440740 465
1440750 464
1440760 464
1440770 462
1440780 461
1440790 461
1440800 459
1440810 458
1440820 458
1440830 457
1440840 456
1440850 456
1440860 455
1440870 455
1440880 455
1440890 454
1440900 454
1440910 454
1440920 454
1440930 454
1440940 454
1440950 454
1440960 453
1440970 453
1440980 452
1440990 452
1441000 452
1441010 454
1441020 456
1441030 456
1441040 461
1441050 464
1441060 464
1441070 467
1441080 468
1441090 468
1441100 468
1441110 469
1441120 469
1441130 469
1441140 470
1441150 470
1441160 470
1441170 470
1441180 470
1441190 471
1441200 471
1441210 471
1441220 471
1441230 471
1441240 471
1441250 471
1441260 472
1441270 472
1441280 472
1441290 472
1441300 472
1441310 472
1441320 472
1441330 472
1441340 472
1441350 472
1441360 472
1441370 473
1441380 473
1441390 473
1441400 473
1441410 473
1441420 473
1441430 473
1441440 473
1441450 473
1441460 474
1441470 474
1441480 474
1441490 474
1441500 475
1441510 475
1441520 475
1441530 475
1441540 475
1441550 476
1441560 476
1441570 476
1441580 476
1441590 476
1441600 476
1441610 476
1441620 477
1441630 477
1441640 477
1441650 477
1441660 477
1441670 477
1441680 477
1441690 477
1441700 478
1441710 478
1441720 478
1441730 478
1441740 478
1441750 478
1441760 478
1441770 478
1441780 478
1441790 478
1441800 478
1441810 478
1441820 479
1441830 479
1441840 479
1441850 479
1441860 479
1441870 479
1441880 479
1441890 479
1441900 479
1441910 479
1441920 478
1441930 478
1441940 478
1441950 477
1441960 477
1441970 477
1441980 476
1441990 476
1442000 476
1442010 476
1442020 475
1442030 475
1442040 475
1442050 475
1442060 475
1442070 474
1442080 474
1442090 474
1442100 474
1442110 473
1442120 473
1442130 473
1442140 473
1442150 473
1442160 473
1442170 473
1442180 473
1442190 473
1442200 473
1442210 473
1442220 473
1442230 473
1442240 473
1442250 473
1442260 472
1442270 472
1442280 472
1442290 472
1442300 472
1442310 472
1442320 471
1442330 471
1442340 471
1442350 471
1442360 471
1442370 471
1442380 471
1442390 471
1442400 471
1442410 471
1442420 471
1442430 470
1442440 470
1442450 470
1442460 470
1442470 470
1442480 470
1442490 470
1442500 470
1442510 470
1442520 470
1442530 470
1442540 470
1442550 470
1442560 470
1442570 470
1442580 470
1442590 470
1442600 470
1442610 470
1442620 470
1442630 470
1442640 469
1442650 469
1442660 469
1442670 469
1442680 469
1442690 469
1442700 469
1442710 469
1442720 469
1442730 469
1442740 469
1442750 469
1442760 469
1442770 469
1442780 469
1442790 469
1442800 469
1442810 469
1442820 469
1442830 468
1442840 468
1442850 468
1442860 468
1442870 468
1442880 469
1442890 469
1442900 469
1442910 469
1442920 469
1442930 469
1442940 469
1442950 469
1442960 469
1442970 469
1442980 469
1442990 469
1443000 469
1443010 469
1443020 469
1443030 469
1443040 469
1443050 469
1443060 469
1443070 469
1443080 469
1443090 469
1443100 469
1443110 469
1443120 469
1443130 469
1443140 469
1443150 469
1443160 469
1443170 469
1443180 469
1443190 469
1443200 469
1443210 469
1443220 469
1443230 469
1443240 469
1443250 468
1443260 468
1443270 468
1443280 468
1443290 468
1443300 468
1443310 468
1443320 468
1443330 468
1443340 468
1443350 468
1443360 468
1443370 468
1443380 468
1443390 468
1443400 468
1443410 468
1443420 468
1443430 468
1443440 468
1443450 467
1443460 467
1443470 467
1443480 467
1443490 467
1443500 467
1443510 467
1443520 467
1443530 467
1443540 467
1443550 468
1443560 468
1443570 468
1443580 469
1443590 469
1443600 470
1443610 470
1443620 470
1443630 471
1443640 472
1443650 472
1443660 472
1443670 473
1443680 474
1443690 474
1443700 475
1443710 475
1443720 475
1443730 476
1443740 477
1443750 477
1443760 477
1443770 478
1443780 478
1443790 478
1443800 479
1443810 479
1443820 480
1443830 480
1443840 480
1443850 480
1443860 481
1443870 481
1443880 481
1443890 482
1443900 482
1443910 482
1443920 482
1443930 482
1443940 483
1443950 483
1443960 483
1443970 483
1443980 483
1443990 483
1444000 484
1444010 484
1444020 484
1444030 484
1444040 484
1444050 484
1444060 484
1444070 484
1444080 484
1444090 484
1444100 484
1444110 484
1444120 484
1444130 484
1444140 484
1444150 485
1444160 485
1444170 485
1444180 485
1444190 485
1444200 485
1444210 485
1444220 484
1444230 484
1444240 484
1444250 483
1444260 483
1444270 483
1444280 483
1444290 483
1444300 482
1444310 482
1444320 482
1444330 482
1444340 482
1444350 482
1444360 481
1444370 481
1444380 481
1444390 481
1444400 481
1444410 481
1444420 480
1444430 480
1444440 480
1444450 480
1444460 480
1444470 480
1444480 480
1444490 480
1444500 480
1444510 480
1444520 480
1444530 480
1444540 480
1444550 480
1444560 480
1444570 480
1444580 480
1444590 480
1444600 480
1444610 481
1444620 481
1444630 480
1444640 480
1444650 480
1444660 480
1444670 480
1444680 480
1444690 480
1444700 479
1444710 479
1444720 479
1444730 479
1444740 479
1444750 478
1444760 478
1444770 478
1444780 477
1444790 477
1444800 477
1444810 476
1444820 476
1444830 476
1444840 476
1444850 476
1444860 476
1444870 475
1444880 474
1444890 474
1444900 474
1444910 474
1444920 474
1444930 474
1444940 474
1444950 474
1444960 474
1444970 474
1444980 474
1444990 474
1445000 474
1445010 474
1445020 475
1445030 475
1445040 475
1445050 476
1445060 477
1445070 477
1445080 477
1445090 478
1445100 478
1445110 478
1445120 479
1445130 479
1445140 480
1445150 480
1445160 480
1445170 481
1445180 481
1445190 481
1445200 482
1445210 482
1445220 482
1445230 483
1445240 483
1445250 483
1445260 484
1445270 484
1445280 484
1445290 484
1445300 485
1445310 485
1445320 485
1445330 486
1445340 486
1445350 486
1445360 486
1445370 486
1445380 487
1445390 487
1445400 487
1445410 487
1445420 487
1445430 487
1445440 488
1445450 488
1445460 488
1445470 488
1445480 488
1445490 488
1445500 488
1445510 488
1445520 488
1445530 488
1445540 488
1445550 488
1445560 488
1445570 487
1445580 487
1445590 487
1445600 487
1445610 487
1445620 487
1445630 487
1445640 486
1445650 486
1445660 486
1445670 485
1445680 485
1445690 484
1445700 484
1445710 484
1445720 483
1445730 483
1445740 483
1445750 482
1445760 482
1445770 482
1445780 481
1445790 480
1445800 480
1445810 480
1445820 479
1445830 479
1445840 479
1445850 478
1445860 478
1445870 478
1445880 477
1445890 477
1445900 476
1445910 476
1445920 476
1445930 475
1445940 474
1445950 474
1445960 474
1445970 473
1445980 473
1445990 473
1446000 472
1446010 472
1446020 472
1446030 471
1446040 471
1446050 471
1446060 470
1446070 470
1446080 469
1446090 469
1446100 469
1446110 468
1446120 468
1446130 468
1446140 467
1446150 466
1446160 466
1446170 466
1446180 465
1446190 465
1446200 464
1446210 464
1446220 464
1446230 463
1446240 462
1446250 462
1446260 462
1446270 462
1446280 462
1446290 462
1446300 462
1446310 462
1446320 462
1446330 462
1446340 462
1446350 461
1446360 462
1446370 462
1446380 462
1446390 463
1446400 463
1446410 464
1446420 464
1446430 464
1446440 464
1446450 465
1446460 465
1446470 465
1446480 466
1446490 466
1446500 467
1446510 467
1446520 467
1446530 467
1446540 467
1446550 467
1446560 467
1446570 466
1446580 466
1446590 465
1446600 464
1446610 464
1446620 463
1446630 462
1446640 462
1446650 462
1446660 464
1446670 464
1446680 464
1446690 465
1446700 465
1446710 465
1446720 465
1446730 465
1446740 465
1446750 465
1446760 465
1446770 465
1446780 465
1446790 465
1446800 465
1446810 465
1446820 465
1446830 465
1446840 465
1446850 465
1446860 465
1446870 464
1446880 464
1446890 463
1446900 461
1446910 461
1446920 460
1446930 459
1446940 459
1446950 459
1446960 459
1446970 459
1446980 459
1446990 459
1447000 459
1447010 459
1447020 460
1447030 460
1447040 462
1447050 463
1447060 463
1447070 464
1447080 464
1447090 464
1447100 465
1447110 465
1447120 465
1447130 466
1447140 466
1447150 466
1447160 467
1447170 467
1447180 467
1447190 467
1447200 468
1447210 468
1447220 469
1447230 469
1447240 469
1447250 469
1447260 470
1447270 470
1447280 470
1447290 471
1447300 471
1447310 471
1447320 472
1447330 473
1447340 473
1447350 474
1447360 474
1447370 474
1447380 475
1447390 476
1447400 476
1447410 477
1447420 478
1447430 478
1447440 479
1447450 481
1447460 481
1447470 482
1447480 483
1447490 483
1447500 485
1447510 486
1447520 486
1447530 488
1447540 489
1447550 489
1447560 489
1447570 490
1447580 490
1447590 491
1447600 492
1447610 492
1447620 492
1447630 493
1447640 493
1447650 493
1447660 494
1447670 494
1447680 494
1447690 494
1447700 494
1447710 494
1447720 494
1447730 494
1447740 494
1447750 494
1447760 494
1447770 494
1447780 494
1447790 494
1447800 493
1447810 492
1447820 492
1447830 491
1447840 490
1447850 490
1447860 489
1447870 488
1447880 488
1447890 487
1447900 486
1447910 486
1447920 484
1447930 483
1447940 483
1447950 482
1447960 480
1447970 480
1447980 479
1447990 479
1448000 479
1448010 478
1448020 476
1448030 476
1448040 475
1448050 474
1448060 474
1448070 473
1448080 472
1448090 472
1448100 471
1448110 470
1448120 470
1448130 469
1448140 468
1448150 468
1448160 468
1448170 467
1448180 467
1448190 465
1448200 463
1448210 463
1448220 461
1448230 459
1448240 459
1448250 457
1448260 456
1448270 456
1448280 456
1448290 454
1448300 454
1448310 454
1448320 453
1448330 453
1448340 452
1448350 451
1448360 451
1448370 451
1448380 450
1448390 450
1448400 448
1448410 447
1448420 447
1448430 446
1448440 446
1448450 446
1448460 446
1448470 444
1448480 444
1448490 444
1448500 443
1448510 443
1448520 443
1448530 442
1448540 442
1448550 440
1448560 439
1448570 439
1448580 439
1448590 441
1448600 441
1448610 442
1448620 443
1448630 443
1448640 443
1448650 444
1448660 444
1448670 445
1448680 447
1448690 447
1448700 449
1448710 450
1448720 450
1448730 452
1448740 454
1448750 454
1448760 456
1448770 457
1448780 457
1448790 460
1448800 462
1448810 462
1448820 464
1448830 465
1448840 465
1448850 466
1448860 468
1448870 468
1448880 469
1448890 471
1448900 471
1448910 473
1448920 474
1448930 474
1448940 475
1448950 477
1448960 477
1448970 479
1448980 480
1448990 480
1449000 482
1449010 483
1449020 483
1449030 485
1449040 486
1449050 486
1449060 487
1449070 488
1449080 488
1449090 489
1449100 490
1449110 490
1449120 490
1449130 491
1449140 492
1449150 492
1449160 492
1449170 493
1449180 493
1449190 493
1449200 494
1449210 494
1449220 494
1449230 494
1449240 494
1449250 494
1449260 495
1449270 495
1449280 495
1449290 495
1449300 495
1449310 494
1449320 494
1449330 494
1449340 494
1449350 493
1449360 493
1449370 493
1449380 492
1449390 492
1449400 492
1449410 491
1449420 491
1449430 490
1449440 490
1449450 490
1449460 489
1449470 488
1449480 488
1449490 488
1449500 487
1449510 487
1449520 486
1449530 486
1449540 486
1449550 485
1449560 484
1449570 484
1449580 484
1449590 483
1449600 483
1449610 483
1449620 483
1449630 483
1449640 482
1449650 481
1449660 481
1449670 481
1449680 480
1449690 480
1449700 480
1449710 480
1449720 480
1449730 479
1449740 479
1449750 479
1449760 478
1449770 478
1449780 478
1449790 477
1449800 476
1449810 476
1449820 475
1449830 473
1449840 473
1449850 470
1449860 467
1449870 467
1449880 465
1449890 465
1449900 465
1449910 465
1449920 465
1449930 465
1449940 466
1449950 467
1449960 467
1449970 468
1449980 469
1449990 469
1450000 471
1450010 472
1450020 472
1450030 473
1450040 474
1450050 474
1450060 476
1450070 477
1450080 477
1450090 477
1450100 478
1450110 478
1450120 479
1450130 480
1450140 480
1450150 480
1450160 481
1450170 481
1450180 481
1450190 481
1450200 481
1450210 482
1450220 482
1450230 482
1450240 482
1450250 482
1450260 482
1450270 482
1450280 482
1450290 482
1450300 482
1450310 482
1450320 482
1450330 481
1450340 481
1450350 481
1450360 481
1450370 480
1450380 480
1450390 479
1450400 479
1450410 479
1450420 478
1450430 478
1450440 478
1450450 477
1450460 476
1450470 476
1450480 475
1450490 474
1450500 474
1450510 473
1450520 472
1450530 472
1450540 472
1450550 471
1450560 471
1450570 471
1450580 470
1450590 470
1450600 470
1450610 470
1450620 470
1450630 469
1450640 469
1450650 469
1450660 469
1450670 469
1450680 469
1450690 468
1450700 468
1450710 468
1450720 468
1450730 467
1450740 467
1450750 467
1450760 466
1450770 466
1450780 465
1450790 464
1450800 464
1450810 463
1450820 461
1450830 461
1450840 460
1450850 459
1450860 459
1450870 457
1450880 456
1450890 456
1450900 455
1450910 454
1450920 454
1450930 454
1450940 453
1450950 453
1450960 453
1450970 452
1450980 452
1450990 452
1451000 452
1451010 451
1451020 451
1451030 451
1451040 451
1451050 451
1451060 450
1451070 450
1451080 450
1451090 452
1451100 453
1451110 453
1451120 452
1451130 451
1451140 451
1451150 451
1451160 450
1451170 450
1451180 450
1451190 450
1451200 450
1451210 450
1451220 450
1451230 450
1451240 450
1451250 450
1451260 450
1451270 450
1451280 450
1451290 450
1451300 450
1451310 450
1451320 450
1451330 450
1451340 450
1451350 450
1451360 449
1451370 449
1451380 449
1451390 449
1451400 449
1451410 449
1451420 449
1451430 449
1451440 449
1451450 448
1451460 448
1451470 448
1451480 448
1451490 448
1451500 448
1451510 448
1451520 448
1451530 448
1451540 447
1451550 447
1451560 447
1451570 447
1451580 447
1451590 447
1451600 446
1451610 446
1451620 446
1451630 445
1451640 444
1451650 444
1451660 444
1451670 443
1451680 443
1451690 443
1451700 443
1451710 443
1451720 442
1451730 442
1451740 442
1451750 442
1451760 441
1451770 441
1451780 441
1451790 441
1451800 441
1451810 443
1451820 445
1451830 445
1451840 446
1451850 446
1451860 446
1451870 447
1451880 447
1451890 447
1451900 447
1451910 447
1451920 447
1451930 447
1451940 448
1451950 448
1451960 448
1451970 448
1451980 448
1451990 448
1452000 448
1452010 448
1452020 448
1452030 448
1452040 448
1452050 448
1452060 447
1452070 447
1452080 447
1452090 447
1452100 447
1452110 447
1452120 448
1452130 448
1452140 448
1452150 448
1452160 448
1452170 449
1452180 449
1452190 449
1452200 449
1452210 450
1452220 450
1452230 450
1452240 451
1452250 451
1452260 452
1452270 452
1452280 452
1452290 453
1452300 454
1452310 454
1452320 455
1452330 456
1452340 456
1452350 458
1452360 459
1452370 459
1452380 460
1452390 461
1452400 461
1452410 462
1452420 461
1452430 461
1452440 461
1452450 460
1452460 460
1452470 459
1452480 459
1452490 459
1452500 459
1452510 458
1452520 458
1452530 457
1452540 456
1452550 456
1452560 456
1452570 456
1452580 456
1452590 455
1452600 455
1452610 455
1452620 455
1452630 454
1452640 454
1452650 454
1452660 453
1452670 453
1452680 452
1452690 452
1452700 452
1452710 451
1452720 450
1452730 450
1452740 449
1452750 448
1452760 448
1452770 446
1452780 445
1452790 444
1452800 444
1452810 443
1452820 442
1452830 442
1452840 440
1452850 439
1452860 439
1452870 438
1452880 438
1452890 438
1452900 439
1452910 443
1452920 443
1452930 448
1452940 452
1452950 452
1452960 454
1452970 456
1452980 456
1452990 458
1453000 459
1453010 459
1453020 461
1453030 462
1453040 462
1453050 464
1453060 465
1453070 465
1453080 467
1453090 468
1453100 468
1453110 468
1453120 468
1453130 468
1453140 469
1453150 470
1453160 470
1453170 471
1453180 471
1453190 471
1453200 471
1453210 471
1453220 471
1453230 470
1453240 470
1453250 470
1453260 469
1453270 468
1453280 468
1453290 468
1453300 467
1453310 467
1453320 466
1453330 465
1453340 465
1453350 465
1453360 464
1453370 464
1453380 463
1453390 462
1453400 462
1453410 462
1453420 461
1453430 461
1453440 460
1453450 460
1453460 460
1453470 459
1453480 458
1453490 458
1453500 457
1453510 456
1453520 456
1453530 455
1453540 454
1453550 454
1453560 453
1453570 452
1453580 452
1453590 450
1453600 449
1453610 449
1453620 448
1453630 447
1453640 447
1453650 445
1453660 444
1453670 444
1453680 442
1453690 441
1453700 441
1453710 439
1453720 438
1453730 438
1453740 437
1453750 436
1453760 436
1453770 436
1453780 435
1453790 435
1453800 434
1453810 434
1453820 434
1453830 435
1453840 436
1453850 436
1453860 436
1453870 437
1453880 437
1453890 437
1453900 437
1453910 437
1453920 438
1453930 438
1453940 438
1453950 438
1453960 439
1453970 439
1453980 439
1453990 439
1454000 439
1454010 439
1454020 439
1454030 439
1454040 439
1454050 439
1454060 439
1454070 439
1454080 439
1454090 439
1454100 439
1454110 439
1454120 439
1454130 439
1454140 439
1454150 439
1454160 438
1454170 438
1454180 438
1454190 438
1454200 437
1454210 437
1454220 436
1454230 435
1454240 435
1454250 434
1454260 433
1454270 433
1454280 432
1454290 431
1454300 431
1454310 430
1454320 429
1454330 429
1454340 429
1454350 429
1454360 429
1454370 429
1454380 429
1454390 429
1454400 429
1454410 429
1454420 429
1454430 429
1454440 429
1454450 429
1454460 429
1454470 429
1454480 429
1454490 430
1454500 430
1454510 430
1454520 430
1454530 430
1454540 430
1454550 432
1454560 433
1454570 433
1454580 435
1454590 436
1454600 436
1454610 436
1454620 436
1454630 435
1454640 435
1454650 434
1454660 433
1454670 433
1454680 432
1454690 431
1454700 431
1454710 431
1454720 430
1454730 430
1454740 430
1454750 430
1454760 430
1454770 430
1454780 430
1454790 430
1454800 430
1454810 430
1454820 430
1454830 430
1454840 431
1454850 431
1454860 432
1454870 433
1454880 433
1454890 434
1454900 435
1454910 435
1454920 436
1454930 438
1454940 438
1454950 438
1454960 439
1454970 439
1454980 439
1454990 440
1455000 440
1455010 440
1455020 440
1455030 440
1455040 441
1455050 441
1455060 441
1455070 441
1455080 441
1455090 441
1455100 442
1455110 442
1455120 442
1455130 442
1455140 442
1455150 442
1455160 442
1455170 442
1455180 442
1455190 442
1455200 442
1455210 442
1455220 442
1455230 442
1455240 442
1455250 442
1455260 442
1455270 442
1455280 442
1455290 443
1455300 443
1455310 443
1455320 443
1455330 443
1455340 443
1455350 442
1455360 442
1455370 442
1455380 442
1455390 442
1455400 442
1455410 442
1455420 442
1455430 442
1455440 442
1455450 442
1455460 442
1455470 441
1455480 441
1455490 441
1455500 441
1455510 441
1455520 441
1455530 440
1455540 440
1455550 440
1455560 440
1455570 440
1455580 439
1455590 439
1455600 439
1455610 438
1455620 438
1455630 438
1455640 437
1455650 437
1455660 437
1455670 436
1455680 436
1455690 436
1455700 436
1455710 436
1455720 436
1455730 436
1455740 436
1455750 436
1455760 437
1455770 437
1455780 437
1455790 438
1455800 438
1455810 438
1455820 439
1455830 440
1455840 440
1455850 441
1455860 441
1455870 441
1455880 442
1455890 442
1455900 442
1455910 442
1455920 442
1455930 442
1455940 443
1455950 443
1455960 443
1455970 443
1455980 443
1455990 443
1456000 443
1456010 443
1456020 443
1456030 443
1456040 443
1456050 443
1456060 442
1456070 441
1456080 441
1456090 440
1456100 438
1456110 438
1456120 437
1456130 436
1456140 436
1456150 435
1456160 434
1456170 434
1456180 434
1456190 434
1456200 434
1456210 434
1456220 434
1456230 434
1456240 433
1456250 433
1456260 433
1456270 432
1456280 431
1456290 431
1456300 430
1456310 429
1456320 429
1456330 428
1456340 428
1456350 428
1456360 427
1456370 427
1456380 427
1456390 427
1456400 426
1456410 426
1456420 426
1456430 426
1456440 425
1456450 425
1456460 425
1456470 425
1456480 425
1456490 424
1456500 424
1456510 424
1456520 424
1456530 424
1456540 424
1456550 424
1456560 423
1456570 423
1456580 423
1456590 423
1456600 423
1456610 424
1456620 424
1456630 424
1456640 424
1456650 423
1456660 423
1456670 423
1456680 424
1456690 424
1456700 424
1456710 424
1456720 424
1456730 424
1456740 425
1456750 425
1456760 425
1456770 425
1456780 425
1456790 425
1456800 425
1456810 425
1456820 425
1456830 425
1456840 425
1456850 425
1456860 425
1456870 425
1456880 426
1456890 426
1456900 426
1456910 425
1456920 425
1456930 425
1456940 425
1456950 425
1456960 425
1456970 425
1456980 425
1456990 425
1457000 426
1457010 426
1457020 426
1457030 427
1457040 428
1457050 428
1457060 428
1457070 428
1457080 428
1457090 428
1457100 428
1457110 428
1457120 428
1457130 428
1457140 428
1457150 428
1457160 428
1457170 428
1457180 428
1457190 428
1457200 428
1457210 428
1457220 427
1457230 427
1457240 427
1457250 427
1457260 427
1457270 427
1457280 427
1457290 427
1457300 427
1457310 427
1457320 427
1457330 428
1457340 428
1457350 428
1457360 429
1457370 429
1457380 429
1457390 429
1457400 430
1457410 430
1457420 431
1457430 432
1457440 432
1457450 434
1457460 437
1457470 437
1457480 440
1457490 444
1457500 444
1457510 447
1457520 451
1457530 451
1457540 455
1457550 457
1457560 457
1457570 459
1457580 463
1457590 463
1457600 469
1457610 473
1457620 473
1457630 475
1457640 476
1457650 476
1457660 478
1457670 479
1457680 479
1457690 480
1457700 480
1457710 480
1457720 480
1457730 480
1457740 480
1457750 480
1457760 480
1457770 480
1457780 480
1457790 479
1457800 479
1457810 479
1457820 478
1457830 478
1457840 478
1457850 477
1457860 477
1457870 476
1457880 475
1457890 475
1457900 472
1457910 469
1457920 469
1457930 467
1457940 466
1457950 466
1457960 467
1457970 467
1457980 467
1457990 467
1458000 468
1458010 468
1458020 469
1458030 470
1458040 470
1458050 471
1458060 471
1458070 471
1458080 471
1458090 471
1458100 471
1458110 471
1458120 472
1458130 472
1458140 473
1458150 475
1458160 475
1458170 476
1458180 476
1458190 476
1458200 477
1458210 478
1458220 478
1458230 479
1458240 480
1458250 480
1458260 481
1458270 482
1458280 483
1458290 483
1458300 484
1458310 485
1458320 485
1458330 486
1458340 486
1458350 486
1458360 487
1458370 488
1458380 488
1458390 488
1458400 488
1458410 488
1458420 489
1458430 489
1458440 489
1458450 489
1458460 490
1458470 490
1458480 490
1458490 490
1458500 490
1458510 491
1458520 491
1458530 491
1458540 491
1458550 491
1458560 491
1458570 491
1458580 491
1458590 491
1458600 491
1458610 492
1458620 492
1458630 492
1458640 492
1458650 492
1458660 491
1458670 491
1458680 491
1458690 491
1458700 491
1458710 491
1458720 491
1458730 491
1458740 491
1458750 491
1458760 491
1458770 491
1458780 491
1458790 491
1458800 491
1458810 490
1458820 490
1458830 490
1458840 490
1458850 490
1458860 490
1458870 489
1458880 489
1458890 489
1458900 488
1458910 488
1458920 488
1458930 487
1458940 487
1458950 487
1458960 486
1458970 486
1458980 486
1458990 485
1459000 485
1459010 485
1459020 484
1459030 484
1459040 484
1459050 484
1459060 484
1459070 484
1459080 483
1459090 483
1459100 483
1459110 482
1459120 482
1459130 482
1459140 481
1459150 480
1459160 480
1459170 480
1459180 479
1459190 479
1459200 479
1459210 479
1459220 479
1459230 478
1459240 478
1459250 478
1459260 477
1459270 476
1459280 476
1459290 476
1459300 476
1459310 476
1459320 477
1459330 477
1459340 477
1459350 477
1459360 478
1459370 478
1459380 478
1459390 479
1459400 479
1459410 479
1459420 479
1459430 479
1459440 480
1459450 480
1459460 480
1459470 480
1459480 480
1459490 480
1459500 480
1459510 481
1459520 481
1459530 481
1459540 480
1459550 480
1459560 480
1459570 480
1459580 480
1459590 480
1459600 480
1459610 480
1459620 479
1459630 479
1459640 479
1459650 479
1459660 478
1459670 478
1459680 478
1459690 477
1459700 477
1459710 477
1459720 477
1459730 477
1459740 476
1459750 476
1459760 476
1459770 475
1459780 474
1459790 474
1459800 474
1459810 473
1459820 473
1459830 472
1459840 471
1459850 471
1459860 470
1459870 468
1459880 468
1459890 466
1459900 469
1459910 469
1459920 471
1459930 472
1459940 472
1459950 473
1459960 473
1459970 473
1459980 474
1459990 474
