1440000 465
1440010 465
1440020 465
1440030 465
1440040 465
1440050 466
1440060 466
1440070 466
1440080 466
1440090 466
1440100 466
1440110 466
1440120 466
1440130 466
1440140 466
1440150 466
1440160 466
1440170 466
1440180 466
1440190 466
1440200 466
1440210 466
1440220 466
1440230 466
1440240 466
1440250 466
1440260 466
1440270 466
1440280 466
1440290 466
1440300 466
1440310 466
1440320 466
1440330 466
1440340 466
1440350 467
1440360 467
1440370 467
1440380 467
1440390 467
1440400 467
1440410 467
1440420 467
1440430 467
1440440 467
1440450 467
1440460 467
1440470 467
1440480 467
1440490 467
1440500 467
1440510 467
1440520 467
1440530 467
1440540 467
1440550 467
1440560 467
1440570 467
1440580 467
1440590 468
1440600 468
1440610 468
1440620 468
1440630 468
1440640 468
1440650 468
1440660 468
1440670 468
1440680 468
1440690 468
1440700 468
1440710 468
1440720 467
1440730 467
1440740 467
1440750 467
1440760 467
1440770 466
1440780 466
1440790 466
1440800 465
1440810 463
1440820 463
1440830 461
1440840 458
1440850 458
1440860 457
1440870 458
1440880 458
1440890 461
1440900 462
1440910 462
1440920 462
1440930 461
1440940 461
1440950 460
1440960 459
1440970 459
1440980 456
1440990 454
1441000 454
1441010 453
1441020 453
1441030 453
1441040 453
1441050 455
1441060 455
1441070 458
1441080 460
1441090 460
1441100 465
1441110 467
1441120 467
1441130 468
1441140 468
1441150 468
1441160 468
1441170 469
1441180 469
1441190 469
1441200 469
1441210 469
1441220 470
1441230 470
1441240 470
1441250 470
1441260 470
1441270 470
1441280 470
1441290 470
1441300 470
1441310 470
1441320 470
1441330 470
1441340 470
1441350 471
1441360 471
1441370 471
1441380 471
1441390 471
1441400 472
1441410 472
1441420 472
1441430 472
1441440 472
1441450 472
1441460 473
1441470 473
1441480 473
1441490 473
1441500 474
1441510 474
1441520 474
1441530 474
1441540 474
1441550 474
1441560 475
1441570 475
1441580 475
1441590 475
1441600 475
1441610 475
1441620 476
1441630 476
1441640 476
1441650 476
1441660 476
1441670 477
1441680 477
1441690 477
1441700 477
1441710 477
1441720 477
1441730 477
1441740 477
1441750 477
1441760 478
1441770 478
1441780 478
1441790 478
1441800 478
1441810 478
1441820 478
1441830 479
1441840 479
1441850 479
1441860 479
1441870 479
1441880 479
1441890 478
1441900 478
1441910 478
1441920 478
1441930 478
1441940 477
1441950 478
1441960 478
1441970 478
1441980 477
1441990 477
1442000 477
1442010 476
1442020 476
1442030 476
1442040 475
1442050 475
1442060 475
1442070 475
1442080 475
1442090 475
1442100 475
1442110 474
1442120 474
1442130 474
1442140 474
1442150 474
1442160 474
1442170 474
1442180 474
1442190 474
1442200 474
1442210 474
1442220 474
1442230 474
1442240 474
1442250 474
1442260 474
1442270 474
1442280 474
1442290 474
1442300 474
1442310 473
1442320 473
1442330 473
1442340 473
1442350 473
1442360 473
1442370 472
1442380 472
1442390 472
1442400 472
1442410 472
1442420 472
1442430 472
1442440 472
1442450 472
1442460 471
1442470 471
1442480 471
1442490 471
1442500 471
1442510 471
1442520 471
1442530 471
1442540 471
1442550 471
1442560 470
1442570 470
1442580 470
1442590 470
1442600 470
1442610 470
1442620 470
1442630 470
1442640 470
1442650 470
1442660 470
1442670 470
1442680 470
1442690 470
1442700 470
1442710 470
1442720 470
1442730 470
1442740 470
1442750 470
1442760 470
1442770 470
1442780 470
1442790 469
1442800 469
1442810 469
1442820 469
1442830 469
1442840 469
1442850 469
1442860 469
1442870 469
1442880 469
1442890 469
1442900 469
1442910 469
1442920 469
1442930 469
1442940 470
1442950 470
1442960 470
1442970 470
1442980 470
1442990 470
1443000 470
1443010 470
1443020 470
1443030 470
1443040 470
1443050 470
1443060 470
1443070 470
1443080 470
1443090 470
1443100 470
1443110 470
1443120 470
1443130 470
1443140 470
1443150 469
1443160 469
1443170 469
1443180 469
1443190 469
1443200 469
1443210 469
1443220 469
1443230 469
1443240 469
1443250 469
1443260 469
1443270 469
1443280 469
1443290 469
1443300 469
1443310 469
1443320 469
1443330 469
1443340 469
1443350 469
1443360 469
1443370 469
1443380 469
1443390 469
1443400 469
1443410 469
1443420 469
1443430 469
1443440 469
1443450 468
1443460 468
1443470 468
1443480 468
1443490 468
1443500 468
1443510 467
1443520 467
1443530 467
1443540 467
1443550 467
1443560 467
1443570 467
1443580 467
1443590 467
1443600 468
1443610 468
1443620 468
1443630 469
1443640 469
1443650 469
1443660 470
1443670 471
1443680 471
1443690 471
1443700 472
1443710 472
1443720 473
1443730 473
1443740 473
1443750 474
1443760 475
1443770 476
1443780 476
1443790 476
1443800 477
1443810 477
1443820 477
1443830 477
1443840 477
1443850 478
1443860 478
1443870 478
1443880 479
1443890 479
1443900 479
1443910 480
1443920 480
1443930 480
1443940 480
1443950 481
1443960 481
1443970 481
1443980 481
1443990 481
1444000 481
1444010 481
1444020 481
1444030 482
1444040 482
1444050 482
1444060 482
1444070 482
1444080 482
1444090 482
1444100 482
1444110 482
1444120 482
1444130 482
1444140 482
1444150 482
1444160 482
1444170 482
1444180 482
1444190 482
1444200 482
1444210 482
1444220 483
1444230 483
1444240 483
1444250 483
1444260 483
1444270 483
1444280 483
1444290 483
1444300 483
1444310 483
1444320 483
1444330 482
1444340 482
1444350 482
1444360 482
1444370 481
1444380 481
1444390 481
1444400 481
1444410 481
1444420 480
1444430 480
1444440 480
1444450 480
1444460 480
1444470 480
1444480 480
1444490 480
1444500 480
1444510 480
1444520 481
1444530 481
1444540 481
1444550 481
1444560 481
1444570 481
1444580 481
1444590 481
1444600 481
1444610 481
1444620 481
1444630 481
1444640 480
1444650 480
1444660 480
1444670 480
1444680 480
1444690 479
1444700 479
1444710 479
1444720 478
1444730 478
1444740 478
1444750 478
1444760 477
1444770 477
1444780 477
1444790 477
1444800 477
1444810 476
1444820 476
1444830 476
1444840 476
1444850 476
1444860 476
1444870 476
1444880 475
1444890 475
1444900 475
1444910 475
1444920 475
1444930 475
1444940 475
1444950 475
1444960 475
1444970 474
1444980 474
1444990 474
1445000 475
1445010 475
1445020 475
1445030 476
1445040 476
1445050 476
1445060 477
1445070 477
1445080 477
1445090 478
1445100 478
1445110 479
1445120 479
1445130 479
1445140 480
1445150 481
1445160 481
1445170 481
1445180 481
1445190 481
1445200 482
1445210 482
1445220 482
1445230 483
1445240 483
1445250 483
1445260 484
1445270 484
1445280 484
1445290 485
1445300 485
1445310 485
1445320 486
1445330 486
1445340 486
1445350 486
1445360 487
1445370 487
1445380 487
1445390 487
1445400 487
1445410 488
1445420 488
1445430 488
1445440 488
1445450 488
1445460 488
1445470 488
1445480 489
1445490 489
1445500 489
1445510 489
1445520 489
1445530 489
1445540 489
1445550 489
1445560 488
1445570 488
1445580 487
1445590 487
1445600 487
1445610 487
1445620 487
1445630 486
1445640 486
1445650 486
1445660 485
1445670 485
1445680 485
1445690 484
1445700 483
1445710 483
1445720 482
1445730 482
1445740 482
1445750 481
1445760 481
1445770 481
1445780 480
1445790 480
1445800 480
1445810 479
1445820 479
1445830 479
1445840 478
1445850 478
1445860 478
1445870 477
1445880 477
1445890 477
1445900 477
1445910 476
1445920 476
1445930 476
1445940 475
1445950 475
1445960 475
1445970 474
1445980 474
1445990 474
1446000 474
1446010 474
1446020 473
1446030 473
1446040 473
1446050 472
1446060 472
1446070 472
1446080 472
1446090 471
1446100 471
1446110 471
1446120 470
1446130 470
1446140 470
1446150 469
1446160 469
1446170 469
1446180 468
1446190 468
1446200 468
1446210 467
1446220 467
1446230 466
1446240 465
1446250 465
1446260 465
1446270 464
1446280 464
1446290 463
1446300 462
1446310 462
1446320 462
1446330 461
1446340 461
1446350 461
1446360 460
1446370 460
1446380 460
1446390 459
1446400 459
1446410 459
1446420 459
1446430 459
1446440 459
1446450 459
1446460 459
1446470 459
1446480 458
1446490 458
1446500 458
1446510 458
1446520 458
1446530 458
1446540 458
1446550 458
1446560 458
1446570 458
1446580 458
1446590 458
1446600 458
1446610 458
1446620 458
1446630 458
1446640 458
1446650 458
1446660 458
1446670 458
1446680 459
1446690 459
1446700 459
1446710 459
1446720 459
1446730 459
1446740 459
1446750 458
1446760 458
1446770 458
1446780 458
1446790 458
1446800 458
1446810 458
1446820 458
1446830 458
1446840 457
1446850 457
1446860 457
1446870 457
1446880 457
1446890 457
1446900 456
1446910 456
1446920 457
1446930 457
1446940 457
1446950 457
1446960 456
1446970 456
1446980 456
1446990 456
1447000 456
1447010 455
1447020 455
1447030 455
1447040 455
1447050 455
1447060 455
1447070 455
1447080 455
1447090 455
1447100 455
1447110 455
1447120 455
1447130 456
1447140 457
1447150 457
1447160 457
1447170 457
1447180 457
1447190 457
1447200 457
1447210 457
1447220 458
1447230 458
1447240 458
1447250 459
1447260 460
1447270 460
1447280 460
1447290 462
1447300 462
1447310 462
1447320 462
1447330 462
1447340 463
1447350 464
1447360 464
1447370 464
1447380 465
1447390 465
1447400 466
1447410 468
1447420 469
1447430 469
1447440 471
1447450 473
1447460 473
1447470 475
1447480 477
1447490 477
1447500 479
1447510 480
1447520 480
1447530 482
1447540 484
1447550 484
1447560 486
1447570 487
1447580 487
1447590 488
1447600 489
1447610 489
1447620 490
1447630 491
1447640 491
1447650 492
1447660 492
1447670 492
1447680 493
1447690 493
1447700 493
1447710 494
1447720 494
1447730 494
1447740 494
1447750 494
1447760 494
1447770 494
1447780 493
1447790 493
1447800 493
1447810 492
1447820 492
1447830 492
1447840 491
1447850 491
1447860 491
1447870 490
1447880 490
1447890 489
1447900 488
1447910 488
1447920 487
1447930 486
1447940 486
1447950 484
1447960 483
1447970 483
1447980 482
1447990 481
1448000 481
1448010 479
1448020 478
1448030 478
1448040 477
1448050 476
1448060 476
1448070 475
1448080 474
1448090 474
1448100 473
1448110 472
1448120 472
1448130 471
1448140 469
1448150 469
1448160 468
1448170 467
1448180 467
1448190 467
1448200 466
1448210 466
1448220 465
1448230 465
1448240 465
1448250 464
1448260 463
1448270 463
1448280 462
1448290 461
1448300 461
1448310 460
1448320 459
1448330 459
1448340 457
1448350 456
1448360 456
1448370 454
1448380 452
1448390 452
1448400 450
1448410 447
1448420 447
1448430 447
1448440 445
1448450 445
1448460 444
1448470 444
1448480 444
1448490 443
1448500 443
1448510 443
1448520 442
1448530 441
1448540 441
1448550 440
1448560 440
1448570 440
1448580 439
1448590 439
1448600 439
1448610 442
1448620 443
1448630 443
1448640 443
1448650 443
1448660 443
1448670 443
1448680 443
1448690 443
1448700 443
1448710 444
1448720 444
1448730 446
1448740 446
1448750 446
1448760 447
1448770 448
1448780 448
1448790 450
1448800 451
1448810 451
1448820 453
1448830 455
1448840 455
1448850 458
1448860 460
1448870 460
1448880 462
1448890 464
1448900 464
1448910 466
1448920 468
1448930 468
1448940 470
1448950 472
1448960 472
1448970 474
1448980 476
1448990 476
1449000 479
1449010 481
1449020 481
1449030 482
1449040 484
1449050 484
1449060 486
1449070 487
1449080 487
1449090 488
1449100 489
1449110 489
1449120 490
1449130 491
1449140 491
1449150 491
1449160 492
1449170 492
1449180 493
1449190 493
1449200 493
1449210 493
1449220 494
1449230 494
1449240 494
1449250 495
1449260 495
1449270 495
1449280 495
1449290 495
1449300 495
1449310 494
1449320 494
1449330 494
1449340 494
1449350 493
1449360 493
1449370 493
1449380 492
1449390 492
1449400 491
1449410 490
1449420 490
1449430 489
1449440 488
1449450 488
1449460 487
1449470 486
1449480 486
1449490 485
1449500 483
1449510 483
1449520 482
1449530 481
1449540 481
1449550 480
1449560 479
1449570 479
1449580 479
1449590 478
1449600 478
1449610 477
1449620 476
1449630 476
1449640 476
1449650 475
1449660 475
1449670 475
1449680 474
1449690 474
1449700 473
1449710 473
1449720 473
1449730 472
1449740 472
1449750 472
1449760 471
1449770 470
1449780 470
1449790 469
1449800 468
1449810 468
1449820 468
1449830 467
1449840 467
1449850 467
1449860 467
1449870 467
1449880 468
1449890 468
1449900 468
1449910 469
1449920 469
1449930 469
1449940 470
1449950 471
1449960 471
1449970 472
1449980 473
1449990 473
1450000 474
1450010 475
1450020 475
1450030 476
1450040 477
1450050 477
1450060 478
1450070 479
1450080 479
1450090 479
1450100 480
1450110 480
1450120 480
1450130 481
1450140 481
1450150 481
1450160 481
1450170 481
1450180 482
1450190 482
1450200 482
1450210 482
1450220 482
1450230 482
1450240 482
1450250 482
1450260 482
1450270 482
1450280 482
1450290 482
1450300 481
1450310 481
1450320 481
1450330 480
1450340 480
1450350 480
1450360 480
1450370 479
1450380 479
1450390 478
1450400 478
1450410 478
1450420 477
1450430 476
1450440 476
1450450 476
1450460 475
1450470 475
1450480 474
1450490 473
1450500 473
1450510 472
1450520 471
1450530 471
1450540 469
1450550 468
1450560 468
1450570 467
1450580 466
1450590 466
1450600 465
1450610 465
1450620 465
1450630 464
1450640 464
1450650 464
1450660 464
1450670 464
1450680 464
1450690 464
1450700 464
1450710 464
1450720 464
1450730 463
1450740 463
1450750 462
1450760 462
1450770 462
1450780 460
1450790 459
1450800 459
1450810 459
1450820 458
1450830 458
1450840 457
1450850 456
1450860 456
1450870 456
1450880 456
1450890 456
1450900 455
1450910 454
1450920 454
1450930 454
1450940 453
1450950 453
1450960 453
1450970 453
1450980 453
1450990 453
1451000 454
1451010 454
1451020 454
1451030 455
1451040 457
1451050 457
1451060 459
1451070 461
1451080 461
1451090 463
1451100 463
1451110 463
1451120 464
1451130 464
1451140 464
1451150 464
1451160 463
1451170 463
1451180 463
1451190 462
1451200 462
1451210 461
1451220 460
1451230 460
1451240 459
1451250 458
1451260 458
1451270 457
1451280 457
1451290 457
1451300 457
1451310 457
1451320 457
1451330 456
1451340 456
1451350 456
1451360 456
1451370 455
1451380 455
1451390 455
1451400 455
1451410 455
1451420 455
1451430 454
1451440 454
1451450 454
1451460 454
1451470 454
1451480 453
1451490 455
1451500 455
1451510 454
1451520 454
1451530 454
1451540 453
1451550 452
1451560 452
1451570 451
1451580 450
1451590 450
1451600 449
1451610 448
1451620 448
1451630 447
1451640 446
1451650 446
1451660 446
1451670 445
1451680 445
1451690 445
1451700 444
1451710 444
1451720 443
1451730 442
1451740 442
1451750 442
1451760 442
1451770 442
1451780 442
1451790 442
1451800 442
1451810 444
1451820 446
1451830 446
1451840 447
1451850 448
1451860 448
1451870 448
1451880 449
1451890 449
1451900 449
1451910 450
1451920 450
1451930 450
1451940 450
1451950 450
1451960 450
1451970 450
1451980 450
1451990 451
1452000 451
1452010 451
1452020 451
1452030 451
1452040 451
1452050 451
1452060 451
1452070 451
1452080 451
1452090 451
1452100 451
1452110 451
1452120 451
1452130 451
1452140 452
1452150 452
1452160 452
1452170 453
1452180 453
1452190 453
1452200 454
1452210 454
1452220 454
1452230 455
1452240 457
1452250 457
1452260 458
1452270 459
1452280 459
1452290 460
1452300 461
1452310 461
1452320 461
1452330 462
1452340 462
1452350 462
1452360 463
1452370 463
1452380 463
1452390 463
1452400 463
1452410 464
1452420 464
1452430 464
1452440 464
1452450 463
1452460 463
1452470 463
1452480 462
1452490 462
1452500 462
1452510 461
1452520 461
1452530 461
1452540 460
1452550 460
1452560 460
1452570 459
1452580 459
1452590 459
1452600 458
1452610 458
1452620 458
1452630 457
1452640 457
1452650 456
1452660 455
1452670 455
1452680 455
1452690 454
1452700 454
1452710 454
1452720 453
1452730 453
1452740 452
1452750 452
1452760 452
1452770 451
1452780 450
1452790 450
1452800 449
1452810 447
1452820 447
1452830 445
1452840 443
1452850 443
1452860 440
1452870 439
1452880 439
1452890 439
1452900 439
1452910 442
1452920 442
1452930 448
1452940 452
1452950 452
1452960 454
1452970 455
1452980 455
1452990 457
1453000 458
1453010 458
1453020 460
1453030 461
1453040 461
1453050 463
1453060 464
1453070 464
1453080 466
1453090 467
1453100 467
1453110 468
1453120 469
1453130 469
1453140 470
1453150 471
1453160 471
1453170 471
1453180 472
1453190 472
1453200 472
1453210 473
1453220 473
1453230 472
1453240 472
1453250 472
1453260 472
1453270 471
1453280 471
1453290 470
1453300 470
1453310 470
1453320 469
1453330 469
1453340 469
1453350 468
1453360 467
1453370 467
1453380 467
1453390 466
1453400 466
1453410 466
1453420 465
1453430 465
1453440 465
1453450 464
1453460 464
1453470 464
1453480 463
1453490 463
1453500 462
1453510 462
1453520 462
1453530 461
1453540 460
1453550 460
1453560 459
1453570 458
1453580 458
1453590 457
1453600 455
1453610 455
1453620 454
1453630 452
1453640 452
1453650 450
1453660 449
1453670 449
1453680 447
1453690 445
1453700 445
1453710 443
1453720 441
1453730 441
1453740 439
1453750 438
1453760 438
1453770 437
1453780 437
1453790 437
1453800 436
1453810 436
1453820 436
1453830 436
1453840 435
1453850 435
1453860 436
1453870 436
1453880 436
1453890 437
1453900 437
1453910 437
1453920 438
1453930 438
1453940 438
1453950 438
1453960 439
1453970 439
1453980 439
1453990 439
1454000 439
1454010 439
1454020 439
1454030 439
1454040 439
1454050 440
1454060 440
1454070 440
1454080 440
1454090 440
1454100 440
1454110 440
1454120 440
1454130 440
1454140 440
1454150 440
1454160 439
1454170 439
1454180 439
1454190 439
1454200 438
1454210 438
1454220 438
1454230 437
1454240 437
1454250 437
1454260 436
1454270 436
1454280 435
1454290 434
1454300 434
1454310 433
1454320 432
1454330 432
1454340 432
1454350 431
1454360 431
1454370 431
1454380 430
1454390 430
1454400 430
1454410 429
1454420 429
1454430 429
1454440 429
1454450 429
1454460 429
1454470 429
1454480 429
1454490 429
1454500 430
1454510 430
1454520 430
1454530 430
1454540 430
1454550 430
1454560 430
1454570 430
1454580 431
1454590 432
1454600 432
1454610 433
1454620 435
1454630 435
1454640 436
1454650 436
1454660 436
1454670 436
1454680 436
1454690 436
1454700 435
1454710 434
1454720 433
1454730 433
1454740 433
1454750 432
1454760 432
1454770 432
1454780 431
1454790 431
1454800 431
1454810 431
1454820 431
1454830 430
1454840 430
1454850 430
1454860 431
1454870 431
1454880 431
1454890 431
1454900 432
1454910 432
1454920 433
1454930 434
1454940 434
1454950 435
1454960 436
1454970 436
1454980 437
1454990 438
1455000 438
1455010 438
1455020 439
1455030 439
1455040 439
1455050 440
1455060 440
1455070 440
1455080 441
1455090 441
1455100 441
1455110 441
1455120 441
1455130 441
1455140 442
1455150 442
1455160 442
1455170 442
1455180 442
1455190 442
1455200 442
1455210 442
1455220 442
1455230 443
1455240 443
1455250 443
1455260 443
1455270 443
1455280 443
1455290 443
1455300 443
1455310 443
1455320 443
1455330 443
1455340 443
1455350 443
1455360 443
1455370 443
1455380 443
1455390 443
1455400 443
1455410 443
1455420 443
1455430 443
1455440 443
1455450 443
1455460 443
1455470 442
1455480 442
1455490 442
1455500 442
1455510 442
1455520 442
1455530 441
1455540 441
1455550 441
1455560 441
1455570 441
1455580 441
1455590 441
1455600 441
1455610 440
1455620 440
1455630 440
1455640 439
1455650 439
1455660 439
1455670 439
1455680 438
1455690 438
1455700 438
1455710 438
1455720 438
1455730 438
1455740 437
1455750 437
1455760 437
1455770 437
1455780 437
1455790 437
1455800 437
1455810 437
1455820 438
1455830 438
1455840 438
1455850 439
1455860 439
1455870 439
1455880 439
1455890 439
1455900 439
1455910 440
1455920 441
1455930 441
1455940 441
1455950 441
1455960 441
1455970 442
1455980 442
1455990 442
1456000 442
1456010 443
1456020 443
1456030 443
1456040 443
1456050 443
1456060 443
1456070 443
1456080 443
1456090 443
1456100 443
1456110 443
1456120 443
1456130 443
1456140 443
1456150 442
1456160 441
1456170 441
1456180 440
1456190 438
1456200 438
1456210 437
1456220 436
1456230 436
1456240 436
1456250 435
1456260 435
1456270 434
1456280 434
1456290 434
1456300 433
1456310 433
1456320 433
1456330 432
1456340 431
1456350 431
1456360 431
1456370 430
1456380 430
1456390 429
1456400 429
1456410 429
1456420 428
1456430 427
1456440 427
1456450 427
1456460 426
1456470 426
1456480 426
1456490 426
1456500 426
1456510 425
1456520 425
1456530 425
1456540 425
1456550 425
1456560 424
1456570 424
1456580 424
1456590 424
1456600 424
1456610 424
1456620 424
1456630 424
1456640 424
1456650 424
1456660 424
1456670 425
1456680 425
1456690 425
1456700 425
1456710 425
1456720 425
1456730 425
1456740 425
1456750 425
1456760 425
1456770 425
1456780 425
1456790 425
1456800 425
1456810 425
1456820 425
1456830 426
1456840 426
1456850 425
1456860 425
1456870 425
1456880 425
1456890 425
1456900 425
1456910 425
1456920 425
1456930 425
1456940 425
1456950 425
1456960 425
1456970 425
1456980 425
1456990 425
1457000 426
1457010 427
1457020 427
1457030 427
1457040 428
1457050 428
1457060 428
1457070 428
1457080 428
1457090 428
1457100 428
1457110 428
1457120 428
1457130 428
1457140 428
1457150 428
1457160 428
1457170 428
1457180 428
1457190 428
1457200 428
1457210 428
1457220 428
1457230 428
1457240 428
1457250 428
1457260 428
1457270 428
1457280 427
1457290 427
1457300 427
1457310 427
1457320 427
1457330 427
1457340 428
1457350 428
1457360 428
1457370 428
1457380 428
1457390 429
1457400 429
1457410 429
1457420 429
1457430 430
1457440 430
1457450 430
1457460 431
1457470 431
1457480 432
1457490 434
1457500 434
1457510 435
1457520 436
1457530 436
1457540 438
1457550 441
1457560 441
1457570 445
1457580 449
1457590 449
1457600 453
1457610 458
1457620 458
1457630 463
1457640 468
1457650 468
1457660 470
1457670 472
1457680 472
1457690 473
1457700 474
1457710 474
1457720 475
1457730 475
1457740 475
1457750 475
1457760 475
1457770 475
1457780 475
1457790 475
1457800 475
1457810 475
1457820 475
1457830 475
1457840 474
1457850 473
1457860 473
1457870 473
1457880 472
1457890 472
1457900 471
1457910 469
1457920 469
1457930 467
1457940 464
1457950 464
1457960 462
1457970 459
1457980 459
1457990 458
1458000 458
1458010 458
1458020 459
1458030 460
1458040 460
1458050 460
1458060 461
1458070 461
1458080 461
1458090 462
1458100 462
1458110 464
1458120 465
1458130 465
1458140 465
1458150 467
1458160 467
1458170 469
1458180 470
1458190 470
1458200 472
1458210 473
1458220 473
1458230 474
1458240 475
1458250 475
1458260 477
1458270 478
1458280 478
1458290 479
1458300 480
1458310 480
1458320 482
1458330 483
1458340 483
1458350 484
1458360 485
1458370 486
1458380 486
1458390 486
1458400 487
1458410 487
1458420 488
1458430 488
1458440 488
1458450 489
1458460 489
1458470 489
1458480 489
1458490 490
1458500 490
1458510 490
1458520 490
1458530 490
1458540 490
1458550 491
1458560 491
1458570 491
1458580 491
1458590 491
1458600 491
1458610 491
1458620 491
1458630 491
1458640 491
1458650 491
1458660 491
1458670 491
1458680 491
1458690 491
1458700 491
1458710 491
1458720 491
1458730 491
1458740 491
1458750 491
1458760 491
1458770 491
1458780 491
1458790 491
1458800 491
1458810 491
1458820 490
1458830 490
1458840 490
1458850 490
1458860 490
1458870 490
1458880 489
1458890 489
1458900 489
1458910 489
1458920 489
1458930 488
1458940 488
1458950 488
1458960 488
1458970 487
1458980 487
1458990 487
1459000 487
1459010 487
1459020 486
1459030 486
1459040 486
1459050 486
1459060 485
1459070 485
1459080 485
1459090 484
1459100 484
1459110 484
1459120 483
1459130 483
1459140 482
1459150 482
1459160 482
1459170 481
1459180 480
1459190 480
1459200 480
1459210 479
1459220 479
1459230 478
1459240 478
1459250 478
1459260 477
1459270 477
1459280 477
1459290 478
1459300 478
1459310 478
1459320 479
1459330 479
1459340 479
1459350 479
1459360 480
1459370 480
1459380 480
1459390 480
1459400 480
1459410 481
1459420 481
1459430 481
1459440 481
1459450 481
1459460 481
1459470 481
1459480 481
1459490 481
1459500 481
1459510 481
1459520 481
1459530 481
1459540 481
1459550 481
1459560 480
1459570 480
1459580 480
1459590 480
1459600 479
1459610 479
1459620 479
1459630 479
1459640 479
1459650 478
1459660 478
1459670 478
1459680 477
1459690 476
1459700 476
1459710 476
1459720 475
1459730 475
1459740 475
1459750 474
1459760 474
1459770 474
1459780 473
1459790 473
1459800 472
1459810 471
1459820 471
1459830 469
1459840 468
1459850 468
1459860 468
1459870 469
1459880 469
1459890 468
1459900 469
1459910 469
1459920 471
1459930 472
1459940 472
1459950 473
1459960 474
1459970 474
1459980 475
1459990 475
