1440000 462
1440010 462
1440020 462
1440030 462
1440040 461
1440050 461
1440060 461
1440070 461
1440080 461
1440090 461
1440100 461
1440110 461
1440120 461
1440130 461
1440140 461
1440150 461
1440160 461
1440170 461
1440180 461
1440190 461
1440200 461
1440210 461
1440220 461
1440230 461
1440240 461
1440250 461
1440260 461
1440270 461
1440280 461
1440290 461
1440300 461
1440310 461
1440320 461
1440330 461
1440340 461
1440350 461
1440360 461
1440370 461
1440380 461
1440390 461
1440400 461
1440410 461
1440420 460
1440430 460
1440440 460
1440450 460
1440460 460
1440470 460
1440480 460
1440490 460
1440500 460
1440510 460
1440520 459
1440530 459
1440540 459
1440550 459
1440560 459
1440570 459
1440580 458
1440590 458
1440600 458
1440610 458
1440620 458
1440630 458
1440640 458
1440650 458
1440660 458
1440670 458
1440680 458
1440690 458
1440700 458
1440710 458
1440720 458
1440730 457
1440740 457
1440750 457
1440760 458
1440770 458
1440780 458
1440790 458
1440800 458
1440810 459
1440820 459
1440830 459
1440840 458
1440850 458
1440860 458
1440870 459
1440880 459
1440890 459
1440900 459
1440910 459
1440920 459
1440930 459
1440940 459
1440950 459
1440960 459
1440970 459
1440980 459
1440990 459
1441000 459
1441010 459
1441020 459
1441030 458
1441040 458
1441050 459
1441060 459
1441070 459
1441080 458
1441090 458
1441100 458
1441110 458
1441120 458
1441130 458
1441140 458
1441150 458
1441160 458
1441170 458
1441180 458
1441190 458
1441200 458
1441210 458
1441220 458
1441230 458
1441240 458
1441250 458
1441260 458
1441270 458
1441280 458
1441290 458
1441300 458
1441310 458
1441320 458
1441330 459
1441340 459
1441350 459
1441360 459
1441370 459
1441380 459
1441390 459
1441400 459
1441410 459
1441420 459
1441430 459
1441440 459
1441450 459
1441460 459
1441470 459
1441480 459
1441490 460
1441500 460
1441510 460
1441520 460
1441530 460
1441540 460
1441550 460
1441560 460
1441570 459
1441580 459
1441590 459
1441600 459
1441610 459
1441620 459
1441630 460
1441640 460
1441650 460
1441660 460
1441670 459
1441680 459
1441690 459
1441700 459
1441710 459
1441720 459
1441730 459
1441740 459
1441750 459
1441760 459
1441770 459
1441780 459
1441790 459
1441800 459
1441810 459
1441820 459
1441830 459
1441840 458
1441850 458
1441860 458
1441870 458
1441880 457
1441890 457
1441900 457
1441910 458
1441920 458
1441930 458
1441940 459
1441950 459
1441960 459
1441970 459
1441980 459
1441990 460
1442000 460
1442010 460
1442020 460
1442030 460
1442040 460
1442050 460
1442060 460
1442070 460
1442080 460
1442090 461
1442100 461
1442110 460
1442120 460
1442130 460
1442140 460
1442150 460
1442160 460
1442170 460
1442180 460
1442190 460
1442200 460
1442210 460
1442220 460
1442230 460
1442240 460
1442250 460
1442260 460
1442270 460
1442280 460
1442290 460
1442300 459
1442310 459
1442320 459
1442330 459
1442340 459
1442350 459
1442360 459
1442370 459
1442380 459
1442390 458
1442400 458
1442410 458
1442420 458
1442430 458
1442440 458
1442450 458
1442460 458
1442470 458
1442480 458
1442490 458
1442500 458
1442510 458
1442520 458
1442530 458
1442540 459
1442550 459
1442560 459
1442570 459
1442580 459
1442590 459
1442600 459
1442610 459
1442620 460
1442630 460
1442640 460
1442650 461
1442660 461
1442670 461
1442680 461
1442690 462
1442700 462
1442710 462
1442720 462
1442730 462
1442740 463
1442750 463
1442760 463
1442770 463
1442780 463
1442790 463
1442800 463
1442810 464
1442820 464
1442830 464
1442840 464
1442850 464
1442860 465
1442870 465
1442880 465
1442890 466
1442900 466
1442910 466
1442920 467
1442930 467
1442940 467
1442950 467
1442960 468
1442970 468
1442980 470
1442990 472
1443000 472
1443010 472
1443020 472
1443030 472
1443040 473
1443050 473
1443060 473
1443070 474
1443080 474
1443090 474
1443100 475
1443110 475
1443120 476
1443130 476
1443140 476
1443150 477
1443160 477
1443170 477
1443180 478
1443190 478
1443200 479
1443210 479
1443220 479
1443230 480
1443240 480
1443250 480
1443260 481
1443270 482
1443280 482
1443290 482
1443300 483
1443310 483
1443320 484
1443330 485
1443340 485
1443350 486
1443360 487
1443370 487
1443380 488
1443390 489
1443400 489
1443410 490
1443420 491
1443430 491
1443440 492
1443450 493
1443460 493
1443470 493
1443480 494
1443490 494
1443500 495
1443510 496
1443520 496
1443530 497
1443540 497
1443550 497
1443560 498
1443570 499
1443580 499
1443590 500
1443600 500
1443610 500
1443620 501
1443630 502
1443640 502
1443650 502
1443660 503
1443670 503
1443680 503
1443690 504
1443700 504
1443710 504
1443720 504
1443730 504
1443740 505
1443750 505
1443760 505
1443770 504
1443780 504
1443790 504
1443800 504
1443810 503
1443820 503
1443830 503
1443840 502
1443850 502
1443860 502
1443870 501
1443880 501
1443890 501
1443900 500
1443910 500
1443920 500
1443930 499
1443940 499
1443950 499
1443960 498
1443970 498
1443980 497
1443990 497
1444000 497
1444010 497
1444020 496
1444030 496
1444040 496
1444050 495
1444060 495
1444070 494
1444080 493
1444090 493
1444100 492
1444110 491
1444120 491
1444130 492
1444140 493
1444150 493
1444160 493
1444170 493
1444180 493
1444190 493
1444200 493
1444210 493
1444220 492
1444230 492
1444240 492
1444250 492
1444260 492
1444270 492
1444280 493
1444290 494
1444300 494
1444310 495
1444320 495
1444330 495
1444340 496
1444350 496
1444360 496
1444370 497
1444380 498
1444390 498
1444400 498
1444410 499
1444420 499
1444430 499
1444440 500
1444450 500
1444460 501
1444470 501
1444480 501
1444490 502
1444500 502
1444510 502
1444520 503
1444530 503
1444540 503
1444550 503
1444560 504
1444570 504
1444580 504
1444590 505
1444600 505
1444610 505
1444620 505
1444630 505
1444640 505
1444650 505
1444660 505
1444670 506
1444680 506
1444690 506
1444700 506
1444710 506
1444720 506
1444730 505
1444740 505
1444750 505
1444760 505
1444770 504
1444780 504
1444790 504
1444800 504
1444810 504
1444820 503
1444830 503
1444840 503
1444850 502
1444860 502
1444870 502
1444880 502
1444890 501
1444900 501
1444910 501
1444920 500
1444930 500
1444940 499
1444950 499
1444960 499
1444970 499
1444980 499
1444990 499
1445000 499
1445010 499
1445020 499
1445030 499
1445040 500
1445050 500
1445060 500
1445070 500
1445080 500
1445090 500
1445100 500
1445110 500
1445120 500
1445130 499
1445140 499
1445150 499
1445160 500
1445170 502
1445180 502
1445190 503
1445200 504
1445210 504
1445220 504
1445230 505
1445240 505
1445250 505
1445260 506
1445270 506
1445280 506
1445290 507
1445300 507
1445310 507
1445320 508
1445330 508
1445340 508
1445350 509
1445360 509
1445370 509
1445380 509
1445390 509
1445400 510
1445410 510
1445420 510
1445430 510
1445440 510
1445450 510
1445460 510
1445470 510
1445480 510
1445490 510
1445500 510
1445510 510
1445520 510
1445530 509
1445540 509
1445550 509
1445560 508
1445570 508
1445580 507
1445590 507
1445600 507
1445610 506
1445620 505
1445630 505
1445640 505
1445650 504
1445660 504
1445670 504
1445680 504
1445690 504
1445700 504
1445710 503
1445720 503
1445730 503
1445740 503
1445750 503
1445760 503
1445770 503
1445780 503
1445790 503
1445800 503
1445810 503
1445820 502
1445830 502
1445840 502
1445850 501
1445860 501
1445870 501
1445880 503
1445890 504
1445900 504
1445910 506
1445920 507
1445930 507
1445940 508
1445950 509
1445960 509
1445970 509
1445980 510
1445990 510
1446000 510
1446010 511
1446020 511
1446030 511
1446040 512
1446050 512
1446060 512
1446070 513
1446080 513
1446090 513
1446100 514
1446110 514
1446120 514
1446130 514
1446140 514
1446150 515
1446160 515
1446170 515
1446180 515
1446190 515
1446200 515
1446210 515
1446220 515
1446230 515
1446240 515
1446250 515
1446260 515
1446270 515
1446280 514
1446290 514
1446300 514
1446310 514
1446320 514
1446330 513
1446340 513
1446350 513
1446360 513
1446370 512
1446380 512
1446390 512
1446400 512
1446410 512
1446420 511
1446430 512
1446440 512
1446450 512
1446460 511
1446470 511
1446480 511
1446490 511
1446500 511
1446510 511
1446520 510
1446530 510
1446540 510
1446550 510
1446560 510
1446570 510
1446580 510
1446590 510
1446600 510
1446610 509
1446620 509
1446630 509
1446640 509
1446650 509
1446660 509
1446670 509
1446680 509
1446690 508
1446700 508
1446710 508
1446720 507
1446730 507
1446740 507
1446750 506
1446760 506
1446770 506
1446780 505
1446790 505
1446800 505
1446810 504
1446820 503
1446830 503
1446840 502
1446850 501
1446860 501
1446870 501
1446880 500
1446890 500
1446900 499
1446910 498
1446920 498
1446930 497
1446940 496
1446950 496
1446960 494
1446970 491
1446980 489
1446990 489
1447000 490
1447010 490
1447020 490
1447030 491
1447040 491
1447050 491
1447060 491
1447070 491
1447080 491
1447090 491
1447100 491
1447110 491
1447120 491
1447130 491
1447140 491
1447150 490
1447160 490
1447170 490
1447180 489
1447190 488
1447200 488
1447210 487
1447220 486
1447230 486
1447240 484
1447250 481
1447260 481
1447270 480
1447280 481
1447290 481
1447300 482
1447310 482
1447320 482
1447330 482
1447340 482
1447350 482
1447360 482
1447370 482
1447380 482
1447390 482
1447400 482
1447410 482
1447420 482
1447430 482
1447440 482
1447450 482
1447460 482
1447470 482
1447480 482
1447490 482
1447500 482
1447510 481
1447520 481
1447530 481
1447540 481
1447550 479
1447560 479
1447570 477
1447580 479
1447590 479
1447600 480
1447610 480
1447620 480
1447630 481
1447640 482
1447650 482
1447660 482
1447670 482
1447680 482
1447690 483
1447700 483
1447710 483
1447720 483
1447730 484
1447740 484
1447750 484
1447760 485
1447770 485
1447780 485
1447790 486
1447800 486
1447810 486
1447820 487
1447830 487
1447840 487
1447850 488
1447860 488
1447870 488
1447880 488
1447890 488
1447900 489
1447910 489
1447920 489
1447930 490
1447940 490
1447950 490
1447960 490
1447970 489
1447980 489
1447990 489
1448000 489
1448010 489
1448020 488
1448030 487
1448040 487
1448050 487
1448060 485
1448070 485
1448080 483
1448090 479
1448100 479
1448110 474
1448120 469
1448130 469
1448140 466
1448150 464
1448160 464
1448170 462
1448180 461
1448190 461
1448200 459
1448210 458
1448220 458
1448230 457
1448240 456
1448250 456
1448260 455
1448270 454
1448280 454
1448290 451
1448300 448
1448310 448
1448320 444
1448330 444
1448340 444
1448350 444
1448360 444
1448370 444
1448380 444
1448390 445
1448400 445
1448410 447
1448420 450
1448430 450
1448440 452
1448450 455
1448460 455
1448470 458
1448480 459
1448490 459
1448500 461
1448510 463
1448520 463
1448530 464
1448540 465
1448550 465
1448560 468
1448570 469
1448580 469
1448590 469
1448600 469
1448610 469
1448620 469
1448630 469
1448640 469
1448650 469
1448660 469
1448670 469
1448680 468
1448690 468
1448700 468
1448710 467
1448720 466
1448730 466
1448740 465
1448750 465
1448760 465
1448770 464
1448780 462
1448790 462
1448800 461
1448810 459
1448820 459
1448830 456
1448840 452
1448850 452
1448860 449
1448870 447
1448880 447
1448890 447
1448900 447
1448910 448
1448920 448
1448930 449
1448940 449
1448950 449
1448960 448
1448970 447
1448980 447
1448990 447
1449000 445
1449010 445
1449020 441
1449030 437
1449040 437
1449050 435
1449060 435
1449070 435
1449080 433
1449090 433
1449100 433
1449110 434
1449120 436
1449130 436
1449140 436
1449150 436
1449160 436
1449170 436
1449180 435
1449190 435
1449200 435
1449210 436
1449220 436
1449230 436
1449240 437
1449250 437
1449260 438
1449270 440
1449280 440
1449290 443
1449300 448
1449310 448
1449320 452
1449330 456
1449340 456
1449350 459
1449360 462
1449370 462
1449380 464
1449390 465
1449400 465
1449410 466
1449420 467
1449430 467
1449440 468
1449450 468
1449460 468
1449470 469
1449480 469
1449490 469
1449500 469
1449510 469
1449520 469
1449530 469
1449540 468
1449550 468
1449560 468
1449570 467
1449580 467
1449590 467
1449600 466
1449610 466
1449620 466
1449630 465
1449640 465
1449650 465
1449660 464
1449670 464
1449680 463
1449690 463
1449700 463
1449710 462
1449720 462
1449730 462
1449740 461
1449750 461
1449760 461
1449770 460
1449780 459
1449790 459
1449800 458
1449810 457
1449820 457
1449830 456
1449840 455
1449850 455
1449860 454
1449870 453
1449880 453
1449890 452
1449900 452
1449910 452
1449920 451
1449930 450
1449940 450
1449950 450
1449960 449
1449970 449
1449980 449
1449990 448
1450000 448
1450010 448
1450020 448
1450030 448
1450040 448
1450050 447
1450060 447
1450070 447
1450080 446
1450090 446
1450100 446
1450110 446
1450120 446
1450130 445
1450140 445
1450150 445
1450160 445
1450170 445
1450180 445
1450190 445
1450200 444
1450210 444
1450220 444
1450230 444
1450240 444
1450250 444
1450260 444
1450270 444
1450280 443
1450290 443
1450300 443
1450310 443
1450320 443
1450330 443
1450340 443
1450350 442
1450360 442
1450370 442
1450380 442
1450390 442
1450400 442
1450410 441
1450420 441
1450430 441
1450440 441
1450450 441
1450460 441
1450470 440
1450480 440
1450490 440
1450500 440
1450510 440
1450520 439
1450530 439
1450540 439
1450550 439
1450560 439
1450570 439
1450580 439
1450590 440
1450600 440
1450610 440
1450620 440
1450630 440
1450640 440
1450650 440
1450660 440
1450670 440
1450680 440
1450690 440
1450700 440
1450710 440
1450720 440
1450730 439
1450740 439
1450750 439
1450760 439
1450770 439
1450780 439
1450790 439
1450800 438
1450810 438
1450820 438
1450830 438
1450840 438
1450850 438
1450860 438
1450870 438
1450880 438
1450890 438
1450900 438
1450910 438
1450920 438
1450930 438
1450940 438
1450950 438
1450960 439
1450970 439
1450980 439
1450990 439
1451000 439
1451010 439
1451020 439
1451030 439
1451040 439
1451050 439
1451060 439
1451070 439
1451080 439
1451090 439
1451100 439
1451110 439
1451120 439
1451130 439
1451140 439
1451150 439
1451160 438
1451170 438
1451180 438
1451190 437
1451200 437
1451210 437
1451220 436
1451230 436
1451240 436
1451250 436
1451260 436
1451270 436
1451280 437
1451290 437
1451300 437
1451310 437
1451320 438
1451330 438
1451340 438
1451350 438
1451360 438
1451370 438
1451380 438
1451390 438
1451400 438
1451410 438
1451420 438
1451430 438
1451440 438
1451450 438
1451460 438
1451470 438
1451480 438
1451490 438
1451500 439
1451510 439
1451520 439
1451530 440
1451540 440
1451550 440
1451560 441
1451570 441
1451580 441
1451590 442
1451600 442
1451610 442
1451620 443
1451630 443
1451640 443
1451650 444
1451660 444
1451670 444
1451680 444
1451690 444
1451700 445
1451710 445
1451720 445
1451730 446
1451740 446
1451750 446
1451760 446
1451770 447
1451780 447
1451790 447
1451800 447
1451810 447
1451820 448
1451830 448
1451840 448
1451850 449
1451860 449
1451870 449
1451880 449
1451890 450
1451900 450
1451910 450
1451920 451
1451930 451
1451940 451
1451950 452
1451960 452
1451970 452
1451980 452
1451990 452
1452000 453
1452010 453
1452020 453
1452030 453
1452040 454
1452050 454
1452060 454
1452070 455
1452080 455
1452090 455
1452100 455
1452110 455
1452120 455
1452130 455
1452140 455
1452150 455
1452160 455
1452170 455
1452180 455
1452190 455
1452200 455
1452210 453
1452220 451
1452230 451
1452240 449
1452250 447
1452260 447
1452270 445
1452280 443
1452290 443
1452300 441
1452310 440
1452320 440
1452330 439
1452340 439
1452350 439
1452360 439
1452370 438
1452380 438
1452390 438
1452400 437
1452410 437
1452420 437
1452430 437
1452440 437
1452450 436
1452460 435
1452470 435
1452480 435
1452490 434
1452500 434
1452510 432
1452520 431
1452530 431
1452540 429
1452550 427
1452560 427
1452570 426
1452580 425
1452590 425
1452600 426
1452610 426
1452620 426
1452630 428
1452640 432
1452650 432
1452660 437
1452670 441
1452680 441
1452690 446
1452700 449
1452710 449
1452720 452
1452730 453
1452740 453
1452750 453
1452760 454
1452770 454
1452780 454
1452790 454
1452800 454
1452810 454
1452820 454
1452830 453
1452840 453
1452850 453
1452860 452
1452870 452
1452880 450
1452890 449
1452900 449
1452910 448
1452920 447
1452930 447
1452940 446
1452950 445
1452960 445
1452970 445
1452980 444
1452990 444
1453000 444
1453010 443
1453020 443
1453030 443
1453040 443
1453050 443
1453060 443
1453070 443
1453080 443
1453090 442
1453100 442
1453110 442
1453120 441
1453130 441
1453140 441
1453150 441
1453160 440
1453170 440
1453180 439
1453190 439
1453200 439
1453210 438
1453220 438
1453230 438
1453240 437
1453250 436
1453260 436
1453270 436
1453280 435
1453290 435
1453300 435
1453310 434
1453320 434
1453330 434
1453340 433
1453350 433
1453360 433
1453370 432
1453380 432
1453390 432
1453400 431
1453410 431
1453420 431
1453430 430
1453440 430
1453450 429
1453460 428
1453470 428
1453480 427
1453490 426
1453500 426
1453510 425
1453520 424
1453530 424
1453540 424
1453550 423
1453560 423
1453570 423
1453580 423
1453590 423
1453600 423
1453610 423
1453620 423
1453630 423
1453640 423
1453650 423
1453660 423
1453670 423
1453680 423
1453690 423
1453700 423
1453710 423
1453720 423
1453730 423
1453740 423
1453750 423
1453760 423
1453770 423
1453780 423
1453790 423
1453800 423
1453810 423
1453820 426
1453830 426
1453840 429
1453850 430
1453860 430
1453870 431
1453880 432
1453890 432
1453900 432
1453910 432
1453920 432
1453930 433
1453940 433
1453950 433
1453960 434
1453970 434
1453980 434
1453990 435
1454000 435
1454010 435
1454020 435
1454030 436
1454040 436
1454050 436
1454060 436
1454070 436
1454080 436
1454090 436
1454100 436
1454110 436
1454120 436
1454130 436
1454140 437
1454150 437
1454160 437
1454170 437
1454180 436
1454190 436
1454200 436
1454210 436
1454220 436
1454230 436
1454240 435
1454250 435
1454260 435
1454270 433
1454280 433
1454290 429
1454300 426
1454310 426
1454320 424
1454330 423
1454340 423
1454350 423
1454360 422
1454370 422
1454380 422
1454390 422
1454400 422
1454410 422
1454420 422
1454430 422
1454440 422
1454450 423
1454460 423
1454470 423
1454480 423
1454490 423
1454500 423
1454510 423
1454520 423
1454530 423
1454540 423
1454550 423
1454560 423
1454570 423
1454580 423
1454590 423
1454600 423
1454610 423
1454620 423
1454630 423
1454640 423
1454650 423
1454660 423
1454670 423
1454680 423
1454690 423
1454700 423
1454710 423
1454720 423
1454730 424
1454740 424
1454750 423
1454760 423
1454770 423
1454780 423
1454790 422
1454800 422
1454810 422
1454820 422
1454830 422
1454840 422
1454850 422
1454860 422
1454870 422
1454880 423
1454890 423
1454900 423
1454910 423
1454920 423
1454930 423
1454940 423
1454950 423
1454960 423
1454970 423
1454980 423
1454990 423
1455000 423
1455010 423
1455020 423
1455030 423
1455040 423
1455050 423
1455060 423
1455070 423
1455080 423
1455090 423
1455100 423
1455110 422
1455120 422
1455130 422
1455140 422
1455150 422
1455160 422
1455170 422
1455180 422
1455190 422
1455200 422
1455210 422
1455220 422
1455230 422
1455240 422
1455250 422
1455260 422
1455270 422
1455280 422
1455290 422
1455300 422
1455310 422
1455320 422
1455330 422
1455340 422
1455350 423
1455360 423
1455370 423
1455380 423
1455390 423
1455400 423
1455410 423
1455420 423
1455430 423
1455440 423
1455450 423
1455460 423
1455470 423
1455480 423
1455490 423
1455500 423
1455510 423
1455520 423
1455530 423
1455540 423
1455550 423
1455560 423
1455570 423
1455580 423
1455590 423
1455600 423
1455610 423
1455620 423
1455630 424
1455640 424
1455650 424
1455660 424
1455670 424
1455680 423
1455690 423
1455700 423
1455710 423
1455720 423
1455730 423
1455740 423
1455750 423
1455760 423
1455770 423
1455780 423
1455790 423
1455800 422
1455810 422
1455820 422
1455830 421
1455840 421
1455850 421
1455860 421
1455870 421
1455880 421
1455890 421
1455900 421
1455910 421
1455920 421
1455930 421
1455940 421
1455950 422
1455960 423
1455970 423
1455980 425
1455990 427
1456000 427
1456010 430
1456020 432
1456030 432
1456040 434
1456050 436
1456060 436
1456070 438
1456080 440
1456090 440
1456100 441
1456110 443
1456120 443
1456130 446
1456140 449
1456150 449
1456160 452
1456170 454
1456180 454
1456190 455
1456200 457
1456210 457
1456220 460
1456230 461
1456240 461
1456250 462
1456260 464
1456270 464
1456280 465
1456290 466
1456300 466
1456310 467
1456320 468
1456330 468
1456340 469
1456350 470
1456360 470
1456370 471
1456380 473
1456390 473
1456400 474
1456410 475
1456420 475
1456430 475
1456440 476
1456450 476
1456460 477
1456470 478
1456480 478
1456490 479
1456500 479
1456510 479
1456520 480
1456530 481
1456540 481
1456550 481
1456560 482
1456570 482
1456580 482
1456590 483
1456600 483
1456610 483
1456620 483
1456630 483
1456640 483
1456650 483
1456660 483
1456670 483
1456680 483
1456690 482
1456700 482
1456710 481
1456720 481
1456730 481
1456740 480
1456750 479
1456760 479
1456770 478
1456780 478
1456790 478
1456800 477
1456810 477
1456820 477
1456830 476
1456840 475
1456850 475
1456860 475
1456870 475
1456880 475
1456890 474
1456900 474
1456910 474
1456920 474
1456930 473
1456940 473
1456950 473
1456960 473
1456970 473
1456980 473
1456990 473
1457000 473
1457010 473
1457020 472
1457030 472
1457040 472
1457050 472
1457060 472
1457070 472
1457080 472
1457090 472
1457100 472
1457110 472
1457120 472
1457130 472
1457140 473
1457150 473
1457160 473
1457170 474
1457180 474
1457190 474
1457200 474
1457210 474
1457220 474
1457230 474
1457240 474
1457250 474
1457260 474
1457270 474
1457280 474
1457290 474
1457300 474
1457310 473
1457320 473
1457330 473
1457340 473
1457350 473
1457360 473
1457370 472
1457380 472
1457390 472
1457400 472
1457410 471
1457420 471
1457430 471
1457440 470
1457450 470
1457460 469
1457470 468
1457480 468
1457490 467
1457500 466
1457510 466
1457520 466
1457530 467
1457540 467
1457550 468
1457560 468
1457570 468
1457580 469
1457590 470
1457600 470
1457610 471
1457620 471
1457630 471
1457640 472
1457650 473
1457660 473
1457670 473
1457680 474
1457690 474
1457700 474
1457710 475
1457720 475
1457730 475
1457740 476
1457750 476
1457760 476
1457770 476
1457780 476
1457790 476
1457800 476
1457810 476
1457820 476
1457830 477
1457840 477
1457850 476
1457860 476
1457870 476
1457880 476
1457890 476
1457900 476
1457910 476
1457920 475
1457930 475
1457940 475
1457950 475
1457960 475
1457970 475
1457980 474
1457990 474
1458000 474
1458010 475
1458020 475
1458030 475
1458040 475
1458050 475
1458060 475
1458070 475
1458080 475
1458090 475
1458100 475
1458110 475
1458120 475
1458130 475
1458140 475
1458150 475
1458160 474
1458170 474
1458180 474
1458190 474
1458200 474
1458210 474
1458220 473
1458230 473
1458240 474
1458250 473
1458260 473
1458270 472
1458280 472
1458290 472
1458300 471
1458310 471
1458320 471
1458330 470
1458340 470
1458350 470
1458360 469
1458370 469
1458380 469
1458390 468
1458400 467
1458410 467
1458420 465
1458430 465
1458440 465
1458450 466
1458460 467
1458470 467
1458480 468
1458490 468
1458500 468
1458510 469
1458520 469
1458530 469
1458540 469
1458550 469
1458560 469
1458570 469
1458580 469
1458590 469
1458600 469
1458610 469
1458620 469
1458630 469
1458640 469
1458650 469
1458660 469
1458670 469
1458680 469
1458690 469
1458700 469
1458710 468
1458720 468
1458730 468
1458740 468
1458750 468
1458760 468
1458770 468
1458780 468
1458790 468
1458800 467
1458810 467
1458820 467
1458830 467
1458840 467
1458850 467
1458860 468
1458870 468
1458880 468
1458890 469
1458900 469
1458910 470
1458920 470
1458930 470
1458940 471
1458950 472
1458960 472
1458970 472
1458980 473
1458990 473
1459000 473
1459010 473
1459020 473
1459030 474
1459040 474
1459050 474
1459060 475
1459070 475
1459080 475
1459090 475
1459100 475
1459110 475
1459120 475
1459130 475
1459140 475
1459150 475
1459160 474
1459170 474
1459180 474
1459190 474
1459200 474
1459210 473
1459220 473
1459230 473
1459240 473
1459250 472
1459260 472
1459270 472
1459280 472
1459290 472
1459300 471
1459310 471
1459320 471
1459330 470
1459340 470
1459350 470
1459360 470
1459370 470
1459380 470
1459390 469
1459400 469
1459410 469
1459420 469
1459430 468
1459440 468
1459450 468
1459460 467
1459470 467
1459480 467
1459490 466
1459500 466
1459510 466
1459520 465
1459530 465
1459540 464
1459550 463
1459560 463
1459570 462
1459580 461
1459590 461
1459600 460
1459610 459
1459620 459
1459630 457
1459640 456
1459650 456
1459660 454
1459670 453
1459680 453
1459690 451
1459700 449
1459710 449
1459720 446
1459730 442
1459740 442
1459750 439
1459760 437
1459770 437
1459780 437
1459790 436
1459800 436
1459810 435
1459820 434
1459830 434
1459840 432
1459850 431
1459860 431
1459870 431
1459880 431
1459890 431
1459900 435
1459910 439
1459920 439
1459930 442
1459940 441
1459950 441
1459960 438
1459970 433
1459980 433
1459990 429
