1440000 457
1440010 457
1440020 457
1440030 457
1440040 457
1440050 457
1440060 457
1440070 457
1440080 457
1440090 457
1440100 457
1440110 457
1440120 457
1440130 457
1440140 457
1440150 457
1440160 457
1440170 457
1440180 457
1440190 457
1440200 457
1440210 457
1440220 458
1440230 458
1440240 458
1440250 458
1440260 458
1440270 458
1440280 458
1440290 458
1440300 458
1440310 457
1440320 457
1440330 457
1440340 457
1440350 456
1440360 456
1440370 456
1440380 456
1440390 456
1440400 455
1440410 456
1440420 456
1440430 456
1440440 456
1440450 456
1440460 456
1440470 457
1440480 457
1440490 457
1440500 457
1440510 457
1440520 457
1440530 457
1440540 457
1440550 457
1440560 457
1440570 457
1440580 457
1440590 457
1440600 457
1440610 457
1440620 457
1440630 457
1440640 457
1440650 457
1440660 457
1440670 457
1440680 457
1440690 457
1440700 456
1440710 456
1440720 456
1440730 456
1440740 456
1440750 456
1440760 455
1440770 455
1440780 455
1440790 455
1440800 454
1440810 454
1440820 454
1440830 454
1440840 454
1440850 453
1440860 452
1440870 452
1440880 451
1440890 451
1440900 451
1440910 451
1440920 452
1440930 452
1440940 452
1440950 453
1440960 453
1440970 454
1440980 454
1440990 454
1441000 454
1441010 454
1441020 454
1441030 454
1441040 453
1441050 453
1441060 453
1441070 453
1441080 453
1441090 452
1441100 451
1441110 451
1441120 449
1441130 449
1441140 449
1441150 450
1441160 452
1441170 452
1441180 453
1441190 453
1441200 453
1441210 454
1441220 454
1441230 454
1441240 454
1441250 454
1441260 454
1441270 454
1441280 454
1441290 454
1441300 454
1441310 454
1441320 454
1441330 453
1441340 453
1441350 453
1441360 453
1441370 452
1441380 452
1441390 451
1441400 450
1441410 450
1441420 449
1441430 449
1441440 449
1441450 449
1441460 450
1441470 450
1441480 451
1441490 452
1441500 452
1441510 453
1441520 453
1441530 453
1441540 454
1441550 455
1441560 455
1441570 455
1441580 455
1441590 455
1441600 456
1441610 456
1441620 456
1441630 456
1441640 457
1441650 457
1441660 457
1441670 457
1441680 457
1441690 457
1441700 458
1441710 458
1441720 458
1441730 458
1441740 458
1441750 458
1441760 458
1441770 458
1441780 458
1441790 458
1441800 458
1441810 458
1441820 458
1441830 458
1441840 458
1441850 458
1441860 458
1441870 458
1441880 458
1441890 458
1441900 458
1441910 458
1441920 458
1441930 458
1441940 458
1441950 458
1441960 457
1441970 457
1441980 457
1441990 457
1442000 457
1442010 457
1442020 457
1442030 457
1442040 457
1442050 456
1442060 456
1442070 456
1442080 456
1442090 456
1442100 456
1442110 456
1442120 455
1442130 455
1442140 455
1442150 454
1442160 454
1442170 454
1442180 454
1442190 454
1442200 454
1442210 455
1442220 455
1442230 455
1442240 456
1442250 457
1442260 457
1442270 458
1442280 459
1442290 459
1442300 460
1442310 461
1442320 461
1442330 462
1442340 463
1442350 463
1442360 464
1442370 465
1442380 465
1442390 466
1442400 467
1442410 467
1442420 468
1442430 469
1442440 469
1442450 470
1442460 472
1442470 472
1442480 473
1442490 474
1442500 474
1442510 475
1442520 477
1442530 477
1442540 479
1442550 481
1442560 481
1442570 483
1442580 485
1442590 485
1442600 487
1442610 488
1442620 488
1442630 490
1442640 491
1442650 491
1442660 493
1442670 494
1442680 494
1442690 495
1442700 496
1442710 496
1442720 497
1442730 498
1442740 498
1442750 498
1442760 499
1442770 499
1442780 499
1442790 500
1442800 500
1442810 500
1442820 501
1442830 501
1442840 501
1442850 502
1442860 502
1442870 502
1442880 502
1442890 502
1442900 501
1442910 501
1442920 501
1442930 501
1442940 501
1442950 501
1442960 500
1442970 500
1442980 500
1442990 499
1443000 498
1443010 498
1443020 497
1443030 497
1443040 497
1443050 495
1443060 494
1443070 494
1443080 493
1443090 492
1443100 492
1443110 490
1443120 489
1443130 489
1443140 487
1443150 486
1443160 486
1443170 485
1443180 484
1443190 484
1443200 483
1443210 483
1443220 483
1443230 481
1443240 481
1443250 481
1443260 480
1443270 479
1443280 479
1443290 479
1443300 480
1443310 480
1443320 483
1443330 485
1443340 485
1443350 487
1443360 489
1443370 489
1443380 490
1443390 492
1443400 492
1443410 493
1443420 495
1443430 495
1443440 496
1443450 498
1443460 498
1443470 499
1443480 500
1443490 500
1443500 501
1443510 502
1443520 502
1443530 503
1443540 504
1443550 504
1443560 505
1443570 506
1443580 506
1443590 507
1443600 507
1443610 507
1443620 508
1443630 509
1443640 509
1443650 509
1443660 509
1443670 509
1443680 510
1443690 510
1443700 510
1443710 510
1443720 510
1443730 510
1443740 510
1443750 510
1443760 510
1443770 511
1443780 511
1443790 511
1443800 511
1443810 511
1443820 511
1443830 511
1443840 510
1443850 510
1443860 510
1443870 510
1443880 510
1443890 510
1443900 510
1443910 510
1443920 509
1443930 509
1443940 509
1443950 509
1443960 509
1443970 509
1443980 508
1443990 508
1444000 508
1444010 508
1444020 507
1444030 507
1444040 506
1444050 505
1444060 505
1444070 505
1444080 507
1444090 507
1444100 507
1444110 508
1444120 508
1444130 509
1444140 509
1444150 509
1444160 510
1444170 510
1444180 511
1444190 511
1444200 511
1444210 511
1444220 511
1444230 512
1444240 512
1444250 512
1444260 512
1444270 512
1444280 512
1444290 513
1444300 513
1444310 513
1444320 513
1444330 513
1444340 513
1444350 513
1444360 513
1444370 513
1444380 513
1444390 513
1444400 513
1444410 513
1444420 513
1444430 513
1444440 513
1444450 513
1444460 513
1444470 513
1444480 514
1444490 514
1444500 514
1444510 513
1444520 513
1444530 512
1444540 511
1444550 511
1444560 512
1444570 514
1444580 514
1444590 515
1444600 515
1444610 515
1444620 516
1444630 516
1444640 516
1444650 517
1444660 517
1444670 517
1444680 518
1444690 518
1444700 518
1444710 519
1444720 519
1444730 519
1444740 519
1444750 520
1444760 520
1444770 520
1444780 521
1444790 521
1444800 521
1444810 521
1444820 521
1444830 522
1444840 522
1444850 522
1444860 523
1444870 523
1444880 523
1444890 523
1444900 524
1444910 524
1444920 524
1444930 524
1444940 524
1444950 525
1444960 525
1444970 525
1444980 525
1444990 525
1445000 525
1445010 525
1445020 525
1445030 525
1445040 526
1445050 526
1445060 526
1445070 526
1445080 526
1445090 526
1445100 526
1445110 526
1445120 526
1445130 526
1445140 526
1445150 526
1445160 525
1445170 525
1445180 525
1445190 525
1445200 525
1445210 525
1445220 525
1445230 525
1445240 525
1445250 525
1445260 524
1445270 524
1445280 524
1445290 524
1445300 524
1445310 524
1445320 525
1445330 525
1445340 525
1445350 525
1445360 525
1445370 525
1445380 525
1445390 525
1445400 525
1445410 525
1445420 525
1445430 526
1445440 526
1445450 526
1445460 526
1445470 526
1445480 526
1445490 527
1445500 527
1445510 527
1445520 527
1445530 527
1445540 527
1445550 527
1445560 527
1445570 527
1445580 527
1445590 527
1445600 527
1445610 527
1445620 527
1445630 527
1445640 527
1445650 526
1445660 526
1445670 526
1445680 525
1445690 525
1445700 525
1445710 524
1445720 524
1445730 524
1445740 523
1445750 523
1445760 522
1445770 522
1445780 522
1445790 521
1445800 520
1445810 520
1445820 519
1445830 518
1445840 518
1445850 517
1445860 516
1445870 516
1445880 516
1445890 516
1445900 516
1445910 516
1445920 516
1445930 516
1445940 517
1445950 517
1445960 517
1445970 517
1445980 517
1445990 517
1446000 518
1446010 519
1446020 519
1446030 519
1446040 519
1446050 519
1446060 519
1446070 519
1446080 519
1446090 519
1446100 519
1446110 519
1446120 519
1446130 519
1446140 519
1446150 519
1446160 519
1446170 519
1446180 519
1446190 518
1446200 518
1446210 518
1446220 518
1446230 517
1446240 517
1446250 517
1446260 516
1446270 516
1446280 515
1446290 514
1446300 514
1446310 513
1446320 512
1446330 512
1446340 511
1446350 510
1446360 510
1446370 509
1446380 508
1446390 508
1446400 507
1446410 506
1446420 506
1446430 506
1446440 505
1446450 505
1446460 503
1446470 502
1446480 502
1446490 501
1446500 498
1446510 498
1446520 497
1446530 496
1446540 496
1446550 498
1446560 498
1446570 498
1446580 499
1446590 501
1446600 501
1446610 502
1446620 502
1446630 502
1446640 503
1446650 504
1446660 504
1446670 504
1446680 504
1446690 504
1446700 505
1446710 505
1446720 505
1446730 505
1446740 506
1446750 506
1446760 506
1446770 506
1446780 506
1446790 507
1446800 507
1446810 507
1446820 507
1446830 507
1446840 507
1446850 507
1446860 507
1446870 507
1446880 507
1446890 508
1446900 508
1446910 508
1446920 508
1446930 508
1446940 508
1446950 508
1446960 508
1446970 509
1446980 509
1446990 509
1447000 509
1447010 509
1447020 509
1447030 509
1447040 509
1447050 509
1447060 509
1447070 509
1447080 509
1447090 509
1447100 509
1447110 509
1447120 509
1447130 509
1447140 509
1447150 509
1447160 508
1447170 508
1447180 508
1447190 508
1447200 508
1447210 508
1447220 508
1447230 508
1447240 508
1447250 507
1447260 507
1447270 507
1447280 506
1447290 506
1447300 506
1447310 506
1447320 506
1447330 505
1447340 505
1447350 505
1447360 504
1447370 503
1447380 503
1447390 503
1447400 502
1447410 502
1447420 502
1447430 501
1447440 501
1447450 500
1447460 500
1447470 500
1447480 499
1447490 498
1447500 498
1447510 498
1447520 497
1447530 497
1447540 496
1447550 496
1447560 496
1447570 495
1447580 494
1447590 494
1447600 493
1447610 492
1447620 492
1447630 490
1447640 487
1447650 487
1447660 484
1447670 483
1447680 483
1447690 482
1447700 481
1447710 481
1447720 480
1447730 479
1447740 479
1447750 478
1447760 478
1447770 478
1447780 477
1447790 476
1447800 476
1447810 476
1447820 476
1447830 476
1447840 477
1447850 478
1447860 478
1447870 478
1447880 477
1447890 477
1447900 477
1447910 476
1447920 476
1447930 475
1447940 474
1447950 474
1447960 473
1447970 472
1447980 472
1447990 471
1448000 469
1448010 469
1448020 468
1448030 466
1448040 466
1448050 465
1448060 464
1448070 464
1448080 462
1448090 461
1448100 461
1448110 459
1448120 458
1448130 457
1448140 457
1448150 457
1448160 456
1448170 456
1448180 456
1448190 455
1448200 455
1448210 455
1448220 455
1448230 455
1448240 455
1448250 455
1448260 455
1448270 454
1448280 454
1448290 454
1448300 454
1448310 454
1448320 454
1448330 454
1448340 454
1448350 454
1448360 454
1448370 454
1448380 454
1448390 453
1448400 453
1448410 453
1448420 452
1448430 452
1448440 452
1448450 451
1448460 451
1448470 451
1448480 450
1448490 449
1448500 449
1448510 449
1448520 447
1448530 447
1448540 443
1448550 439
1448560 439
1448570 438
1448580 437
1448590 437
1448600 436
1448610 436
1448620 436
1448630 435
1448640 435
1448650 435
1448660 435
1448670 434
1448680 434
1448690 434
1448700 434
1448710 434
1448720 434
1448730 434
1448740 434
1448750 433
1448760 430
1448770 430
1448780 430
1448790 431
1448800 431
1448810 431
1448820 432
1448830 432
1448840 433
1448850 434
1448860 434
1448870 435
1448880 437
1448890 437
1448900 439
1448910 441
1448920 441
1448930 445
1448940 450
1448950 450
1448960 455
1448970 458
1448980 458
1448990 461
1449000 463
1449010 463
1449020 464
1449030 465
1449040 465
1449050 465
1449060 466
1449070 466
1449080 466
1449090 466
1449100 466
1449110 466
1449120 466
1449130 466
1449140 466
1449150 466
1449160 466
1449170 465
1449180 465
1449190 465
1449200 465
1449210 464
1449220 464
1449230 464
1449240 463
1449250 463
1449260 463
1449270 462
1449280 462
1449290 461
1449300 460
1449310 460
1449320 460
1449330 459
1449340 459
1449350 458
1449360 457
1449370 457
1449380 456
1449390 455
1449400 455
1449410 455
1449420 454
1449430 454
1449440 453
1449450 453
1449460 453
1449470 452
1449480 452
1449490 452
1449500 451
1449510 451
1449520 451
1449530 450
1449540 449
1449550 449
1449560 449
1449570 448
1449580 448
1449590 448
1449600 447
1449610 447
1449620 447
1449630 447
1449640 447
1449650 447
1449660 447
1449670 447
1449680 446
1449690 446
1449700 446
1449710 446
1449720 446
1449730 446
1449740 446
1449750 446
1449760 446
1449770 445
1449780 445
1449790 445
1449800 445
1449810 445
1449820 445
1449830 445
1449840 445
1449850 445
1449860 445
1449870 444
1449880 444
1449890 444
1449900 444
1449910 444
1449920 445
1449930 444
1449940 444
1449950 444
1449960 444
1449970 444
1449980 444
1449990 444
1450000 444
1450010 444
1450020 444
1450030 444
1450040 444
1450050 444
1450060 444
1450070 444
1450080 444
1450090 444
1450100 444
1450110 444
1450120 444
1450130 444
1450140 444
1450150 443
1450160 443
1450170 443
1450180 443
1450190 443
1450200 443
1450210 443
1450220 443
1450230 443
1450240 443
1450250 443
1450260 443
1450270 443
1450280 443
1450290 443
1450300 443
1450310 443
1450320 443
1450330 443
1450340 443
1450350 443
1450360 443
1450370 443
1450380 443
1450390 443
1450400 443
1450410 442
1450420 442
1450430 442
1450440 442
1450450 442
1450460 442
1450470 442
1450480 442
1450490 442
1450500 442
1450510 442
1450520 442
1450530 442
1450540 442
1450550 442
1450560 442
1450570 442
1450580 442
1450590 442
1450600 442
1450610 442
1450620 441
1450630 441
1450640 441
1450650 441
1450660 441
1450670 441
1450680 441
1450690 441
1450700 441
1450710 441
1450720 441
1450730 441
1450740 441
1450750 441
1450760 441
1450770 441
1450780 441
1450790 441
1450800 441
1450810 441
1450820 441
1450830 441
1450840 441
1450850 441
1450860 441
1450870 441
1450880 441
1450890 440
1450900 440
1450910 440
1450920 440
1450930 440
1450940 440
1450950 440
1450960 440
1450970 440
1450980 440
1450990 440
1451000 440
1451010 440
1451020 440
1451030 440
1451040 440
1451050 440
1451060 440
1451070 440
1451080 440
1451090 440
1451100 440
1451110 440
1451120 440
1451130 440
1451140 439
1451150 439
1451160 439
1451170 439
1451180 439
1451190 439
1451200 439
1451210 439
1451220 439
1451230 438
1451240 438
1451250 438
1451260 438
1451270 438
1451280 438
1451290 438
1451300 438
1451310 438
1451320 438
1451330 438
1451340 438
1451350 437
1451360 437
1451370 437
1451380 437
1451390 437
1451400 437
1451410 437
1451420 437
1451430 437
1451440 437
1451450 437
1451460 437
1451470 437
1451480 437
1451490 437
1451500 437
1451510 437
1451520 437
1451530 437
1451540 437
1451550 436
1451560 436
1451570 436
1451580 436
1451590 436
1451600 436
1451610 436
1451620 436
1451630 436
1451640 435
1451650 435
1451660 435
1451670 435
1451680 435
1451690 435
1451700 435
1451710 435
1451720 435
1451730 435
1451740 435
1451750 435
1451760 435
1451770 435
1451780 435
1451790 435
1451800 435
1451810 435
1451820 435
1451830 435
1451840 435
1451850 435
1451860 435
1451870 435
1451880 435
1451890 434
1451900 434
1451910 434
1451920 434
1451930 434
1451940 434
1451950 434
1451960 434
1451970 434
1451980 433
1451990 433
1452000 433
1452010 433
1452020 433
1452030 433
1452040 432
1452050 432
1452060 431
1452070 431
1452080 431
1452090 431
1452100 431
1452110 430
1452120 430
1452130 430
1452140 429
1452150 429
1452160 429
1452170 428
1452180 428
1452190 427
1452200 426
1452210 426
1452220 425
1452230 425
1452240 425
1452250 425
1452260 425
1452270 425
1452280 425
1452290 425
1452300 425
1452310 425
1452320 426
1452330 426
1452340 427
1452350 430
1452360 430
1452370 432
1452380 433
1452390 433
1452400 434
1452410 434
1452420 434
1452430 435
1452440 435
1452450 435
1452460 435
1452470 435
1452480 435
1452490 436
1452500 436
1452510 436
1452520 436
1452530 436
1452540 436
1452550 436
1452560 435
1452570 435
1452580 435
1452590 435
1452600 435
1452610 434
1452620 434
1452630 434
1452640 434
1452650 432
1452660 432
1452670 430
1452680 427
1452690 427
1452700 425
1452710 424
1452720 424
1452730 423
1452740 423
1452750 423
1452760 423
1452770 423
1452780 423
1452790 423
1452800 422
1452810 422
1452820 422
1452830 423
1452840 423
1452850 423
1452860 423
1452870 423
1452880 424
1452890 424
1452900 424
1452910 424
1452920 424
1452930 424
1452940 424
1452950 423
1452960 423
1452970 423
1452980 423
1452990 423
1453000 423
1453010 423
1453020 423
1453030 423
1453040 423
1453050 423
1453060 423
1453070 423
1453080 423
1453090 423
1453100 424
1453110 424
1453120 425
1453130 425
1453140 425
1453150 426
1453160 427
1453170 427
1453180 429
1453190 430
1453200 430
1453210 431
1453220 432
1453230 432
1453240 432
1453250 432
1453260 432
1453270 433
1453280 433
1453290 433
1453300 433
1453310 433
1453320 433
1453330 433
1453340 433
1453350 433
1453360 433
1453370 433
1453380 433
1453390 433
1453400 433
1453410 433
1453420 432
1453430 432
1453440 432
1453450 432
1453460 431
1453470 431
1453480 430
1453490 427
1453500 427
1453510 424
1453520 421
1453530 421
1453540 420
1453550 421
1453560 421
1453570 421
1453580 421
1453590 421
1453600 421
1453610 421
1453620 421
1453630 421
1453640 421
1453650 421
1453660 421
1453670 421
1453680 421
1453690 421
1453700 421
1453710 421
1453720 421
1453730 421
1453740 421
1453750 421
1453760 421
1453770 421
1453780 421
1453790 421
1453800 421
1453810 421
1453820 421
1453830 421
1453840 421
1453850 422
1453860 422
1453870 425
1453880 428
1453890 428
1453900 429
1453910 430
1453920 430
1453930 431
1453940 431
1453950 431
1453960 431
1453970 430
1453980 430
1453990 429
1454000 426
1454010 428
1454020 425
1454030 423
1454040 423
1454050 422
1454060 422
1454070 421
1454080 421
1454090 421
1454100 421
1454110 421
1454120 421
1454130 421
1454140 421
1454150 421
1454160 420
1454170 420
1454180 420
1454190 420
1454200 420
1454210 420
1454220 421
1454230 421
1454240 421
1454250 421
1454260 421
1454270 421
1454280 421
1454290 421
1454300 421
1454310 421
1454320 421
1454330 421
1454340 421
1454350 421
1454360 421
1454370 421
1454380 421
1454390 421
1454400 421
1454410 421
1454420 422
1454430 422
1454440 422
1454450 422
1454460 422
1454470 422
1454480 422
1454490 422
1454500 422
1454510 422
1454520 422
1454530 422
1454540 422
1454550 422
1454560 422
1454570 422
1454580 422
1454590 422
1454600 422
1454610 422
1454620 422
1454630 422
1454640 422
1454650 422
1454660 422
1454670 422
1454680 422
1454690 422
1454700 421
1454710 421
1454720 421
1454730 421
1454740 421
1454750 420
1454760 420
1454770 420
1454780 420
1454790 420
1454800 420
1454810 420
1454820 420
1454830 420
1454840 421
1454850 421
1454860 421
1454870 421
1454880 421
1454890 421
1454900 421
1454910 421
1454920 421
1454930 421
1454940 421
1454950 421
1454960 421
1454970 421
1454980 421
1454990 421
1455000 421
1455010 421
1455020 420
1455030 420
1455040 420
1455050 420
1455060 420
1455070 420
1455080 420
1455090 420
1455100 420
1455110 420
1455120 420
1455130 420
1455140 420
1455150 420
1455160 420
1455170 420
1455180 420
1455190 420
1455200 420
1455210 420
1455220 420
1455230 420
1455240 420
1455250 420
1455260 420
1455270 420
1455280 420
1455290 420
1455300 420
1455310 420
1455320 420
1455330 420
1455340 420
1455350 420
1455360 421
1455370 421
1455380 421
1455390 421
1455400 421
1455410 421
1455420 422
1455430 422
1455440 423
1455450 424
1455460 424
1455470 426
1455480 429
1455490 429
1455500 431
1455510 433
1455520 433
1455530 437
1455540 442
1455550 442
1455560 447
1455570 451
1455580 451
1455590 454
1455600 456
1455610 456
1455620 457
1455630 458
1455640 458
1455650 459
1455660 459
1455670 459
1455680 460
1455690 461
1455700 461
1455710 462
1455720 463
1455730 463
1455740 464
1455750 464
1455760 464
1455770 465
1455780 466
1455790 466
1455800 466
1455810 467
1455820 467
1455830 468
1455840 469
1455850 469
1455860 470
1455870 471
1455880 471
1455890 471
1455900 471
1455910 471
1455920 472
1455930 472
1455940 472
1455950 472
1455960 473
1455970 473
1455980 474
1455990 474
1456000 474
1456010 475
1456020 475
1456030 475
1456040 476
1456050 476
1456060 476
1456070 476
1456080 476
1456090 476
1456100 476
1456110 476
1456120 476
1456130 476
1456140 476
1456150 475
1456160 475
1456170 474
1456180 473
1456190 473
1456200 472
1456210 472
1456220 472
1456230 471
1456240 470
1456250 470
1456260 470
1456270 469
1456280 469
1456290 469
1456300 469
1456310 469
1456320 468
1456330 468
1456340 468
1456350 467
1456360 467
1456370 467
1456380 467
1456390 467
1456400 467
1456410 467
1456420 467
1456430 467
1456440 467
1456450 467
1456460 467
1456470 468
1456480 468
1456490 468
1456500 469
1456510 469
1456520 469
1456530 470
1456540 470
1456550 470
1456560 471
1456570 471
1456580 471
1456590 471
1456600 471
1456610 471
1456620 470
1456630 470
1456640 470
1456650 470
1456660 469
1456670 469
1456680 469
1456690 468
1456700 468
1456710 468
1456720 467
1456730 467
1456740 466
1456750 466
1456760 466
1456770 465
1456780 464
1456790 464
1456800 463
1456810 463
1456820 463
1456830 462
1456840 462
1456850 462
1456860 461
1456870 461
1456880 461
1456890 460
1456900 461
1456910 461
1456920 462
1456930 463
1456940 463
1456950 463
1456960 464
1456970 464
1456980 465
1456990 465
1457000 465
1457010 466
1457020 466
1457030 466
1457040 467
1457050 467
1457060 467
1457070 468
1457080 468
1457090 468
1457100 468
1457110 468
1457120 468
1457130 468
1457140 468
1457150 468
1457160 468
1457170 467
1457180 467
1457190 467
1457200 466
1457210 466
1457220 466
1457230 465
1457240 465
1457250 464
1457260 464
1457270 464
1457280 463
1457290 463
1457300 463
1457310 462
1457320 461
1457330 461
1457340 461
1457350 460
1457360 460
1457370 459
1457380 459
1457390 459
1457400 458
1457410 458
1457420 458
1457430 459
1457440 460
1457450 460
1457460 461
1457470 463
1457480 463
1457490 464
1457500 465
1457510 465
1457520 466
1457530 466
1457540 466
1457550 467
1457560 468
1457570 468
1457580 469
1457590 469
1457600 469
1457610 470
1457620 470
1457630 470
1457640 471
1457650 471
1457660 471
1457670 472
1457680 472
1457690 472
1457700 473
1457710 473
1457720 473
1457730 473
1457740 473
1457750 473
1457760 473
1457770 473
1457780 473
1457790 473
1457800 473
1457810 473
1457820 473
1457830 473
1457840 473
1457850 473
1457860 473
1457870 473
1457880 472
1457890 472
1457900 472
1457910 472
1457920 472
1457930 472
1457940 471
1457950 471
1457960 471
1457970 471
1457980 471
1457990 471
1458000 470
1458010 470
1458020 470
1458030 470
1458040 469
1458050 469
1458060 469
1458070 469
1458080 468
1458090 468
1458100 468
1458110 467
1458120 467
1458130 467
1458140 466
1458150 466
1458160 465
1458170 464
1458180 464
1458190 464
1458200 464
1458210 464
1458220 463
1458230 463
1458240 463
1458250 463
1458260 462
1458270 462
1458280 462
1458290 462
1458300 462
1458310 461
1458320 461
1458330 461
1458340 460
1458350 459
1458360 459
1458370 459
1458380 460
1458390 460
1458400 461
1458410 463
1458420 463
1458430 464
1458440 464
1458450 464
1458460 464
1458470 465
1458480 465
1458490 466
1458500 467
1458510 467
1458520 468
1458530 469
1458540 469
1458550 470
1458560 470
1458570 470
1458580 471
1458590 471
1458600 471
1458610 472
1458620 472
1458630 472
1458640 472
1458650 473
1458660 473
1458670 473
1458680 473
1458690 473
1458700 474
1458710 474
1458720 474
1458730 474
1458740 474
1458750 474
1458760 474
1458770 474
1458780 474
1458790 474
1458800 474
1458810 474
1458820 474
1458830 474
1458840 474
1458850 474
1458860 473
1458870 473
1458880 473
1458890 472
1458900 472
1458910 472
1458920 471
1458930 471
1458940 470
1458950 470
1458960 470
1458970 469
1458980 469
1458990 469
1459000 468
1459010 468
1459020 468
1459030 467
1459040 466
1459050 466
1459060 466
1459070 465
1459080 465
1459090 464
1459100 462
1459110 462
1459120 461
1459130 460
1459140 460
1459150 459
1459160 457
1459170 457
1459180 455
1459190 456
1459200 456
1459210 457
1459220 458
1459230 458
1459240 459
1459250 459
1459260 459
1459270 460
1459280 460
1459290 460
1459300 460
1459310 460
1459320 460
1459330 460
1459340 461
1459350 461
1459360 460
1459370 460
1459380 460
1459390 460
1459400 460
1459410 460
1459420 460
1459430 460
1459440 460
1459450 460
1459460 459
1459470 459
1459480 459
1459490 458
1459500 458
1459510 458
1459520 457
1459530 457
1459540 456
1459550 455
1459560 455
1459570 453
1459580 449
1459590 449
1459600 445
1459610 440
1459620 440
1459630 435
1459640 431
1459650 431
1459660 429
1459670 428
1459680 428
1459690 427
1459700 425
1459710 425
1459720 424
1459730 423
1459740 423
1459750 422
1459760 422
1459770 422
1459780 422
1459790 422
1459800 422
1459810 421
1459820 421
1459830 421
1459840 421
1459850 421
1459860 421
1459870 421
1459880 421
1459890 421
1459900 421
1459910 421
1459920 421
1459930 421
1459940 421
1459950 421
1459960 421
1459970 421
1459980 421
1459990 421
