1440000 446
1440010 446
1440020 446
1440030 445
1440040 445
1440050 445
1440060 444
1440070 444
1440080 444
1440090 444
1440100 443
1440110 443
1440120 443
1440130 442
1440140 442
1440150 441
1440160 439
1440170 439
1440180 436
1440190 432
1440200 432
1440210 429
1440220 427
1440230 427
1440240 425
1440250 423
1440260 423
1440270 421
1440280 419
1440290 419
1440300 417
1440310 416
1440320 416
1440330 415
1440340 415
1440350 415
1440360 415
1440370 416
1440380 416
1440390 416
1440400 417
1440410 417
1440420 419
1440430 420
1440440 420
1440450 420
1440460 421
1440470 421
1440480 422
1440490 423
1440500 423
1440510 425
1440520 426
1440530 426
1440540 427
1440550 429
1440560 429
1440570 432
1440580 436
1440590 436
1440600 439
1440610 442
1440620 442
1440630 443
1440640 444
1440650 444
1440660 445
1440670 446
1440680 446
1440690 446
1440700 447
1440710 447
1440720 447
1440730 447
1440740 447
1440750 448
1440760 448
1440770 448
1440780 449
1440790 449
1440800 449
1440810 449
1440820 449
1440830 449
1440840 449
1440850 449
1440860 449
1440870 449
1440880 449
1440890 449
1440900 449
1440910 449
1440920 449
1440930 449
1440940 449
1440950 449
1440960 449
1440970 449
1440980 449
1440990 449
1441000 449
1441010 449
1441020 449
1441030 448
1441040 448
1441050 448
1441060 448
1441070 448
1441080 447
1441090 447
1441100 447
1441110 446
1441120 445
1441130 445
1441140 445
1441150 444
1441160 444
1441170 443
1441180 442
1441190 442
1441200 441
1441210 440
1441220 440
1441230 440
1441240 440
1441250 440
1441260 440
1441270 444
1441280 444
1441290 445
1441300 446
1441310 446
1441320 446
1441330 447
1441340 447
1441350 447
1441360 448
1441370 448
1441380 448
1441390 448
1441400 448
1441410 449
1441420 449
1441430 449
1441440 449
1441450 449
1441460 449
1441470 449
1441480 449
1441490 449
1441500 450
1441510 450
1441520 450
1441530 449
1441540 449
1441550 449
1441560 449
1441570 449
1441580 449
1441590 449
1441600 448
1441610 448
1441620 448
1441630 448
1441640 448
1441650 448
1441660 448
1441670 448
1441680 448
1441690 448
1441700 448
1441710 448
1441720 448
1441730 448
1441740 448
1441750 449
1441760 449
1441770 449
1441780 449
1441790 449
1441800 449
1441810 449
1441820 449
1441830 449
1441840 449
1441850 449
1441860 449
1441870 449
1441880 449
1441890 448
1441900 448
1441910 448
1441920 448
1441930 448
1441940 448
1441950 448
1441960 447
1441970 447
1441980 447
1441990 447
1442000 447
1442010 447
1442020 448
1442030 448
1442040 448
1442050 448
1442060 448
1442070 448
1442080 448
1442090 448
1442100 448
1442110 448
1442120 448
1442130 448
1442140 448
1442150 448
1442160 448
1442170 448
1442180 448
1442190 448
1442200 448
1442210 448
1442220 448
1442230 448
1442240 448
1442250 448
1442260 448
1442270 448
1442280 448
1442290 449
1442300 449
1442310 449
1442320 449
1442330 449
1442340 449
1442350 449
1442360 450
1442370 450
1442380 450
1442390 450
1442400 450
1442410 450
1442420 450
1442430 450
1442440 451
1442450 451
1442460 451
1442470 451
1442480 451
1442490 451
1442500 451
1442510 452
1442520 452
1442530 452
1442540 453
1442550 453
1442560 453
1442570 453
1442580 453
1442590 452
1442600 452
1442610 452
1442620 451
1442630 451
1442640 451
1442650 451
1442660 450
1442670 450
1442680 450
1442690 450
1442700 450
1442710 450
1442720 450
1442730 450
1442740 450
1442750 450
1442760 450
1442770 451
1442780 451
1442790 451
1442800 452
1442810 452
1442820 452
1442830 452
1442840 453
1442850 453
1442860 453
1442870 454
1442880 454
1442890 454
1442900 455
1442910 455
1442920 455
1442930 455
1442940 455
1442950 456
1442960 456
1442970 456
1442980 456
1442990 458
1443000 458
1443010 458
1443020 458
1443030 458
1443040 459
1443050 459
1443060 459
1443070 459
1443080 459
1443090 459
1443100 459
1443110 459
1443120 459
1443130 459
1443140 459
1443150 459
1443160 459
1443170 459
1443180 459
1443190 459
1443200 458
1443210 458
1443220 457
1443230 455
1443240 455
1443250 454
1443260 452
1443270 452
1443280 451
1443290 451
1443300 451
1443310 451
1443320 451
1443330 451
1443340 451
1443350 451
1443360 451
1443370 451
1443380 451
1443390 451
1443400 452
1443410 452
1443420 452
1443430 453
1443440 453
1443450 453
1443460 454
1443470 455
1443480 455
1443490 455
1443500 455
1443510 455
1443520 456
1443530 456
1443540 456
1443550 456
1443560 456
1443570 456
1443580 456
1443590 456
1443600 456
1443610 456
1443620 456
1443630 456
1443640 456
1443650 456
1443660 456
1443670 456
1443680 456
1443690 456
1443700 455
1443710 455
1443720 455
1443730 455
1443740 454
1443750 454
1443760 454
1443770 453
1443780 453
1443790 453
1443800 452
1443810 452
1443820 451
1443830 451
1443840 451
1443850 450
1443860 450
1443870 450
1443880 450
1443890 449
1443900 449
1443910 450
1443920 450
1443930 450
1443940 450
1443950 450
1443960 450
1443970 451
1443980 451
1443990 451
1444000 451
1444010 451
1444020 451
1444030 451
1444040 451
1444050 451
1444060 451
1444070 451
1444080 451
1444090 451
1444100 450
1444110 450
1444120 450
1444130 450
1444140 450
1444150 450
1444160 450
1444170 450
1444180 449
1444190 449
1444200 449
1444210 450
1444220 453
1444230 461
1444240 461
1444250 463
1444260 464
1444270 464
1444280 464
1444290 464
1444300 464
1444310 465
1444320 465
1444330 465
1444340 465
1444350 466
1444360 466
1444370 466
1444380 466
1444390 466
1444400 466
1444410 466
1444420 466
1444430 466
1444440 466
1444450 466
1444460 466
1444470 466
1444480 466
1444490 466
1444500 466
1444510 466
1444520 466
1444530 466
1444540 466
1444550 466
1444560 465
1444570 465
1444580 465
1444590 464
1444600 464
1444610 463
1444620 463
1444630 463
1444640 462
1444650 462
1444660 462
1444670 462
1444680 462
1444690 462
1444700 462
1444710 462
1444720 462
1444730 462
1444740 463
1444750 463
1444760 463
1444770 463
1444780 463
1444790 463
1444800 463
1444810 463
1444820 462
1444830 462
1444840 462
1444850 461
1444860 461
1444870 461
1444880 461
1444890 461
1444900 461
1444910 461
1444920 461
1444930 461
1444940 461
1444950 460
1444960 460
1444970 460
1444980 459
1444990 459
1445000 457
1445010 455
1445020 455
1445030 452
1445040 450
1445050 450
1445060 449
1445070 448
1445080 448
1445090 447
1445100 446
1445110 446
1445120 445
1445130 445
1445140 445
1445150 444
1445160 443
1445170 443
1445180 443
1445190 442
1445200 442
1445210 442
1445220 441
1445230 441
1445240 441
1445250 440
1445260 440
1445270 441
1445280 441
1445290 441
1445300 441
1445310 442
1445320 442
1445330 442
1445340 443
1445350 443
1445360 444
1445370 446
1445380 446
1445390 449
1445400 452
1445410 452
1445420 455
1445430 456
1445440 456
1445450 458
1445460 459
1445470 459
1445480 460
1445490 461
1445500 461
1445510 461
1445520 461
1445530 461
1445540 461
1445550 462
1445560 462
1445570 462
1445580 462
1445590 462
1445600 462
1445610 463
1445620 463
1445630 463
1445640 463
1445650 463
1445660 463
1445670 463
1445680 463
1445690 463
1445700 463
1445710 463
1445720 463
1445730 462
1445740 462
1445750 462
1445760 461
1445770 461
1445780 461
1445790 461
1445800 461
1445810 461
1445820 461
1445830 461
1445840 461
1445850 460
1445860 460
1445870 460
1445880 460
1445890 460
1445900 461
1445910 461
1445920 461
1445930 462
1445940 462
1445950 462
1445960 463
1445970 463
1445980 463
1445990 463
1446000 464
1446010 464
1446020 464
1446030 464
1446040 464
1446050 464
1446060 464
1446070 464
1446080 463
1446090 463
1446100 463
1446110 463
1446120 463
1446130 463
1446140 463
1446150 463
1446160 463
1446170 463
1446180 463
1446190 463
1446200 463
1446210 463
1446220 465
1446230 465
1446240 465
1446250 465
1446260 465
1446270 465
1446280 465
1446290 465
1446300 464
1446310 464
1446320 464
1446330 463
1446340 463
1446350 463
1446360 463
1446370 463
1446380 462
1446390 462
1446400 462
1446410 461
1446420 461
1446430 460
1446440 460
1446450 460
1446460 459
1446470 459
1446480 458
1446490 458
1446500 458
1446510 457
1446520 457
1446530 457
1446540 457
1446550 456
1446560 456
1446570 457
1446580 457
1446590 457
1446600 456
1446610 456
1446620 456
1446630 455
1446640 455
1446650 455
1446660 454
1446670 452
1446680 452
1446690 450
1446700 448
1446710 448
1446720 446
1446730 444
1446740 444
1446750 442
1446760 441
1446770 441
1446780 441
1446790 441
1446800 441
1446810 440
1446820 440
1446830 440
1446840 439
1446850 438
1446860 438
1446870 436
1446880 435
1446890 435
1446900 435
1446910 434
1446920 434
1446930 434
1446940 433
1446950 433
1446960 432
1446970 432
1446980 432
1446990 432
1447000 431
1447010 431
1447020 431
1447030 431
1447040 431
1447050 432
1447060 432
1447070 432
1447080 432
1447090 433
1447100 433
1447110 433
1447120 433
1447130 433
1447140 434
1447150 434
1447160 434
1447170 435
1447180 436
1447190 436
1447200 436
1447210 437
1447220 437
1447230 437
1447240 437
1447250 437
1447260 437
1447270 438
1447280 438
1447290 438
1447300 438
1447310 438
1447320 438
1447330 439
1447340 439
1447350 439
1447360 439
1447370 439
1447380 439
1447390 439
1447400 439
1447410 439
1447420 439
1447430 439
1447440 439
1447450 439
1447460 439
1447470 439
1447480 439
1447490 439
1447500 439
1447510 439
1447520 439
1447530 439
1447540 440
1447550 440
1447560 440
1447570 440
1447580 440
1447590 440
1447600 440
1447610 440
1447620 440
1447630 440
1447640 440
1447650 440
1447660 440
1447670 440
1447680 440
1447690 440
1447700 440
1447710 440
1447720 440
1447730 440
1447740 440
1447750 440
1447760 440
1447770 440
1447780 440
1447790 440
1447800 440
1447810 440
1447820 440
1447830 440
1447840 440
1447850 440
1447860 440
1447870 440
1447880 440
1447890 440
1447900 440
1447910 440
1447920 440
1447930 440
1447940 440
1447950 439
1447960 439
1447970 439
1447980 439
1447990 439
1448000 439
1448010 439
1448020 440
1448030 440
1448040 440
1448050 440
1448060 440
1448070 440
1448080 440
1448090 440
1448100 441
1448110 441
1448120 441
1448130 441
1448140 441
1448150 441
1448160 441
1448170 441
1448180 441
1448190 441
1448200 442
1448210 442
1448220 442
1448230 442
1448240 442
1448250 442
1448260 442
1448270 442
1448280 442
1448290 442
1448300 442
1448310 442
1448320 442
1448330 442
1448340 442
1448350 442
1448360 442
1448370 442
1448380 442
1448390 442
1448400 442
1448410 442
1448420 442
1448430 442
1448440 442
1448450 442
1448460 442
1448470 442
1448480 442
1448490 442
1448500 442
1448510 442
1448520 442
1448530 442
1448540 442
1448550 443
1448560 443
1448570 443
1448580 443
1448590 443
1448600 443
1448610 443
1448620 443
1448630 442
1448640 442
1448650 442
1448660 442
1448670 442
1448680 442
1448690 442
1448700 442
1448710 442
1448720 442
1448730 442
1448740 442
1448750 442
1448760 442
1448770 442
1448780 442
1448790 442
1448800 442
1448810 442
1448820 442
1448830 442
1448840 442
1448850 442
1448860 442
1448870 441
1448880 441
1448890 441
1448900 441
1448910 441
1448920 441
1448930 441
1448940 441
1448950 441
1448960 441
1448970 441
1448980 440
1448990 441
1449000 441
1449010 441
1449020 441
1449030 441
1449040 441
1449050 441
1449060 441
1449070 441
1449080 441
1449090 441
1449100 441
1449110 441
1449120 441
1449130 441
1449140 441
1449150 441
1449160 441
1449170 441
1449180 441
1449190 441
1449200 441
1449210 441
1449220 441
1449230 441
1449240 441
1449250 441
1449260 441
1449270 441
1449280 441
1449290 441
1449300 441
1449310 441
1449320 441
1449330 441
1449340 441
1449350 441
1449360 441
1449370 441
1449380 441
1449390 441
1449400 440
1449410 441
1449420 441
1449430 441
1449440 440
1449450 440
1449460 440
1449470 440
1449480 440
1449490 440
1449500 440
1449510 440
1449520 440
1449530 440
1449540 440
1449550 440
1449560 440
1449570 440
1449580 440
1449590 440
1449600 440
1449610 440
1449620 440
1449630 440
1449640 440
1449650 440
1449660 440
1449670 440
1449680 440
1449690 440
1449700 440
1449710 440
1449720 440
1449730 440
1449740 440
1449750 440
1449760 440
1449770 440
1449780 440
1449790 440
1449800 440
1449810 440
1449820 440
1449830 440
1449840 440
1449850 440
1449860 440
1449870 440
1449880 439
1449890 439
1449900 439
1449910 439
1449920 439
1449930 439
1449940 439
1449950 439
1449960 439
1449970 439
1449980 439
1449990 439
1450000 439
1450010 439
1450020 439
1450030 438
1450040 438
1450050 438
1450060 438
1450070 438
1450080 438
1450090 437
1450100 437
1450110 437
1450120 437
1450130 436
1450140 436
1450150 436
1450160 436
1450170 436
1450180 436
1450190 436
1450200 436
1450210 435
1450220 435
1450230 435
1450240 435
1450250 434
1450260 434
1450270 434
1450280 434
1450290 434
1450300 433
1450310 433
1450320 433
1450330 433
1450340 432
1450350 432
1450360 432
1450370 432
1450380 432
1450390 432
1450400 432
1450410 432
1450420 432
1450430 432
1450440 432
1450450 432
1450460 433
1450470 433
1450480 433
1450490 433
1450500 433
1450510 433
1450520 433
1450530 433
1450540 433
1450550 433
1450560 433
1450570 432
1450580 432
1450590 432
1450600 432
1450610 432
1450620 432
1450630 431
1450640 427
1450650 427
1450660 425
1450670 423
1450680 423
1450690 422
1450700 422
1450710 422
1450720 421
1450730 421
1450740 421
1450750 421
1450760 421
1450770 421
1450780 421
1450790 421
1450800 421
1450810 421
1450820 421
1450830 421
1450840 421
1450850 421
1450860 421
1450870 421
1450880 419
1450890 418
1450900 418
1450910 418
1450920 417
1450930 417
1450940 417
1450950 417
1450960 417
1450970 417
1450980 417
1450990 417
1451000 417
1451010 418
1451020 418
1451030 419
1451040 419
1451050 419
1451060 418
1451070 418
1451080 418
1451090 418
1451100 418
1451110 418
1451120 418
1451130 418
1451140 418
1451150 418
1451160 418
1451170 418
1451180 418
1451190 418
1451200 418
1451210 418
1451220 418
1451230 418
1451240 418
1451250 418
1451260 418
1451270 418
1451280 418
1451290 418
1451300 418
1451310 418
1451320 418
1451330 418
1451340 418
1451350 418
1451360 418
1451370 418
1451380 418
1451390 418
1451400 418
1451410 418
1451420 419
1451430 420
1451440 420
1451450 420
1451460 421
1451470 421
1451480 421
1451490 421
1451500 421
1451510 421
1451520 422
1451530 422
1451540 422
1451550 422
1451560 422
1451570 423
1451580 423
1451590 423
1451600 424
1451610 424
1451620 424
1451630 425
1451640 426
1451650 426
1451660 426
1451670 427
1451680 427
1451690 427
1451700 428
1451710 428
1451720 428
1451730 429
1451740 429
1451750 429
1451760 429
1451770 429
1451780 429
1451790 429
1451800 429
1451810 429
1451820 429
1451830 429
1451840 428
1451850 426
1451860 426
1451870 422
1451880 419
1451890 419
1451900 418
1451910 419
1451920 419
1451930 421
1451940 421
1451950 421
1451960 422
1451970 424
1451980 424
1451990 427
1452000 428
1452010 428
1452020 429
1452030 430
1452040 430
1452050 430
1452060 430
1452070 430
1452080 430
1452090 431
1452100 431
1452110 431
1452120 431
1452130 431
1452140 431
1452150 431
1452160 431
1452170 431
1452180 431
1452190 431
1452200 431
1452210 431
1452220 431
1452230 431
1452240 431
1452250 431
1452260 431
1452270 431
1452280 431
1452290 431
1452300 431
1452310 431
1452320 430
1452330 430
1452340 430
1452350 430
1452360 430
1452370 430
1452380 430
1452390 430
1452400 430
1452410 430
1452420 430
1452430 430
1452440 430
1452450 429
1452460 429
1452470 429
1452480 429
1452490 429
1452500 429
1452510 428
1452520 428
1452530 428
1452540 428
1452550 428
1452560 427
1452570 426
1452580 426
1452590 425
1452600 424
1452610 424
1452620 422
1452630 421
1452640 421
1452650 420
1452660 420
1452670 420
1452680 420
1452690 419
1452700 419
1452710 417
1452720 415
1452730 415
1452740 415
1452750 415
1452760 415
1452770 415
1452780 415
1452790 415
1452800 414
1452810 414
1452820 414
1452830 414
1452840 414
1452850 414
1452860 414
1452870 415
1452880 415
1452890 415
1452900 415
1452910 415
1452920 415
1452930 415
1452940 415
1452950 416
1452960 416
1452970 416
1452980 415
1452990 415
1453000 415
1453010 415
1453020 415
1453030 415
1453040 415
1453050 415
1453060 415
1453070 415
1453080 415
1453090 415
1453100 415
1453110 415
1453120 416
1453130 416
1453140 416
1453150 416
1453160 416
1453170 416
1453180 416
1453190 416
1453200 416
1453210 416
1453220 416
1453230 416
1453240 416
1453250 416
1453260 415
1453270 416
1453280 416
1453290 416
1453300 416
1453310 416
1453320 416
1453330 416
1453340 416
1453350 415
1453360 415
1453370 415
1453380 415
1453390 415
1453400 415
1453410 415
1453420 415
1453430 415
1453440 415
1453450 415
1453460 415
1453470 415
1453480 415
1453490 415
1453500 415
1453510 415
1453520 415
1453530 414
1453540 415
1453550 415
1453560 415
1453570 416
1453580 416
1453590 417
1453600 420
1453610 420
1453620 424
1453630 428
1453640 428
1453650 434
1453660 439
1453670 435
1453680 440
1453690 445
1453700 445
1453710 449
1453720 452
1453730 452
1453740 454
1453750 454
1453760 454
1453770 455
1453780 455
1453790 455
1453800 456
1453810 456
1453820 456
1453830 457
1453840 457
1453850 457
1453860 458
1453870 458
1453880 458
1453890 458
1453900 459
1453910 459
1453920 459
1453930 458
1453940 458
1453950 458
1453960 458
1453970 458
1453980 457
1453990 456
1454000 456
1454010 456
1454020 455
1454030 455
1454040 454
1454050 453
1454060 453
1454070 452
1454080 451
1454090 451
1454100 449
1454110 448
1454120 448
1454130 447
1454140 447
1454150 447
1454160 447
1454170 447
1454180 447
1454190 447
1454200 446
1454210 446
1454220 446
1454230 446
1454240 446
1454250 446
1454260 447
1454270 447
1454280 448
1454290 449
1454300 449
1454310 450
1454320 450
1454330 450
1454340 451
1454350 452
1454360 452
1454370 453
1454380 453
1454390 453
1454400 454
1454410 454
1454420 454
1454430 455
1454440 455
1454450 455
1454460 455
1454470 455
1454480 455
1454490 455
1454500 455
1454510 455
1454520 455
1454530 455
1454540 455
1454550 454
1454560 454
1454570 454
1454580 453
1454590 452
1454600 452
1454610 451
1454620 450
1454630 450
1454640 447
1454650 445
1454660 445
1454670 443
1454680 441
1454690 441
1454700 440
1454710 440
1454720 440
1454730 439
1454740 439
1454750 439
1454760 441
1454770 443
1454780 443
1454790 446
1454800 449
1454810 449
1454820 450
1454830 451
1454840 451
1454850 452
1454860 453
1454870 453
1454880 454
1454890 454
1454900 454
1454910 455
1454920 455
1454930 455
1454940 455
1454950 455
1454960 455
1454970 455
1454980 455
1454990 455
1455000 456
1455010 456
1455020 456
1455030 456
1455040 455
1455050 455
1455060 455
1455070 455
1455080 455
1455090 455
1455100 454
1455110 454
1455120 454
1455130 454
1455140 454
1455150 453
1455160 453
1455170 453
1455180 453
1455190 452
1455200 452
1455210 452
1455220 451
1455230 451
1455240 451
1455250 450
1455260 449
1455270 449
1455280 449
1455290 448
1455300 448
1455310 448
1455320 447
1455330 447
1455340 447
1455350 446
1455360 446
1455370 445
1455380 444
1455390 444
1455400 443
1455410 442
1455420 442
1455430 441
1455440 440
1455450 440
1455460 439
1455470 439
1455480 439
1455490 438
1455500 437
1455510 437
1455520 437
1455530 436
1455540 436
1455550 436
1455560 435
1455570 435
1455580 435
1455590 435
1455600 435
1455610 434
1455620 433
1455630 433
1455640 432
1455650 432
1455660 432
1455670 432
1455680 431
1455690 431
1455700 431
1455710 430
1455720 430
1455730 430
1455740 430
1455750 430
1455760 429
1455770 428
1455780 428
1455790 428
1455800 428
1455810 428
1455820 428
1455830 428
1455840 428
1455850 428
1455860 429
1455870 429
1455880 430
1455890 431
1455900 431
1455910 433
1455920 434
1455930 434
1455940 436
1455950 436
1455960 436
1455970 437
1455980 439
1455990 439
1456000 440
1456010 440
1456020 440
1456030 441
1456040 441
1456050 441
1456060 441
1456070 441
1456080 441
1456090 441
1456100 441
1456110 441
1456120 441
1456130 441
1456140 441
1456150 441
1456160 440
1456170 440
1456180 440
1456190 440
1456200 440
1456210 441
1456220 441
1456230 441
1456240 442
1456250 443
1456260 443
1456270 443
1456280 444
1456290 444
1456300 445
1456310 446
1456320 446
1456330 448
1456340 449
1456350 449
1456360 450
1456370 450
1456380 450
1456390 451
1456400 452
1456410 452
1456420 453
1456430 454
1456440 454
1456450 455
1456460 456
1456470 456
1456480 457
1456490 458
1456500 458
1456510 459
1456520 459
1456530 459
1456540 460
1456550 461
1456560 461
1456570 461
1456580 462
1456590 462
1456600 462
1456610 462
1456620 462
1456630 463
1456640 463
1456650 463
1456660 463
1456670 463
1456680 463
1456690 463
1456700 463
1456710 463
1456720 462
1456730 462
1456740 462
1456750 462
1456760 461
1456770 461
1456780 460
1456790 460
1456800 460
1456810 459
1456820 458
1456830 458
1456840 458
1456850 457
1456860 457
1456870 456
1456880 455
1456890 455
1456900 454
1456910 453
1456920 453
1456930 452
1456940 452
1456950 452
1456960 452
1456970 453
1456980 453
1456990 453
1457000 453
1457010 453
1457020 453
1457030 453
1457040 453
1457050 452
1457060 452
1457070 452
1457080 452
1457090 451
1457100 451
1457110 451
1457120 451
1457130 451
1457140 450
1457150 450
1457160 450
1457170 449
1457180 449
1457190 449
1457200 449
1457210 448
1457220 448
1457230 448
1457240 447
1457250 447
1457260 447
1457270 446
1457280 446
1457290 446
1457300 446
1457310 446
1457320 445
1457330 445
1457340 445
1457350 444
1457360 444
1457370 444
1457380 443
1457390 443
1457400 442
1457410 442
1457420 441
1457430 440
1457440 440
1457450 440
1457460 439
1457470 439
1457480 438
1457490 438
1457500 438
1457510 437
1457520 436
1457530 436
1457540 436
1457550 436
1457560 436
1457570 436
1457580 435
1457590 435
1457600 435
1457610 435
1457620 435
1457630 434
1457640 434
1457650 434
1457660 433
1457670 432
1457680 432
1457690 431
1457700 431
1457710 431
1457720 432
1457730 432
1457740 432
1457750 433
1457760 436
1457770 436
1457780 440
1457790 444
1457800 444
1457810 447
1457820 448
1457830 448
1457840 450
1457850 451
1457860 451
1457870 452
1457880 453
1457890 453
1457900 454
1457910 455
1457920 455
1457930 456
1457940 457
1457950 457
1457960 458
1457970 458
1457980 458
1457990 458
1458000 459
1458010 459
1458020 459
1458030 459
1458040 459
1458050 459
1458060 459
1458070 459
1458080 459
1458090 459
1458100 459
1458110 459
1458120 459
1458130 459
1458140 459
1458150 458
1458160 458
1458170 458
1458180 458
1458190 458
1458200 458
1458210 458
1458220 458
1458230 457
1458240 456
1458250 456
1458260 456
1458270 456
1458280 456
1458290 457
1458300 457
1458310 457
1458320 457
1458330 458
1458340 458
1458350 458
1458360 459
1458370 459
1458380 459
1458390 459
1458400 459
1458410 460
1458420 460
1458430 460
1458440 461
1458450 461
1458460 461
1458470 461
1458480 461
1458490 461
1458500 462
1458510 462
1458520 462
1458530 462
1458540 462
1458550 462
1458560 463
1458570 463
1458580 463
1458590 463
1458600 463
1458610 463
1458620 464
1458630 464
1458640 464
1458650 464
1458660 464
1458670 464
1458680 464
1458690 464
1458700 464
1458710 465
1458720 465
1458730 465
1458740 465
1458750 465
1458760 465
1458770 465
1458780 466
1458790 466
1458800 466
1458810 466
1458820 466
1458830 466
1458840 466
1458850 466
1458860 466
1458870 467
1458880 467
1458890 467
1458900 467
1458910 467
1458920 467
1458930 467
1458940 467
1458950 468
1458960 468
1458970 468
1458980 468
1458990 468
1459000 468
1459010 468
1459020 469
1459030 469
1459040 469
1459050 469
1459060 469
1459070 469
1459080 469
1459090 469
1459100 470
1459110 470
1459120 470
1459130 470
1459140 470
1459150 470
1459160 471
1459170 471
1459180 471
1459190 471
1459200 471
1459210 471
1459220 471
1459230 471
1459240 471
1459250 471
1459260 471
1459270 471
1459280 469
1459290 464
1459300 464
1459310 462
1459320 461
1459330 461
1459340 461
1459350 461
1459360 461
1459370 461
1459380 462
1459390 462
1459400 463
1459410 463
1459420 463
1459430 464
1459440 465
1459450 465
1459460 466
1459470 466
1459480 466
1459490 467
1459500 467
1459510 467
1459520 467
1459530 467
1459540 467
1459550 467
1459560 467
1459570 467
1459580 466
1459590 466
1459600 465
1459610 465
1459620 465
1459630 464
1459640 464
1459650 463
1459660 463
1459670 463
1459680 463
1459690 463
1459700 463
1459710 462
1459720 463
1459730 463
1459740 464
1459750 464
1459760 464
1459770 465
1459780 465
1459790 465
1459800 465
1459810 466
1459820 466
1459830 466
1459840 465
1459850 465
1459860 465
1459870 465
1459880 465
1459890 465
1459900 465
1459910 465
1459920 464
1459930 464
1459940 464
1459950 463
1459960 463
1459970 463
1459980 462
1459990 458
