1440000 428
1440010 428
1440020 428
1440030 428
1440040 428
1440050 428
1440060 428
1440070 429
1440080 429
1440090 429
1440100 429
1440110 429
1440120 430
1440130 430
1440140 430
1440150 430
1440160 430
1440170 430
1440180 430
1440190 430
1440200 430
1440210 431
1440220 431
1440230 431
1440240 431
1440250 431
1440260 431
1440270 431
1440280 431
1440290 431
1440300 431
1440310 431
1440320 431
1440330 430
1440340 430
1440350 430
1440360 430
1440370 430
1440380 430
1440390 430
1440400 430
1440410 430
1440420 430
1440430 430
1440440 430
1440450 430
1440460 430
1440470 430
1440480 430
1440490 430
1440500 430
1440510 430
1440520 430
1440530 430
1440540 430
1440550 431
1440560 431
1440570 431
1440580 431
1440590 431
1440600 431
1440610 431
1440620 431
1440630 431
1440640 431
1440650 431
1440660 431
1440670 431
1440680 431
1440690 431
1440700 431
1440710 431
1440720 431
1440730 431
1440740 431
1440750 431
1440760 431
1440770 431
1440780 430
1440790 430
1440800 430
1440810 430
1440820 430
1440830 430
1440840 429
1440850 428
1440860 428
1440870 428
1440880 428
1440890 428
1440900 428
1440910 429
1440920 429
1440930 430
1440940 431
1440950 431
1440960 431
1440970 432
1440980 432
1440990 432
1441000 433
1441010 433
1441020 433
1441030 434
1441040 434
1441050 434
1441060 434
1441070 434
1441080 434
1441090 434
1441100 434
1441110 434
1441120 434
1441130 434
1441140 434
1441150 434
1441160 434
1441170 434
1441180 434
1441190 434
1441200 433
1441210 433
1441220 433
1441230 432
1441240 432
1441250 432
1441260 432
1441270 431
1441280 431
1441290 431
1441300 431
1441310 431
1441320 431
1441330 430
1441340 430
1441350 430
1441360 430
1441370 430
1441380 429
1441390 429
1441400 429
1441410 428
1441420 428
1441430 428
1441440 428
1441450 427
1441460 427
1441470 427
1441480 426
1441490 426
1441500 425
1441510 425
1441520 425
1441530 424
1441540 423
1441550 423
1441560 423
1441570 422
1441580 422
1441590 422
1441600 421
1441610 420
1441620 420
1441630 420
1441640 419
1441650 419
1441660 419
1441670 419
1441680 419
1441690 418
1441700 418
1441710 418
1441720 418
1441730 417
1441740 417
1441750 417
1441760 417
1441770 417
1441780 417
1441790 416
1441800 416
1441810 415
1441820 414
1441830 414
1441840 414
1441850 413
1441860 413
1441870 412
1441880 412
1441890 412
1441900 413
1441910 416
1441920 416
1441930 421
1441940 425
1441950 425
1441960 426
1441970 427
1441980 427
1441990 428
1442000 429
1442010 429
1442020 429
1442030 430
1442040 430
1442050 430
1442060 430
1442070 430
1442080 431
1442090 431
1442100 431
1442110 431
1442120 431
1442130 431
1442140 431
1442150 431
1442160 431
1442170 431
1442180 431
1442190 431
1442200 430
1442210 430
1442220 430
1442230 429
1442240 429
1442250 429
1442260 429
1442270 429
1442280 429
1442290 429
1442300 429
1442310 429
1442320 429
1442330 429
1442340 429
1442350 429
1442360 428
1442370 428
1442380 428
1442390 428
1442400 428
1442410 428
1442420 427
1442430 427
1442440 427
1442450 427
1442460 427
1442470 427
1442480 427
1442490 427
1442500 427
1442510 427
1442520 427
1442530 427
1442540 427
1442550 427
1442560 428
1442570 428
1442580 428
1442590 428
1442600 428
1442610 428
1442620 429
1442630 429
1442640 429
1442650 429
1442660 429
1442670 429
1442680 429
1442690 429
1442700 429
1442710 429
1442720 429
1442730 429
1442740 429
1442750 429
1442760 429
1442770 429
1442780 429
1442790 429
1442800 429
1442810 429
1442820 429
1442830 429
1442840 429
1442850 429
1442860 429
1442870 429
1442880 429
1442890 428
1442900 428
1442910 428
1442920 428
1442930 428
1442940 428
1442950 428
1442960 428
1442970 428
1442980 428
1442990 428
1443000 428
1443010 428
1443020 428
1443030 428
1443040 428
1443050 428
1443060 428
1443070 428
1443080 427
1443090 427
1443100 427
1443110 427
1443120 427
1443130 427
1443140 426
1443150 426
1443160 426
1443170 426
1443180 426
1443190 426
1443200 425
1443210 425
1443220 425
1443230 425
1443240 425
1443250 424
1443260 424
1443270 424
1443280 424
1443290 423
1443300 423
1443310 423
1443320 422
1443330 422
1443340 422
1443350 421
1443360 421
1443370 421
1443380 420
1443390 420
1443400 419
1443410 418
1443420 418
1443430 417
1443440 417
1443450 417
1443460 416
1443470 416
1443480 416
1443490 415
1443500 415
1443510 415
1443520 416
1443530 416
1443540 416
1443550 417
1443560 418
1443570 418
1443580 420
1443590 420
1443600 420
1443610 421
1443620 421
1443630 421
1443640 422
1443650 422
1443660 422
1443670 422
1443680 422
1443690 422
1443700 422
1443710 422
1443720 422
1443730 423
1443740 423
1443750 423
1443760 423
1443770 423
1443780 423
1443790 423
1443800 423
1443810 423
1443820 423
1443830 423
1443840 423
1443850 424
1443860 424
1443870 424
1443880 424
1443890 424
1443900 424
1443910 424
1443920 424
1443930 424
1443940 424
1443950 424
1443960 424
1443970 424
1443980 424
1443990 424
1444000 424
1444010 424
1444020 424
1444030 424
1444040 424
1444050 424
1444060 424
1444070 424
1444080 424
1444090 424
1444100 423
1444110 423
1444120 423
1444130 423
1444140 423
1444150 423
1444160 423
1444170 423
1444180 423
1444190 423
1444200 423
1444210 423
1444220 423
1444230 423
1444240 423
1444250 422
1444260 422
1444270 422
1444280 422
1444290 422
1444300 422
1444310 422
1444320 421
1444330 421
1444340 421
1444350 421
1444360 421
1444370 421
1444380 420
1444390 420
1444400 420
1444410 420
1444420 420
1444430 419
1444440 419
1444450 419
1444460 419
1444470 418
1444480 418
1444490 417
1444500 417
1444510 417
1444520 417
1444530 416
1444540 416
1444550 416
1444560 416
1444570 416
1444580 415
1444590 415
1444600 415
1444610 415
1444620 414
1444630 414
1444640 414
1444650 413
1444660 413
1444670 413
1444680 412
1444690 412
1444700 411
1444710 410
1444720 410
1444730 410
1444740 410
1444750 410
1444760 410
1444770 410
1444780 410
1444790 410
1444800 411
1444810 411
1444820 412
1444830 413
1444840 413
1444850 414
1444860 414
1444870 414
1444880 415
1444890 415
1444900 415
1444910 415
1444920 415
1444930 415
1444940 416
1444950 416
1444960 416
1444970 416
1444980 416
1444990 416
1445000 415
1445010 415
1445020 415
1445030 415
1445040 414
1445050 414
1445060 413
1445070 411
1445080 411
1445090 410
1445100 408
1445110 408
1445120 407
1445130 406
1445140 406
1445150 405
1445160 405
1445170 405
1445180 404
1445190 403
1445200 403
1445210 401
1445220 401
1445230 401
1445240 401
1445250 402
1445260 402
1445270 404
1445280 407
1445290 407
1445300 412
1445310 415
1445320 415
1445330 415
1445340 416
1445350 416
1445360 416
1445370 415
1445380 415
1445390 415
1445400 415
1445410 415
1445420 414
1445430 414
1445440 414
1445450 413
1445460 413
1445470 413
1445480 412
1445490 411
1445500 411
1445510 410
1445520 408
1445530 408
1445540 406
1445550 403
1445560 403
1445570 400
1445580 398
1445590 398
1445600 398
1445610 397
1445620 397
1445630 397
1445640 397
1445650 397
1445660 397
1445670 397
1445680 397
1445690 397
1445700 397
1445710 397
1445720 397
1445730 397
1445740 397
1445750 399
1445760 402
1445770 402
1445780 406
1445790 410
1445800 410
1445810 414
1445820 415
1445830 415
1445840 415
1445850 414
1445860 414
1445870 413
1445880 412
1445890 412
1445900 411
1445910 409
1445920 409
1445930 408
1445940 408
1445950 408
1445960 408
1445970 412
1445980 412
1445990 415
1446000 416
1446010 416
1446020 416
1446030 416
1446040 416
1446050 416
1446060 416
1446070 416
1446080 416
1446090 416
1446100 416
1446110 416
1446120 415
1446130 415
1446140 414
1446150 413
1446160 413
1446170 413
1446180 411
1446190 411
1446200 410
1446210 409
1446220 409
1446230 408
1446240 407
1446250 407
1446260 405
1446270 404
1446280 404
1446290 403
1446300 402
1446310 402
1446320 404
1446330 405
1446340 405
1446350 405
1446360 406
1446370 406
1446380 407
1446390 408
1446400 408
1446410 413
1446420 417
1446430 417
1446440 417
1446450 418
1446460 418
1446470 418
1446480 418
1446490 418
1446500 419
1446510 419
1446520 419
1446530 419
1446540 419
1446550 419
1446560 419
1446570 420
1446580 420
1446590 420
1446600 420
1446610 420
1446620 420
1446630 420
1446640 420
1446650 420
1446660 420
1446670 420
1446680 421
1446690 421
1446700 421
1446710 421
1446720 421
1446730 421
1446740 421
1446750 421
1446760 421
1446770 421
1446780 421
1446790 421
1446800 421
1446810 421
1446820 421
1446830 421
1446840 421
1446850 421
1446860 421
1446870 421
1446880 421
1446890 421
1446900 421
1446910 421
1446920 421
1446930 421
1446940 421
1446950 421
1446960 421
1446970 421
1446980 421
1446990 420
1447000 420
1447010 420
1447020 419
1447030 419
1447040 419
1447050 419
1447060 418
1447070 418
1447080 419
1447090 419
1447100 419
1447110 419
1447120 420
1447130 420
1447140 420
1447150 420
1447160 420
1447170 421
1447180 421
1447190 421
1447200 421
1447210 422
1447220 422
1447230 422
1447240 422
1447250 422
1447260 422
1447270 423
1447280 423
1447290 423
1447300 423
1447310 423
1447320 423
1447330 423
1447340 423
1447350 423
1447360 423
1447370 423
1447380 423
1447390 423
1447400 423
1447410 423
1447420 423
1447430 423
1447440 424
1447450 424
1447460 424
1447470 424
1447480 423
1447490 423
1447500 423
1447510 423
1447520 423
1447530 423
1447540 423
1447550 423
1447560 423
1447570 423
1447580 423
1447590 423
1447600 423
1447610 423
1447620 423
1447630 423
1447640 423
1447650 424
1447660 424
1447670 424
1447680 424
1447690 424
1447700 424
1447710 424
1447720 424
1447730 424
1447740 424
1447750 424
1447760 424
1447770 424
1447780 424
1447790 424
1447800 424
1447810 424
1447820 424
1447830 424
1447840 424
1447850 424
1447860 424
1447870 424
1447880 424
1447890 424
1447900 424
1447910 424
1447920 424
1447930 424
1447940 424
1447950 424
1447960 425
1447970 425
1447980 425
1447990 425
1448000 425
1448010 424
1448020 424
1448030 424
1448040 425
1448050 425
1448060 425
1448070 425
1448080 424
1448090 424
1448100 424
1448110 424
1448120 424
1448130 424
1448140 423
1448150 423
1448160 423
1448170 423
1448180 423
1448190 423
1448200 423
1448210 423
1448220 422
1448230 422
1448240 422
1448250 422
1448260 422
1448270 422
1448280 423
1448290 423
1448300 423
1448310 424
1448320 424
1448330 424
1448340 424
1448350 424
1448360 424
1448370 424
1448380 424
1448390 424
1448400 424
1448410 424
1448420 424
1448430 424
1448440 425
1448450 425
1448460 425
1448470 425
1448480 425
1448490 425
1448500 425
1448510 425
1448520 425
1448530 425
1448540 425
1448550 425
1448560 425
1448570 425
1448580 425
1448590 425
1448600 425
1448610 425
1448620 425
1448630 425
1448640 425
1448650 425
1448660 425
1448670 425
1448680 425
1448690 425
1448700 425
1448710 425
1448720 425
1448730 425
1448740 425
1448750 425
1448760 425
1448770 425
1448780 425
1448790 425
1448800 425
1448810 425
1448820 425
1448830 425
1448840 425
1448850 425
1448860 424
1448870 424
1448880 424
1448890 424
1448900 424
1448910 424
1448920 424
1448930 424
1448940 423
1448950 423
1448960 423
1448970 423
1448980 423
1448990 423
1449000 423
1449010 423
1449020 423
1449030 423
1449040 423
1449050 423
1449060 424
1449070 424
1449080 424
1449090 425
1449100 425
1449110 425
1449120 425
1449130 425
1449140 425
1449150 425
1449160 425
1449170 425
1449180 425
1449190 425
1449200 425
1449210 424
1449220 425
1449230 425
1449240 426
1449250 426
1449260 426
1449270 426
1449280 426
1449290 426
1449300 426
1449310 426
1449320 426
1449330 426
1449340 426
1449350 426
1449360 426
1449370 426
1449380 426
1449390 426
1449400 426
1449410 426
1449420 426
1449430 426
1449440 426
1449450 426
1449460 426
1449470 426
1449480 426
1449490 426
1449500 426
1449510 426
1449520 426
1449530 426
1449540 426
1449550 426
1449560 426
1449570 426
1449580 426
1449590 426
1449600 426
1449610 426
1449620 426
1449630 426
1449640 426
1449650 426
1449660 426
1449670 426
1449680 426
1449690 426
1449700 425
1449710 425
1449720 425
1449730 425
1449740 425
1449750 425
1449760 425
1449770 425
1449780 425
1449790 424
1449800 424
1449810 424
1449820 424
1449830 424
1449840 424
1449850 424
1449860 424
1449870 424
1449880 425
1449890 425
1449900 425
1449910 425
1449920 425
1449930 425
1449940 425
1449950 425
1449960 425
1449970 426
1449980 426
1449990 426
1450000 426
1450010 426
1450020 426
1450030 426
1450040 426
1450050 426
1450060 426
1450070 426
1450080 426
1450090 426
1450100 426
1450110 426
1450120 426
1450130 426
1450140 426
1450150 426
1450160 426
1450170 426
1450180 426
1450190 426
1450200 426
1450210 426
1450220 426
1450230 426
1450240 426
1450250 426
1450260 426
1450270 426
1450280 425
1450290 425
1450300 425
1450310 425
1450320 425
1450330 425
1450340 425
1450350 425
1450360 425
1450370 425
1450380 425
1450390 425
1450400 425
1450410 425
1450420 425
1450430 425
1450440 425
1450450 425
1450460 425
1450470 425
1450480 425
1450490 425
1450500 425
1450510 425
1450520 425
1450530 425
1450540 425
1450550 425
1450560 425
1450570 425
1450580 425
1450590 425
1450600 425
1450610 425
1450620 425
1450630 425
1450640 424
1450650 424
1450660 424
1450670 424
1450680 424
1450690 425
1450700 425
1450710 425
1450720 425
1450730 425
1450740 425
1450750 425
1450760 425
1450770 425
1450780 425
1450790 424
1450800 424
1450810 424
1450820 424
1450830 424
1450840 424
1450850 424
1450860 424
1450870 424
1450880 424
1450890 424
1450900 424
1450910 424
1450920 424
1450930 424
1450940 424
1450950 424
1450960 424
1450970 424
1450980 424
1450990 424
1451000 424
1451010 424
1451020 424
1451030 424
1451040 424
1451050 424
1451060 424
1451070 424
1451080 424
1451090 424
1451100 424
1451110 424
1451120 423
1451130 423
1451140 423
1451150 423
1451160 423
1451170 423
1451180 423
1451190 423
1451200 422
1451210 422
1451220 422
1451230 422
1451240 422
1451250 422
1451260 421
1451270 420
1451280 420
1451290 420
1451300 420
1451310 420
1451320 420
1451330 421
1451340 421
1451350 421
1451360 421
1451370 421
1451380 421
1451390 422
1451400 422
1451410 422
1451420 422
1451430 422
1451440 422
1451450 422
1451460 422
1451470 422
1451480 422
1451490 422
1451500 422
1451510 423
1451520 423
1451530 423
1451540 423
1451550 423
1451560 423
1451570 423
1451580 423
1451590 423
1451600 423
1451610 423
1451620 423
1451630 422
1451640 422
1451650 422
1451660 422
1451670 422
1451680 422
1451690 422
1451700 422
1451710 422
1451720 422
1451730 422
1451740 422
1451750 422
1451760 422
1451770 422
1451780 422
1451790 422
1451800 422
1451810 421
1451820 421
1451830 421
1451840 421
1451850 421
1451860 421
1451870 421
1451880 421
1451890 421
1451900 421
1451910 421
1451920 421
1451930 421
1451940 421
1451950 421
1451960 421
1451970 421
1451980 421
1451990 421
1452000 421
1452010 421
1452020 421
1452030 421
1452040 421
1452050 421
1452060 421
1452070 421
1452080 421
1452090 421
1452100 421
1452110 421
1452120 421
1452130 421
1452140 420
1452150 420
1452160 420
1452170 420
1452180 419
1452190 419
1452200 418
1452210 414
1452220 414
1452230 410
1452240 407
1452250 407
1452260 407
1452270 407
1452280 407
1452290 407
1452300 407
1452310 407
1452320 407
1452330 407
1452340 407
1452350 407
1452360 407
1452370 407
1452380 407
1452390 408
1452400 408
1452410 409
1452420 409
1452430 409
1452440 410
1452450 411
1452460 411
1452470 411
1452480 412
1452490 412
1452500 412
1452510 412
1452520 412
1452530 412
1452540 412
1452550 412
1452560 412
1452570 412
1452580 412
1452590 412
1452600 412
1452610 412
1452620 412
1452630 412
1452640 412
1452650 412
1452660 413
1452670 413
1452680 413
1452690 412
1452700 412
1452710 412
1452720 412
1452730 412
1452740 412
1452750 412
1452760 412
1452770 411
1452780 411
1452790 411
1452800 411
1452810 411
1452820 411
1452830 411
1452840 411
1452850 411
1452860 411
1452870 411
1452880 411
1452890 411
1452900 411
1452910 411
1452920 412
1452930 412
1452940 412
1452950 412
1452960 412
1452970 412
1452980 411
1452990 411
1453000 411
1453010 411
1453020 411
1453030 411
1453040 411
1453050 411
1453060 411
1453070 411
1453080 411
1453090 411
1453100 411
1453110 411
1453120 411
1453130 411
1453140 411
1453150 411
1453160 411
1453170 411
1453180 411
1453190 412
1453200 411
1453210 411
1453220 411
1453230 411
1453240 411
1453250 411
1453260 411
1453270 411
1453280 411
1453290 411
1453300 411
1453310 411
1453320 411
1453330 411
1453340 411
1453350 411
1453360 411
1453370 411
1453380 411
1453390 411
1453400 411
1453410 411
1453420 411
1453430 411
1453440 411
1453450 411
1453460 412
1453470 412
1453480 412
1453490 412
1453500 412
1453510 412
1453520 411
1453530 412
1453540 412
1453550 412
1453560 412
1453570 412
1453580 412
1453590 413
1453600 413
1453610 413
1453620 413
1453630 413
1453640 413
1453650 413
1453660 413
1453670 413
1453680 413
1453690 413
1453700 413
1453710 413
1453720 413
1453730 413
1453740 413
1453750 413
1453760 413
1453770 413
1453780 413
1453790 413
1453800 413
1453810 413
1453820 413
1453830 413
1453840 413
1453850 413
1453860 413
1453870 413
1453880 413
1453890 413
1453900 413
1453910 413
1453920 414
1453930 414
1453940 414
1453950 414
1453960 414
1453970 415
1453980 416
1453990 416
1454000 418
1454010 418
1454020 418
1454030 419
1454040 419
1454050 419
1454060 419
1454070 420
1454080 420
1454090 420
1454100 420
1454110 420
1454120 421
1454130 421
1454140 421
1454150 421
1454160 421
1454170 421
1454180 421
1454190 421
1454200 421
1454210 421
1454220 421
1454230 421
1454240 421
1454250 420
1454260 420
1454270 420
1454280 420
1454290 420
1454300 419
1454310 419
1454320 419
1454330 418
1454340 418
1454350 418
1454360 417
1454370 416
1454380 416
1454390 416
1454400 415
1454410 415
1454420 414
1454430 414
1454440 414
1454450 413
1454460 413
1454470 413
1454480 412
1454490 412
1454500 412
1454510 411
1454520 411
1454530 411
1454540 410
1454550 410
1454560 410
1454570 409
1454580 409
1454590 409
1454600 408
1454610 408
1454620 408
1454630 408
1454640 407
1454650 407
1454660 407
1454670 407
1454680 407
1454690 407
1454700 407
1454710 407
1454720 407
1454730 407
1454740 407
1454750 407
1454760 408
1454770 411
1454780 411
1454790 413
1454800 416
1454810 416
1454820 421
1454830 423
1454840 423
1454850 424
1454860 424
1454870 424
1454880 425
1454890 425
1454900 425
1454910 425
1454920 426
1454930 426
1454940 426
1454950 426
1454960 426
1454970 426
1454980 425
1454990 425
1455000 425
1455010 424
1455020 424
1455030 424
1455040 423
1455050 423
1455060 422
1455070 420
1455080 420
1455090 418
1455100 417
1455110 417
1455120 415
1455130 414
1455140 414
1455150 413
1455160 412
1455170 412
1455180 411
1455190 410
1455200 410
1455210 409
1455220 408
1455230 408
1455240 407
1455250 406
1455260 406
1455270 405
1455280 405
1455290 405
1455300 405
1455310 404
1455320 404
1455330 404
1455340 404
1455350 404
1455360 404
1455370 404
1455380 404
1455390 404
1455400 404
1455410 404
1455420 405
1455430 405
1455440 405
1455450 405
1455460 406
1455470 406
1455480 407
1455490 408
1455500 408
1455510 409
1455520 411
1455530 411
1455540 412
1455550 414
1455560 414
1455570 416
1455580 418
1455590 418
1455600 421
1455610 423
1455620 423
1455630 425
1455640 426
1455650 426
1455660 427
1455670 428
1455680 428
1455690 429
1455700 430
1455710 430
1455720 430
1455730 431
1455740 431
1455750 432
1455760 432
1455770 432
1455780 433
1455790 433
1455800 433
1455810 434
1455820 434
1455830 434
1455840 435
1455850 435
1455860 435
1455870 435
1455880 436
1455890 436
1455900 436
1455910 436
1455920 436
1455930 436
1455940 436
1455950 436
1455960 436
1455970 435
1455980 435
1455990 435
1456000 435
1456010 435
1456020 434
1456030 433
1456040 433
1456050 433
1456060 432
1456070 432
1456080 431
1456090 430
1456100 430
1456110 429
1456120 428
1456130 428
1456140 427
1456150 426
1456160 426
1456170 425
1456180 424
1456190 424
1456200 424
1456210 423
1456220 423
1456230 423
1456240 422
1456250 422
1456260 422
1456270 422
1456280 422
1456290 422
1456300 422
1456310 422
1456320 421
1456330 421
1456340 421
1456350 421
1456360 420
1456370 420
1456380 420
1456390 419
1456400 419
1456410 419
1456420 419
1456430 419
1456440 418
1456450 418
1456460 418
1456470 418
1456480 417
1456490 417
1456500 416
1456510 416
1456520 416
1456530 415
1456540 415
1456550 415
1456560 414
1456570 414
1456580 414
1456590 414
1456600 414
1456610 414
1456620 414
1456630 413
1456640 413
1456650 413
1456660 412
1456670 412
1456680 412
1456690 412
1456700 412
1456710 412
1456720 411
1456730 411
1456740 411
1456750 410
1456760 410
1456770 409
1456780 409
1456790 409
1456800 409
1456810 409
1456820 409
1456830 409
1456840 409
1456850 409
1456860 408
1456870 408
1456880 408
1456890 409
1456900 409
1456910 409
1456920 409
1456930 409
1456940 409
1456950 410
1456960 410
1456970 410
1456980 410
1456990 411
1457000 411
1457010 413
1457020 415
1457030 415
1457040 417
1457050 418
1457060 418
1457070 419
1457080 420
1457090 420
1457100 421
1457110 422
1457120 422
1457130 422
1457140 423
1457150 423
1457160 423
1457170 423
1457180 423
1457190 423
1457200 424
1457210 424
1457220 424
1457230 424
1457240 424
1457250 424
1457260 425
1457270 425
1457280 425
1457290 425
1457300 425
1457310 425
1457320 426
1457330 426
1457340 426
1457350 426
1457360 426
1457370 426
1457380 426
1457390 427
1457400 427
1457410 427
1457420 427
1457430 427
1457440 428
1457450 428
1457460 428
1457470 428
1457480 429
1457490 429
1457500 429
1457510 430
1457520 430
1457530 430
1457540 430
1457550 430
1457560 430
1457570 431
1457580 431
1457590 431
1457600 431
1457610 431
1457620 431
1457630 431
1457640 431
1457650 430
1457660 430
1457670 430
1457680 430
1457690 429
1457700 429
1457710 429
1457720 428
1457730 428
1457740 428
1457750 427
1457760 427
1457770 426
1457780 425
1457790 425
1457800 424
1457810 423
1457820 423
1457830 421
1457840 420
1457850 420
1457860 419
1457870 419
1457880 419
1457890 420
1457900 421
1457910 421
1457920 422
1457930 424
1457940 424
1457950 424
1457960 425
1457970 425
1457980 426
1457990 426
1458000 426
1458010 427
1458020 427
1458030 427
1458040 428
1458050 428
1458060 428
1458070 429
1458080 429
1458090 429
1458100 430
1458110 430
1458120 430
1458130 430
1458140 430
1458150 430
1458160 431
1458170 431
1458180 431
1458190 431
1458200 431
1458210 431
1458220 430
1458230 430
1458240 430
1458250 430
1458260 429
1458270 429
1458280 429
1458290 428
1458300 428
1458310 428
1458320 426
1458330 426
1458340 425
1458350 425
1458360 425
1458370 426
1458380 428
1458390 428
1458400 429
1458410 430
1458420 430
1458430 430
1458440 431
1458450 431
1458460 432
1458470 433
1458480 433
1458490 434
1458500 434
1458510 434
1458520 435
1458530 436
1458540 436
1458550 437
1458560 437
1458570 437
1458580 437
1458590 437
1458600 437
1458610 438
1458620 438
1458630 438
1458640 438
1458650 438
1458660 438
1458670 438
1458680 437
1458690 437
1458700 437
1458710 437
1458720 437
1458730 436
1458740 436
1458750 436
1458760 435
1458770 434
1458780 434
1458790 434
1458800 433
1458810 433
1458820 433
1458830 432
1458840 432
1458850 431
1458860 430
1458870 430
1458880 429
1458890 428
1458900 428
1458910 427
1458920 426
1458930 426
1458940 426
1458950 426
1458960 426
1458970 426
1458980 427
1458990 427
1459000 427
1459010 427
1459020 427
1459030 427
1459040 427
1459050 427
1459060 427
1459070 426
1459080 426
1459090 426
1459100 426
1459110 426
1459120 426
1459130 425
1459140 425
1459150 425
1459160 425
1459170 425
1459180 425
1459190 426
1459200 426
1459210 428
1459220 431
1459230 431
1459240 435
1459250 439
1459260 439
1459270 440
1459280 441
1459290 441
1459300 441
1459310 441
1459320 441
1459330 441
1459340 441
1459350 441
1459360 441
1459370 441
1459380 441
1459390 439
1459400 438
1459410 438
1459420 437
1459430 435
1459440 435
1459450 432
1459460 430
1459470 430
1459480 429
1459490 428
1459500 428
1459510 427
1459520 424
1459530 424
1459540 420
1459550 417
1459560 417
1459570 415
1459580 413
1459590 413
1459600 411
1459610 410
1459620 410
1459630 409
1459640 409
1459650 409
1459660 408
1459670 408
1459680 408
1459690 408
1459700 408
1459710 408
1459720 408
1459730 408
1459740 408
1459750 408
1459760 408
1459770 408
1459780 408
1459790 408
1459800 408
1459810 408
1459820 408
1459830 408
1459840 408
1459850 408
1459860 408
1459870 408
1459880 408
1459890 408
1459900 408
1459910 408
1459920 408
1459930 407
1459940 407
1459950 407
1459960 407
1459970 407
1459980 407
1459990 407
