1440000 359
1440010 359
1440020 359
1440030 359
1440040 359
1440050 359
1440060 359
1440070 359
1440080 359
1440090 359
1440100 359
1440110 359
1440120 359
1440130 359
1440140 359
1440150 359
1440160 359
1440170 359
1440180 359
1440190 359
1440200 359
1440210 359
1440220 359
1440230 359
1440240 359
1440250 359
1440260 359
1440270 359
1440280 360
1440290 360
1440300 360
1440310 359
1440320 360
1440330 360
1440340 360
1440350 360
1440360 360
1440370 360
1440380 360
1440390 360
1440400 360
1440410 359
1440420 359
1440430 359
1440440 359
1440450 359
1440460 359
1440470 359
1440480 359
1440490 359
1440500 359
1440510 359
1440520 359
1440530 359
1440540 359
1440550 359
1440560 359
1440570 359
1440580 359
1440590 359
1440600 359
1440610 359
1440620 359
1440630 359
1440640 359
1440650 359
1440660 359
1440670 359
1440680 360
1440690 360
1440700 360
1440710 360
1440720 360
1440730 359
1440740 359
1440750 359
1440760 359
1440770 359
1440780 359
1440790 358
1440800 357
1440810 357
1440820 357
1440830 356
1440840 356
1440850 356
1440860 356
1440870 356
1440880 356
1440890 355
1440900 355
1440910 355
1440920 355
1440930 355
1440940 354
1440950 354
1440960 354
1440970 354
1440980 354
1440990 354
1441000 354
1441010 354
1441020 354
1441030 354
1441040 354
1441050 354
1441060 354
1441070 354
1441080 354
1441090 353
1441100 353
1441110 353
1441120 353
1441130 353
1441140 353
1441150 353
1441160 353
1441170 353
1441180 353
1441190 353
1441200 353
1441210 354
1441220 354
1441230 354
1441240 354
1441250 354
1441260 354
1441270 354
1441280 354
1441290 354
1441300 354
1441310 353
1441320 353
1441330 353
1441340 353
1441350 353
1441360 353
1441370 353
1441380 353
1441390 353
1441400 353
1441410 353
1441420 353
1441430 354
1441440 354
1441450 354
1441460 354
1441470 354
1441480 354
1441490 354
1441500 354
1441510 354
1441520 354
1441530 354
1441540 354
1441550 354
1441560 354
1441570 353
1441580 353
1441590 353
1441600 353
1441610 353
1441620 353
1441630 353
1441640 352
1441650 352
1441660 352
1441670 353
1441680 353
1441690 352
1441700 352
1441710 352
1441720 352
1441730 352
1441740 352
1441750 352
1441760 353
1441770 353
1441780 354
1441790 354
1441800 354
1441810 353
1441820 353
1441830 353
1441840 353
1441850 353
1441860 353
1441870 353
1441880 353
1441890 353
1441900 352
1441910 351
1441920 351
1441930 350
1441940 349
1441950 349
1441960 349
1441970 350
1441980 350
1441990 349
1442000 349
1442010 349
1442020 349
1442030 349
1442040 349
1442050 349
1442060 349
1442070 349
1442080 349
1442090 349
1442100 349
1442110 349
1442120 349
1442130 349
1442140 349
1442150 349
1442160 349
1442170 349
1442180 349
1442190 349
1442200 349
1442210 349
1442220 349
1442230 349
1442240 349
1442250 349
1442260 349
1442270 349
1442280 349
1442290 349
1442300 349
1442310 349
1442320 349
1442330 349
1442340 349
1442350 349
1442360 349
1442370 349
1442380 349
1442390 349
1442400 349
1442410 349
1442420 349
1442430 349
1442440 349
1442450 349
1442460 349
1442470 349
1442480 349
1442490 349
1442500 349
1442510 349
1442520 349
1442530 349
1442540 349
1442550 349
1442560 349
1442570 349
1442580 349
1442590 349
1442600 349
1442610 349
1442620 349
1442630 349
1442640 349
1442650 349
1442660 349
1442670 349
1442680 349
1442690 349
1442700 349
1442710 349
1442720 349
1442730 349
1442740 349
1442750 349
1442760 349
1442770 349
1442780 349
1442790 349
1442800 349
1442810 349
1442820 349
1442830 349
1442840 349
1442850 349
1442860 349
1442870 349
1442880 349
1442890 349
1442900 349
1442910 349
1442920 349
1442930 349
1442940 349
1442950 349
1442960 349
1442970 349
1442980 349
1442990 349
1443000 349
1443010 349
1443020 349
1443030 349
1443040 349
1443050 349
1443060 349
1443070 349
1443080 349
1443090 349
1443100 349
1443110 349
1443120 349
1443130 349
1443140 349
1443150 349
1443160 349
1443170 349
1443180 349
1443190 349
1443200 349
1443210 349
1443220 349
1443230 349
1443240 349
1443250 349
1443260 349
1443270 349
1443280 349
1443290 349
1443300 349
1443310 349
1443320 349
1443330 349
1443340 349
1443350 349
1443360 349
1443370 349
1443380 349
1443390 349
1443400 349
1443410 349
1443420 349
1443430 349
1443440 349
1443450 349
1443460 349
1443470 349
1443480 349
1443490 349
1443500 349
1443510 349
1443520 349
1443530 349
1443540 349
1443550 349
1443560 349
1443570 350
1443580 350
1443590 350
1443600 350
1443610 350
1443620 348
1443630 346
1443640 346
1443650 344
1443660 343
1443670 343
1443680 344
1443690 344
1443700 344
1443710 344
1443720 344
1443730 344
1443740 344
1443750 344
1443760 344
1443770 344
1443780 344
1443790 344
1443800 344
1443810 344
1443820 344
1443830 344
1443840 344
1443850 344
1443860 343
1443870 343
1443880 343
1443890 343
1443900 343
1443910 343
1443920 343
1443930 343
1443940 343
1443950 343
1443960 343
1443970 343
1443980 343
1443990 343
1444000 343
1444010 343
1444020 343
1444030 343
1444040 343
1444050 343
1444060 343
1444070 343
1444080 343
1444090 343
1444100 343
1444110 343
1444120 343
1444130 343
1444140 343
1444150 343
1444160 343
1444170 342
1444180 342
1444190 342
1444200 342
1444210 342
1444220 346
1444230 351
1444240 351
1444250 352
1444260 352
1444270 352
1444280 352
1444290 352
1444300 352
1444310 352
1444320 352
1444330 352
1444340 352
1444350 352
1444360 352
1444370 353
1444380 353
1444390 353
1444400 353
1444410 353
1444420 353
1444430 353
1444440 353
1444450 353
1444460 353
1444470 353
1444480 353
1444490 352
1444500 352
1444510 352
1444520 353
1444530 352
1444540 352
1444550 352
1444560 352
1444570 352
1444580 352
1444590 352
1444600 352
1444610 352
1444620 353
1444630 353
1444640 353
1444650 353
1444660 353
1444670 354
1444680 354
1444690 354
1444700 355
1444710 355
1444720 355
1444730 355
1444740 355
1444750 355
1444760 354
1444770 354
1444780 354
1444790 354
1444800 354
1444810 354
1444820 353
1444830 352
1444840 352
1444850 353
1444860 353
1444870 353
1444880 352
1444890 351
1444900 351
1444910 352
1444920 353
1444930 353
1444940 353
1444950 354
1444960 354
1444970 354
1444980 355
1444990 355
1445000 355
1445010 355
1445020 355
1445030 358
1445040 360
1445050 360
1445060 361
1445070 363
1445080 363
1445090 369
1445100 375
1445110 375
1445120 378
1445130 378
1445140 378
1445150 378
1445160 377
1445170 377
1445180 376
1445190 377
1445200 377
1445210 378
1445220 378
1445230 378
1445240 378
1445250 376
1445260 376
1445270 374
1445280 375
1445290 375
1445300 377
1445310 378
1445320 378
1445330 378
1445340 378
1445350 378
1445360 378
1445370 378
1445380 378
1445390 378
1445400 378
1445410 378
1445420 379
1445430 379
1445440 379
1445450 379
1445460 379
1445470 379
1445480 379
1445490 379
1445500 379
1445510 379
1445520 380
1445530 380
1445540 380
1445550 380
1445560 380
1445570 380
1445580 380
1445590 380
1445600 380
1445610 380
1445620 380
1445630 380
1445640 380
1445650 380
1445660 380
1445670 381
1445680 381
1445690 381
1445700 382
1445710 382
1445720 382
1445730 382
1445740 382
1445750 382
1445760 381
1445770 381
1445780 381
1445790 382
1445800 382
1445810 382
1445820 383
1445830 383
1445840 382
1445850 382
1445860 382
1445870 382
1445880 382
1445890 382
1445900 382
1445910 382
1445920 382
1445930 382
1445940 382
1445950 382
1445960 382
1445970 382
1445980 382
1445990 382
1446000 382
1446010 382
1446020 382
1446030 382
1446040 382
1446050 382
1446060 382
1446070 382
1446080 381
1446090 381
1446100 381
1446110 382
1446120 382
1446130 382
1446140 382
1446150 382
1446160 382
1446170 382
1446180 382
1446190 382
1446200 382
1446210 383
1446220 383
1446230 382
1446240 382
1446250 382
1446260 382
1446270 382
1446280 382
1446290 382
1446300 382
1446310 382
1446320 382
1446330 382
1446340 382
1446350 382
1446360 382
1446370 382
1446380 382
1446390 382
1446400 382
1446410 382
1446420 382
1446430 382
1446440 382
1446450 382
1446460 382
1446470 382
1446480 382
1446490 382
1446500 382
1446510 382
1446520 382
1446530 383
1446540 383
1446550 383
1446560 383
1446570 383
1446580 383
1446590 383
1446600 383
1446610 383
1446620 383
1446630 383
1446640 383
1446650 383
1446660 383
1446670 383
1446680 383
1446690 383
1446700 383
1446710 383
1446720 383
1446730 383
1446740 383
1446750 383
1446760 383
1446770 383
1446780 383
1446790 383
1446800 383
1446810 384
1446820 384
1446830 384
1446840 384
1446850 384
1446860 384
1446870 384
1446880 384
1446890 384
1446900 384
1446910 384
1446920 384
1446930 384
1446940 384
1446950 384
1446960 384
1446970 384
1446980 384
1446990 384
1447000 384
1447010 384
1447020 384
1447030 384
1447040 384
1447050 384
1447060 384
1447070 384
1447080 384
1447090 384
1447100 384
1447110 384
1447120 384
1447130 384
1447140 384
1447150 384
1447160 384
1447170 384
1447180 384
1447190 384
1447200 385
1447210 385
1447220 385
1447230 385
1447240 385
1447250 385
1447260 385
1447270 385
1447280 384
1447290 384
1447300 384
1447310 384
1447320 384
1447330 385
1447340 385
1447350 385
1447360 385
1447370 385
1447380 385
1447390 385
1447400 385
1447410 385
1447420 385
1447430 385
1447440 385
1447450 385
1447460 385
1447470 385
1447480 385
1447490 385
1447500 385
1447510 385
1447520 385
1447530 385
1447540 385
1447550 385
1447560 385
1447570 385
1447580 385
1447590 385
1447600 385
1447610 385
1447620 385
1447630 385
1447640 385
1447650 385
1447660 385
1447670 385
1447680 385
1447690 385
1447700 385
1447710 385
1447720 385
1447730 385
1447740 385
1447750 385
1447760 385
1447770 385
1447780 385
1447790 385
1447800 385
1447810 385
1447820 385
1447830 385
1447840 385
1447850 385
1447860 385
1447870 385
1447880 385
1447890 385
1447900 385
1447910 385
1447920 386
1447930 385
1447940 385
1447950 386
1447960 386
1447970 386
1447980 386
1447990 386
1448000 386
1448010 386
1448020 386
1448030 386
1448040 386
1448050 386
1448060 386
1448070 386
1448080 386
1448090 386
1448100 386
1448110 386
1448120 386
1448130 386
1448140 386
1448150 386
1448160 386
1448170 386
1448180 386
1448190 386
1448200 386
1448210 386
1448220 386
1448230 386
1448240 386
1448250 386
1448260 386
1448270 386
1448280 386
1448290 386
1448300 386
1448310 386
1448320 386
1448330 386
1448340 386
1448350 386
1448360 386
1448370 387
1448380 387
1448390 387
1448400 387
1448410 387
1448420 387
1448430 387
1448440 387
1448450 387
1448460 387
1448470 387
1448480 387
1448490 387
1448500 387
1448510 387
1448520 387
1448530 387
1448540 387
1448550 387
1448560 387
1448570 387
1448580 387
1448590 387
1448600 387
1448610 387
1448620 387
1448630 387
1448640 387
1448650 387
1448660 387
1448670 387
1448680 387
1448690 387
1448700 387
1448710 387
1448720 387
1448730 387
1448740 387
1448750 387
1448760 387
1448770 387
1448780 387
1448790 387
1448800 388
1448810 388
1448820 388
1448830 388
1448840 388
1448850 387
1448860 388
1448870 388
1448880 388
1448890 388
1448900 388
1448910 388
1448920 387
1448930 387
1448940 387
1448950 387
1448960 387
1448970 387
1448980 387
1448990 387
1449000 387
1449010 388
1449020 388
1449030 388
1449040 388
1449050 388
1449060 388
1449070 388
1449080 388
1449090 388
1449100 387
1449110 387
1449120 387
1449130 387
1449140 387
1449150 387
1449160 387
1449170 387
1449180 387
1449190 387
1449200 387
1449210 387
1449220 387
1449230 387
1449240 387
1449250 388
1449260 388
1449270 388
1449280 388
1449290 388
1449300 388
1449310 388
1449320 388
1449330 387
1449340 387
1449350 387
1449360 387
1449370 387
1449380 387
1449390 387
1449400 387
1449410 387
1449420 387
1449430 387
1449440 387
1449450 387
1449460 388
1449470 388
1449480 388
1449490 388
1449500 388
1449510 388
1449520 388
1449530 388
1449540 388
1449550 387
1449560 387
1449570 387
1449580 387
1449590 387
1449600 388
1449610 388
1449620 388
1449630 388
1449640 388
1449650 388
1449660 388
1449670 388
1449680 388
1449690 388
1449700 388
1449710 388
1449720 388
1449730 388
1449740 388
1449750 388
1449760 388
1449770 388
1449780 387
1449790 387
1449800 387
1449810 387
1449820 387
1449830 387
1449840 386
1449850 386
1449860 386
1449870 386
1449880 386
1449890 386
1449900 385
1449910 385
1449920 385
1449930 385
1449940 384
1449950 384
1449960 385
1449970 385
1449980 385
1449990 385
1450000 385
1450010 385
1450020 385
1450030 385
1450040 385
1450050 386
1450060 387
1450070 387
1450080 388
1450090 388
1450100 388
1450110 388
1450120 388
1450130 388
1450140 388
1450150 388
1450160 388
1450170 388
1450180 388
1450190 388
1450200 388
1450210 388
1450220 388
1450230 388
1450240 388
1450250 388
1450260 388
1450270 388
1450280 388
1450290 388
1450300 388
1450310 388
1450320 388
1450330 388
1450340 388
1450350 388
1450360 388
1450370 388
1450380 388
1450390 389
1450400 389
1450410 389
1450420 389
1450430 389
1450440 389
1450450 388
1450460 388
1450470 388
1450480 389
1450490 389
1450500 389
1450510 389
1450520 389
1450530 389
1450540 389
1450550 389
1450560 389
1450570 389
1450580 389
1450590 389
1450600 389
1450610 389
1450620 389
1450630 389
1450640 389
1450650 389
1450660 389
1450670 389
1450680 389
1450690 389
1450700 389
1450710 389
1450720 389
1450730 389
1450740 389
1450750 389
1450760 389
1450770 389
1450780 389
1450790 389
1450800 389
1450810 389
1450820 389
1450830 389
1450840 389
1450850 389
1450860 390
1450870 390
1450880 390
1450890 390
1450900 390
1450910 390
1450920 390
1450930 390
1450940 390
1450950 390
1450960 390
1450970 390
1450980 390
1450990 390
1451000 390
1451010 390
1451020 390
1451030 390
1451040 390
1451050 390
1451060 390
1451070 390
1451080 390
1451090 390
1451100 390
1451110 390
1451120 390
1451130 390
1451140 389
1451150 389
1451160 389
1451170 389
1451180 389
1451190 389
1451200 389
1451210 389
1451220 390
1451230 390
1451240 390
1451250 390
1451260 389
1451270 389
1451280 390
1451290 390
1451300 390
1451310 390
1451320 390
1451330 390
1451340 390
1451350 390
1451360 390
1451370 390
1451380 390
1451390 390
1451400 390
1451410 390
1451420 390
1451430 390
1451440 390
1451450 390
1451460 390
1451470 390
1451480 390
1451490 390
1451500 390
1451510 390
1451520 390
1451530 390
1451540 390
1451550 390
1451560 390
1451570 390
1451580 390
1451590 390
1451600 390
1451610 390
1451620 390
1451630 390
1451640 390
1451650 390
1451660 390
1451670 390
1451680 390
1451690 390
1451700 390
1451710 390
1451720 390
1451730 390
1451740 390
1451750 390
1451760 390
1451770 390
1451780 390
1451790 390
1451800 390
1451810 390
1451820 390
1451830 390
1451840 390
1451850 390
1451860 390
1451870 390
1451880 390
1451890 390
1451900 390
1451910 390
1451920 390
1451930 390
1451940 390
1451950 391
1451960 391
1451970 391
1451980 391
1451990 391
1452000 391
1452010 391
1452020 391
1452030 391
1452040 390
1452050 390
1452060 390
1452070 390
1452080 390
1452090 390
1452100 391
1452110 391
1452120 391
1452130 391
1452140 391
1452150 391
1452160 391
1452170 391
1452180 391
1452190 391
1452200 390
1452210 390
1452220 391
1452230 391
1452240 391
1452250 391
1452260 391
1452270 391
1452280 391
1452290 390
1452300 390
1452310 390
1452320 390
1452330 390
1452340 390
1452350 390
1452360 390
1452370 390
1452380 390
1452390 390
1452400 390
1452410 390
1452420 390
1452430 390
1452440 391
1452450 391
1452460 391
1452470 391
1452480 391
1452490 391
1452500 391
1452510 391
1452520 391
1452530 391
1452540 391
1452550 391
1452560 391
1452570 391
1452580 391
1452590 391
1452600 391
1452610 391
1452620 391
1452630 391
1452640 391
1452650 391
1452660 391
1452670 391
1452680 391
1452690 391
1452700 391
1452710 391
1452720 391
1452730 391
1452740 391
1452750 391
1452760 391
1452770 391
1452780 391
1452790 391
1452800 391
1452810 391
1452820 391
1452830 391
1452840 391
1452850 391
1452860 391
1452870 391
1452880 391
1452890 391
1452900 391
1452910 391
1452920 391
1452930 391
1452940 391
1452950 391
1452960 391
1452970 391
1452980 391
1452990 391
1453000 391
1453010 391
1453020 391
1453030 391
1453040 391
1453050 391
1453060 391
1453070 391
1453080 391
1453090 391
1453100 391
1453110 391
1453120 391
1453130 391
1453140 391
1453150 391
1453160 391
1453170 391
1453180 391
1453190 391
1453200 391
1453210 391
1453220 391
1453230 391
1453240 391
1453250 391
1453260 391
1453270 391
1453280 391
1453290 391
1453300 391
1453310 391
1453320 391
1453330 391
1453340 391
1453350 391
1453360 391
1453370 391
1453380 391
1453390 391
1453400 391
1453410 391
1453420 391
1453430 391
1453440 391
1453450 391
1453460 391
1453470 391
1453480 391
1453490 392
1453500 392
1453510 392
1453520 392
1453530 392
1453540 391
1453550 391
1453560 391
1453570 391
1453580 391
1453590 391
1453600 391
1453610 391
1453620 391
1453630 391
1453640 391
1453650 391
1453660 391
1453670 391
1453680 391
1453690 391
1453700 391
1453710 391
1453720 391
1453730 391
1453740 391
1453750 391
1453760 391
1453770 391
1453780 391
1453790 391
1453800 391
1453810 391
1453820 391
1453830 391
1453840 391
1453850 391
1453860 391
1453870 391
1453880 391
1453890 391
1453900 391
1453910 391
1453920 391
1453930 391
1453940 391
1453950 391
1453960 391
1453970 391
1453980 391
1453990 391
1454000 391
1454010 391
1454020 391
1454030 391
1454040 391
1454050 391
1454060 391
1454070 391
1454080 392
1454090 391
1454100 391
1454110 391
1454120 391
1454130 391
1454140 391
1454150 391
1454160 391
1454170 391
1454180 391
1454190 391
1454200 391
1454210 391
1454220 391
1454230 391
1454240 391
1454250 391
1454260 391
1454270 391
1454280 391
1454290 391
1454300 391
1454310 391
1454320 390
1454330 390
1454340 390
1454350 390
1454360 390
1454370 390
1454380 390
1454390 390
1454400 390
1454410 390
1454420 390
1454430 390
1454440 390
1454450 389
1454460 389
1454470 389
1454480 389
1454490 389
1454500 389
1454510 389
1454520 389
1454530 389
1454540 389
1454550 389
1454560 389
1454570 389
1454580 389
1454590 389
1454600 389
1454610 389
1454620 389
1454630 389
1454640 389
1454650 389
1454660 388
1454670 388
1454680 388
1454690 388
1454700 388
1454710 388
1454720 388
1454730 388
1454740 388
1454750 388
1454760 388
1454770 388
1454780 388
1454790 388
1454800 388
1454810 388
1454820 388
1454830 388
1454840 387
1454850 387
1454860 387
1454870 388
1454880 388
1454890 388
1454900 388
1454910 388
1454920 388
1454930 388
1454940 388
1454950 388
1454960 388
1454970 388
1454980 388
1454990 388
1455000 388
1455010 388
1455020 388
1455030 388
1455040 388
1455050 388
1455060 388
1455070 388
1455080 388
1455090 388
1455100 388
1455110 387
1455120 387
1455130 387
1455140 387
1455150 387
1455160 386
1455170 386
1455180 386
1455190 385
1455200 385
1455210 385
1455220 385
1455230 385
1455240 385
1455250 385
1455260 387
1455270 387
1455280 388
1455290 388
1455300 388
1455310 389
1455320 389
1455330 389
1455340 389
1455350 390
1455360 390
1455370 390
1455380 390
1455390 390
1455400 390
1455410 390
1455420 390
1455430 390
1455440 390
1455450 390
1455460 390
1455470 390
1455480 390
1455490 390
1455500 390
1455510 390
1455520 390
1455530 390
1455540 390
1455550 390
1455560 390
1455570 390
1455580 390
1455590 390
1455600 390
1455610 389
1455620 389
1455630 389
1455640 389
1455650 389
1455660 389
1455670 389
1455680 389
1455690 389
1455700 388
1455710 388
1455720 388
1455730 387
1455740 387
1455750 387
1455760 387
1455770 387
1455780 387
1455790 387
1455800 387
1455810 387
1455820 387
1455830 387
1455840 387
1455850 387
1455860 387
1455870 387
1455880 387
1455890 387
1455900 387
1455910 386
1455920 386
1455930 386
1455940 386
1455950 386
1455960 386
1455970 386
1455980 386
1455990 386
1456000 386
1456010 386
1456020 386
1456030 386
1456040 386
1456050 386
1456060 385
1456070 385
1456080 385
1456090 384
1456100 384
1456110 384
1456120 384
1456130 384
1456140 384
1456150 384
1456160 383
1456170 383
1456180 383
1456190 383
1456200 383
1456210 383
1456220 383
1456230 383
1456240 383
1456250 384
1456260 384
1456270 384
1456280 384
1456290 385
1456300 385
1456310 385
1456320 385
1456330 385
1456340 385
1456350 385
1456360 385
1456370 385
1456380 385
1456390 385
1456400 385
1456410 385
1456420 385
1456430 385
1456440 385
1456450 385
1456460 385
1456470 385
1456480 385
1456490 385
1456500 385
1456510 385
1456520 385
1456530 385
1456540 385
1456550 385
1456560 385
1456570 385
1456580 385
1456590 385
1456600 385
1456610 385
1456620 384
1456630 384
1456640 384
1456650 384
1456660 384
1456670 384
1456680 384
1456690 384
1456700 384
1456710 384
1456720 384
1456730 384
1456740 384
1456750 384
1456760 384
1456770 384
1456780 384
1456790 384
1456800 384
1456810 384
1456820 384
1456830 384
1456840 384
1456850 384
1456860 383
1456870 383
1456880 383
1456890 383
1456900 383
1456910 384
1456920 384
1456930 384
1456940 384
1456950 384
1456960 384
1456970 384
1456980 384
1456990 384
1457000 384
1457010 384
1457020 384
1457030 384
1457040 384
1457050 384
1457060 384
1457070 384
1457080 384
1457090 384
1457100 384
1457110 384
1457120 384
1457130 384
1457140 384
1457150 384
1457160 384
1457170 384
1457180 384
1457190 384
1457200 384
1457210 384
1457220 384
1457230 384
1457240 384
1457250 384
1457260 384
1457270 384
1457280 384
1457290 384
1457300 384
1457310 384
1457320 384
1457330 384
1457340 384
1457350 384
1457360 384
1457370 384
1457380 384
1457390 384
1457400 384
1457410 384
1457420 384
1457430 385
1457440 385
1457450 384
1457460 385
1457470 385
1457480 385
1457490 385
1457500 385
1457510 385
1457520 385
1457530 385
1457540 385
1457550 384
1457560 384
1457570 384
1457580 384
1457590 384
1457600 384
1457610 384
1457620 384
1457630 385
1457640 385
1457650 385
1457660 385
1457670 385
1457680 385
1457690 385
1457700 384
1457710 384
1457720 384
1457730 385
1457740 385
1457750 385
1457760 385
1457770 385
1457780 385
1457790 385
1457800 385
1457810 385
1457820 385
1457830 385
1457840 385
1457850 385
1457860 385
1457870 385
1457880 385
1457890 385
1457900 385
1457910 385
1457920 385
1457930 385
1457940 385
1457950 385
1457960 385
1457970 386
1457980 386
1457990 386
1458000 386
1458010 386
1458020 386
1458030 386
1458040 386
1458050 387
1458060 387
1458070 387
1458080 387
1458090 387
1458100 387
1458110 387
1458120 387
1458130 387
1458140 387
1458150 387
1458160 387
1458170 388
1458180 388
1458190 388
1458200 388
1458210 388
1458220 388
1458230 388
1458240 388
1458250 388
1458260 388
1458270 388
1458280 388
1458290 388
1458300 388
1458310 388
1458320 388
1458330 388
1458340 388
1458350 388
1458360 388
1458370 388
1458380 388
1458390 388
1458400 388
1458410 388
1458420 388
1458430 388
1458440 388
1458450 388
1458460 388
1458470 388
1458480 388
1458490 388
1458500 388
1458510 388
1458520 388
1458530 388
1458540 388
1458550 388
1458560 388
1458570 388
1458580 388
1458590 388
1458600 389
1458610 389
1458620 389
1458630 389
1458640 389
1458650 389
1458660 389
1458670 389
1458680 389
1458690 389
1458700 389
1458710 389
1458720 389
1458730 389
1458740 389
1458750 389
1458760 389
1458770 390
1458780 390
1458790 390
1458800 390
1458810 390
1458820 390
1458830 390
1458840 390
1458850 390
1458860 391
1458870 392
1458880 392
1458890 392
1458900 393
1458910 393
1458920 394
1458930 395
1458940 395
1458950 396
1458960 395
1458970 395
1458980 395
1458990 396
1459000 396
1459010 399
1459020 400
1459030 400
1459040 401
1459050 401
1459060 401
1459070 401
1459080 401
1459090 401
1459100 402
1459110 403
1459120 403
1459130 403
1459140 403
1459150 403
1459160 403
1459170 401
1459180 401
1459190 400
1459200 399
1459210 399
1459220 397
1459230 397
1459240 397
1459250 398
1459260 399
1459270 399
1459280 400
1459290 400
1459300 400
1459310 401
1459320 402
1459330 402
1459340 402
1459350 403
1459360 403
1459370 403
1459380 403
1459390 403
1459400 403
1459410 403
1459420 403
1459430 403
1459440 403
1459450 403
1459460 403
1459470 403
1459480 403
1459490 403
1459500 404
1459510 404
1459520 404
1459530 404
1459540 404
1459550 404
1459560 404
1459570 404
1459580 405
1459590 405
1459600 405
1459610 405
1459620 405
1459630 405
1459640 405
1459650 406
1459660 406
1459670 406
1459680 406
1459690 406
1459700 406
1459710 406
1459720 406
1459730 407
1459740 407
1459750 407
1459760 407
1459770 407
1459780 407
1459790 407
1459800 407
1459810 407
1459820 407
1459830 407
1459840 407
1459850 407
1459860 407
1459870 407
1459880 407
1459890 407
1459900 407
1459910 407
1459920 407
1459930 407
1459940 407
1459950 407
1459960 407
1459970 407
1459980 407
1459990 407
