1442410 353
1442420 353
1442430 353
1442440 353
1442450 353
1442460 353
1442470 352
1442480 352
1442490 352
1442500 352
1442510 352
1442520 352
1442530 351
1442540 351
1442550 351
1442560 351
1442570 351
1442580 351
1442590 351
1442600 351
1442610 350
1442620 350
1442630 350
1442640 350
1442650 350
1442660 350
1442670 349
1442680 349
1442690 349
1442700 349
1442710 349
1442720 349
1442730 349
1442740 348
1442750 348
1442760 348
1442770 348
1442780 348
1442790 348
1442800 347
1442810 347
1442820 347
1442830 347
1442840 347
1442850 346
1442860 346
1442870 346
1442880 345
1442890 344
1442900 344
1442910 344
1442920 344
1442930 344
1442940 344
1442950 344
1442960 344
1442970 344
1442980 343
1442990 343
1443000 343
1443010 343
1443020 343
1443030 343
1443040 343
1443050 343
1443060 343
1443070 343
1443080 343
1443090 343
1443100 343
1443110 343
1443120 343
1443130 343
1443140 343
1443150 342
1443160 341
1443170 341
1443180 342
1443190 343
1443200 343
1443210 343
1443220 343
1443230 343
1443240 343
1443250 343
1443260 343
1443270 343
1443280 343
1443290 343
1443300 343
1443310 343
1443320 343
1443330 343
1443340 343
1443350 343
1443360 343
1443370 343
1443380 343
1443390 343
1443400 343
1443410 343
1443420 343
1443430 343
1443440 343
1443450 343
1443460 342
1443470 342
1443480 342
1443490 342
1443500 342
1443510 342
1443520 343
1443530 343
1443540 343
1443550 343
1443560 343
1443570 343
1443580 343
1443590 343
1443600 343
1443610 343
1443620 343
1443630 343
1443640 343
1443650 343
1443660 343
1443670 343
1443680 343
1443690 343
1443700 343
1443710 343
1443720 343
1443730 343
1443740 343
1443750 343
1443760 342
1443770 342
1443780 342
1443790 342
1443800 342
1443810 342
1443820 342
1443830 342
1443840 342
1443850 342
1443860 342
1443870 342
1443880 342
1443890 342
1443900 342
1443910 342
1443920 342
1443930 343
1443940 344
1443950 344
1443960 347
1443970 349
1443980 349
1443990 350
1444000 350
1444010 350
1444020 349
1444030 349
1444040 349
1444050 349
1444060 349
1444070 349
1444080 349
1444090 349
1444100 349
1444110 349
1444120 349
1444130 349
1444140 349
1444150 349
1444160 349
1444170 349
1444180 349
1444190 349
1444200 349
1444210 349
1444220 349
1444230 349
1444240 349
1444250 349
1444260 349
1444270 349
1444280 349
1444290 349
1444300 349
1444310 349
1444320 349
1444330 349
1444340 349
1444350 349
1444360 349
1444370 349
1444380 349
1444390 349
1444400 349
1444410 349
1444420 349
1444430 349
1444440 349
1444450 349
1444460 349
1444470 349
1444480 349
1444490 349
1444500 349
1444510 349
1444520 349
1444530 349
1444540 349
1444550 349
1444560 349
1444570 349
1444580 349
1444590 349
1444600 349
1444610 349
1444620 349
1444630 349
1444640 349
1444650 350
1444660 349
1444670 349
1444680 346
1444690 344
1444700 344
1444710 343
1444720 343
1444730 343
1444740 342
1444750 342
1444760 342
1444770 342
1444780 342
1444790 342
1444800 342
1444810 342
1444820 342
1444830 342
1444840 342
1444850 342
1444860 342
1444870 342
1444880 342
1444890 342
1444900 342
1444910 342
1444920 342
1444930 342
1444940 342
1444950 342
1444960 342
1444970 342
1444980 342
1444990 342
1445000 342
1445010 342
1445020 342
1445030 342
1445040 342
1445050 342
1445060 342
1445070 342
1445080 343
1445090 343
1445100 343
1445110 342
1445120 342
1445130 341
1445140 341
1445150 341
1445160 341
1445170 342
1445180 342
1445190 343
1445200 343
1445210 343
1445220 343
1445230 343
1445240 343
1445250 343
1445260 343
1445270 343
1445280 343
1445290 343
1445300 343
1445310 343
1445320 343
1445330 343
1445340 343
1445350 343
1445360 343
1445370 343
1445380 343
1445390 343
1445400 343
1445410 343
1445420 343
1445430 343
1445440 343
1445450 343
1445460 343
1445470 343
1445480 343
1445490 343
1445500 343
1445510 343
1445520 343
1445530 343
1445540 343
1445550 343
1445560 343
1445570 343
1445580 343
1445590 342
1445600 342
1445610 342
1445620 342
1445630 342
1445640 342
1445650 342
1445660 342
1445670 342
1445680 342
1445690 342
1445700 342
1445710 342
1445720 342
1445730 342
1445740 343
1445750 343
1445760 343
1445770 343
1445780 343
1445790 342
1445800 342
1445810 342
1445820 342
1445830 342
1445840 342
1445850 342
1445860 341
1445870 341
1445880 341
1445890 343
1445900 343
1445910 345
1445920 348
1445930 348
1445940 351
1445950 351
1445960 351
1445970 351
1445980 350
1445990 350
1446000 350
1446010 350
1446020 350
1446030 350
1446040 350
1446050 350
1446060 350
1446070 351
1446080 351
1446090 351
1446100 351
1446110 351
1446120 351
1446130 351
1446140 351
1446150 351
1446160 351
1446170 351
1446180 351
1446190 351
1446200 351
1446210 352
1446220 352
1446230 352
1446240 353
1446250 353
1446260 353
1446270 353
1446280 354
1446290 354
1446300 353
1446310 353
1446320 353
1446330 353
1446340 353
1446350 353
1446360 356
1446370 359
1446380 359
1446390 364
1446400 369
1446410 369
1446420 375
1446430 380
1446440 380
1446450 380
1446460 380
1446470 380
1446480 380
1446490 380
1446500 380
1446510 380
1446520 380
1446530 380
1446540 380
1446550 380
1446560 380
1446570 380
1446580 380
1446590 380
1446600 380
1446610 380
1446620 380
1446630 380
1446640 381
1446650 381
1446660 381
1446670 381
1446680 381
1446690 381
1446700 381
1446710 381
1446720 381
1446730 381
1446740 381
1446750 381
1446760 380
1446770 380
1446780 378
1446790 375
1446800 375
1446810 377
1446820 380
1446830 380
1446840 381
1446850 380
1446860 380
1446870 380
1446880 379
1446890 379
1446900 378
1446910 377
1446920 375
1446930 375
1446940 370
1446950 362
1446960 362
1446970 359
1446980 358
1446990 358
1447000 356
1447010 354
1447020 354
1447030 354
1447040 354
1447050 354
1447060 355
1447070 358
1447080 358
1447090 362
1447100 363
1447110 363
1447120 365
1447130 368
1447140 368
1447150 371
1447160 375
1447170 375
1447180 380
1447190 382
1447200 382
1447210 382
1447220 382
1447230 382
1447240 382
1447250 382
1447260 382
1447270 382
1447280 382
1447290 382
1447300 382
1447310 382
1447320 382
1447330 382
1447340 382
1447350 382
1447360 382
1447370 382
1447380 382
1447390 382
1447400 382
1447410 382
1447420 382
1447430 382
1447440 382
1447450 382
1447460 382
1447470 382
1447480 382
1447490 382
1447500 382
1447510 382
1447520 382
1447530 382
1447540 382
1447550 382
1447560 382
1447570 382
1447580 382
1447590 382
1447600 383
1447610 383
1447620 383
1447630 382
1447640 383
1447650 383
1447660 383
1447670 383
1447680 383
1447690 383
1447700 383
1447710 383
1447720 383
1447730 383
1447740 383
1447750 383
1447760 383
1447770 383
1447780 383
1447790 383
1447800 383
1447810 383
1447820 383
1447830 383
1447840 383
1447850 383
1447860 383
1447870 383
1447880 383
1447890 383
1447900 383
1447910 383
1447920 383
1447930 383
1447940 383
1447950 383
1447960 383
1447970 383
1447980 383
1447990 383
1448000 383
1448010 383
1448020 383
1448030 383
1448040 383
1448050 383
1448060 383
1448070 383
1448080 383
1448090 384
1448100 384
1448110 384
1448120 384
1448130 384
1448140 384
1448150 383
1448160 383
1448170 383
1448180 383
1448190 383
1448200 383
1448210 383
1448220 383
1448230 383
1448240 383
1448250 383
1448260 384
1448270 384
1448280 384
1448290 384
1448300 384
1448310 384
1448320 384
1448330 384
1448340 384
1448350 384
1448360 384
1448370 384
1448380 384
1448390 384
1448400 384
1448410 384
1448420 384
1448430 384
1448440 384
1448450 384
1448460 384
1448470 384
1448480 384
1448490 384
1448500 384
1448510 384
1448520 384
1448530 384
1448540 384
1448550 384
1448560 384
1448570 384
1448580 384
1448590 384
1448600 384
1448610 384
1448620 384
1448630 384
1448640 384
1448650 384
1448660 384
1448670 384
1448680 384
1448690 384
1448700 384
1448710 384
1448720 384
1448730 384
1448740 384
1448750 384
1448760 384
1448770 384
1448780 384
1448790 384
1448800 385
1448810 384
1448820 384
1448830 384
1448840 384
1448850 384
1448860 384
1448870 384
1448880 384
1448890 384
1448900 384
1448910 384
1448920 384
1448930 384
1448940 384
1448950 384
1448960 384
1448970 384
1448980 384
1448990 384
1449000 384
1449010 384
1449020 384
1449030 384
1449040 384
1449050 384
1449060 384
1449070 384
1449080 384
1449090 384
1449100 384
1449110 384
1449120 384
1449130 385
1449140 385
1449150 385
1449160 385
1449170 385
1449180 385
1449190 385
1449200 385
1449210 385
1449220 385
1449230 385
1449240 385
1449250 385
1449260 385
1449270 385
1449280 385
1449290 385
1449300 385
1449310 385
1449320 385
1449330 385
1449340 385
1449350 385
1449360 385
1449370 385
1449380 385
1449390 385
1449400 384
1449410 384
1449420 384
1449430 384
1449440 384
1449450 384
1449460 384
1449470 384
1449480 384
1449490 383
1449500 383
1449510 383
1449520 382
1449530 381
1449540 381
1449550 381
1449560 381
1449570 381
1449580 380
1449590 380
1449600 380
1449610 381
1449620 381
1449630 381
1449640 381
1449650 382
1449660 382
1449670 382
1449680 382
1449690 382
1449700 382
1449710 382
1449720 382
1449730 382
1449740 382
1449750 382
1449760 382
1449770 382
1449780 382
1449790 383
1449800 384
1449810 384
1449820 384
1449830 384
1449840 384
1449850 384
1449860 385
1449870 385
1449880 385
1449890 385
1449900 385
1449910 384
1449920 384
1449930 384
1449940 384
1449950 385
1449960 385
1449970 385
1449980 385
1449990 385
1450000 384
1450010 384
1450020 384
1450030 384
1450040 384
1450050 384
1450060 385
1450070 385
1450080 385
1450090 385
1450100 385
1450110 385
1450120 385
1450130 385
1450140 385
1450150 385
1450160 385
1450170 385
1450180 385
1450190 385
1450200 385
1450210 385
1450220 385
1450230 385
1450240 386
1450250 386
1450260 386
1450270 386
1450280 386
1450290 386
1450300 386
1450310 386
1450320 386
1450330 386
1450340 386
1450350 386
1450360 386
1450370 386
1450380 386
1450390 385
1450400 384
1450410 384
1450420 384
1450430 384
1450440 384
1450450 384
1450460 384
1450470 384
1450480 384
1450490 384
1450500 384
1450510 384
1450520 384
1450530 384
1450540 384
1450550 384
1450560 384
1450570 384
1450580 384
1450590 384
1450600 384
1450610 384
1450620 384
1450630 384
1450640 385
1450650 385
1450660 386
1450670 386
1450680 386
1450690 386
1450700 386
1450710 386
1450720 386
1450730 386
1450740 386
1450750 386
1450760 386
1450770 386
1450780 386
1450790 386
1450800 386
1450810 386
1450820 386
1450830 386
1450840 386
1450850 386
1450860 386
1450870 386
1450880 386
1450890 386
1450900 386
1450910 386
1450920 386
1450930 386
1450940 386
1450950 386
1450960 386
1450970 386
1450980 386
1450990 386
1451000 386
1451010 386
1451020 386
1451030 386
1451040 386
1451050 386
1451060 386
1451070 386
1451080 386
1451090 386
1451100 386
1451110 386
1451120 386
1451130 386
1451140 386
1451150 386
1451160 386
1451170 386
1451180 386
1451190 386
1451200 386
1451210 386
1451220 386
1451230 386
1451240 386
1451250 386
1451260 386
1451270 386
1451280 386
1451290 386
1451300 386
1451310 386
1451320 386
1451330 387
1451340 387
1451350 387
1451360 387
1451370 387
1451380 387
1451390 387
1451400 387
1451410 387
1451420 387
1451430 387
1451440 386
1451450 386
1451460 386
1451470 386
1451480 386
1451490 386
1451500 386
1451510 386
1451520 386
1451530 386
1451540 386
1451550 386
1451560 386
1451570 386
1451580 386
1451590 387
1451600 387
1451610 387
1451620 387
1451630 386
1451640 386
1451650 387
1451660 387
1451670 387
1451680 387
1451690 387
1451700 387
1451710 386
1451720 386
1451730 386
1451740 386
1451750 386
1451760 386
1451770 386
1451780 386
1451790 386
1451800 386
1451810 386
1451820 386
1451830 386
1451840 386
1451850 386
1451860 386
1451870 386
1451880 386
1451890 386
1451900 387
1451910 387
1451920 387
1451930 387
1451940 387
1451950 387
1451960 387
1451970 387
1451980 387
1451990 387
1452000 387
1452010 387
1452020 387
1452030 387
1452040 387
1452050 387
1452060 387
1452070 387
1452080 387
1452090 387
1452100 387
1452110 387
1452120 387
1452130 387
1452140 387
1452150 387
1452160 387
1452170 387
1452180 387
1452190 387
1452200 387
1452210 387
1452220 387
1452230 387
1452240 387
1452250 387
1452260 387
1452270 387
1452280 387
1452290 387
1452300 387
1452310 387
1452320 387
1452330 387
1452340 387
1452350 387
1452360 387
1452370 387
1452380 387
1452390 387
1452400 387
1452410 387
1452420 387
1452430 387
1452440 387
1452450 386
1452460 386
1452470 385
1452480 385
1452490 385
1452500 385
1452510 385
1452520 385
1452530 385
1452540 386
1452550 386
1452560 386
1452570 387
1452580 387
1452590 387
1452600 387
1452610 387
1452620 387
1452630 387
1452640 387
1452650 387
1452660 387
1452670 387
1452680 387
1452690 387
1452700 387
1452710 387
1452720 387
1452730 387
1452740 387
1452750 387
1452760 387
1452770 387
1452780 387
1452790 387
1452800 387
1452810 387
1452820 387
1452830 387
1452840 387
1452850 387
1452860 387
1452870 387
1452880 387
1452890 387
1452900 387
1452910 387
1452920 387
1452930 387
1452940 387
1452950 387
1452960 387
1452970 387
1452980 387
1452990 387
1453000 387
1453010 387
1453020 387
1453030 387
1453040 387
1453050 387
1453060 387
1453070 387
1453080 387
1453090 387
1453100 387
1453110 387
1453120 387
1453130 387
1453140 387
1453150 387
1453160 387
1453170 388
1453180 388
1453190 387
1453200 387
1453210 387
1453220 387
1453230 388
1453240 388
1453250 387
1453260 387
1453270 387
1453280 388
1453290 388
1453300 388
1453310 388
1453320 387
1453330 387
1453340 387
1453350 387
1453360 387
1453370 387
1453380 387
1453390 387
1453400 387
1453410 387
1453420 387
1453430 388
1453440 388
1453450 388
1453460 388
1453470 388
1453480 388
1453490 388
1453500 388
1453510 388
1453520 388
1453530 388
1453540 388
1453550 388
1453560 388
1453570 388
1453580 388
1453590 387
1453600 387
1453610 387
1453620 387
1453630 388
1453640 388
1453650 388
1453660 388
1453670 388
1453680 388
1453690 388
1453700 388
1453710 388
1453720 388
1453730 388
1453740 388
1453750 388
1453760 388
1453770 388
1453780 388
1453790 387
1453800 387
1453810 387
1453820 387
1453830 387
1453840 387
1453850 387
1453860 387
1453870 387
1453880 387
1453890 387
1453900 387
1453910 387
1453920 387
1453930 387
1453940 387
1453950 387
1453960 387
1453970 387
1453980 387
1453990 387
1454000 387
1454010 387
1454020 387
1454030 387
1454040 387
1454050 387
1454060 387
1454070 387
1454080 387
1454090 387
1454100 387
1454110 387
1454120 388
1454130 388
1454140 388
1454150 388
1454160 388
1454170 388
1454180 387
1454190 387
1454200 387
1454210 387
1454220 387
1454230 387
1454240 387
1454250 387
1454260 387
1454270 387
1454280 387
1454290 387
1454300 387
1454310 387
1454320 387
1454330 387
1454340 387
1454350 387
1454360 387
1454370 387
1454380 387
1454390 386
1454400 387
1454410 387
1454420 387
1454430 387
1454440 387
1454450 388
1454460 388
1454470 388
1454480 388
1454490 388
1454500 388
1454510 388
1454520 388
1454530 388
1454540 388
1454550 388
1454560 388
1454570 388
1454580 388
1454590 388
1454600 388
1454610 388
1454620 388
1454630 388
1454640 388
1454650 388
1454660 388
1454670 388
1454680 388
1454690 388
1454700 387
1454710 387
1454720 387
1454730 387
1454740 387
1454750 387
1454760 387
1454770 387
1454780 387
1454790 387
1454800 387
1454810 387
1454820 387
1454830 387
1454840 387
1454850 387
1454860 387
1454870 387
1454880 387
1454890 387
1454900 387
1454910 387
1454920 387
1454930 387
1454940 387
1454950 387
1454960 387
1454970 387
1454980 387
1454990 387
1455000 387
1455010 387
1455020 387
1455030 386
1455040 386
1455050 386
1455060 385
1455070 385
1455080 385
1455090 384
1455100 384
1455110 384
1455120 384
1455130 384
1455140 384
1455150 384
1455160 384
1455170 384
1455180 384
1455190 384
1455200 384
1455210 384
1455220 384
1455230 384
1455240 384
1455250 384
1455260 384
1455270 383
1455280 383
1455290 383
1455300 383
1455310 383
1455320 383
1455330 383
1455340 383
1455350 383
1455360 382
1455370 382
1455380 382
1455390 382
1455400 382
1455410 381
1455420 381
1455430 381
1455440 380
1455450 380
1455460 380
1455470 379
1455480 378
1455490 378
1455500 378
1455510 379
1455520 379
1455530 379
1455540 379
1455550 379
1455560 379
1455570 379
1455580 379
1455590 379
1455600 379
1455610 379
1455620 379
1455630 378
1455640 378
1455650 378
1455660 378
1455670 378
1455680 378
1455690 378
1455700 378
1455710 379
1455720 379
1455730 379
1455740 379
1455750 379
1455760 379
1455770 379
1455780 379
1455790 379
1455800 379
1455810 379
1455820 379
1455830 379
1455840 379
1455850 379
1455860 379
1455870 379
1455880 379
1455890 379
1455900 379
1455910 379
1455920 379
1455930 379
1455940 379
1455950 379
1455960 379
1455970 379
1455980 379
1455990 379
1456000 379
1456010 379
1456020 379
1456030 379
1456040 379
1456050 379
1456060 379
1456070 379
1456080 379
1456090 379
1456100 379
1456110 378
1456120 378
1456130 378
1456140 378
1456150 378
1456160 379
1456170 379
1456180 379
1456190 379
1456200 380
1456210 380
1456220 380
1456230 380
1456240 380
1456250 380
1456260 380
1456270 380
1456280 380
1456290 380
1456300 380
1456310 380
1456320 380
1456330 380
1456340 380
1456350 380
1456360 380
1456370 380
1456380 380
1456390 380
1456400 380
1456410 380
1456420 380
1456430 380
1456440 380
1456450 380
1456460 380
1456470 380
1456480 380
1456490 380
1456500 381
1456510 381
1456520 381
1456530 381
1456540 381
1456550 381
1456560 381
1456570 381
1456580 382
1456590 382
1456600 382
1456610 383
1456620 383
1456630 383
1456640 383
1456650 383
1456660 383
1456670 383
1456680 384
1456690 384
1456700 384
1456710 384
1456720 384
1456730 384
1456740 384
1456750 384
1456760 384
1456770 384
1456780 384
1456790 384
1456800 383
1456810 383
1456820 383
1456830 383
1456840 383
1456850 383
1456860 384
1456870 384
1456880 384
1456890 383
1456900 383
1456910 383
1456920 383
1456930 383
1456940 383
1456950 383
1456960 383
1456970 383
1456980 383
1456990 383
1457000 383
1457010 384
1457020 384
1457030 384
1457040 384
1457050 384
1457060 384
1457070 384
1457080 384
1457090 384
1457100 384
1457110 384
1457120 384
1457130 384
1457140 384
1457150 384
1457160 384
1457170 384
1457180 384
1457190 384
1457200 384
1457210 384
1457220 384
1457230 382
1457240 382
1457250 383
1457260 384
1457270 384
1457280 384
1457290 384
1457300 384
1457310 384
1457320 384
1457330 384
1457340 384
1457350 384
1457360 384
1457370 384
1457380 384
1457390 384
1457400 384
1457410 384
1457420 384
1457430 384
1457440 384
1457450 384
1457460 384
1457470 384
1457480 384
1457490 385
1457500 385
1457510 385
1457520 385
1457530 385
1457540 385
1457550 385
1457560 385
1457570 385
1457580 385
1457590 385
1457600 385
1457610 385
1457620 385
1457630 385
1457640 385
1457650 385
1457660 385
1457670 385
1457680 385
1457690 385
1457700 385
1457710 386
1457720 386
1457730 386
1457740 386
1457750 386
1457760 386
1457770 386
1457780 386
1457790 386
1457800 387
1457810 387
1457820 387
1457830 387
1457840 387
1457850 388
1457860 388
1457870 388
1457880 388
1457890 388
1457900 388
1457910 388
1457920 388
1457930 388
1457940 389
1457950 390
1457960 390
1457970 392
1457980 393
1457990 393
1458000 394
1458010 395
1458020 395
1458030 395
1458040 396
1458050 396
1458060 397
1458070 397
1458080 397
1458090 398
1458100 399
1458110 399
1458120 400
1458130 401
1458140 401
1458150 402
1458160 403
1458170 402
1458180 403
1458190 404
1458200 404
1458210 404
1458220 405
1458230 405
1458240 405
1458250 405
1458260 405
1458270 405
1458280 406
1458290 406
1458300 406
1458310 406
1458320 406
1458330 406
1458340 406
1458350 406
1458360 406
1458370 406
1458380 406
1458390 406
1458400 406
1458410 406
1458420 406
1458430 406
1458440 406
1458450 406
1458460 407
1458470 407
1458480 407
1458490 407
1458500 407
1458510 406
1458520 406
1458530 406
1458540 406
1458550 406
1458560 406
1458570 406
1458580 406
1458590 406
1458600 406
1458610 406
1458620 406
1458630 406
1458640 405
1458650 405
1458660 405
1458670 405
1458680 405
1458690 405
1458700 405
1458710 405
1458720 405
1458730 405
1458740 405
1458750 405
1458760 404
1458770 404
1458780 404
1458790 404
1458800 404
1458810 403
1458820 402
1458830 402
1458840 402
1458850 401
1458860 401
1458870 401
1458880 400
1458890 400
1458900 400
1458910 400
1458920 400
1458930 400
1458940 400
1458950 400
1458960 400
1458970 400
1458980 400
1458990 400
1459000 401
1459010 401
1459020 401
1459030 401
1459040 401
1459050 402
1459060 402
1459070 402
1459080 403
1459090 403
1459100 403
1459110 403
1459120 404
1459130 404
1459140 404
1459150 404
1459160 404
1459170 404
1459180 404
1459190 404
1459200 403
1459210 403
1459220 403
1459230 403
1459240 403
1459250 403
1459260 403
1459270 403
1459280 403
1459290 404
1459300 404
1459310 404
1459320 404
1459330 404
1459340 404
1459350 404
1459360 404
1459370 404
1459380 404
1459390 404
1459400 404
1459410 404
1459420 404
1459430 404
1459440 404
1459450 404
1459460 404
1459470 404
1459480 404
1459490 404
1459500 404
1459510 404
1459520 404
1459530 403
1459540 403
1459550 403
1459560 403
1459570 403
1459580 403
1459590 403
1459600 402
1459610 402
1459620 402
1459630 402
1459640 402
1459650 402
1459660 401
1459670 401
1459680 401
1459690 401
1459700 401
1459710 401
1459720 400
1459730 400
1459740 400
1459750 401
1459760 401
1459770 401
1459780 401
1459790 401
1459800 402
1459810 402
1459820 402
1459830 402
1459840 402
1459850 402
1459860 402
1459870 403
1459880 403
1459890 403
1459900 403
1459910 403
1459920 403
1459930 403
1459940 403
1459950 403
1459960 403
1459970 403
1459980 403
1459990 404
