1447770 359
1447780 359
1447790 359
1447800 358
1447810 359
1447820 359
1447830 359
1447840 359
1447850 359
1447860 358
1447870 358
1447880 358
1447890 358
1447900 358
1447910 358
1447920 358
1447930 358
1447940 358
1447950 358
1447960 359
1447970 359
1447980 359
1447990 358
1448000 358
1448010 358
1448020 358
1448030 358
1448040 358
1448050 358
1448060 358
1448070 358
1448080 358
1448090 358
1448100 358
1448110 357
1448120 357
1448130 357
1448140 356
1448150 356
1448160 356
1448170 356
1448180 356
1448190 356
1448200 355
1448210 355
1448220 354
1448230 353
1448240 353
1448250 351
1448260 350
1448270 350
1448280 350
1448290 350
1448300 350
1448310 350
1448320 349
1448330 349
1448340 349
1448350 349
1448360 349
1448370 349
1448380 349
1448390 349
1448400 349
1448410 349
1448420 349
1448430 349
1448440 349
1448450 349
1448460 349
1448470 349
1448480 349
1448490 349
1448500 349
1448510 349
1448520 349
1448530 349
1448540 349
1448550 349
1448560 349
1448570 349
1448580 349
1448590 349
1448600 349
1448610 349
1448620 348
1448630 348
1448640 348
1448650 348
1448660 348
1448670 348
1448680 348
1448690 348
1448700 348
1448710 348
1448720 348
1448730 348
1448740 348
1448750 348
1448760 348
1448770 348
1448780 348
1448790 348
1448800 348
1448810 348
1448820 348
1448830 348
1448840 348
1448850 348
1448860 348
1448870 348
1448880 348
1448890 348
1448900 348
1448910 348
1448920 348
1448930 348
1448940 348
1448950 348
1448960 348
1448970 348
1448980 348
1448990 348
1449000 348
1449010 348
1449020 348
1449030 348
1449040 348
1449050 348
1449060 348
1449070 348
1449080 348
1449090 348
1449100 348
1449110 348
1449120 348
1449130 348
1449140 348
1449150 348
1449160 348
1449170 348
1449180 348
1449190 348
1449200 348
1449210 348
1449220 347
1449230 347
1449240 347
1449250 346
1449260 346
1449270 345
1449280 343
1449290 343
1449300 341
1449310 341
1449320 341
1449330 340
1449340 340
1449350 340
1449360 340
1449370 340
1449380 340
1449390 340
1449400 340
1449410 340
1449420 340
1449430 340
1449440 340
1449450 340
1449460 340
1449470 340
1449480 340
1449490 340
1449500 340
1449510 340
1449520 341
1449530 341
1449540 341
1449550 342
1449560 342
1449570 342
1449580 342
1449590 342
1449600 343
1449610 342
1449620 342
1449630 342
1449640 342
1449650 342
1449660 342
1449670 341
1449680 341
1449690 340
1449700 340
1449710 340
1449720 339
1449730 338
1449740 338
1449750 338
1449760 338
1449770 338
1449780 338
1449790 338
1449800 338
1449810 338
1449820 337
1449830 337
1449840 337
1449850 337
1449860 337
1449870 337
1449880 337
1449890 337
1449900 337
1449910 337
1449920 337
1449930 337
1449940 337
1449950 337
1449960 337
1449970 337
1449980 337
1449990 337
1450000 337
1450010 337
1450020 337
1450030 337
1450040 337
1450050 337
1450060 337
1450070 337
1450080 337
1450090 338
1450100 338
1450110 338
1450120 338
1450130 338
1450140 338
1450150 338
1450160 338
1450170 338
1450180 338
1450190 338
1450200 338
1450210 338
1450220 338
1450230 339
1450240 338
1450250 338
1450260 338
1450270 339
1450280 339
1450290 339
1450300 339
1450310 339
1450320 339
1450330 339
1450340 339
1450350 340
1450360 340
1450370 340
1450380 340
1450390 340
1450400 340
1450410 340
1450420 339
1450430 339
1450440 338
1450450 338
1450460 338
1450470 338
1450480 337
1450490 337
1450500 337
1450510 337
1450520 337
1450530 337
1450540 337
1450550 337
1450560 337
1450570 337
1450580 337
1450590 337
1450600 337
1450610 337
1450620 337
1450630 337
1450640 337
1450650 337
1450660 337
1450670 337
1450680 337
1450690 337
1450700 337
1450710 337
1450720 337
1450730 337
1450740 337
1450750 337
1450760 337
1450770 337
1450780 337
1450790 337
1450800 337
1450810 337
1450820 337
1450830 337
1450840 337
1450850 337
1450860 337
1450870 337
1450880 337
1450890 337
1450900 337
1450910 337
1450920 337
1450930 337
1450940 337
1450950 337
1450960 337
1450970 337
1450980 337
1450990 337
1451000 337
1451010 337
1451020 337
1451030 337
1451040 337
1451050 337
1451060 337
1451070 337
1451080 337
1451090 337
1451100 337
1451110 337
1451120 337
1451130 337
1451140 337
1451150 337
1451160 337
1451170 337
1451180 337
1451190 338
1451200 340
1451210 340
1451220 341
1451230 344
1451240 344
1451250 346
1451260 348
1451270 348
1451280 350
1451290 350
1451300 350
1451310 350
1451320 350
1451330 350
1451340 350
1451350 350
1451360 350
1451370 350
1451380 350
1451390 350
1451400 351
1451410 351
1451420 351
1451430 350
1451440 350
1451450 350
1451460 350
1451470 350
1451480 350
1451490 349
1451500 348
1451510 348
1451520 349
1451530 350
1451540 350
1451550 350
1451560 350
1451570 350
1451580 350
1451590 349
1451600 349
1451610 349
1451620 349
1451630 349
1451640 349
1451650 349
1451660 349
1451670 349
1451680 349
1451690 349
1451700 349
1451710 350
1451720 350
1451730 350
1451740 350
1451750 350
1451760 351
1451770 351
1451780 351
1451790 351
1451800 351
1451810 351
1451820 350
1451830 350
1451840 350
1451850 350
1451860 350
1451870 350
1451880 350
1451890 349
1451900 349
1451910 349
1451920 349
1451930 349
1451940 349
1451950 349
1451960 349
1451970 349
1451980 349
1451990 349
1452000 348
1452010 348
1452020 348
1452030 348
1452040 349
1452050 349
1452060 349
1452070 349
1452080 349
1452090 350
1452100 350
1452110 350
1452120 350
1452130 350
1452140 350
1452150 350
1452160 350
1452170 350
1452180 350
1452190 350
1452200 350
1452210 350
1452220 350
1452230 350
1452240 350
1452250 350
1452260 350
1452270 350
1452280 350
1452290 350
1452300 350
1452310 349
1452320 349
1452330 349
1452340 349
1452350 349
1452360 349
1452370 349
1452380 349
1452390 349
1452400 349
1452410 349
1452420 349
1452430 349
1452440 349
1452450 349
1452460 349
1452470 349
1452480 349
1452490 349
1452500 349
1452510 349
1452520 349
1452530 349
1452540 349
1452550 349
1452560 349
1452570 349
1452580 349
1452590 349
1452600 349
1452610 349
1452620 349
1452630 349
1452640 349
1452650 349
1452660 349
1452670 349
1452680 349
1452690 349
1452700 349
1452710 349
1452720 349
1452730 349
1452740 349
1452750 349
1452760 349
1452770 349
1452780 349
1452790 349
1452800 349
1452810 348
1452820 348
1452830 348
1452840 349
1452850 349
1452860 349
1452870 349
1452880 349
1452890 349
1452900 349
1452910 349
1452920 349
1452930 349
1452940 348
1452950 348
1452960 349
1452970 349
1452980 349
1452990 349
1453000 349
1453010 349
1453020 349
1453030 349
1453040 349
1453050 349
1453060 348
1453070 348
1453080 348
1453090 348
1453100 348
1453110 348
1453120 348
1453130 348
1453140 348
1453150 348
1453160 348
1453170 348
1453180 348
1453190 348
1453200 348
1453210 348
1453220 348
1453230 348
1453240 348
1453250 348
1453260 348
1453270 348
1453280 348
1453290 348
1453300 348
1453310 348
1453320 348
1453330 348
1453340 348
1453350 348
1453360 348
1453370 348
1453380 348
1453390 348
1453400 348
1453410 348
1453420 348
1453430 348
1453440 348
1453450 348
1453460 348
1453470 348
1453480 348
1453490 347
1453500 347
1453510 347
1453520 347
1453530 347
1453540 347
1453550 347
1453560 347
1453570 347
1453580 347
1453590 347
1453600 347
1453610 347
1453620 347
1453630 348
1453640 348
1453650 348
1453660 348
1453670 348
1453680 348
1453690 348
1453700 348
1453710 348
1453720 347
1453730 347
1453740 347
1453750 347
1453760 348
1453770 348
1453780 348
1453790 348
1453800 348
1453810 348
1453820 348
1453830 348
1453840 348
1453850 347
1453860 347
1453870 348
1453880 348
1453890 348
1453900 348
1453910 348
1453920 348
1453930 348
1453940 348
1453950 348
1453960 347
1453970 347
1453980 347
1453990 347
1454000 347
1454010 347
1454020 346
1454030 345
1454040 345
1454050 344
1454060 343
1454070 343
1454080 342
1454090 342
1454100 342
1454110 342
1454120 342
1454130 342
1454140 342
1454150 342
1454160 342
1454170 342
1454180 343
1454190 343
1454200 343
1454210 342
1454220 342
1454230 342
1454240 342
1454250 342
1454260 342
1454270 341
1454280 341
1454290 342
1454300 343
1454310 343
1454320 343
1454330 342
1454340 342
1454350 341
1454360 342
1454370 342
1454380 342
1454390 341
1454400 341
1454410 340
1454420 341
1454430 341
1454440 342
1454450 342
1454460 342
1454470 343
1454480 345
1454490 345
1454500 345
1454510 343
1454520 343
1454530 343
1454540 343
1454550 343
1454560 343
1454570 343
1454580 343
1454590 343
1454600 343
1454610 343
1454620 343
1454630 343
1454640 343
1454650 342
1454660 343
1454670 343
1454680 343
1454690 343
1454700 343
1454710 343
1454720 343
1454730 343
1454740 343
1454750 342
1454760 342
1454770 342
1454780 342
1454790 342
1454800 342
1454810 342
1454820 342
1454830 342
1454840 342
1454850 342
1454860 342
1454870 342
1454880 342
1454890 342
1454900 342
1454910 342
1454920 342
1454930 342
1454940 342
1454950 342
1454960 342
1454970 342
1454980 343
1454990 343
1455000 343
1455010 343
1455020 342
1455030 342
1455040 342
1455050 343
1455060 343
1455070 343
1455080 346
1455090 346
1455100 349
1455110 350
1455120 350
1455130 350
1455140 351
1455150 351
1455160 351
1455170 351
1455180 351
1455190 351
1455200 351
1455210 351
1455220 351
1455230 351
1455240 351
1455250 351
1455260 351
1455270 351
1455280 351
1455290 351
1455300 351
1455310 351
1455320 351
1455330 351
1455340 351
1455350 351
1455360 351
1455370 350
1455380 350
1455390 350
1455400 351
1455410 351
1455420 351
1455430 351
1455440 351
1455450 351
1455460 351
1455470 351
1455480 351
1455490 351
1455500 351
1455510 351
1455520 351
1455530 351
1455540 351
1455550 351
1455560 351
1455570 351
1455580 351
1455590 351
1455600 351
1455610 351
1455620 351
1455630 351
1455640 352
1455650 351
1455660 351
1455670 351
1455680 351
1455690 351
1455700 351
1455710 351
1455720 351
1455730 351
1455740 351
1455750 351
1455760 351
1455770 351
1455780 351
1455790 351
1455800 351
1455810 351
1455820 351
1455830 351
1455840 351
1455850 351
1455860 351
1455870 351
1455880 351
1455890 350
1455900 350
1455910 348
1455920 347
1455930 347
1455940 346
1455950 346
1455960 346
1455970 346
1455980 346
1455990 346
1456000 347
1456010 347
1456020 347
1456030 347
1456040 347
1456050 347
1456060 347
1456070 347
1456080 347
1456090 347
1456100 348
1456110 348
1456120 348
1456130 348
1456140 348
1456150 348
1456160 348
1456170 348
1456180 348
1456190 348
1456200 348
1456210 348
1456220 348
1456230 348
1456240 348
1456250 348
1456260 348
1456270 348
1456280 348
1456290 348
1456300 347
1456310 347
1456320 347
1456330 347
1456340 347
1456350 347
1456360 347
1456370 347
1456380 347
1456390 348
1456400 348
1456410 348
1456420 348
1456430 347
1456440 347
1456450 347
1456460 347
1456470 347
1456480 347
1456490 347
1456500 347
1456510 347
1456520 347
1456530 347
1456540 346
1456550 346
1456560 346
1456570 346
1456580 346
1456590 346
1456600 346
1456610 346
1456620 346
1456630 346
1456640 347
1456650 347
1456660 347
1456670 347
1456680 347
1456690 347
1456700 347
1456710 347
1456720 347
1456730 347
1456740 347
1456750 347
1456760 347
1456770 347
1456780 347
1456790 347
1456800 347
1456810 347
1456820 347
1456830 347
1456840 347
1456850 347
1456860 347
1456870 347
1456880 347
1456890 347
1456900 347
1456910 347
1456920 347
1456930 347
1456940 347
1456950 347
1456960 347
1456970 348
1456980 348
1456990 348
1457000 348
1457010 348
1457020 348
1457030 349
1457040 349
1457050 349
1457060 349
1457070 349
1457080 350
1457090 350
1457100 350
1457110 350
1457120 350
1457130 350
1457140 348
1457150 346
1457160 346
1457170 346
1457180 346
1457190 346
1457200 346
1457210 346
1457220 346
1457230 345
1457240 345
1457250 345
1457260 346
1457270 346
1457280 346
1457290 345
1457300 345
1457310 345
1457320 347
1457330 349
1457340 349
1457350 349
1457360 349
1457370 349
1457380 349
1457390 349
1457400 349
1457410 349
1457420 349
1457430 349
1457440 349
1457450 349
1457460 349
1457470 350
1457480 350
1457490 350
1457500 350
1457510 350
1457520 350
1457530 350
1457540 350
1457550 350
1457560 350
1457570 350
1457580 350
1457590 350
1457600 350
1457610 350
1457620 350
1457630 350
1457640 350
1457650 350
1457660 350
1457670 350
1457680 350
1457690 350
1457700 350
1457710 350
1457720 350
1457730 350
1457740 350
1457750 350
1457760 350
1457770 350
1457780 350
1457790 350
1457800 350
1457810 350
1457820 350
1457830 350
1457840 350
1457850 350
1457860 350
1457870 350
1457880 350
1457890 350
1457900 350
1457910 350
1457920 350
1457930 351
1457940 351
1457950 351
1457960 350
1457970 350
1457980 350
1457990 350
1458000 350
1458010 350
1458020 350
1458030 350
1458040 350
1458050 350
1458060 350
1458070 350
1458080 350
1458090 350
1458100 350
1458110 350
1458120 350
1458130 350
1458140 350
1458150 350
1458160 350
1458170 350
1458180 350
1458190 350
1458200 350
1458210 350
1458220 350
1458230 350
1458240 350
1458250 350
1458260 349
1458270 349
1458280 349
1458290 349
1458300 349
1458310 349
1458320 349
1458330 349
1458340 349
1458350 349
1458360 349
1458370 349
1458380 349
1458390 349
1458400 349
1458410 349
1458420 349
1458430 349
1458440 349
1458450 349
1458460 349
1458470 349
1458480 349
1458490 350
1458500 350
1458510 350
1458520 350
1458530 350
1458540 350
1458550 350
1458560 350
1458570 350
1458580 350
1458590 350
1458600 350
1458610 350
1458620 350
1458630 350
1458640 350
1458650 350
1458660 350
1458670 350
1458680 350
1458690 350
1458700 350
1458710 350
1458720 350
1458730 350
1458740 350
1458750 350
1458760 350
1458770 350
1458780 350
1458790 350
1458800 350
1458810 350
1458820 350
1458830 350
1458840 350
1458850 350
1458860 350
1458870 350
1458880 350
1458890 350
1458900 350
1458910 350
1458920 350
1458930 350
1458940 350
1458950 350
1458960 350
1458970 350
1458980 350
1458990 350
1459000 350
1459010 350
1459020 350
1459030 350
1459040 350
1459050 350
1459060 350
1459070 350
1459080 350
1459090 350
1459100 350
1459110 350
1459120 350
1459130 350
1459140 350
1459150 350
1459160 350
1459170 350
1459180 350
1459190 350
1459200 350
1459210 350
1459220 350
1459230 350
1459240 350
1459250 350
1459260 350
1459270 350
1459280 350
1459290 350
1459300 350
1459310 350
1459320 350
1459330 350
1459340 350
1459350 350
1459360 350
1459370 350
1459380 350
1459390 350
1459400 350
1459410 350
1459420 350
1459430 350
1459440 350
1459450 350
1459460 350
1459470 350
1459480 350
1459490 350
1459500 350
1459510 350
1459520 350
1459530 350
1459540 350
1459550 350
1459560 350
1459570 350
1459580 350
1459590 350
1459600 350
1459610 350
1459620 350
1459630 350
1459640 350
1459650 350
1459660 350
1459670 351
1459680 351
1459690 351
1459700 351
1459710 351
1459720 351
1459730 350
1459740 350
1459750 350
1459760 350
1459770 350
1459780 350
1459790 350
1459800 350
1459810 350
1459820 350
1459830 350
1459840 350
1459850 351
1459860 351
1459870 350
1459880 350
1459890 350
1459900 351
1459910 351
1459920 351
1459930 351
1459940 351
1459950 351
1459960 351
1459970 350
1459980 350
1459990 350
